# #1
# double dch_TES(1344, 2)
0.000000000000000000e+00	4.678808666574934250e+03
9.000000000000000000e+02	4.678808666574934250e+03
9.000000000000000000e+02	7.046778794040951652e+02
1.800000000000000000e+03	7.046778794040951652e+02
1.800000000000000000e+03	1.596729488843702711e+03
2.700000000000000000e+03	1.596729488843702711e+03
2.700000000000000000e+03	2.867982866060803644e+03
3.600000000000000000e+03	2.867982866060803644e+03
3.600000000000000000e+03	2.930663364975287550e+03
4.500000000000000000e+03	2.930663364975287550e+03
4.500000000000000000e+03	1.150709034454633183e+03
5.400000000000000000e+03	1.150709034454633183e+03
5.400000000000000000e+03	2.610359075488813687e+03
6.300000000000000000e+03	2.610359075488813687e+03
6.300000000000000000e+03	2.398019717211602256e+03
7.200000000000000000e+03	2.398019717211602256e+03
7.200000000000000000e+03	1.954475230716869191e+03
8.100000000000000000e+03	1.954475230716869191e+03
8.100000000000000000e+03	2.582310626615519595e+03
9.000000000000000000e+03	2.582310626615519595e+03
9.000000000000000000e+03	2.272235969670931809e+03
9.900000000000000000e+03	2.272235969670931809e+03
9.900000000000000000e+03	2.293386704212345649e+03
1.080000000000000000e+04	2.293386704212345649e+03
1.080000000000000000e+04	1.698156037287469189e+03
1.170000000000000000e+04	1.698156037287469189e+03
1.170000000000000000e+04	4.991777263393238172e+03
1.260000000000000000e+04	4.991777263393238172e+03
1.260000000000000000e+04	1.827320681697165128e+03
1.350000000000000000e+04	1.827320681697165128e+03
1.350000000000000000e+04	2.396800273296481464e+03
1.440000000000000000e+04	2.396800273296481464e+03
1.440000000000000000e+04	1.247819644007973693e+03
1.530000000000000000e+04	1.247819644007973693e+03
1.530000000000000000e+04	5.357856709230691195e+03
1.620000000000000000e+04	5.357856709230691195e+03
1.620000000000000000e+04	2.019693504885304719e+03
1.710000000000000000e+04	2.019693504885304719e+03
1.710000000000000000e+04	2.475403684530989267e+03
1.800000000000000000e+04	2.475403684530989267e+03
1.800000000000000000e+04	1.537024207943227339e+03
1.890000000000000000e+04	1.537024207943227339e+03
1.890000000000000000e+04	2.531081072320488602e+03
1.980000000000000000e+04	2.531081072320488602e+03
1.980000000000000000e+04	1.103202974768821150e+03
2.070000000000000000e+04	1.103202974768821150e+03
2.070000000000000000e+04	0.000000000000000000e+00
2.160000000000000000e+04	0.000000000000000000e+00
2.160000000000000000e+04	7.745025280035215474e+02
2.250000000000000000e+04	7.745025280035215474e+02
2.250000000000000000e+04	4.601430726636317559e+03
2.340000000000000000e+04	4.601430726636317559e+03
2.340000000000000000e+04	1.358852457695931662e+03
2.430000000000000000e+04	1.358852457695931662e+03
2.430000000000000000e+04	-2.884073752310709096e+03
2.520000000000000000e+04	-2.884073752310709096e+03
2.520000000000000000e+04	7.032694706126494566e+02
2.610000000000000000e+04	7.032694706126494566e+02
2.610000000000000000e+04	3.514437269940806800e+03
2.700000000000000000e+04	3.514437269940806800e+03
2.700000000000000000e+04	5.419691546079120599e+03
2.790000000000000000e+04	5.419691546079120599e+03
2.790000000000000000e+04	6.248689156929031014e+03
2.880000000000000000e+04	6.248689156929031014e+03
2.880000000000000000e+04	5.133668067983078799e+03
2.970000000000000000e+04	5.133668067983078799e+03
2.970000000000000000e+04	8.578204865721883834e+03
3.060000000000000000e+04	8.578204865721883834e+03
3.060000000000000000e+04	7.964342830093577504e+03
3.150000000000000000e+04	7.964342830093577504e+03
3.150000000000000000e+04	8.008222540425427724e+03
3.240000000000000000e+04	8.008222540425427724e+03
3.240000000000000000e+04	7.146772758404033084e+03
3.330000000000000000e+04	7.146772758404033084e+03
3.330000000000000000e+04	4.771763365443396765e+02
3.420000000000000000e+04	4.771763365443396765e+02
3.420000000000000000e+04	1.549223914634319954e+03
3.510000000000000000e+04	1.549223914634319954e+03
3.510000000000000000e+04	1.466281860580085777e+03
3.600000000000000000e+04	1.466281860580085777e+03
3.600000000000000000e+04	2.156181276202110894e+03
3.690000000000000000e+04	2.156181276202110894e+03
3.690000000000000000e+04	7.584772021325434253e+03
3.780000000000000000e+04	7.584772021325434253e+03
3.780000000000000000e+04	7.073562061626405921e+03
3.870000000000000000e+04	7.073562061626405921e+03
3.870000000000000000e+04	5.677461970622185618e+03
3.960000000000000000e+04	5.677461970622185618e+03
3.960000000000000000e+04	4.852248298307618825e+03
4.050000000000000000e+04	4.852248298307618825e+03
4.050000000000000000e+04	7.912037739071653277e+02
4.140000000000000000e+04	7.912037739071653277e+02
4.140000000000000000e+04	4.095617952274100389e+03
4.230000000000000000e+04	4.095617952274100389e+03
4.230000000000000000e+04	2.069907235545688309e+03
4.320000000000000000e+04	2.069907235545688309e+03
4.320000000000000000e+04	2.684440028567601985e+03
4.410000000000000000e+04	2.684440028567601985e+03
4.410000000000000000e+04	3.296550675821984896e+03
4.500000000000000000e+04	3.296550675821984896e+03
4.500000000000000000e+04	2.371019705738348421e+03
4.590000000000000000e+04	2.371019705738348421e+03
4.590000000000000000e+04	2.537371463436575141e+03
4.680000000000000000e+04	2.537371463436575141e+03
4.680000000000000000e+04	9.289751933159350301e+02
4.770000000000000000e+04	9.289751933159350301e+02
4.770000000000000000e+04	4.679979859281505014e+03
4.860000000000000000e+04	4.679979859281505014e+03
4.860000000000000000e+04	1.205247653790924232e+03
4.950000000000000000e+04	1.205247653790924232e+03
4.950000000000000000e+04	1.731867154154053424e+03
5.040000000000000000e+04	1.731867154154053424e+03
5.040000000000000000e+04	1.139061167702116109e+03
5.130000000000000000e+04	1.139061167702116109e+03
5.130000000000000000e+04	4.077667903844094894e+02
5.220000000000000000e+04	4.077667903844094894e+02
5.220000000000000000e+04	8.600492500116815791e+02
5.310000000000000000e+04	8.600492500116815791e+02
5.310000000000000000e+04	2.099276059114257805e+03
5.400000000000000000e+04	2.099276059114257805e+03
5.400000000000000000e+04	9.898289251290989341e+02
5.490000000000000000e+04	9.898289251290989341e+02
5.490000000000000000e+04	-4.722183756919533835e+02
5.580000000000000000e+04	-4.722183756919533835e+02
5.580000000000000000e+04	9.104366577059263363e+02
5.670000000000000000e+04	9.104366577059263363e+02
5.670000000000000000e+04	5.758795436908258125e+02
5.760000000000000000e+04	5.758795436908258125e+02
5.760000000000000000e+04	4.911691297630713962e+02
5.850000000000000000e+04	4.911691297630713962e+02
5.850000000000000000e+04	1.000748115241991741e+03
5.940000000000000000e+04	1.000748115241991741e+03
5.940000000000000000e+04	7.444949337451835163e+02
6.030000000000000000e+04	7.444949337451835163e+02
6.030000000000000000e+04	8.607399282365222462e+02
6.120000000000000000e+04	8.607399282365222462e+02
6.120000000000000000e+04	3.462336586808214633e+02
6.210000000000000000e+04	3.462336586808214633e+02
6.210000000000000000e+04	2.054178422250727181e+03
6.300000000000000000e+04	2.054178422250727181e+03
6.300000000000000000e+04	7.740846080987248570e+02
6.390000000000000000e+04	7.740846080987248570e+02
6.390000000000000000e+04	4.701129200711729936e+02
6.480000000000000000e+04	4.701129200711729936e+02
6.480000000000000000e+04	1.662381619597717872e+02
6.570000000000000000e+04	1.662381619597717872e+02
6.570000000000000000e+04	6.102017189032441820e+03
6.660000000000000000e+04	6.102017189032441820e+03
6.660000000000000000e+04	5.095615895241440739e+03
6.750000000000000000e+04	5.095615895241440739e+03
6.750000000000000000e+04	2.245986584297439549e+03
6.840000000000000000e+04	2.245986584297439549e+03
6.840000000000000000e+04	2.293246027159157165e+03
6.930000000000000000e+04	2.293246027159157165e+03
6.930000000000000000e+04	2.776366668524955003e+03
7.020000000000000000e+04	2.776366668524955003e+03
7.020000000000000000e+04	1.429037160686159041e+03
7.110000000000000000e+04	1.429037160686159041e+03
7.110000000000000000e+04	3.765570383884012699e+03
7.200000000000000000e+04	3.765570383884012699e+03
7.200000000000000000e+04	2.049343026944683515e+03
7.290000000000000000e+04	2.049343026944683515e+03
7.290000000000000000e+04	2.678716208190513953e+03
7.380000000000000000e+04	2.678716208190513953e+03
7.380000000000000000e+04	1.328466018344508484e+03
7.470000000000000000e+04	1.328466018344508484e+03
7.470000000000000000e+04	9.192952545922598802e+02
7.560000000000000000e+04	9.192952545922598802e+02
7.560000000000000000e+04	6.450937357506654735e+02
7.650000000000000000e+04	6.450937357506654735e+02
7.650000000000000000e+04	2.183524942914621079e+03
7.740000000000000000e+04	2.183524942914621079e+03
7.740000000000000000e+04	8.882359563504578546e+02
7.830000000000000000e+04	8.882359563504578546e+02
7.830000000000000000e+04	4.803714727324550040e+02
7.920000000000000000e+04	4.803714727324550040e+02
7.920000000000000000e+04	2.487116955171595691e+02
8.010000000000000000e+04	2.487116955171595691e+02
8.010000000000000000e+04	-1.814055162782711477e+03
8.100000000000000000e+04	-1.814055162782711477e+03
8.100000000000000000e+04	-5.338994348212145269e+02
8.190000000000000000e+04	-5.338994348212145269e+02
8.190000000000000000e+04	-2.495813292037346400e+02
8.280000000000000000e+04	-2.495813292037346400e+02
8.280000000000000000e+04	3.497672241973941709e+01
8.370000000000000000e+04	3.497672241973941709e+01
8.370000000000000000e+04	-1.585947012675185306e+03
8.460000000000000000e+04	-1.585947012675185306e+03
8.460000000000000000e+04	-5.065279744448489510e+02
8.550000000000000000e+04	-5.065279744448489510e+02
8.550000000000000000e+04	-2.580732472331146710e+02
8.640000000000000000e+04	-2.580732472331146710e+02
8.640000000000000000e+04	3.145990766104569047e+01
8.730000000000000000e+04	3.145990766104569047e+01
8.730000000000000000e+04	-1.532478840230028482e+03
8.820000000000000000e+04	-1.532478840230028482e+03
8.820000000000000000e+04	-4.910147088531521149e+02
8.910000000000000000e+04	-4.910147088531521149e+02
8.910000000000000000e+04	-2.241175509986933321e+02
9.000000000000000000e+04	-2.241175509986933321e+02
9.000000000000000000e+04	3.437204465330887615e+01
9.090000000000000000e+04	3.437204465330887615e+01
9.090000000000000000e+04	-1.493725659037530249e+03
9.180000000000000000e+04	-1.493725659037530249e+03
9.180000000000000000e+04	-4.772648087383131497e+02
9.270000000000000000e+04	-4.772648087383131497e+02
9.270000000000000000e+04	-2.428162862707395107e+02
9.360000000000000000e+04	-2.428162862707395107e+02
9.360000000000000000e+04	3.714422291603204940e+01
9.450000000000000000e+04	3.714422291603204940e+01
9.450000000000000000e+04	-1.461257184630736901e+03
9.540000000000000000e+04	-1.461257184630736901e+03
9.540000000000000000e+04	-4.663470333588193171e+02
9.630000000000000000e+04	-4.663470333588193171e+02
9.630000000000000000e+04	-2.373645367369754240e+02
9.720000000000000000e+04	-2.373645367369754240e+02
9.720000000000000000e+04	4.906193247495684773e+02
9.810000000000000000e+04	4.906193247495684773e+02
9.810000000000000000e+04	-7.479771677370986254e+02
9.900000000000000000e+04	-7.479771677370986254e+02
9.900000000000000000e+04	-1.545437713340506889e+02
9.990000000000000000e+04	-1.545437713340506889e+02
9.990000000000000000e+04	2.964607714403537102e+02
1.008000000000000000e+05	2.964607714403537102e+02
1.008000000000000000e+05	2.246716250965919244e+02
1.017000000000000000e+05	2.246716250965919244e+02
1.017000000000000000e+05	1.681377942386103314e+03
1.026000000000000000e+05	1.681377942386103314e+03
1.026000000000000000e+05	2.187954500556865241e+03
1.035000000000000000e+05	2.187954500556865241e+03
1.035000000000000000e+05	7.191672320129524451e+03
1.044000000000000000e+05	7.191672320129524451e+03
1.044000000000000000e+05	1.839887868110310592e+03
1.053000000000000000e+05	1.839887868110310592e+03
1.053000000000000000e+05	-1.174802674425816122e+03
1.062000000000000000e+05	-1.174802674425816122e+03
1.062000000000000000e+05	3.378368004126241431e+01
1.071000000000000000e+05	3.378368004126241431e+01
1.071000000000000000e+05	1.282378663620038424e+03
1.080000000000000000e+05	1.282378663620038424e+03
1.080000000000000000e+05	8.303562047355853792e+02
1.089000000000000000e+05	8.303562047355853792e+02
1.089000000000000000e+05	1.889847353007218771e+03
1.098000000000000000e+05	1.889847353007218771e+03
1.098000000000000000e+05	1.197358410754532088e+03
1.107000000000000000e+05	1.197358410754532088e+03
1.107000000000000000e+05	2.502830326088762376e+03
1.116000000000000000e+05	2.502830326088762376e+03
1.116000000000000000e+05	2.007838279408533708e+03
1.125000000000000000e+05	2.007838279408533708e+03
1.125000000000000000e+05	2.775578449429690863e+03
1.134000000000000000e+05	2.775578449429690863e+03
1.134000000000000000e+05	5.385883368928160053e+03
1.143000000000000000e+05	5.385883368928160053e+03
1.143000000000000000e+05	6.326938286295859143e+03
1.152000000000000000e+05	6.326938286295859143e+03
1.152000000000000000e+05	5.258116927700477390e+03
1.161000000000000000e+05	5.258116927700477390e+03
1.161000000000000000e+05	8.783872261384873127e+03
1.170000000000000000e+05	8.783872261384873127e+03
1.170000000000000000e+05	8.063058526537148282e+03
1.179000000000000000e+05	8.063058526537148282e+03
1.179000000000000000e+05	8.075490404311742168e+03
1.188000000000000000e+05	8.075490404311742168e+03
1.188000000000000000e+05	7.239013848488393705e+03
1.197000000000000000e+05	7.239013848488393705e+03
1.197000000000000000e+05	4.359201251317539572e+03
1.206000000000000000e+05	4.359201251317539572e+03
1.206000000000000000e+05	6.839153395549685229e+03
1.215000000000000000e+05	6.839153395549685229e+03
1.215000000000000000e+05	5.652773412419541273e+03
1.224000000000000000e+05	5.652773412419541273e+03
1.224000000000000000e+05	5.178310648547590972e+03
1.233000000000000000e+05	5.178310648547590972e+03
1.233000000000000000e+05	3.221317348229964864e+03
1.242000000000000000e+05	3.221317348229964864e+03
1.242000000000000000e+05	3.963192973585741129e+03
1.251000000000000000e+05	3.963192973585741129e+03
1.251000000000000000e+05	3.825010655053367373e+03
1.260000000000000000e+05	3.825010655053367373e+03
1.260000000000000000e+05	3.530029189930206485e+03
1.269000000000000000e+05	3.530029189930206485e+03
1.269000000000000000e+05	2.739730322940617498e+03
1.278000000000000000e+05	2.739730322940617498e+03
1.278000000000000000e+05	2.774174022685794625e+03
1.287000000000000000e+05	2.774174022685794625e+03
1.287000000000000000e+05	2.765708265937922988e+03
1.296000000000000000e+05	2.765708265937922988e+03
1.296000000000000000e+05	2.695580449837196284e+03
1.305000000000000000e+05	2.695580449837196284e+03
1.305000000000000000e+05	1.971721314224741377e+02
1.314000000000000000e+05	1.971721314224741377e+02
1.314000000000000000e+05	2.331195478115638252e+03
1.323000000000000000e+05	2.331195478115638252e+03
1.323000000000000000e+05	2.033326509808073752e+03
1.332000000000000000e+05	2.033326509808073752e+03
1.332000000000000000e+05	1.839917250370472175e+03
1.341000000000000000e+05	1.839917250370472175e+03
1.341000000000000000e+05	4.701978719251570737e+02
1.350000000000000000e+05	4.701978719251570737e+02
1.350000000000000000e+05	1.678553943559702020e+03
1.359000000000000000e+05	1.678553943559702020e+03
1.359000000000000000e+05	1.481070779876317829e+03
1.368000000000000000e+05	1.481070779876317829e+03
1.368000000000000000e+05	9.362078590735527541e+02
1.377000000000000000e+05	9.362078590735527541e+02
1.377000000000000000e+05	2.097961292783677891e+03
1.386000000000000000e+05	2.097961292783677891e+03
1.386000000000000000e+05	1.122307069093629252e+03
1.395000000000000000e+05	1.122307069093629252e+03
1.395000000000000000e+05	1.612006770581530873e+03
1.404000000000000000e+05	1.612006770581530873e+03
1.404000000000000000e+05	1.153353317628760124e+03
1.413000000000000000e+05	1.153353317628760124e+03
1.413000000000000000e+05	9.477237977689404715e+02
1.422000000000000000e+05	9.477237977689404715e+02
1.422000000000000000e+05	5.784935273741721176e+02
1.431000000000000000e+05	5.784935273741721176e+02
1.431000000000000000e+05	8.116703365776920691e+02
1.440000000000000000e+05	8.116703365776920691e+02
1.440000000000000000e+05	6.051822350798320258e+02
1.449000000000000000e+05	6.051822350798320258e+02
1.449000000000000000e+05	1.289727077992034538e+03
1.458000000000000000e+05	1.289727077992034538e+03
1.458000000000000000e+05	6.675385668480885215e+02
1.467000000000000000e+05	6.675385668480885215e+02
1.467000000000000000e+05	8.593147186245769262e+02
1.476000000000000000e+05	8.593147186245769262e+02
1.476000000000000000e+05	2.119736059009519522e+02
1.485000000000000000e+05	2.119736059009519522e+02
1.485000000000000000e+05	2.014416733635786613e+03
1.494000000000000000e+05	2.014416733635786613e+03
1.494000000000000000e+05	3.161927345679199789e+03
1.503000000000000000e+05	3.161927345679199789e+03
1.503000000000000000e+05	1.579344740157481283e+03
1.512000000000000000e+05	1.579344740157481283e+03
1.512000000000000000e+05	1.742784499249044529e+03
1.521000000000000000e+05	1.742784499249044529e+03
1.521000000000000000e+05	2.110456314069830569e+03
1.530000000000000000e+05	2.110456314069830569e+03
1.530000000000000000e+05	1.900112732857058290e+03
1.539000000000000000e+05	1.900112732857058290e+03
1.539000000000000000e+05	1.852679499542515259e+03
1.548000000000000000e+05	1.852679499542515259e+03
1.548000000000000000e+05	6.837864430048412032e+02
1.557000000000000000e+05	6.837864430048412032e+02
1.557000000000000000e+05	5.073915208691082626e+03
1.566000000000000000e+05	5.073915208691082626e+03
1.566000000000000000e+05	1.370850254522694740e+03
1.575000000000000000e+05	1.370850254522694740e+03
1.575000000000000000e+05	2.416851091122545768e+03
1.584000000000000000e+05	2.416851091122545768e+03
1.584000000000000000e+05	4.835922430103273655e+02
1.593000000000000000e+05	4.835922430103273655e+02
1.593000000000000000e+05	5.461385975510250319e+03
1.602000000000000000e+05	5.461385975510250319e+03
1.602000000000000000e+05	1.941728855466120876e+03
1.611000000000000000e+05	1.941728855466120876e+03
1.611000000000000000e+05	1.106657269298506435e+03
1.620000000000000000e+05	1.106657269298506435e+03
1.620000000000000000e+05	3.008369433305397251e+02
1.629000000000000000e+05	3.008369433305397251e+02
1.629000000000000000e+05	2.047516670164419338e+03
1.638000000000000000e+05	2.047516670164419338e+03
1.638000000000000000e+05	5.700611957467044704e+02
1.647000000000000000e+05	5.700611957467044704e+02
1.647000000000000000e+05	0.000000000000000000e+00
1.656000000000000000e+05	0.000000000000000000e+00
1.656000000000000000e+05	4.086916660961314847e+02
1.665000000000000000e+05	4.086916660961314847e+02
1.665000000000000000e+05	-1.845418052657951648e+03
1.674000000000000000e+05	-1.845418052657951648e+03
1.674000000000000000e+05	-5.999911414423841052e+02
1.683000000000000000e+05	-5.999911414423841052e+02
1.683000000000000000e+05	-3.115983488014317118e+02
1.692000000000000000e+05	-3.115983488014317118e+02
1.692000000000000000e+05	2.528575335473942687e+01
1.701000000000000000e+05	2.528575335473942687e+01
1.701000000000000000e+05	-1.680185659975329600e+03
1.710000000000000000e+05	-1.680185659975329600e+03
1.710000000000000000e+05	-5.431479197050211951e+02
1.719000000000000000e+05	-5.431479197050211951e+02
1.719000000000000000e+05	-2.814620638224296272e+02
1.728000000000000000e+05	-2.814620638224296272e+02
1.728000000000000000e+05	2.324139465128155280e+01
1.737000000000000000e+05	2.324139465128155280e+01
1.737000000000000000e+05	-1.638316146506535233e+03
1.746000000000000000e+05	-1.638316146506535233e+03
1.746000000000000000e+05	-5.310951985021820292e+02
1.755000000000000000e+05	-5.310951985021820292e+02
1.755000000000000000e+05	-2.758124077466782182e+02
1.764000000000000000e+05	-2.758124077466782182e+02
1.764000000000000000e+05	2.539730176900229708e+01
1.773000000000000000e+05	2.539730176900229708e+01
1.773000000000000000e+05	-1.608940406749047497e+03
1.782000000000000000e+05	-1.608940406749047497e+03
1.782000000000000000e+05	-5.208779692566022277e+02
1.791000000000000000e+05	-5.208779692566022277e+02
1.791000000000000000e+05	-2.701460751338745467e+02
1.800000000000000000e+05	-2.701460751338745467e+02
1.800000000000000000e+05	2.728689632317855285e+01
1.809000000000000000e+05	2.728689632317855285e+01
1.809000000000000000e+05	-1.585398639658814318e+03
1.818000000000000000e+05	-1.585398639658814318e+03
1.818000000000000000e+05	-5.130139171141781844e+02
1.827000000000000000e+05	-5.130139171141781844e+02
1.827000000000000000e+05	-2.661775182384299114e+02
1.836000000000000000e+05	-2.661775182384299114e+02
1.836000000000000000e+05	2.833869179121302295e+01
1.845000000000000000e+05	2.833869179121302295e+01
1.845000000000000000e+05	-1.568108748341149521e+03
1.854000000000000000e+05	-1.568108748341149521e+03
1.854000000000000000e+05	-5.071738093123422004e+02
1.863000000000000000e+05	-5.071738093123422004e+02
1.863000000000000000e+05	-2.628413541531190276e+02
1.872000000000000000e+05	-2.628413541531190276e+02
1.872000000000000000e+05	2.978052260938693507e+01
1.881000000000000000e+05	2.978052260938693507e+01
1.881000000000000000e+05	-1.553910872374237670e+03
1.890000000000000000e+05	-1.553910872374237670e+03
1.890000000000000000e+05	-1.076923076944658533e+02
1.899000000000000000e+05	-1.076923076944658533e+02
1.899000000000000000e+05	-2.361243629362434149e+01
1.908000000000000000e+05	-2.361243629362434149e+01
1.908000000000000000e+05	3.114008596679923357e+01
1.917000000000000000e+05	3.114008596679923357e+01
1.917000000000000000e+05	6.283435676594714096e+03
1.926000000000000000e+05	6.283435676594714096e+03
1.926000000000000000e+05	1.088785775307798758e+03
1.935000000000000000e+05	1.088785775307798758e+03
1.935000000000000000e+05	6.885396938367630355e+02
1.944000000000000000e+05	6.885396938367630355e+02
1.944000000000000000e+05	6.035824652663241068e+02
1.953000000000000000e+05	6.035824652663241068e+02
1.953000000000000000e+05	2.942460286583716879e+03
1.962000000000000000e+05	2.942460286583716879e+03
1.962000000000000000e+05	6.014265985696110874e+02
1.971000000000000000e+05	6.014265985696110874e+02
1.971000000000000000e+05	-2.704295172290585469e+03
1.980000000000000000e+05	-2.704295172290585469e+03
1.980000000000000000e+05	9.253559443862168337e+02
1.989000000000000000e+05	9.253559443862168337e+02
1.989000000000000000e+05	4.240276434958916070e+03
1.998000000000000000e+05	4.240276434958916070e+03
1.998000000000000000e+05	5.705421294475090690e+03
2.007000000000000000e+05	5.705421294475090690e+03
2.007000000000000000e+05	6.422975362360302825e+03
2.016000000000000000e+05	6.422975362360302825e+03
2.016000000000000000e+05	5.355136142129325890e+03
2.025000000000000000e+05	5.355136142129325890e+03
2.025000000000000000e+05	8.735140344223826105e+03
2.034000000000000000e+05	8.735140344223826105e+03
2.034000000000000000e+05	8.064212424797762651e+03
2.043000000000000000e+05	8.064212424797762651e+03
2.043000000000000000e+05	6.774945756943488959e+03
2.052000000000000000e+05	6.774945756943488959e+03
2.052000000000000000e+05	6.536193507514970406e+03
2.061000000000000000e+05	6.536193507514970406e+03
2.061000000000000000e+05	5.270549025817239453e+03
2.070000000000000000e+05	5.270549025817239453e+03
2.070000000000000000e+05	5.324600224649242591e+03
2.079000000000000000e+05	5.324600224649242591e+03
2.079000000000000000e+05	5.406196661060152110e+03
2.088000000000000000e+05	5.406196661060152110e+03
2.088000000000000000e+05	4.662953535889864725e+03
2.097000000000000000e+05	4.662953535889864725e+03
2.097000000000000000e+05	3.546363117740932921e+03
2.106000000000000000e+05	3.546363117740932921e+03
2.106000000000000000e+05	4.370958760646404698e+03
2.115000000000000000e+05	4.370958760646404698e+03
2.115000000000000000e+05	3.703293072191998363e+03
2.124000000000000000e+05	3.703293072191998363e+03
2.124000000000000000e+05	3.589429407585934314e+03
2.133000000000000000e+05	3.589429407585934314e+03
2.133000000000000000e+05	3.006536898296148593e+03
2.142000000000000000e+05	3.006536898296148593e+03
2.142000000000000000e+05	2.975642453243432101e+03
2.151000000000000000e+05	2.975642453243432101e+03
2.151000000000000000e+05	2.816735734264890198e+03
2.160000000000000000e+05	2.816735734264890198e+03
2.160000000000000000e+05	1.846165638244472575e+03
2.169000000000000000e+05	1.846165638244472575e+03
2.169000000000000000e+05	3.901807632884989744e+03
2.178000000000000000e+05	3.901807632884989744e+03
2.178000000000000000e+05	2.423828312674537301e+03
2.187000000000000000e+05	2.423828312674537301e+03
2.187000000000000000e+05	2.691535446013382170e+03
2.196000000000000000e+05	2.691535446013382170e+03
2.196000000000000000e+05	2.333834769330931522e+03
2.205000000000000000e+05	2.333834769330931522e+03
2.205000000000000000e+05	2.681652335637249962e+03
2.214000000000000000e+05	2.681652335637249962e+03
2.214000000000000000e+05	1.341886466728872620e+03
2.223000000000000000e+05	1.341886466728872620e+03
2.223000000000000000e+05	3.019011591277841944e+03
2.232000000000000000e+05	3.019011591277841944e+03
2.232000000000000000e+05	1.186313692790123241e+03
2.241000000000000000e+05	1.186313692790123241e+03
2.241000000000000000e+05	4.367687673029194229e+03
2.250000000000000000e+05	4.367687673029194229e+03
2.250000000000000000e+05	1.685992606879328378e+03
2.259000000000000000e+05	1.685992606879328378e+03
2.259000000000000000e+05	2.064790080876089633e+03
2.268000000000000000e+05	2.064790080876089633e+03
2.268000000000000000e+05	1.057081293298308083e+03
2.277000000000000000e+05	1.057081293298308083e+03
2.277000000000000000e+05	5.576851917127411070e+03
2.286000000000000000e+05	5.576851917127411070e+03
2.286000000000000000e+05	1.176515327360655647e+03
2.295000000000000000e+05	1.176515327360655647e+03
2.295000000000000000e+05	1.796156137860729359e+03
2.304000000000000000e+05	1.796156137860729359e+03
2.304000000000000000e+05	1.054720952235475124e+03
2.313000000000000000e+05	1.054720952235475124e+03
2.313000000000000000e+05	2.337964743436478329e+03
2.322000000000000000e+05	2.337964743436478329e+03
2.322000000000000000e+05	1.024215934873325750e+03
2.331000000000000000e+05	1.024215934873325750e+03
2.331000000000000000e+05	2.718196278931223787e+03
2.340000000000000000e+05	2.718196278931223787e+03
2.340000000000000000e+05	1.227972440124018249e+03
2.349000000000000000e+05	1.227972440124018249e+03
2.349000000000000000e+05	2.389154906668904914e+03
2.358000000000000000e+05	2.389154906668904914e+03
2.358000000000000000e+05	2.757726453832234256e+03
2.367000000000000000e+05	2.757726453832234256e+03
2.367000000000000000e+05	3.100059841919224709e+03
2.376000000000000000e+05	3.100059841919224709e+03
2.376000000000000000e+05	1.105751625065649932e+03
2.385000000000000000e+05	1.105751625065649932e+03
2.385000000000000000e+05	6.463918597472447800e+03
2.394000000000000000e+05	6.463918597472447800e+03
2.394000000000000000e+05	2.128195630279718898e+03
2.403000000000000000e+05	2.128195630279718898e+03
2.403000000000000000e+05	2.610231707604136318e+03
2.412000000000000000e+05	2.610231707604136318e+03
2.412000000000000000e+05	1.115111778376325674e+03
2.421000000000000000e+05	1.115111778376325674e+03
2.421000000000000000e+05	6.462123222381209416e+03
2.430000000000000000e+05	6.462123222381209416e+03
2.430000000000000000e+05	3.370832834476255812e+03
2.439000000000000000e+05	3.370832834476255812e+03
2.439000000000000000e+05	3.019543598988151643e+03
2.448000000000000000e+05	3.019543598988151643e+03
2.448000000000000000e+05	2.744430953083305212e+03
2.457000000000000000e+05	2.744430953083305212e+03
2.457000000000000000e+05	2.881427487805669443e+03
2.466000000000000000e+05	2.881427487805669443e+03
2.466000000000000000e+05	1.562711780508398078e+03
2.475000000000000000e+05	1.562711780508398078e+03
2.475000000000000000e+05	1.090542876838997472e+03
2.484000000000000000e+05	1.090542876838997472e+03
2.484000000000000000e+05	1.220897192010064828e+03
2.493000000000000000e+05	1.220897192010064828e+03
2.493000000000000000e+05	2.391556401443053801e+03
2.502000000000000000e+05	2.391556401443053801e+03
2.502000000000000000e+05	1.084896647348185070e+03
2.511000000000000000e+05	1.084896647348185070e+03
2.511000000000000000e+05	7.206075993789127097e+02
2.520000000000000000e+05	7.206075993789127097e+02
2.520000000000000000e+05	4.165230373855310972e+02
2.529000000000000000e+05	4.165230373855310972e+02
2.529000000000000000e+05	-1.750489009874812837e+03
2.538000000000000000e+05	-1.750489009874812837e+03
2.538000000000000000e+05	-4.762519666875014082e+02
2.547000000000000000e+05	-4.762519666875014082e+02
2.547000000000000000e+05	-2.024598051976063289e+02
2.556000000000000000e+05	-2.024598051976063289e+02
2.556000000000000000e+05	4.636603259565799817e+01
2.565000000000000000e+05	4.636603259565799817e+01
2.565000000000000000e+05	-1.455000493402779739e+03
2.574000000000000000e+05	-1.455000493402779739e+03
2.574000000000000000e+05	-4.612373812887817621e+02
2.583000000000000000e+05	-4.612373812887817621e+02
2.583000000000000000e+05	-2.333515220195986331e+02
2.592000000000000000e+05	-2.333515220195986331e+02
2.592000000000000000e+05	3.700128044150824280e+01
2.601000000000000000e+05	3.700128044150824280e+01
2.601000000000000000e+05	-1.424538012922199414e+03
2.610000000000000000e+05	-1.424538012922199414e+03
2.610000000000000000e+05	-4.553951234244159423e+02
2.619000000000000000e+05	-4.553951234244159423e+02
2.619000000000000000e+05	-2.323892886455287226e+02
2.628000000000000000e+05	-2.323892886455287226e+02
2.628000000000000000e+05	3.816084001182844077e+01
2.637000000000000000e+05	3.816084001182844077e+01
2.637000000000000000e+05	-1.410822051973126918e+03
2.646000000000000000e+05	-1.410822051973126918e+03
2.646000000000000000e+05	-4.508309443398611620e+02
2.655000000000000000e+05	-4.508309443398611620e+02
2.655000000000000000e+05	-2.299289287777501158e+02
2.664000000000000000e+05	-2.299289287777501158e+02
2.664000000000000000e+05	3.966360888083454483e+01
2.673000000000000000e+05	3.966360888083454483e+01
2.673000000000000000e+05	-1.402187137369974607e+03
2.682000000000000000e+05	-1.402187137369974607e+03
2.682000000000000000e+05	-4.477602543999091722e+02
2.691000000000000000e+05	-4.477602543999091722e+02
2.691000000000000000e+05	-2.282954957233159803e+02
2.700000000000000000e+05	-2.282954957233159803e+02
2.700000000000000000e+05	4.058610100544046873e+01
2.709000000000000000e+05	4.058610100544046873e+01
2.709000000000000000e+05	-1.397249623049728825e+03
2.718000000000000000e+05	-1.397249623049728825e+03
2.718000000000000000e+05	-4.461928937940974720e+02
2.727000000000000000e+05	-4.461928937940974720e+02
2.727000000000000000e+05	-2.276102168344077654e+02
2.736000000000000000e+05	-2.276102168344077654e+02
2.736000000000000000e+05	4.109084138743946824e+01
2.745000000000000000e+05	4.109084138743946824e+01
2.745000000000000000e+05	-1.395388225047982132e+03
2.754000000000000000e+05	-1.395388225047982132e+03
2.754000000000000000e+05	-3.277627687531639822e+02
2.763000000000000000e+05	-3.277627687531639822e+02
2.763000000000000000e+05	2.251380900130607188e+01
2.772000000000000000e+05	2.251380900130607188e+01
2.772000000000000000e+05	4.158220684654861543e+01
2.781000000000000000e+05	4.158220684654861543e+01
2.781000000000000000e+05	-1.456579466510504233e+02
2.790000000000000000e+05	-1.456579466510504233e+02
2.790000000000000000e+05	1.397835315432515927e+03
2.799000000000000000e+05	1.397835315432515927e+03
2.799000000000000000e+05	0.000000000000000000e+00
2.808000000000000000e+05	0.000000000000000000e+00
2.808000000000000000e+05	2.724965294657513368e+02
2.817000000000000000e+05	2.724965294657513368e+02
2.817000000000000000e+05	-1.730217408926680719e+03
2.826000000000000000e+05	-1.730217408926680719e+03
2.826000000000000000e+05	-5.761171911145211197e+02
2.835000000000000000e+05	-5.761171911145211197e+02
2.835000000000000000e+05	-3.097703819465241395e+02
2.844000000000000000e+05	-3.097703819465241395e+02
2.844000000000000000e+05	9.556267040441234712e+02
2.853000000000000000e+05	9.556267040441234712e+02
2.853000000000000000e+05	4.262031937379398187e+03
2.862000000000000000e+05	4.262031937379398187e+03
2.862000000000000000e+05	5.690011811282427516e+03
2.871000000000000000e+05	5.690011811282427516e+03
2.871000000000000000e+05	6.404009225955582224e+03
2.880000000000000000e+05	6.404009225955582224e+03
2.880000000000000000e+05	5.312406398025472299e+03
2.889000000000000000e+05	5.312406398025472299e+03
2.889000000000000000e+05	8.855562869360812329e+03
2.898000000000000000e+05	8.855562869360812329e+03
2.898000000000000000e+05	8.098433812323783059e+03
2.907000000000000000e+05	8.098433812323783059e+03
2.907000000000000000e+05	8.099192104919929989e+03
2.916000000000000000e+05	8.099192104919929989e+03
2.916000000000000000e+05	6.746517610035854887e+03
2.925000000000000000e+05	6.746517610035854887e+03
2.925000000000000000e+05	5.943365461360696827e+03
2.934000000000000000e+05	5.943365461360696827e+03
2.934000000000000000e+05	5.642968003984889947e+03
2.943000000000000000e+05	5.642968003984889947e+03
2.943000000000000000e+05	5.719102547322283499e+03
2.952000000000000000e+05	5.719102547322283499e+03
2.952000000000000000e+05	5.095280588433892262e+03
2.961000000000000000e+05	5.095280588433892262e+03
2.961000000000000000e+05	3.675893569113829471e+03
2.970000000000000000e+05	3.675893569113829471e+03
2.970000000000000000e+05	4.536156831215543207e+03
2.979000000000000000e+05	4.536156831215543207e+03
2.979000000000000000e+05	3.917747745741857216e+03
2.988000000000000000e+05	3.917747745741857216e+03
2.988000000000000000e+05	2.286409433091896062e+03
2.997000000000000000e+05	2.286409433091896062e+03
2.997000000000000000e+05	6.486343712387159940e+03
3.006000000000000000e+05	6.486343712387159940e+03
3.006000000000000000e+05	2.751262652407400310e+03
3.015000000000000000e+05	2.751262652407400310e+03
3.015000000000000000e+05	3.243104040327365510e+03
3.024000000000000000e+05	3.243104040327365510e+03
3.024000000000000000e+05	2.713196299702931356e+03
3.033000000000000000e+05	2.713196299702931356e+03
3.033000000000000000e+05	2.261917733081054848e+03
3.042000000000000000e+05	2.261917733081054848e+03
3.042000000000000000e+05	1.957098984619660769e+03
3.051000000000000000e+05	1.957098984619660769e+03
3.051000000000000000e+05	3.504376875097688753e+03
3.060000000000000000e+05	3.504376875097688753e+03
3.060000000000000000e+05	1.124881681925322482e+03
3.069000000000000000e+05	1.124881681925322482e+03
3.069000000000000000e+05	5.640643549615610937e+03
3.078000000000000000e+05	5.640643549615610937e+03
3.078000000000000000e+05	1.632817941787012387e+03
3.087000000000000000e+05	1.632817941787012387e+03
3.087000000000000000e+05	2.425479201229929458e+03
3.096000000000000000e+05	2.425479201229929458e+03
3.096000000000000000e+05	2.216852349787879575e+03
3.105000000000000000e+05	2.216852349787879575e+03
3.105000000000000000e+05	-1.032338951641641103e+02
3.114000000000000000e+05	-1.032338951641641103e+02
3.114000000000000000e+05	1.998503047257603612e+03
3.123000000000000000e+05	1.998503047257603612e+03
3.123000000000000000e+05	1.672564767300151289e+03
3.132000000000000000e+05	1.672564767300151289e+03
3.132000000000000000e+05	1.106421938570996645e+03
3.141000000000000000e+05	1.106421938570996645e+03
3.141000000000000000e+05	1.824820988722238781e+03
3.150000000000000000e+05	1.824820988722238781e+03
3.150000000000000000e+05	1.366284460108494386e+03
3.159000000000000000e+05	1.366284460108494386e+03
3.159000000000000000e+05	7.609323954358114861e+02
3.168000000000000000e+05	7.609323954358114861e+02
3.168000000000000000e+05	3.611175143261325502e+02
3.177000000000000000e+05	3.611175143261325502e+02
3.177000000000000000e+05	4.950582188934599799e+03
3.186000000000000000e+05	4.950582188934599799e+03
3.186000000000000000e+05	8.937548590786173008e+02
3.195000000000000000e+05	8.937548590786173008e+02
3.195000000000000000e+05	1.532942933468555566e+03
3.204000000000000000e+05	1.532942933468555566e+03
3.204000000000000000e+05	4.947682071811595961e+02
3.213000000000000000e+05	4.947682071811595961e+02
3.213000000000000000e+05	4.919352293245651708e+03
3.222000000000000000e+05	4.919352293245651708e+03
3.222000000000000000e+05	2.313476508151739836e+03
3.231000000000000000e+05	2.313476508151739836e+03
3.231000000000000000e+05	1.888645650793274399e+03
3.240000000000000000e+05	1.888645650793274399e+03
3.240000000000000000e+05	4.078084279269642138e+02
3.249000000000000000e+05	4.078084279269642138e+02
3.249000000000000000e+05	6.194643106109499058e+03
3.258000000000000000e+05	6.194643106109499058e+03
3.258000000000000000e+05	5.584390982606506441e+03
3.267000000000000000e+05	5.584390982606506441e+03
3.267000000000000000e+05	2.418279822904209141e+03
3.276000000000000000e+05	2.418279822904209141e+03
3.276000000000000000e+05	2.324808254699593817e+03
3.285000000000000000e+05	2.324808254699593817e+03
3.285000000000000000e+05	4.762704537071479535e+03
3.294000000000000000e+05	4.762704537071479535e+03
3.294000000000000000e+05	2.709514976288308389e+03
3.303000000000000000e+05	2.709514976288308389e+03
3.303000000000000000e+05	3.324917006078991108e+03
3.312000000000000000e+05	3.324917006078991108e+03
3.312000000000000000e+05	1.542357659412477005e+03
3.321000000000000000e+05	1.542357659412477005e+03
3.321000000000000000e+05	4.598155052523128688e+03
3.330000000000000000e+05	4.598155052523128688e+03
3.330000000000000000e+05	1.894825237273238599e+03
3.339000000000000000e+05	1.894825237273238599e+03
3.339000000000000000e+05	1.190966324988286942e+03
3.348000000000000000e+05	1.190966324988286942e+03
3.348000000000000000e+05	7.437569097964915272e+02
3.357000000000000000e+05	7.437569097964915272e+02
3.357000000000000000e+05	2.220071813461380771e+03
3.366000000000000000e+05	2.220071813461380771e+03
3.366000000000000000e+05	9.203334969510324299e+02
3.375000000000000000e+05	9.203334969510324299e+02
3.375000000000000000e+05	5.455534935587202199e+02
3.384000000000000000e+05	5.455534935587202199e+02
3.384000000000000000e+05	2.712261233414974413e+02
3.393000000000000000e+05	2.712261233414974413e+02
3.393000000000000000e+05	-1.807449188125020328e+03
3.402000000000000000e+05	-1.807449188125020328e+03
3.402000000000000000e+05	-5.289598562780884095e+02
3.411000000000000000e+05	-5.289598562780884095e+02
3.411000000000000000e+05	-2.465238081661518663e+02
3.420000000000000000e+05	-2.465238081661518663e+02
3.420000000000000000e+05	3.436978522131630598e+01
3.429000000000000000e+05	3.436978522131630598e+01
3.429000000000000000e+05	-1.582414158047854471e+03
3.438000000000000000e+05	-1.582414158047854471e+03
3.438000000000000000e+05	-5.075302856900379993e+02
3.447000000000000000e+05	-5.075302856900379993e+02
3.447000000000000000e+05	-2.604562100018374622e+02
3.456000000000000000e+05	-2.604562100018374622e+02
3.456000000000000000e+05	2.938438563117142621e+01
3.465000000000000000e+05	2.938438563117142621e+01
3.465000000000000000e+05	-1.544053953764832841e+03
3.474000000000000000e+05	-1.544053953764832841e+03
3.474000000000000000e+05	-4.977458691576612182e+02
3.483000000000000000e+05	-4.977458691576612182e+02
3.483000000000000000e+05	-2.567389485335443169e+02
3.492000000000000000e+05	-2.567389485335443169e+02
3.492000000000000000e+05	3.099217400514407927e+01
3.501000000000000000e+05	3.099217400514407927e+01
3.501000000000000000e+05	-1.521188500584097710e+03
3.510000000000000000e+05	-1.521188500584097710e+03
3.510000000000000000e+05	-4.898525272824917920e+02
3.519000000000000000e+05	-4.898525272824917920e+02
3.519000000000000000e+05	-2.522287922622053884e+02
3.528000000000000000e+05	-2.522287922622053884e+02
3.528000000000000000e+05	3.300339496448759746e+01
3.537000000000000000e+05	3.300339496448759746e+01
3.537000000000000000e+05	-1.503315499942057613e+03
3.546000000000000000e+05	-1.503315499942057613e+03
3.546000000000000000e+05	-4.834217370051774196e+02
3.555000000000000000e+05	-4.834217370051774196e+02
3.555000000000000000e+05	-2.486425321829156019e+02
3.564000000000000000e+05	-2.486425321829156019e+02
3.564000000000000000e+05	3.429738990900659701e+01
3.573000000000000000e+05	3.429738990900659701e+01
3.573000000000000000e+05	-1.489681035585676000e+03
3.582000000000000000e+05	-1.489681035585676000e+03
3.582000000000000000e+05	-4.790715688684140332e+02
3.591000000000000000e+05	-4.790715688684140332e+02
3.591000000000000000e+05	-2.466781105828122236e+02
3.600000000000000000e+05	-2.466781105828122236e+02
3.600000000000000000e+05	3.484013158533434762e+01
3.609000000000000000e+05	3.484013158533434762e+01
3.609000000000000000e+05	2.364087680908096900e+03
3.618000000000000000e+05	2.364087680908096900e+03
3.618000000000000000e+05	3.413446022221120074e+03
3.627000000000000000e+05	3.413446022221120074e+03
3.627000000000000000e+05	2.696428062414692249e+03
3.636000000000000000e+05	2.696428062414692249e+03
3.636000000000000000e+05	1.040605049890479677e+03
3.645000000000000000e+05	1.040605049890479677e+03
3.645000000000000000e+05	3.743296739352165332e+03
3.654000000000000000e+05	3.743296739352165332e+03
3.654000000000000000e+05	5.940266048638150096e+02
3.663000000000000000e+05	5.940266048638150096e+02
3.663000000000000000e+05	7.239375723278499208e+02
3.672000000000000000e+05	7.239375723278499208e+02
3.672000000000000000e+05	3.852222654479764969e+02
3.681000000000000000e+05	3.852222654479764969e+02
3.681000000000000000e+05	2.068843031608948877e+03
3.690000000000000000e+05	2.068843031608948877e+03
3.690000000000000000e+05	1.647865305482235271e+03
3.699000000000000000e+05	1.647865305482235271e+03
3.699000000000000000e+05	-2.748299535261059646e+03
3.708000000000000000e+05	-2.748299535261059646e+03
3.708000000000000000e+05	9.189855637393311554e+02
3.717000000000000000e+05	9.189855637393311554e+02
3.717000000000000000e+05	4.166273370585080556e+03
3.726000000000000000e+05	4.166273370585080556e+03
3.726000000000000000e+05	5.695835666149796452e+03
3.735000000000000000e+05	5.695835666149796452e+03
3.735000000000000000e+05	6.424212097552313935e+03
3.744000000000000000e+05	6.424212097552313935e+03
3.744000000000000000e+05	5.365391673938742315e+03
3.753000000000000000e+05	5.365391673938742315e+03
3.753000000000000000e+05	8.670824177790365866e+03
3.762000000000000000e+05	8.670824177790365866e+03
3.762000000000000000e+05	8.043252484840515535e+03
3.771000000000000000e+05	8.043252484840515535e+03
3.771000000000000000e+05	6.760214690180087928e+03
3.780000000000000000e+05	6.760214690180087928e+03
3.780000000000000000e+05	6.524602927945576084e+03
3.789000000000000000e+05	6.524602927945576084e+03
3.789000000000000000e+05	4.166940143747218826e+03
3.798000000000000000e+05	4.166940143747218826e+03
3.798000000000000000e+05	2.686342168435105123e+03
3.807000000000000000e+05	2.686342168435105123e+03
3.807000000000000000e+05	6.136846323576115537e+03
3.816000000000000000e+05	6.136846323576115537e+03
3.816000000000000000e+05	4.723236510831771739e+03
3.825000000000000000e+05	4.723236510831771739e+03
3.825000000000000000e+05	5.795959076261737209e+03
3.834000000000000000e+05	5.795959076261737209e+03
3.834000000000000000e+05	3.772098914158355910e+03
3.843000000000000000e+05	3.772098914158355910e+03
3.843000000000000000e+05	2.949896779358852655e+03
3.852000000000000000e+05	2.949896779358852655e+03
3.852000000000000000e+05	2.850753937215271435e+03
3.861000000000000000e+05	2.850753937215271435e+03
3.861000000000000000e+05	5.044417485555382882e+03
3.870000000000000000e+05	5.044417485555382882e+03
3.870000000000000000e+05	2.780869045573519543e+03
3.879000000000000000e+05	2.780869045573519543e+03
3.879000000000000000e+05	3.251690517929499038e+03
3.888000000000000000e+05	3.251690517929499038e+03
3.888000000000000000e+05	2.350591532099317192e+03
3.897000000000000000e+05	2.350591532099317192e+03
3.897000000000000000e+05	4.891117301745935947e+03
3.906000000000000000e+05	4.891117301745935947e+03
3.906000000000000000e+05	2.585628927645448130e+03
3.915000000000000000e+05	2.585628927645448130e+03
3.915000000000000000e+05	3.116351375574769918e+03
3.924000000000000000e+05	3.116351375574769918e+03
3.924000000000000000e+05	2.935389386371252840e+03
3.933000000000000000e+05	2.935389386371252840e+03
3.933000000000000000e+05	3.543667710775506293e+03
3.942000000000000000e+05	3.543667710775506293e+03
3.942000000000000000e+05	2.299115540975355543e+03
3.951000000000000000e+05	2.299115540975355543e+03
3.951000000000000000e+05	2.601014641542918980e+03
3.960000000000000000e+05	2.601014641542918980e+03
3.960000000000000000e+05	1.498753505312857669e+03
3.969000000000000000e+05	1.498753505312857669e+03
3.969000000000000000e+05	5.592206461936210871e+03
3.978000000000000000e+05	5.592206461936210871e+03
3.978000000000000000e+05	1.853959028951241635e+03
3.987000000000000000e+05	1.853959028951241635e+03
3.987000000000000000e+05	2.457491485382081009e+03
3.996000000000000000e+05	2.457491485382081009e+03
3.996000000000000000e+05	2.696361852866655681e+03
4.005000000000000000e+05	2.696361852866655681e+03
4.005000000000000000e+05	8.922548779556799445e+02
4.014000000000000000e+05	8.922548779556799445e+02
4.014000000000000000e+05	2.460181678360153455e+03
4.023000000000000000e+05	2.460181678360153455e+03
4.023000000000000000e+05	1.348283708743867464e+03
4.032000000000000000e+05	1.348283708743867464e+03
4.032000000000000000e+05	1.099147515231690704e+03
4.041000000000000000e+05	1.099147515231690704e+03
4.041000000000000000e+05	2.345436775313386534e+03
4.050000000000000000e+05	2.345436775313386534e+03
4.050000000000000000e+05	1.037368199830409139e+03
4.059000000000000000e+05	1.037368199830409139e+03
4.059000000000000000e+05	6.788620873432955705e+02
4.068000000000000000e+05	6.788620873432955705e+02
4.068000000000000000e+05	6.080143399695098196e+02
4.077000000000000000e+05	6.080143399695098196e+02
4.077000000000000000e+05	1.067887284694458231e+03
4.086000000000000000e+05	1.067887284694458231e+03
4.086000000000000000e+05	4.996732196994125843e+02
4.095000000000000000e+05	4.996732196994125843e+02
4.095000000000000000e+05	3.456305278819636442e+02
4.104000000000000000e+05	3.456305278819636442e+02
4.104000000000000000e+05	4.594616288474544490e+02
4.113000000000000000e+05	4.594616288474544490e+02
4.113000000000000000e+05	6.354492442429579569e+03
4.122000000000000000e+05	6.354492442429579569e+03
4.122000000000000000e+05	6.332991933284909464e+03
4.131000000000000000e+05	6.332991933284909464e+03
4.131000000000000000e+05	3.254532510980905499e+03
4.140000000000000000e+05	3.254532510980905499e+03
4.140000000000000000e+05	2.793566740598973411e+03
4.149000000000000000e+05	2.793566740598973411e+03
4.149000000000000000e+05	3.025518102701719272e+03
4.158000000000000000e+05	3.025518102701719272e+03
4.158000000000000000e+05	3.266655103713157587e+03
4.167000000000000000e+05	3.266655103713157587e+03
4.167000000000000000e+05	3.150041340239346027e+03
4.176000000000000000e+05	3.150041340239346027e+03
4.176000000000000000e+05	2.142894764048840443e+03
4.185000000000000000e+05	2.142894764048840443e+03
4.185000000000000000e+05	2.769409312500015403e+03
4.194000000000000000e+05	2.769409312500015403e+03
4.194000000000000000e+05	1.404797136008040980e+03
4.203000000000000000e+05	1.404797136008040980e+03
4.203000000000000000e+05	9.809662718554609455e+02
4.212000000000000000e+05	9.809662718554609455e+02
4.212000000000000000e+05	6.958285297391430504e+02
4.221000000000000000e+05	6.958285297391430504e+02
4.221000000000000000e+05	2.202043598238686627e+03
4.230000000000000000e+05	2.202043598238686627e+03
4.230000000000000000e+05	9.043042119998135604e+02
4.239000000000000000e+05	9.043042119998135604e+02
4.239000000000000000e+05	5.499906387279042974e+02
4.248000000000000000e+05	5.499906387279042974e+02
4.248000000000000000e+05	2.593346462968256674e+02
4.257000000000000000e+05	2.593346462968256674e+02
4.257000000000000000e+05	-1.811246721796463817e+03
4.266000000000000000e+05	-1.811246721796463817e+03
4.266000000000000000e+05	-5.319140811334946193e+02
4.275000000000000000e+05	-5.319140811334946193e+02
4.275000000000000000e+05	-2.484346876182826236e+02
4.284000000000000000e+05	-2.484346876182826236e+02
4.284000000000000000e+05	3.454656260511637811e+01
4.293000000000000000e+05	3.454656260511637811e+01
4.293000000000000000e+05	-1.585736837232241442e+03
4.302000000000000000e+05	-1.585736837232241442e+03
4.302000000000000000e+05	-5.075248483695904724e+02
4.311000000000000000e+05	-5.075248483695904724e+02
4.311000000000000000e+05	-2.594748050050111488e+02
4.320000000000000000e+05	-2.594748050050111488e+02
4.320000000000000000e+05	3.036822177317026217e+01
4.329000000000000000e+05	3.036822177317026217e+01
4.329000000000000000e+05	-1.540003231105674558e+03
4.338000000000000000e+05	-1.540003231105674558e+03
4.338000000000000000e+05	-4.950981672410271131e+02
4.347000000000000000e+05	-4.950981672410271131e+02
4.347000000000000000e+05	-2.542991385388886556e+02
4.356000000000000000e+05	-2.542991385388886556e+02
4.356000000000000000e+05	3.228858418645722850e+01
4.365000000000000000e+05	3.228858418645722850e+01
4.365000000000000000e+05	-1.510449467742408615e+03
4.374000000000000000e+05	-1.510449467742408615e+03
4.374000000000000000e+05	-4.850131006369483657e+02
4.383000000000000000e+05	-4.850131006369483657e+02
4.383000000000000000e+05	-2.486820961475023068e+02
4.392000000000000000e+05	-2.486820961475023068e+02
4.392000000000000000e+05	3.449597173458278121e+01
4.401000000000000000e+05	3.449597173458278121e+01
4.401000000000000000e+05	-1.441639380288176199e+03
4.410000000000000000e+05	-1.441639380288176199e+03
4.410000000000000000e+05	-4.616755044599412940e+02
4.419000000000000000e+05	-4.616755044599412940e+02
4.419000000000000000e+05	-2.360227758690016344e+02
4.428000000000000000e+05	-2.360227758690016344e+02
4.428000000000000000e+05	1.074279089393585309e+02
4.437000000000000000e+05	1.074279089393585309e+02
4.437000000000000000e+05	3.407567129814385225e+03
4.446000000000000000e+05	3.407567129814385225e+03
4.446000000000000000e+05	1.172919843770971056e+03
4.455000000000000000e+05	1.172919843770971056e+03
4.455000000000000000e+05	2.108181022109347396e+03
4.464000000000000000e+05	2.108181022109347396e+03
4.464000000000000000e+05	1.284040948976216896e+03
4.473000000000000000e+05	1.284040948976216896e+03
4.473000000000000000e+05	2.651721312796692473e+03
4.482000000000000000e+05	2.651721312796692473e+03
4.482000000000000000e+05	1.204070416014525108e+03
4.491000000000000000e+05	1.204070416014525108e+03
4.491000000000000000e+05	1.875381948548660148e+03
4.500000000000000000e+05	1.875381948548660148e+03
4.500000000000000000e+05	6.654773211350193378e+02
4.509000000000000000e+05	6.654773211350193378e+02
4.509000000000000000e+05	5.768170015456719739e+03
4.518000000000000000e+05	5.768170015456719739e+03
4.518000000000000000e+05	1.657057521896262188e+03
4.527000000000000000e+05	1.657057521896262188e+03
4.527000000000000000e+05	2.229705451839661691e+03
4.536000000000000000e+05	2.229705451839661691e+03
4.536000000000000000e+05	1.998042680510954597e+03
4.545000000000000000e+05	1.998042680510954597e+03
4.545000000000000000e+05	2.144938587183135496e+03
4.554000000000000000e+05	2.144938587183135496e+03
4.554000000000000000e+05	1.643751379997760523e+03
4.563000000000000000e+05	1.643751379997760523e+03
4.563000000000000000e+05	-2.616298392185708508e+03
4.572000000000000000e+05	-2.616298392185708508e+03
4.572000000000000000e+05	1.091490971829123737e+03
4.581000000000000000e+05	1.091490971829123737e+03
4.581000000000000000e+05	4.575903225608940375e+03
4.590000000000000000e+05	4.575903225608940375e+03
4.590000000000000000e+05	5.865729279082734138e+03
4.599000000000000000e+05	5.865729279082734138e+03
4.599000000000000000e+05	6.527197797107219230e+03
4.608000000000000000e+05	6.527197797107219230e+03
4.608000000000000000e+05	5.501808652645442635e+03
4.617000000000000000e+05	5.501808652645442635e+03
4.617000000000000000e+05	8.745967145585020262e+03
4.626000000000000000e+05	8.745967145585020262e+03
4.626000000000000000e+05	8.095872898112924304e+03
4.635000000000000000e+05	8.095872898112924304e+03
4.635000000000000000e+05	8.114353008015896194e+03
4.644000000000000000e+05	8.114353008015896194e+03
4.644000000000000000e+05	7.296414978628137760e+03
4.653000000000000000e+05	7.296414978628137760e+03
4.653000000000000000e+05	4.353074040496865564e+03
4.662000000000000000e+05	4.353074040496865564e+03
4.662000000000000000e+05	5.801985380139842164e+03
4.671000000000000000e+05	5.801985380139842164e+03
4.671000000000000000e+05	5.679484171866613906e+03
4.680000000000000000e+05	5.679484171866613906e+03
4.680000000000000000e+05	5.025646047304715466e+03
4.689000000000000000e+05	5.025646047304715466e+03
4.689000000000000000e+05	4.635148703897875748e+03
4.698000000000000000e+05	4.635148703897875748e+03
4.698000000000000000e+05	4.076448025798134040e+03
4.707000000000000000e+05	4.076448025798134040e+03
4.707000000000000000e+05	4.147677581580239348e+03
4.716000000000000000e+05	4.147677581580239348e+03
4.716000000000000000e+05	4.352379195938312478e+03
4.725000000000000000e+05	4.352379195938312478e+03
4.725000000000000000e+05	1.282779166275962325e+03
4.734000000000000000e+05	1.282779166275962325e+03
4.734000000000000000e+05	3.494117803294386249e+03
4.743000000000000000e+05	3.494117803294386249e+03
4.743000000000000000e+05	3.219823896867921576e+03
4.752000000000000000e+05	3.219823896867921576e+03
4.752000000000000000e+05	1.935442022898167124e+03
4.761000000000000000e+05	1.935442022898167124e+03
4.761000000000000000e+05	2.677847734364971984e+03
4.770000000000000000e+05	2.677847734364971984e+03
4.770000000000000000e+05	5.181270488111826126e+03
4.779000000000000000e+05	5.181270488111826126e+03
4.779000000000000000e+05	2.471077457755745854e+03
4.788000000000000000e+05	2.471077457755745854e+03
4.788000000000000000e+05	2.650098008584054696e+03
4.797000000000000000e+05	2.650098008584054696e+03
4.797000000000000000e+05	3.199303206691391097e+03
4.806000000000000000e+05	3.199303206691391097e+03
4.806000000000000000e+05	2.695720424464787357e+03
4.815000000000000000e+05	2.695720424464787357e+03
4.815000000000000000e+05	2.800907470841542818e+03
4.824000000000000000e+05	2.800907470841542818e+03
4.824000000000000000e+05	2.087019627930676506e+03
4.833000000000000000e+05	2.087019627930676506e+03
4.833000000000000000e+05	2.746102195907189525e+03
4.842000000000000000e+05	2.746102195907189525e+03
4.842000000000000000e+05	2.978340238960052375e+03
4.851000000000000000e+05	2.978340238960052375e+03
4.851000000000000000e+05	2.420058862814970780e+03
4.860000000000000000e+05	2.420058862814970780e+03
4.860000000000000000e+05	1.469723620410642980e+03
4.869000000000000000e+05	1.469723620410642980e+03
4.869000000000000000e+05	6.011145368543172481e+03
4.878000000000000000e+05	6.011145368543172481e+03
4.878000000000000000e+05	1.560462513283418957e+03
4.887000000000000000e+05	1.560462513283418957e+03
4.887000000000000000e+05	2.177589022152824327e+03
4.896000000000000000e+05	2.177589022152824327e+03
4.896000000000000000e+05	1.385950759462135466e+03
4.905000000000000000e+05	1.385950759462135466e+03
4.905000000000000000e+05	4.231644791944846475e+03
4.914000000000000000e+05	4.231644791944846475e+03
4.914000000000000000e+05	1.740687497081409674e+03
4.923000000000000000e+05	1.740687497081409674e+03
4.923000000000000000e+05	2.100589390408713371e+03
4.932000000000000000e+05	2.100589390408713371e+03
4.932000000000000000e+05	1.874223880542122060e+03
4.941000000000000000e+05	1.874223880542122060e+03
4.941000000000000000e+05	2.240474703494499408e+03
4.950000000000000000e+05	2.240474703494499408e+03
4.950000000000000000e+05	1.725591387553897221e+03
4.959000000000000000e+05	1.725591387553897221e+03
4.959000000000000000e+05	1.873213933183171321e+03
4.968000000000000000e+05	1.873213933183171321e+03
4.968000000000000000e+05	6.680104593525184100e+02
4.977000000000000000e+05	6.680104593525184100e+02
4.977000000000000000e+05	5.374400602989340769e+03
4.986000000000000000e+05	5.374400602989340769e+03
4.986000000000000000e+05	1.245741224271885585e+03
4.995000000000000000e+05	1.245741224271885585e+03
4.995000000000000000e+05	1.860324085006781388e+03
5.004000000000000000e+05	1.860324085006781388e+03
5.004000000000000000e+05	2.060505963805044303e+03
5.013000000000000000e+05	2.060505963805044303e+03
5.013000000000000000e+05	3.248860045626944611e+03
5.022000000000000000e+05	3.248860045626944611e+03
5.022000000000000000e+05	1.498696787417691667e+03
5.031000000000000000e+05	1.498696787417691667e+03
5.031000000000000000e+05	2.458745619637251366e+03
5.040000000000000000e+05	2.458745619637251366e+03
5.040000000000000000e+05	1.031677343331795782e+03
5.049000000000000000e+05	1.031677343331795782e+03
5.049000000000000000e+05	5.399815699908112038e+03
5.058000000000000000e+05	5.399815699908112038e+03
5.058000000000000000e+05	2.053334853956708685e+03
5.067000000000000000e+05	2.053334853956708685e+03
5.067000000000000000e+05	1.273776128890807740e+03
5.076000000000000000e+05	1.273776128890807740e+03
5.076000000000000000e+05	1.458501846222803579e+03
5.085000000000000000e+05	1.458501846222803579e+03
5.085000000000000000e+05	2.481884620089040709e+03
5.094000000000000000e+05	2.481884620089040709e+03
5.094000000000000000e+05	1.162857629846315831e+03
5.103000000000000000e+05	1.162857629846315831e+03
5.103000000000000000e+05	7.845349032414960675e+02
5.112000000000000000e+05	7.845349032414960675e+02
5.112000000000000000e+05	4.871119575211896517e+02
5.121000000000000000e+05	4.871119575211896517e+02
5.121000000000000000e+05	-1.722980050401258040e+03
5.130000000000000000e+05	-1.722980050401258040e+03
5.130000000000000000e+05	-4.510064149001846090e+02
5.139000000000000000e+05	-4.510064149001846090e+02
5.139000000000000000e+05	-1.816100997315370478e+02
5.148000000000000000e+05	-1.816100997315370478e+02
5.148000000000000000e+05	5.189787355753196607e+01
5.157000000000000000e+05	5.189787355753196607e+01
5.157000000000000000e+05	-1.393751825909420859e+03
5.166000000000000000e+05	-1.393751825909420859e+03
5.166000000000000000e+05	-4.391808935285662301e+02
5.175000000000000000e+05	-4.391808935285662301e+02
5.175000000000000000e+05	-2.204806419590022415e+02
5.184000000000000000e+05	-2.204806419590022415e+02
5.184000000000000000e+05	4.079680614840526687e+01
5.193000000000000000e+05	4.079680614840526687e+01
5.193000000000000000e+05	-1.365524954898783790e+03
5.202000000000000000e+05	-1.365524954898783790e+03
5.202000000000000000e+05	-4.341470340632367879e+02
5.211000000000000000e+05	-4.341470340632367879e+02
5.211000000000000000e+05	-2.198085019870777614e+02
5.220000000000000000e+05	-2.198085019870777614e+02
5.220000000000000000e+05	4.219957847667228634e+01
5.229000000000000000e+05	4.219957847667228634e+01
5.229000000000000000e+05	-1.353239590920508590e+03
5.238000000000000000e+05	-1.353239590920508590e+03
5.238000000000000000e+05	-4.299801338649704121e+02
5.247000000000000000e+05	-4.299801338649704121e+02
5.247000000000000000e+05	-2.176582309085060842e+02
5.256000000000000000e+05	-2.176582309085060842e+02
5.256000000000000000e+05	4.354888769065928500e+01
5.265000000000000000e+05	4.354888769065928500e+01
5.265000000000000000e+05	-1.346196623531807518e+03
5.274000000000000000e+05	-1.346196623531807518e+03
5.274000000000000000e+05	-4.274124299868708476e+02
5.283000000000000000e+05	-4.274124299868708476e+02
5.283000000000000000e+05	-8.031628947454737499e+01
5.292000000000000000e+05	-8.031628947454737499e+01
5.292000000000000000e+05	4.474177511877314828e+01
5.301000000000000000e+05	4.474177511877314828e+01
5.301000000000000000e+05	4.418635782003794702e+03
5.310000000000000000e+05	4.418635782003794702e+03
5.310000000000000000e+05	8.973683791586663574e+02
5.319000000000000000e+05	8.973683791586663574e+02
5.319000000000000000e+05	1.475243971040530596e+03
5.328000000000000000e+05	1.475243971040530596e+03
5.328000000000000000e+05	1.243452161574780803e+03
5.337000000000000000e+05	1.243452161574780803e+03
5.337000000000000000e+05	2.125505523504997655e+03
5.346000000000000000e+05	2.125505523504997655e+03
5.346000000000000000e+05	1.692563010636717081e+03
5.355000000000000000e+05	1.692563010636717081e+03
5.355000000000000000e+05	1.729061600964865647e+03
5.364000000000000000e+05	1.729061600964865647e+03
5.364000000000000000e+05	1.839772231972916416e+03
5.373000000000000000e+05	1.839772231972916416e+03
5.373000000000000000e+05	2.228514344078385875e+03
5.382000000000000000e+05	2.228514344078385875e+03
5.382000000000000000e+05	1.914766144048422575e+03
5.391000000000000000e+05	1.914766144048422575e+03
5.391000000000000000e+05	2.010403567136789206e+03
5.400000000000000000e+05	2.010403567136789206e+03
5.400000000000000000e+05	8.278823726751206777e+02
5.409000000000000000e+05	8.278823726751206777e+02
5.409000000000000000e+05	5.249515827650670872e+03
5.418000000000000000e+05	5.249515827650670872e+03
5.418000000000000000e+05	1.268950496573816054e+03
5.427000000000000000e+05	1.268950496573816054e+03
5.427000000000000000e+05	-2.257773289524600841e+03
5.436000000000000000e+05	-2.257773289524600841e+03
5.436000000000000000e+05	7.623297891303100187e+02
5.445000000000000000e+05	7.623297891303100187e+02
5.445000000000000000e+05	3.891220452672162082e+03
5.454000000000000000e+05	3.891220452672162082e+03
5.454000000000000000e+05	5.557978289275313728e+03
5.463000000000000000e+05	5.557978289275313728e+03
5.463000000000000000e+05	6.324945462266157847e+03
5.472000000000000000e+05	6.324945462266157847e+03
5.472000000000000000e+05	5.240198394038732658e+03
5.481000000000000000e+05	5.240198394038732658e+03
5.481000000000000000e+05	8.591052279901608927e+03
5.490000000000000000e+05	8.591052279901608927e+03
5.490000000000000000e+05	7.988211297119734809e+03
5.499000000000000000e+05	7.988211297119734809e+03
5.499000000000000000e+05	8.030377013187971897e+03
5.508000000000000000e+05	8.030377013187971897e+03
5.508000000000000000e+05	7.180046474024744384e+03
5.517000000000000000e+05	7.180046474024744384e+03
5.517000000000000000e+05	6.718402304302302582e+03
5.526000000000000000e+05	6.718402304302302582e+03
5.526000000000000000e+05	4.018132523243199103e+03
5.535000000000000000e+05	4.018132523243199103e+03
5.535000000000000000e+05	6.825104457411391195e+03
5.544000000000000000e+05	6.825104457411391195e+03
5.544000000000000000e+05	5.174908282551437878e+03
5.553000000000000000e+05	5.174908282551437878e+03
5.553000000000000000e+05	6.031919475076323579e+03
5.562000000000000000e+05	6.031919475076323579e+03
5.562000000000000000e+05	4.093678268822375685e+03
5.571000000000000000e+05	4.093678268822375685e+03
5.571000000000000000e+05	4.405929909387428779e+03
5.580000000000000000e+05	4.405929909387428779e+03
5.580000000000000000e+05	4.522830415648770213e+03
5.589000000000000000e+05	4.522830415648770213e+03
5.589000000000000000e+05	2.138309767069876216e+03
5.598000000000000000e+05	2.138309767069876216e+03
5.598000000000000000e+05	3.561624082289694343e+03
5.607000000000000000e+05	3.561624082289694343e+03
5.607000000000000000e+05	3.412106616985460278e+03
5.616000000000000000e+05	3.412106616985460278e+03
5.616000000000000000e+05	3.741115685239061349e+03
5.625000000000000000e+05	3.741115685239061349e+03
5.625000000000000000e+05	9.570059149995679491e+02
5.634000000000000000e+05	9.570059149995679491e+02
5.634000000000000000e+05	3.248858778231311589e+03
5.643000000000000000e+05	3.248858778231311589e+03
5.643000000000000000e+05	3.054515698358824011e+03
5.652000000000000000e+05	3.054515698358824011e+03
5.652000000000000000e+05	2.632524337567203474e+03
5.661000000000000000e+05	2.632524337567203474e+03
5.661000000000000000e+05	2.381943028336917905e+03
5.670000000000000000e+05	2.381943028336917905e+03
5.670000000000000000e+05	2.617742016436124686e+03
5.679000000000000000e+05	2.617742016436124686e+03
5.679000000000000000e+05	2.600614500692638103e+03
5.688000000000000000e+05	2.600614500692638103e+03
5.688000000000000000e+05	1.928577448125362935e+03
5.697000000000000000e+05	1.928577448125362935e+03
5.697000000000000000e+05	4.813462541281998710e+03
5.706000000000000000e+05	4.813462541281998710e+03
5.706000000000000000e+05	2.023023385325330310e+03
5.715000000000000000e+05	2.023023385325330310e+03
5.715000000000000000e+05	2.554903581355465576e+03
5.724000000000000000e+05	2.554903581355465576e+03
5.724000000000000000e+05	2.525923119317563760e+03
5.733000000000000000e+05	2.525923119317563760e+03
5.733000000000000000e+05	2.615391716450092645e+03
5.742000000000000000e+05	2.615391716450092645e+03
5.742000000000000000e+05	1.300266884927754290e+03
5.751000000000000000e+05	1.300266884927754290e+03
5.751000000000000000e+05	3.389255484589026310e+03
5.760000000000000000e+05	3.389255484589026310e+03
5.760000000000000000e+05	1.720405795854494500e+03
5.769000000000000000e+05	1.720405795854494500e+03
5.769000000000000000e+05	2.518987730067856774e+03
5.778000000000000000e+05	2.518987730067856774e+03
5.778000000000000000e+05	1.186495524648751598e+03
5.787000000000000000e+05	1.186495524648751598e+03
5.787000000000000000e+05	3.162269728009239770e+03
5.796000000000000000e+05	3.162269728009239770e+03
5.796000000000000000e+05	1.249240341711347355e+03
5.805000000000000000e+05	1.249240341711347355e+03
5.805000000000000000e+05	4.021755746679369622e+03
5.814000000000000000e+05	4.021755746679369622e+03
5.814000000000000000e+05	1.698074924756831024e+03
5.823000000000000000e+05	1.698074924756831024e+03
5.823000000000000000e+05	2.036791716969164554e+03
5.832000000000000000e+05	2.036791716969164554e+03
5.832000000000000000e+05	2.491094039743500616e+03
5.841000000000000000e+05	2.491094039743500616e+03
5.841000000000000000e+05	1.217994229323698164e+03
5.850000000000000000e+05	1.217994229323698164e+03
5.850000000000000000e+05	1.765539124045695644e+03
5.859000000000000000e+05	1.765539124045695644e+03
5.859000000000000000e+05	1.624618360915279482e+03
5.868000000000000000e+05	1.624618360915279482e+03
5.868000000000000000e+05	1.588070945593390206e+03
5.877000000000000000e+05	1.588070945593390206e+03
5.877000000000000000e+05	2.504438503303931611e+03
5.886000000000000000e+05	2.504438503303931611e+03
5.886000000000000000e+05	2.806159186380100437e+03
5.895000000000000000e+05	2.806159186380100437e+03
5.895000000000000000e+05	3.103911288520321250e+03
5.904000000000000000e+05	3.103911288520321250e+03
5.904000000000000000e+05	1.477308297468633100e+03
5.913000000000000000e+05	1.477308297468633100e+03
5.913000000000000000e+05	4.736711264820593897e+03
5.922000000000000000e+05	4.736711264820593897e+03
5.922000000000000000e+05	1.935012940705171786e+03
5.931000000000000000e+05	1.935012940705171786e+03
5.931000000000000000e+05	1.212012918435968459e+03
5.940000000000000000e+05	1.212012918435968459e+03
5.940000000000000000e+05	8.564322479708334868e+02
5.949000000000000000e+05	8.564322479708334868e+02
5.949000000000000000e+05	2.266636445631328115e+03
5.958000000000000000e+05	2.266636445631328115e+03
5.958000000000000000e+05	9.650173147867899388e+02
5.967000000000000000e+05	9.650173147867899388e+02
5.967000000000000000e+05	6.218026572391972877e+02
5.976000000000000000e+05	6.218026572391972877e+02
5.976000000000000000e+05	3.176359660310745312e+02
5.985000000000000000e+05	3.176359660310745312e+02
5.985000000000000000e+05	-1.786843523810023044e+03
5.994000000000000000e+05	-1.786843523810023044e+03
5.994000000000000000e+05	-5.084623902898165397e+02
6.003000000000000000e+05	-5.084623902898165397e+02
6.003000000000000000e+05	-2.279986665673204698e+02
6.012000000000000000e+05	-2.279986665673204698e+02
6.012000000000000000e+05	4.130039575697446708e+01
6.021000000000000000e+05	4.130039575697446708e+01
6.021000000000000000e+05	-1.519344315197437936e+03
6.030000000000000000e+05	-1.519344315197437936e+03
6.030000000000000000e+05	-4.812061674155993387e+02
6.039000000000000000e+05	-4.812061674155993387e+02
6.039000000000000000e+05	-2.421376464593922719e+02
6.048000000000000000e+05	-2.421376464593922719e+02
