# #1
# double t_DHW(1344, 2)
0.000000000000000000e+00	3.231499999999999773e+02
9.000000000000000000e+02	3.231499999999999773e+02
9.000000000000000000e+02	3.231380000000000337e+02
1.800000000000000000e+03	3.231380000000000337e+02
1.800000000000000000e+03	3.231260045000000218e+02
2.700000000000000000e+03	3.231260045000000218e+02
2.700000000000000000e+03	3.231140134983125449e+02
3.600000000000000000e+03	3.231140134983125449e+02
3.600000000000000000e+03	3.230506284583048568e+02
4.500000000000000000e+03	3.230506284583048568e+02
4.500000000000000000e+03	3.230386657226330271e+02
5.400000000000000000e+03	3.230386657226330271e+02
5.400000000000000000e+03	3.230267074729870842e+02
6.300000000000000000e+03	3.230267074729870842e+02
6.300000000000000000e+03	3.230147537076846902e+02
7.200000000000000000e+03	3.230147537076846902e+02
7.200000000000000000e+03	3.229515792566153891e+02
8.100000000000000000e+03	3.229515792566153891e+02
8.100000000000000000e+03	3.229396536643941431e+02
9.000000000000000000e+03	3.229396536643941431e+02
9.000000000000000000e+03	3.229277325442698725e+02
9.900000000000000000e+03	3.229277325442698725e+02
9.900000000000000000e+03	3.229158158945656396e+02
1.080000000000000000e+04	3.229158158945656396e+02
1.080000000000000000e+04	3.228528407749337816e+02
1.170000000000000000e+04	3.228528407749337816e+02
1.170000000000000000e+04	3.228409522096431488e+02
1.260000000000000000e+04	3.228409522096431488e+02
1.260000000000000000e+04	3.228290681025644062e+02
1.350000000000000000e+04	3.228290681025644062e+02
1.350000000000000000e+04	3.228882410836046120e+02
1.440000000000000000e+04	3.228882410836046120e+02
1.440000000000000000e+04	3.239462658539399627e+02
1.530000000000000000e+04	3.239462658539399627e+02
1.530000000000000000e+04	3.239339672542446920e+02
1.620000000000000000e+04	3.239339672542446920e+02
1.620000000000000000e+04	3.239216732665242375e+02
1.710000000000000000e+04	3.239216732665242375e+02
1.710000000000000000e+04	3.239093838890491384e+02
1.800000000000000000e+04	3.239093838890491384e+02
1.800000000000000000e+04	3.238444213472773754e+02
1.890000000000000000e+04	3.238444213472773754e+02
1.890000000000000000e+04	3.239032135708509941e+02
1.980000000000000000e+04	3.239032135708509941e+02
1.980000000000000000e+04	3.239619837473405255e+02
2.070000000000000000e+04	3.239619837473405255e+02
2.070000000000000000e+04	3.239496792534349652e+02
2.160000000000000000e+04	3.239496792534349652e+02
2.160000000000000000e+04	3.245952286695262501e+02
2.250000000000000000e+04	3.245952286695262501e+02
2.250000000000000000e+04	3.245826867087750998e+02
2.340000000000000000e+04	3.245826867087750998e+02
2.340000000000000000e+04	3.245701494512593399e+02
2.430000000000000000e+04	3.245701494512593399e+02
2.430000000000000000e+04	3.245576168952151193e+02
2.520000000000000000e+04	3.245576168952151193e+02
2.520000000000000000e+04	3.244913875326398056e+02
2.610000000000000000e+04	3.244913875326398056e+02
2.610000000000000000e+04	3.168288844673150493e+02
2.700000000000000000e+04	3.168288844673150493e+02
2.700000000000000000e+04	3.168192548856397934e+02
2.790000000000000000e+04	3.168192548856397934e+02
2.790000000000000000e+04	3.167196289150575126e+02
2.880000000000000000e+04	3.167196289150575126e+02
2.880000000000000000e+04	3.173722596799973417e+02
2.970000000000000000e+04	3.173722596799973417e+02
2.970000000000000000e+04	3.172724263326173855e+02
3.060000000000000000e+04	3.172724263326173855e+02
3.060000000000000000e+04	3.171726304227425999e+02
3.150000000000000000e+04	3.171726304227425999e+02
3.150000000000000000e+04	3.170728719363337405e+02
3.240000000000000000e+04	3.170728719363337405e+02
3.240000000000000000e+04	3.169312924098830990e+02
3.330000000000000000e+04	3.169312924098830990e+02
3.330000000000000000e+04	3.168316244252293927e+02
3.420000000000000000e+04	3.168316244252293927e+02
3.420000000000000000e+04	3.168930464476488851e+02
3.510000000000000000e+04	3.168930464476488851e+02
3.510000000000000000e+04	3.168644454368070456e+02
3.600000000000000000e+04	3.168644454368070456e+02
3.600000000000000000e+04	3.177664070728847605e+02
3.690000000000000000e+04	3.177664070728847605e+02
3.690000000000000000e+04	3.177564259202324592e+02
3.780000000000000000e+04	3.177564259202324592e+02
3.780000000000000000e+04	3.177464485105123799e+02
3.870000000000000000e+04	3.177464485105123799e+02
3.870000000000000000e+04	3.177164748443209419e+02
3.960000000000000000e+04	3.177164748443209419e+02
3.960000000000000000e+04	3.176685422812369097e+02
4.050000000000000000e+04	3.176685422812369097e+02
4.050000000000000000e+04	3.176585978278814650e+02
4.140000000000000000e+04	3.176585978278814650e+02
4.140000000000000000e+04	3.176486571036959958e+02
4.230000000000000000e+04	3.176486571036959958e+02
4.230000000000000000e+04	3.176197727388607746e+02
4.320000000000000000e+04	3.176197727388607746e+02
4.320000000000000000e+04	3.174940404239611667e+02
4.410000000000000000e+04	3.174940404239611667e+02
4.410000000000000000e+04	3.174841614088022084e+02
4.500000000000000000e+04	3.174841614088022084e+02
4.500000000000000000e+04	3.175453387298528583e+02
4.590000000000000000e+04	3.175453387298528583e+02
4.590000000000000000e+04	3.176064931094081203e+02
4.680000000000000000e+04	3.176064931094081203e+02
4.680000000000000000e+04	3.185035064104029061e+02
4.770000000000000000e+04	3.185035064104029061e+02
4.770000000000000000e+04	3.184932488454990107e+02
4.860000000000000000e+04	3.184932488454990107e+02
4.860000000000000000e+04	3.184829951271819368e+02
4.950000000000000000e+04	3.184829951271819368e+02
4.950000000000000000e+04	3.184727452540089985e+02
5.040000000000000000e+04	3.184727452540089985e+02
5.040000000000000000e+04	3.184249018950007439e+02
5.130000000000000000e+04	3.184249018950007439e+02
5.130000000000000000e+04	3.184146738067901197e+02
5.220000000000000000e+04	3.184146738067901197e+02
5.220000000000000000e+04	3.184044495541126025e+02
5.310000000000000000e+04	3.184044495541126025e+02
5.310000000000000000e+04	3.183042291355295674e+02
5.400000000000000000e+04	3.183042291355295674e+02
5.400000000000000000e+04	3.182511214879174304e+02
5.490000000000000000e+04	3.182511214879174304e+02
5.490000000000000000e+04	3.182409585673594847e+02
5.580000000000000000e+04	3.182409585673594847e+02
5.580000000000000000e+04	3.182307994578967509e+02
5.670000000000000000e+04	3.182307994578967509e+02
5.670000000000000000e+04	3.181306441580999831e+02
5.760000000000000000e+04	3.181306441580999831e+02
5.760000000000000000e+04	3.180778233617019737e+02
5.850000000000000000e+04	3.180778233617019737e+02
5.850000000000000000e+04	3.180677254279413546e+02
5.940000000000000000e+04	3.180677254279413546e+02
5.940000000000000000e+04	3.180576312809058663e+02
6.030000000000000000e+04	3.180576312809058663e+02
6.030000000000000000e+04	3.179575409191755284e+02
6.120000000000000000e+04	3.179575409191755284e+02
6.120000000000000000e+04	3.179050061313169522e+02
6.210000000000000000e+04	3.179050061313169522e+02
6.210000000000000000e+04	3.179660256355966226e+02
6.300000000000000000e+04	3.179660256355966226e+02
6.300000000000000000e+04	3.179559696259833004e+02
6.390000000000000000e+04	3.179559696259833004e+02
6.390000000000000000e+04	3.179459173873735267e+02
6.480000000000000000e+04	3.179459173873735267e+02
6.480000000000000000e+04	3.174209363667520165e+02
6.570000000000000000e+04	3.174209363667520165e+02
6.570000000000000000e+04	3.171455847656144442e+02
6.660000000000000000e+04	3.171455847656144442e+02
6.660000000000000000e+04	3.171158364233273232e+02
6.750000000000000000e+04	3.171158364233273232e+02
6.750000000000000000e+04	3.171571518682475244e+02
6.840000000000000000e+04	3.171571518682475244e+02
6.840000000000000000e+04	3.184496630819284064e+02
6.930000000000000000e+04	3.184496630819284064e+02
6.930000000000000000e+04	3.184204783398516270e+02
7.020000000000000000e+04	3.184204783398516270e+02
7.020000000000000000e+04	3.184813045420531239e+02
7.110000000000000000e+04	3.184813045420531239e+02
7.110000000000000000e+04	3.184710553028496065e+02
7.200000000000000000e+04	3.184710553028496065e+02
7.200000000000000000e+04	3.192509022237453564e+02
7.290000000000000000e+04	3.192509022237453564e+02
7.290000000000000000e+04	3.192403643854114534e+02
7.380000000000000000e+04	3.192403643854114534e+02
7.380000000000000000e+04	3.192298304987669439e+02
7.470000000000000000e+04	3.192298304987669439e+02
7.470000000000000000e+04	3.185793005183295463e+02
7.560000000000000000e+04	3.185793005183295463e+02
7.560000000000000000e+04	3.185318415941391095e+02
7.650000000000000000e+04	3.185318415941391095e+02
7.650000000000000000e+04	3.185215734035411970e+02
7.740000000000000000e+04	3.185215734035411970e+02
7.740000000000000000e+04	3.184213090635148546e+02
7.830000000000000000e+04	3.184213090635148546e+02
7.830000000000000000e+04	3.164510823086157529e+02
7.920000000000000000e+04	3.164510823086157529e+02
7.920000000000000000e+04	3.164234008255757544e+02
8.010000000000000000e+04	3.164234008255757544e+02
8.010000000000000000e+04	3.164139233002661626e+02
8.100000000000000000e+04	3.164139233002661626e+02
8.100000000000000000e+04	3.164044493290285800e+02
8.190000000000000000e+04	3.164044493290285800e+02
8.190000000000000000e+04	3.163949789105301420e+02
8.280000000000000000e+04	3.163949789105301420e+02
8.280000000000000000e+04	3.163460111031031374e+02
8.370000000000000000e+04	3.163460111031031374e+02
8.370000000000000000e+04	3.163365625989394516e+02
8.460000000000000000e+04	3.163365625989394516e+02
8.460000000000000000e+04	3.163271176379648750e+02
8.550000000000000000e+04	3.163271176379648750e+02
8.550000000000000000e+04	3.163176762188505791e+02
8.640000000000000000e+04	3.163176762188505791e+02
8.640000000000000000e+04	3.162688527521876267e+02
8.730000000000000000e+04	3.162688527521876267e+02
8.730000000000000000e+04	3.162594331824054734e+02
8.820000000000000000e+04	3.162594331824054734e+02
8.820000000000000000e+04	3.162500171449621007e+02
8.910000000000000000e+04	3.162500171449621007e+02
8.910000000000000000e+04	3.162406046385327727e+02
9.000000000000000000e+04	3.162406046385327727e+02
9.000000000000000000e+04	3.161919251715259520e+02
9.090000000000000000e+04	3.161919251715259520e+02
9.090000000000000000e+04	3.161825344495865693e+02
9.180000000000000000e+04	3.161825344495865693e+02
9.180000000000000000e+04	3.161731472491679824e+02
9.270000000000000000e+04	3.161731472491679824e+02
9.270000000000000000e+04	3.161637635689495482e+02
9.360000000000000000e+04	3.161637635689495482e+02
9.360000000000000000e+04	3.161152277503447863e+02
9.450000000000000000e+04	3.161152277503447863e+02
9.450000000000000000e+04	3.161058657899383775e+02
9.540000000000000000e+04	3.161058657899383775e+02
9.540000000000000000e+04	3.160965073402671237e+02
9.630000000000000000e+04	3.160965073402671237e+02
9.630000000000000000e+04	3.160871524000145882e+02
9.720000000000000000e+04	3.160871524000145882e+02
9.720000000000000000e+04	3.160387598840088685e+02
9.810000000000000000e+04	3.160387598840088685e+02
9.810000000000000000e+04	3.160294265990523854e+02
9.900000000000000000e+04	3.160294265990523854e+02
9.900000000000000000e+04	3.160200968140777604e+02
9.990000000000000000e+04	3.160200968140777604e+02
9.990000000000000000e+04	3.160107705277724222e+02
1.008000000000000000e+05	3.160107705277724222e+02
1.008000000000000000e+05	3.159625209659949405e+02
1.017000000000000000e+05	3.159625209659949405e+02
1.017000000000000000e+05	3.159532162706326517e+02
1.026000000000000000e+05	3.159532162706326517e+02
1.026000000000000000e+05	3.159439150645311543e+02
1.035000000000000000e+05	3.159439150645311543e+02
1.035000000000000000e+05	3.159346173463819696e+02
1.044000000000000000e+05	3.159346173463819696e+02
1.044000000000000000e+05	3.158865103941927259e+02
1.053000000000000000e+05	3.158865103941927259e+02
1.053000000000000000e+05	3.189026902929228982e+02
1.062000000000000000e+05	3.189026902929228982e+02
1.062000000000000000e+05	3.188922830340630412e+02
1.071000000000000000e+05	3.188922830340630412e+02
1.071000000000000000e+05	3.188818796779253262e+02
1.080000000000000000e+05	3.188818796779253262e+02
1.080000000000000000e+05	3.158416611524380642e+02
1.089000000000000000e+05	3.158416611524380642e+02
1.089000000000000000e+05	3.220572280454032921e+02
1.098000000000000000e+05	3.220572280454032921e+02
1.098000000000000000e+05	3.220456378348862927e+02
1.107000000000000000e+05	3.220456378348862927e+02
1.107000000000000000e+05	3.220340519706982150e+02
1.116000000000000000e+05	3.220340519706982150e+02
1.116000000000000000e+05	3.170699337237162467e+02
1.125000000000000000e+05	3.170699337237162467e+02
1.125000000000000000e+05	3.141702137315698451e+02
1.134000000000000000e+05	3.141702137315698451e+02
1.134000000000000000e+05	3.141615811514205348e+02
1.143000000000000000e+05	3.141615811514205348e+02
1.143000000000000000e+05	3.140629518084887195e+02
1.152000000000000000e+05	3.140629518084887195e+02
1.152000000000000000e+05	3.140690175907643606e+02
1.161000000000000000e+05	3.140690175907643606e+02
1.161000000000000000e+05	3.139704229591678200e+02
1.170000000000000000e+05	3.139704229591678200e+02
1.170000000000000000e+05	3.138718653005581132e+02
1.179000000000000000e+05	3.138718653005581132e+02
1.179000000000000000e+05	3.137733446010704483e+02
1.188000000000000000e+05	3.137733446010704483e+02
1.188000000000000000e+05	3.136404507394285019e+02
1.197000000000000000e+05	3.136404507394285019e+02
1.197000000000000000e+05	3.135420168204012157e+02
1.206000000000000000e+05	3.135420168204012157e+02
1.206000000000000000e+05	3.135336198140935835e+02
1.215000000000000000e+05	3.135336198140935835e+02
1.215000000000000000e+05	3.134352259566633165e+02
1.224000000000000000e+05	3.134352259566633165e+02
1.224000000000000000e+05	3.133906808250097242e+02
1.233000000000000000e+05	3.133906808250097242e+02
1.233000000000000000e+05	3.185266724988351825e+02
1.242000000000000000e+05	3.185266724988351825e+02
1.242000000000000000e+05	3.185164062466481028e+02
1.251000000000000000e+05	3.185164062466481028e+02
1.251000000000000000e+05	3.184861438463056516e+02
1.260000000000000000e+05	3.184861438463056516e+02
1.260000000000000000e+05	3.136230682416619970e+02
1.269000000000000000e+05	3.136230682416619970e+02
1.269000000000000000e+05	3.136146408410713207e+02
1.278000000000000000e+05	3.136146408410713207e+02
1.278000000000000000e+05	3.136062166007559426e+02
1.287000000000000000e+05	3.136062166007559426e+02
1.287000000000000000e+05	3.135077955195306458e+02
1.296000000000000000e+05	3.135077955195306458e+02
1.296000000000000000e+05	3.150430518988348467e+02
1.305000000000000000e+05	3.150430518988348467e+02
1.305000000000000000e+05	3.161623957418523219e+02
1.314000000000000000e+05	3.161623957418523219e+02
1.314000000000000000e+05	3.161530160934491391e+02
1.323000000000000000e+05	3.161530160934491391e+02
1.323000000000000000e+05	3.161436399624140563e+02
1.332000000000000000e+05	3.161436399624140563e+02
1.332000000000000000e+05	3.152527433977628561e+02
1.341000000000000000e+05	3.152527433977628561e+02
1.341000000000000000e+05	3.152437048689886865e+02
1.350000000000000000e+05	3.152437048689886865e+02
1.350000000000000000e+05	3.152346697296628122e+02
1.359000000000000000e+05	3.152346697296628122e+02
1.359000000000000000e+05	3.152256379785142144e+02
1.368000000000000000e+05	3.152256379785142144e+02
1.368000000000000000e+05	3.151783685672584738e+02
1.377000000000000000e+05	3.151783685672584738e+02
1.377000000000000000e+05	3.151693579290457023e+02
1.386000000000000000e+05	3.151693579290457023e+02
1.386000000000000000e+05	3.151603506698223214e+02
1.395000000000000000e+05	3.151603506698223214e+02
1.395000000000000000e+05	3.144958467883211028e+02
1.404000000000000000e+05	3.144958467883211028e+02
1.404000000000000000e+05	3.144562247810890199e+02
1.413000000000000000e+05	3.144562247810890199e+02
1.413000000000000000e+05	3.144474849467960667e+02
1.422000000000000000e+05	3.144474849467960667e+02
1.422000000000000000e+05	3.144387483899409972e+02
1.431000000000000000e+05	3.144387483899409972e+02
1.431000000000000000e+05	3.143400151092947681e+02
1.440000000000000000e+05	3.143400151092947681e+02
1.440000000000000000e+05	3.142938181756063045e+02
1.449000000000000000e+05	3.142938181756063045e+02
1.449000000000000000e+05	3.142851392437904678e+02
1.458000000000000000e+05	3.142851392437904678e+02
1.458000000000000000e+05	3.142764635665740229e+02
1.467000000000000000e+05	3.142764635665740229e+02
1.467000000000000000e+05	3.141777911427365666e+02
1.476000000000000000e+05	3.141777911427365666e+02
1.476000000000000000e+05	3.141318637062581161e+02
1.485000000000000000e+05	3.141318637062581161e+02
1.485000000000000000e+05	3.186655971394253584e+02
1.494000000000000000e+05	3.186655971394253584e+02
1.494000000000000000e+05	3.186552787904980732e+02
1.503000000000000000e+05	3.186552787904980732e+02
1.503000000000000000e+05	3.215297011530569762e+02
1.512000000000000000e+05	3.215297011530569762e+02
1.512000000000000000e+05	3.158571474673525472e+02
1.521000000000000000e+05	3.158571474673525472e+02
1.521000000000000000e+05	3.157578822870522686e+02
1.530000000000000000e+05	3.157578822870522686e+02
1.530000000000000000e+05	3.157286543331946405e+02
1.539000000000000000e+05	3.157286543331946405e+02
1.539000000000000000e+05	3.156994373398196672e+02
1.548000000000000000e+05	3.156994373398196672e+02
1.548000000000000000e+05	3.156520070090681429e+02
1.557000000000000000e+05	3.156520070090681429e+02
1.557000000000000000e+05	3.155528187564397058e+02
1.566000000000000000e+05	3.155528187564397058e+02
1.566000000000000000e+05	3.155436676994060576e+02
1.575000000000000000e+05	3.155436676994060576e+02
1.575000000000000000e+05	3.155345200740188147e+02
1.584000000000000000e+05	3.155345200740188147e+02
1.584000000000000000e+05	3.154868602148416130e+02
1.593000000000000000e+05	3.154868602148416130e+02
1.593000000000000000e+05	3.154777338922610852e+02
1.602000000000000000e+05	3.154777338922610852e+02
1.602000000000000000e+05	3.154686109920514809e+02
1.611000000000000000e+05	3.154686109920514809e+02
1.611000000000000000e+05	3.148194914689295274e+02
1.620000000000000000e+05	3.148194914689295274e+02
1.620000000000000000e+05	3.146956324906646500e+02
1.629000000000000000e+05	3.146956324906646500e+02
1.629000000000000000e+05	3.193658440994320244e+02
1.638000000000000000e+05	3.193658440994320244e+02
1.638000000000000000e+05	3.221499999999999773e+02
1.647000000000000000e+05	3.221499999999999773e+02
1.647000000000000000e+05	3.159094275865789427e+02
1.656000000000000000e+05	3.159094275865789427e+02
1.656000000000000000e+05	3.182438100178800369e+02
1.665000000000000000e+05	3.182438100178800369e+02
1.665000000000000000e+05	3.182336498391233022e+02
1.674000000000000000e+05	3.182336498391233022e+02
1.674000000000000000e+05	3.182234934704336524e+02
1.683000000000000000e+05	3.182234934704336524e+02
1.683000000000000000e+05	3.182133409103821577e+02
1.692000000000000000e+05	3.182133409103821577e+02
1.692000000000000000e+05	3.181609104953141696e+02
1.701000000000000000e+05	3.181609104953141696e+02
1.701000000000000000e+05	3.182218340354573911e+02
1.710000000000000000e+05	3.182218340354573911e+02
1.710000000000000000e+05	3.182116820976941085e+02
1.719000000000000000e+05	3.182116820976941085e+02
1.719000000000000000e+05	3.182015339669074478e+02
1.728000000000000000e+05	3.182015339669074478e+02
1.728000000000000000e+05	3.194409721496312500e+02
1.737000000000000000e+05	3.194409721496312500e+02
1.737000000000000000e+05	3.194303630350751178e+02
1.746000000000000000e+05	3.194303630350751178e+02
1.746000000000000000e+05	3.194197578989369504e+02
1.755000000000000000e+05	3.194197578989369504e+02
1.755000000000000000e+05	3.194091567397248355e+02
1.764000000000000000e+05	3.194091567397248355e+02
1.764000000000000000e+05	3.193538983747761222e+02
1.773000000000000000e+05	3.193538983747761222e+02
1.773000000000000000e+05	3.193433219128855285e+02
1.782000000000000000e+05	3.193433219128855285e+02
1.782000000000000000e+05	3.193327494171682019e+02
1.791000000000000000e+05	3.193327494171682019e+02
1.791000000000000000e+05	3.193221808861367776e+02
1.800000000000000000e+05	3.193221808861367776e+02
1.800000000000000000e+05	3.192670917473352574e+02
1.809000000000000000e+05	3.192670917473352574e+02
1.809000000000000000e+05	3.221412846800351986e+02
1.818000000000000000e+05	3.221412846800351986e+02
1.818000000000000000e+05	3.221296629482802132e+02
1.827000000000000000e+05	3.221296629482802132e+02
1.827000000000000000e+05	3.221180455746745679e+02
1.836000000000000000e+05	3.221180455746745679e+02
1.836000000000000000e+05	3.194096733579489182e+02
1.845000000000000000e+05	3.194096733579489182e+02
1.845000000000000000e+05	3.193990759804396475e+02
1.854000000000000000e+05	3.193990759804396475e+02
1.854000000000000000e+05	3.193884825769469558e+02
1.863000000000000000e+05	3.193884825769469558e+02
1.863000000000000000e+05	3.193778931459806358e+02
1.872000000000000000e+05	3.193778931459806358e+02
1.872000000000000000e+05	3.193224111696581531e+02
1.881000000000000000e+05	3.193224111696581531e+02
1.881000000000000000e+05	3.193118465154695400e+02
1.890000000000000000e+05	3.193118465154695400e+02
1.890000000000000000e+05	3.193012858230262623e+02
1.899000000000000000e+05	3.193012858230262623e+02
1.899000000000000000e+05	3.192907290908426035e+02
1.908000000000000000e+05	3.192907290908426035e+02
1.908000000000000000e+05	3.192354210581456755e+02
1.917000000000000000e+05	3.192354210581456755e+02
1.917000000000000000e+05	3.192248890252488422e+02
1.926000000000000000e+05	3.192248890252488422e+02
1.926000000000000000e+05	3.192143609418643564e+02
1.935000000000000000e+05	3.192143609418643564e+02
1.935000000000000000e+05	3.192038368065112195e+02
1.944000000000000000e+05	3.192038368065112195e+02
1.944000000000000000e+05	3.191487021333349503e+02
1.953000000000000000e+05	3.191487021333349503e+02
1.953000000000000000e+05	3.191382026200349173e+02
1.962000000000000000e+05	3.191382026200349173e+02
1.962000000000000000e+05	3.228823508653698013e+02
1.971000000000000000e+05	3.228823508653698013e+02
1.971000000000000000e+05	3.261558839990642014e+02
1.980000000000000000e+05	3.261558839990642014e+02
1.980000000000000000e+05	3.226688203534865238e+02
1.989000000000000000e+05	3.226688203534865238e+02
1.989000000000000000e+05	3.197670007788539692e+02
1.998000000000000000e+05	3.197670007788539692e+02
1.998000000000000000e+05	3.197562694035618733e+02
2.007000000000000000e+05	3.197562694035618733e+02
2.007000000000000000e+05	3.196555420525355657e+02
2.016000000000000000e+05	3.196555420525355657e+02
2.016000000000000000e+05	3.196504155796152418e+02
2.025000000000000000e+05	3.196504155796152418e+02
2.025000000000000000e+05	3.195497279237728776e+02
2.034000000000000000e+05	3.195497279237728776e+02
2.034000000000000000e+05	3.194490780258014411e+02
2.043000000000000000e+05	3.194490780258014411e+02
2.043000000000000000e+05	3.193484658715418050e+02
2.052000000000000000e+05	3.193484658715418050e+02
2.052000000000000000e+05	3.192043462784537269e+02
2.061000000000000000e+05	3.192043462784537269e+02
2.061000000000000000e+05	3.191038258985992684e+02
2.070000000000000000e+05	3.191038258985992684e+02
2.070000000000000000e+05	3.190933432138872945e+02
2.079000000000000000e+05	3.190933432138872945e+02
2.079000000000000000e+05	3.189928644601820906e+02
2.088000000000000000e+05	3.189928644601820906e+02
2.088000000000000000e+05	3.189371293086095989e+02
2.097000000000000000e+05	3.189371293086095989e+02
2.097000000000000000e+05	3.189267091351188697e+02
2.106000000000000000e+05	3.189267091351188697e+02
2.106000000000000000e+05	3.189162928691932279e+02
2.115000000000000000e+05	3.189162928691932279e+02
2.115000000000000000e+05	3.188858805113672474e+02
2.124000000000000000e+05	3.188858805113672474e+02
2.124000000000000000e+05	3.188286109217470994e+02
2.133000000000000000e+05	3.188286109217470994e+02
2.133000000000000000e+05	3.188182314426514381e+02
2.142000000000000000e+05	3.188182314426514381e+02
2.142000000000000000e+05	3.188078558558604527e+02
2.151000000000000000e+05	3.188078558558604527e+02
2.151000000000000000e+05	3.187074841599144861e+02
2.160000000000000000e+05	3.187074841599144861e+02
2.160000000000000000e+05	3.185617012395040319e+02
2.169000000000000000e+05	3.185617012395040319e+02
2.169000000000000000e+05	3.185514218515393736e+02
2.178000000000000000e+05	3.185514218515393736e+02
2.178000000000000000e+05	3.221616293610103412e+02
2.187000000000000000e+05	3.221616293610103412e+02
2.187000000000000000e+05	3.221499999999999773e+02
2.196000000000000000e+05	3.221499999999999773e+02
2.196000000000000000e+05	3.175510464867364817e+02
2.205000000000000000e+05	3.175510464867364817e+02
2.205000000000000000e+05	3.175411460943039401e+02
2.214000000000000000e+05	3.175411460943039401e+02
2.214000000000000000e+05	3.175312494145185838e+02
2.223000000000000000e+05	3.175312494145185838e+02
2.223000000000000000e+05	3.175213564459881468e+02
2.232000000000000000e+05	3.175213564459881468e+02
2.232000000000000000e+05	3.174705580745145426e+02
2.241000000000000000e+05	3.174705580745145426e+02
2.241000000000000000e+05	3.174606878652365936e+02
2.250000000000000000e+05	3.174606878652365936e+02
2.250000000000000000e+05	3.174508213572871114e+02
2.259000000000000000e+05	3.174508213572871114e+02
2.259000000000000000e+05	3.173509585492781753e+02
2.268000000000000000e+05	3.173509585492781753e+02
2.268000000000000000e+05	3.172975857007714353e+02
2.277000000000000000e+05	3.172975857007714353e+02
2.277000000000000000e+05	3.172877803561336236e+02
2.286000000000000000e+05	3.172877803561336236e+02
2.286000000000000000e+05	3.172779786885000703e+02
2.295000000000000000e+05	3.172779786885000703e+02
2.295000000000000000e+05	3.171781806964918928e+02
2.304000000000000000e+05	3.171781806964918928e+02
2.304000000000000000e+05	3.171251093506665484e+02
2.313000000000000000e+05	3.171251093506665484e+02
2.313000000000000000e+05	3.200001055267652532e+02
2.322000000000000000e+05	3.200001055267652532e+02
2.322000000000000000e+05	3.199892867371927423e+02
2.331000000000000000e+05	3.199892867371927423e+02
2.331000000000000000e+05	3.198884720046662551e+02
2.340000000000000000e+05	3.198884720046662551e+02
2.340000000000000000e+05	3.169129018868814569e+02
2.349000000000000000e+05	3.169129018868814569e+02
2.349000000000000000e+05	3.169742934302528283e+02
2.358000000000000000e+05	3.169742934302528283e+02
2.358000000000000000e+05	3.169646093202164820e+02
2.367000000000000000e+05	3.169646093202164820e+02
2.367000000000000000e+05	3.169549288417213688e+02
2.376000000000000000e+05	3.169549288417213688e+02
2.376000000000000000e+05	3.172306066953889854e+02
2.385000000000000000e+05	3.172306066953889854e+02
2.385000000000000000e+05	3.171308264678781939e+02
2.394000000000000000e+05	3.171308264678781939e+02
2.394000000000000000e+05	3.171010836599527352e+02
2.403000000000000000e+05	3.171010836599527352e+02
2.403000000000000000e+05	3.167413520385802599e+02
2.412000000000000000e+05	3.167413520385802599e+02
2.412000000000000000e+05	3.164111369445673176e+02
2.421000000000000000e+05	3.164111369445673176e+02
2.421000000000000000e+05	3.163116640182130936e+02
2.430000000000000000e+05	3.163116640182130936e+02
2.430000000000000000e+05	3.163022283942062813e+02
2.439000000000000000e+05	3.163022283942062813e+02
2.439000000000000000e+05	3.162927963085584793e+02
2.448000000000000000e+05	3.162927963085584793e+02
2.448000000000000000e+05	3.162931666919884037e+02
2.457000000000000000e+05	3.162931666919884037e+02
2.457000000000000000e+05	3.221616293610103412e+02
2.466000000000000000e+05	3.221616293610103412e+02
2.466000000000000000e+05	3.221499999999999773e+02
2.475000000000000000e+05	3.221499999999999773e+02
2.475000000000000000e+05	3.197383748350000019e+02
2.484000000000000000e+05	3.197383748350000019e+02
2.484000000000000000e+05	3.147464604724211767e+02
2.493000000000000000e+05	3.147464604724211767e+02
2.493000000000000000e+05	3.147376117997439451e+02
2.502000000000000000e+05	3.147376117997439451e+02
2.502000000000000000e+05	3.146387664453189927e+02
2.511000000000000000e+05	3.146387664453189927e+02
2.511000000000000000e+05	3.126699581439016242e+02
2.520000000000000000e+05	3.126699581439016242e+02
2.520000000000000000e+05	3.126488325153201231e+02
2.529000000000000000e+05	3.126488325153201231e+02
2.529000000000000000e+05	3.126407704531268905e+02
2.538000000000000000e+05	3.126407704531268905e+02
2.538000000000000000e+05	3.126327114142069945e+02
2.547000000000000000e+05	3.126327114142069945e+02
2.547000000000000000e+05	3.126246553974263520e+02
2.556000000000000000e+05	3.126246553974263520e+02
2.556000000000000000e+05	3.125833845689635382e+02
2.565000000000000000e+05	3.125833845689635382e+02
2.565000000000000000e+05	3.125753470497500643e+02
2.574000000000000000e+05	3.125753470497500643e+02
2.574000000000000000e+05	3.125673125446064091e+02
2.583000000000000000e+05	3.125673125446064091e+02
2.583000000000000000e+05	3.125592810524021274e+02
2.592000000000000000e+05	3.125592810524021274e+02
2.592000000000000000e+05	3.125181263988009164e+02
2.601000000000000000e+05	3.125181263988009164e+02
2.601000000000000000e+05	3.125101133514013441e+02
2.610000000000000000e+05	3.125101133514013441e+02
2.610000000000000000e+05	3.125021033088945615e+02
2.619000000000000000e+05	3.125021033088945615e+02
2.619000000000000000e+05	3.124940962701534204e+02
2.628000000000000000e+05	3.124940962701534204e+02
2.628000000000000000e+05	3.124530575986495933e+02
2.637000000000000000e+05	3.124530575986495933e+02
2.637000000000000000e+05	3.124450689520501214e+02
2.646000000000000000e+05	3.124450689520501214e+02
2.646000000000000000e+05	3.124370833011931268e+02
2.655000000000000000e+05	3.124370833011931268e+02
2.655000000000000000e+05	3.124291006449548149e+02
2.664000000000000000e+05	3.124291006449548149e+02
2.664000000000000000e+05	3.123881777607008416e+02
2.673000000000000000e+05	3.123881777607008416e+02
2.673000000000000000e+05	3.123802134440405780e+02
2.682000000000000000e+05	3.123802134440405780e+02
2.682000000000000000e+05	3.123722521139990818e+02
2.691000000000000000e+05	3.123722521139990818e+02
2.691000000000000000e+05	3.123642937694560260e+02
2.700000000000000000e+05	3.123642937694560260e+02
2.700000000000000000e+05	3.123234864794876557e+02
2.709000000000000000e+05	3.123234864794876557e+02
2.709000000000000000e+05	3.123155464220578210e+02
2.718000000000000000e+05	3.123155464220578210e+02
2.718000000000000000e+05	3.123076093421495329e+02
2.727000000000000000e+05	3.123076093421495329e+02
2.727000000000000000e+05	3.122996752386459320e+02
2.736000000000000000e+05	3.122996752386459320e+02
2.736000000000000000e+05	3.122589833403606008e+02
2.745000000000000000e+05	3.122589833403606008e+02
2.745000000000000000e+05	3.122510674716079393e+02
2.754000000000000000e+05	3.122510674716079393e+02
2.754000000000000000e+05	3.122431545713060927e+02
2.763000000000000000e+05	3.122431545713060927e+02
2.763000000000000000e+05	3.122352446383418396e+02
2.772000000000000000e+05	3.122352446383418396e+02
2.772000000000000000e+05	3.121946679427740605e+02
2.781000000000000000e+05	3.121946679427740605e+02
2.781000000000000000e+05	3.122578288238742630e+02
2.790000000000000000e+05	3.122578288238742630e+02
2.790000000000000000e+05	3.122499133880652948e+02
2.799000000000000000e+05	3.122499133880652948e+02
2.799000000000000000e+05	3.122420009205443421e+02
2.808000000000000000e+05	3.122420009205443421e+02
2.808000000000000000e+05	3.119657669148537025e+02
2.817000000000000000e+05	3.119657669148537025e+02
2.817000000000000000e+05	3.144519522043915458e+02
2.826000000000000000e+05	3.144519522043915458e+02
2.826000000000000000e+05	3.144432139723148794e+02
2.835000000000000000e+05	3.144432139723148794e+02
2.835000000000000000e+05	3.144344790170752617e+02
2.844000000000000000e+05	3.144344790170752617e+02
2.844000000000000000e+05	3.123574614103252998e+02
2.853000000000000000e+05	3.123574614103252998e+02
2.853000000000000000e+05	3.094595085952964268e+02
2.862000000000000000e+05	3.094595085952964268e+02
2.862000000000000000e+05	3.094526425295732110e+02
2.871000000000000000e+05	3.094526425295732110e+02
2.871000000000000000e+05	3.093557790386242914e+02
2.880000000000000000e+05	3.093557790386242914e+02
2.880000000000000000e+05	3.093709962426323727e+02
2.889000000000000000e+05	3.093709962426323727e+02
2.889000000000000000e+05	3.092741633690413892e+02
2.898000000000000000e+05	3.092741633690413892e+02
2.898000000000000000e+05	3.091773668077779575e+02
2.907000000000000000e+05	3.091773668077779575e+02
2.907000000000000000e+05	3.090806065452246116e+02
2.916000000000000000e+05	3.090806065452246116e+02
2.916000000000000000e+05	3.089569672279248493e+02
2.925000000000000000e+05	3.089569672279248493e+02
2.925000000000000000e+05	3.088602896152143558e+02
2.934000000000000000e+05	3.088602896152143558e+02
2.934000000000000000e+05	3.088536482566086647e+02
2.943000000000000000e+05	3.088536482566086647e+02
2.943000000000000000e+05	3.087570093885124152e+02
2.952000000000000000e+05	3.087570093885124152e+02
2.952000000000000000e+05	3.087217005435986152e+02
2.961000000000000000e+05	3.087217005435986152e+02
2.961000000000000000e+05	3.087151111558947605e+02
2.970000000000000000e+05	3.087151111558947605e+02
2.970000000000000000e+05	3.087085242392113287e+02
2.979000000000000000e+05	3.087085242392113287e+02
2.979000000000000000e+05	3.086819397946215986e+02
2.988000000000000000e+05	3.086819397946215986e+02
2.988000000000000000e+05	3.086446653940580518e+02
2.997000000000000000e+05	3.086446653940580518e+02
2.997000000000000000e+05	3.086381048945352745e+02
3.006000000000000000e+05	3.086381048945352745e+02
3.006000000000000000e+05	3.086315468551998151e+02
3.015000000000000000e+05	3.086315468551998151e+02
3.015000000000000000e+05	3.085349912751291299e+02
3.024000000000000000e+05	3.085349912751291299e+02
3.024000000000000000e+05	3.084095062782815262e+02
3.033000000000000000e+05	3.084095062782815262e+02
3.033000000000000000e+05	3.084030339634271627e+02
3.042000000000000000e+05	3.084030339634271627e+02
3.042000000000000000e+05	3.083965640756908897e+02
3.051000000000000000e+05	3.083965640756908897e+02
3.051000000000000000e+05	3.083900966141624735e+02
3.060000000000000000e+05	3.083900966141624735e+02
3.060000000000000000e+05	3.081946732904658006e+02
3.069000000000000000e+05	3.081946732904658006e+02
3.069000000000000000e+05	3.081882815379818794e+02
3.078000000000000000e+05	3.081882815379818794e+02
3.078000000000000000e+05	3.081818921824051358e+02
3.087000000000000000e+05	3.081818921824051358e+02
3.087000000000000000e+05	3.081755052228367049e+02
3.096000000000000000e+05	3.081755052228367049e+02
3.096000000000000000e+05	3.081430064129159518e+02
3.105000000000000000e+05	3.081430064129159518e+02
3.105000000000000000e+05	3.081366340355111220e+02
3.114000000000000000e+05	3.081366340355111220e+02
3.114000000000000000e+05	3.081302640477478008e+02
3.123000000000000000e+05	3.081302640477478008e+02
3.123000000000000000e+05	3.080338964487298767e+02
3.132000000000000000e+05	3.080338964487298767e+02
3.132000000000000000e+05	3.079981732709611606e+02
3.141000000000000000e+05	3.079981732709611606e+02
3.141000000000000000e+05	3.079918552059845069e+02
3.150000000000000000e+05	3.079918552059845069e+02
3.150000000000000000e+05	3.079855395102822513e+02
3.159000000000000000e+05	3.079855395102822513e+02
3.159000000000000000e+05	3.078892261829658992e+02
3.168000000000000000e+05	3.078892261829658992e+02
3.168000000000000000e+05	3.078537568801949647e+02
3.177000000000000000e+05	3.078537568801949647e+02
3.177000000000000000e+05	3.078474929713648862e+02
3.186000000000000000e+05	3.078474929713648862e+02
3.186000000000000000e+05	3.078412314115006438e+02
3.195000000000000000e+05	3.078412314115006438e+02
3.195000000000000000e+05	3.077449721997213032e+02
3.204000000000000000e+05	3.077449721997213032e+02
3.204000000000000000e+05	3.077097562472021082e+02
3.213000000000000000e+05	3.077097562472021082e+02
3.213000000000000000e+05	3.077035463386093852e+02
3.222000000000000000e+05	3.077035463386093852e+02
3.222000000000000000e+05	3.126710229692587291e+02
3.231000000000000000e+05	3.126710229692587291e+02
3.231000000000000000e+05	3.155476894277504698e+02
3.240000000000000000e+05	3.155476894277504698e+02
3.240000000000000000e+05	3.155856075835479260e+02
3.249000000000000000e+05	3.155856075835479260e+02
3.249000000000000000e+05	3.154864442307040804e+02
3.258000000000000000e+05	3.154864442307040804e+02
3.258000000000000000e+05	3.154573180661175797e+02
3.267000000000000000e+05	3.154573180661175797e+02
3.267000000000000000e+05	3.154282028238427529e+02
3.276000000000000000e+05	3.154282028238427529e+02
3.276000000000000000e+05	3.154904542416163622e+02
3.285000000000000000e+05	3.154904542416163622e+02
3.285000000000000000e+05	3.153913265712757834e+02
3.294000000000000000e+05	3.153913265712757834e+02
3.294000000000000000e+05	3.153822360738115549e+02
3.303000000000000000e+05	3.153822360738115549e+02
3.303000000000000000e+05	3.153731489852838763e+02
3.312000000000000000e+05	3.153731489852838763e+02
3.312000000000000000e+05	3.153250243255008627e+02
3.321000000000000000e+05	3.153250243255008627e+02
3.321000000000000000e+05	3.153159586913787962e+02
3.330000000000000000e+05	3.153159586913787962e+02
3.330000000000000000e+05	3.153068964568695378e+02
3.339000000000000000e+05	3.153068964568695378e+02
3.339000000000000000e+05	3.146578375766982276e+02
3.348000000000000000e+05	3.146578375766982276e+02
3.348000000000000000e+05	3.146167808245548372e+02
3.357000000000000000e+05	3.146167808245548372e+02
3.357000000000000000e+05	3.180023692334368093e+02
3.366000000000000000e+05	3.180023692334368093e+02
3.366000000000000000e+05	3.179022995949742381e+02
3.375000000000000000e+05	3.179022995949742381e+02
3.375000000000000000e+05	3.159322674686261507e+02
3.384000000000000000e+05	3.159322674686261507e+02
3.384000000000000000e+05	3.125235593110424475e+02
3.393000000000000000e+05	3.125235593110424475e+02
3.393000000000000000e+05	3.125155442263007899e+02
3.402000000000000000e+05	3.125155442263007899e+02
3.402000000000000000e+05	3.125075321472159544e+02
3.411000000000000000e+05	3.125075321472159544e+02
3.411000000000000000e+05	3.124995230726606792e+02
3.420000000000000000e+05	3.124995230726606792e+02
3.420000000000000000e+05	3.124581772113701845e+02
3.429000000000000000e+05	3.124581772113701845e+02
3.429000000000000000e+05	3.124501866449159024e+02
3.438000000000000000e+05	3.124501866449159024e+02
3.438000000000000000e+05	3.124421990749240763e+02
3.447000000000000000e+05	3.124421990749240763e+02
3.447000000000000000e+05	3.124342145002709117e+02
3.456000000000000000e+05	3.124342145002709117e+02
3.456000000000000000e+05	3.123929895739324820e+02
3.465000000000000000e+05	3.123929895739324820e+02
3.465000000000000000e+05	3.123850234528422334e+02
3.474000000000000000e+05	3.123850234528422334e+02
3.474000000000000000e+05	3.123770603190474162e+02
3.483000000000000000e+05	3.123770603190474162e+02
3.483000000000000000e+05	3.123691001714278173e+02
3.492000000000000000e+05	3.123691001714278173e+02
3.492000000000000000e+05	3.123279959047486614e+02
3.501000000000000000e+05	3.123279959047486614e+02
3.501000000000000000e+05	3.123200541562843568e+02
3.510000000000000000e+05	3.123200541562843568e+02
3.510000000000000000e+05	3.123121153859757442e+02
3.519000000000000000e+05	3.123121153859757442e+02
3.519000000000000000e+05	3.123041795927060207e+02
3.528000000000000000e+05	3.123041795927060207e+02
3.528000000000000000e+05	3.122631957083760881e+02
3.537000000000000000e+05	3.122631957083760881e+02
3.537000000000000000e+05	3.122552782599855163e+02
3.546000000000000000e+05	3.122552782599855163e+02
3.546000000000000000e+05	3.122473637806380111e+02
3.555000000000000000e+05	3.122473637806380111e+02
3.555000000000000000e+05	3.172131364797465949e+02
3.564000000000000000e+05	3.172131364797465949e+02
3.564000000000000000e+05	3.163753953682517590e+02
3.573000000000000000e+05	3.163753953682517590e+02
3.573000000000000000e+05	3.163659358449886554e+02
3.582000000000000000e+05	3.163659358449886554e+02
3.582000000000000000e+05	3.163564798690467796e+02
3.591000000000000000e+05	3.163564798690467796e+02
3.591000000000000000e+05	3.163470274390959389e+02
3.600000000000000000e+05	3.163470274390959389e+02
3.600000000000000000e+05	3.164067376839340682e+02
3.609000000000000000e+05	3.164067376839340682e+02
3.609000000000000000e+05	3.163972664073025953e+02
3.618000000000000000e+05	3.163972664073025953e+02
3.618000000000000000e+05	3.163877986823998754e+02
3.627000000000000000e+05	3.163877986823998754e+02
3.627000000000000000e+05	3.163783345078939533e+02
3.636000000000000000e+05	3.163783345078939533e+02
3.636000000000000000e+05	3.163286553490347046e+02
3.645000000000000000e+05	3.163286553490347046e+02
3.645000000000000000e+05	3.163192133532788262e+02
3.654000000000000000e+05	3.163192133532788262e+02
3.654000000000000000e+05	3.163097748982713711e+02
3.663000000000000000e+05	3.163097748982713711e+02
3.663000000000000000e+05	3.163003399826845339e+02
3.672000000000000000e+05	3.163003399826845339e+02
3.672000000000000000e+05	3.162508178861010606e+02
3.681000000000000000e+05	3.162508178861010606e+02
3.681000000000000000e+05	3.212150892899200585e+02
3.690000000000000000e+05	3.212150892899200585e+02
3.690000000000000000e+05	3.212038148814363581e+02
3.699000000000000000e+05	3.212038148814363581e+02
3.699000000000000000e+05	3.260182782351014339e+02
3.708000000000000000e+05	3.260182782351014339e+02
3.708000000000000000e+05	3.178032277552142659e+02
3.717000000000000000e+05	3.178032277552142659e+02
3.717000000000000000e+05	3.149032327778060676e+02
3.726000000000000000e+05	3.149032327778060676e+02
3.726000000000000000e+05	3.148943253155143793e+02
3.735000000000000000e+05	3.148943253155143793e+02
3.735000000000000000e+05	3.147954211935210651e+02
3.744000000000000000e+05	3.147954211935210651e+02
3.744000000000000000e+05	3.148001415061065700e+02
3.753000000000000000e+05	3.148001415061065700e+02
3.753000000000000000e+05	3.147012727030418091e+02
3.762000000000000000e+05	3.147012727030418091e+02
3.762000000000000000e+05	3.146024409757781655e+02
3.771000000000000000e+05	3.146024409757781655e+02
3.771000000000000000e+05	3.145036463104122504e+02
3.780000000000000000e+05	3.145036463104122504e+02
3.780000000000000000e+05	3.143693531741663492e+02
3.789000000000000000e+05	3.143693531741663492e+02
3.789000000000000000e+05	3.142706459167260391e+02
3.798000000000000000e+05	3.142706459167260391e+02
3.798000000000000000e+05	3.175606579348969944e+02
3.807000000000000000e+05	3.175606579348969944e+02
3.807000000000000000e+05	3.174607539381714219e+02
3.816000000000000000e+05	3.174607539381714219e+02
3.816000000000000000e+05	3.145803619243018261e+02
3.825000000000000000e+05	3.145803619243018261e+02
3.825000000000000000e+05	3.145715755385802481e+02
3.834000000000000000e+05	3.145715755385802481e+02
3.834000000000000000e+05	3.173896750497392532e+02
3.843000000000000000e+05	3.173896750497392532e+02
3.843000000000000000e+05	3.222866787531241926e+02
3.852000000000000000e+05	3.222866787531241926e+02
3.852000000000000000e+05	3.177835294329022418e+02
3.861000000000000000e+05	3.177835294329022418e+02
3.861000000000000000e+05	3.177735418593649115e+02
3.870000000000000000e+05	3.177735418593649115e+02
3.870000000000000000e+05	3.222516631236712783e+02
3.879000000000000000e+05	3.222516631236712783e+02
3.879000000000000000e+05	3.221499999999999773e+02
3.888000000000000000e+05	3.221499999999999773e+02
3.888000000000000000e+05	3.166522634188024767e+02
3.897000000000000000e+05	3.166522634188024767e+02
3.897000000000000000e+05	3.166427000700204530e+02
3.906000000000000000e+05	3.166427000700204530e+02
3.906000000000000000e+05	3.166331403074942159e+02
3.915000000000000000e+05	3.166331403074942159e+02
3.915000000000000000e+05	3.166235841298789069e+02
3.924000000000000000e+05	3.166235841298789069e+02
3.924000000000000000e+05	3.164140244473762209e+02
3.933000000000000000e+05	3.164140244473762209e+02
3.933000000000000000e+05	3.164045504382084459e+02
3.942000000000000000e+05	3.164045504382084459e+02
3.942000000000000000e+05	3.163950799817941402e+02
3.951000000000000000e+05	3.163950799817941402e+02
3.951000000000000000e+05	3.163856130768009507e+02
3.960000000000000000e+05	3.163856130768009507e+02
3.960000000000000000e+05	3.163363521403605887e+02
3.969000000000000000e+05	3.163363521403605887e+02
3.969000000000000000e+05	3.163269072583079264e+02
3.978000000000000000e+05	3.163269072583079264e+02
3.978000000000000000e+05	3.163174659180860431e+02
3.987000000000000000e+05	3.163174659180860431e+02
3.987000000000000000e+05	3.162180281183668171e+02
3.996000000000000000e+05	3.162180281183668171e+02
3.996000000000000000e+05	3.161678361637041235e+02
4.005000000000000000e+05	3.161678361637041235e+02
4.005000000000000000e+05	3.161584544751427757e+02
4.014000000000000000e+05	3.161584544751427757e+02
4.014000000000000000e+05	3.161490763047145833e+02
4.023000000000000000e+05	3.161490763047145833e+02
4.023000000000000000e+05	3.160497016511003494e+02
4.032000000000000000e+05	3.160497016511003494e+02
4.032000000000000000e+05	3.159997956560200691e+02
4.041000000000000000e+05	3.159997956560200691e+02
4.041000000000000000e+05	3.159904769826490565e+02
4.050000000000000000e+05	3.159904769826490565e+02
4.050000000000000000e+05	3.159811618037805374e+02
4.059000000000000000e+05	3.159811618037805374e+02
4.059000000000000000e+05	3.158818501181041256e+02
4.068000000000000000e+05	3.158818501181041256e+02
4.068000000000000000e+05	3.158322293565151426e+02
4.077000000000000000e+05	3.158322293565151426e+02
4.077000000000000000e+05	3.158229735205064230e+02
4.086000000000000000e+05	3.158229735205064230e+02
4.086000000000000000e+05	3.158847737870151491e+02
4.095000000000000000e+05	3.158847737870151491e+02
4.095000000000000000e+05	3.159465508784239773e+02
4.104000000000000000e+05	3.159465508784239773e+02
4.104000000000000000e+05	3.169515202488751129e+02
4.113000000000000000e+05	3.169515202488751129e+02
4.113000000000000000e+05	3.168518446787817311e+02
4.122000000000000000e+05	3.168518446787817311e+02
4.122000000000000000e+05	3.168222064890271668e+02
4.131000000000000000e+05	3.168222064890271668e+02
4.131000000000000000e+05	3.167925794135938418e+02
4.140000000000000000e+05	3.167925794135938418e+02
4.140000000000000000e+05	3.167490367366049782e+02
4.149000000000000000e+05	3.167490367366049782e+02
4.149000000000000000e+05	3.166494370978287520e+02
4.158000000000000000e+05	3.166494370978287520e+02
4.158000000000000000e+05	3.195246116510223260e+02
4.167000000000000000e+05	3.195246116510223260e+02
4.167000000000000000e+05	3.195139711716532247e+02
4.176000000000000000e+05	3.195139711716532247e+02
4.176000000000000000e+05	3.163737044850154234e+02
4.185000000000000000e+05	3.163737044850154234e+02
4.185000000000000000e+05	3.192489824379387642e+02
4.194000000000000000e+05	3.192489824379387642e+02
4.194000000000000000e+05	3.192384453195245442e+02
4.203000000000000000e+05	3.192384453195245442e+02
4.203000000000000000e+05	3.185879121085297356e+02
4.212000000000000000e+05	3.185879121085297356e+02
4.212000000000000000e+05	3.153983398167433165e+02
4.221000000000000000e+05	3.153983398167433165e+02
4.221000000000000000e+05	3.153892466893119604e+02
4.230000000000000000e+05	3.153892466893119604e+02
4.230000000000000000e+05	3.152901569718034125e+02
4.239000000000000000e+05	3.152901569718034125e+02
4.239000000000000000e+05	3.133211043989390419e+02
4.248000000000000000e+05	3.133211043989390419e+02
4.248000000000000000e+05	3.132997470294892537e+02
4.257000000000000000e+05	3.132997470294892537e+02
4.257000000000000000e+05	3.132914408743532135e+02
4.266000000000000000e+05	3.132914408743532135e+02
4.266000000000000000e+05	3.161678746761306229e+02
4.275000000000000000e+05	3.161678746761306229e+02
4.275000000000000000e+05	3.161584929731270677e+02
4.284000000000000000e+05	3.161584929731270677e+02
4.284000000000000000e+05	3.141417108899323125e+02
4.293000000000000000e+05	3.141417108899323125e+02
4.293000000000000000e+05	3.184334610808191428e+02
4.302000000000000000e+05	3.184334610808191428e+02
4.302000000000000000e+05	3.184232297829138361e+02
4.311000000000000000e+05	3.184232297829138361e+02
4.311000000000000000e+05	3.184130023217452958e+02
4.320000000000000000e+05	3.184130023217452958e+02
4.320000000000000000e+05	3.154540080934041839e+02
4.329000000000000000e+05	3.154540080934041839e+02
4.329000000000000000e+05	3.154448940903691891e+02
4.338000000000000000e+05	3.154448940903691891e+02
4.338000000000000000e+05	3.154357835050852827e+02
4.347000000000000000e+05	3.154357835050852827e+02
4.347000000000000000e+05	3.154266763362709298e+02
4.356000000000000000e+05	3.154266763362709298e+02
4.356000000000000000e+05	3.158111717878829836e+02
4.365000000000000000e+05	3.158111717878829836e+02
4.365000000000000000e+05	3.158019238484625362e+02
4.374000000000000000e+05	3.158019238484625362e+02
4.374000000000000000e+05	3.157926793770193399e+02
4.383000000000000000e+05	3.157926793770193399e+02
4.383000000000000000e+05	3.186681752143583140e+02
4.392000000000000000e+05	3.186681752143583140e+02
4.392000000000000000e+05	3.159761640598147778e+02
4.401000000000000000e+05	3.159761640598147778e+02
4.401000000000000000e+05	3.159668542482922931e+02
4.410000000000000000e+05	3.159668542482922931e+02
4.410000000000000000e+05	3.188422847700544480e+02
4.419000000000000000e+05	3.188422847700544480e+02
4.419000000000000000e+05	3.188319001632656864e+02
4.428000000000000000e+05	3.188319001632656864e+02
4.428000000000000000e+05	3.200666881462911988e+02
4.437000000000000000e+05	3.200666881462911988e+02
4.437000000000000000e+05	3.200558443882363235e+02
4.446000000000000000e+05	3.200558443882363235e+02
4.446000000000000000e+05	3.200450046965907518e+02
4.455000000000000000e+05	3.200450046965907518e+02
4.455000000000000000e+05	3.200341690698295452e+02
4.464000000000000000e+05	3.200341690698295452e+02
4.464000000000000000e+05	3.200813301549864036e+02
4.473000000000000000e+05	3.200813301549864036e+02
4.473000000000000000e+05	3.200704809061782612e+02
4.482000000000000000e+05	3.200704809061782612e+02
4.482000000000000000e+05	3.225241287441011764e+02
4.491000000000000000e+05	3.225241287441011764e+02
4.491000000000000000e+05	3.225123634458221886e+02
4.500000000000000000e+05	3.225123634458221886e+02
4.500000000000000000e+05	3.196275259489442533e+02
4.509000000000000000e+05	3.196275259489442533e+02
4.509000000000000000e+05	3.196168468767134527e+02
4.518000000000000000e+05	3.196168468767134527e+02
4.518000000000000000e+05	3.196061718091347075e+02
4.527000000000000000e+05	3.196061718091347075e+02
4.527000000000000000e+05	3.195955007447062712e+02
4.536000000000000000e+05	3.195955007447062712e+02
4.536000000000000000e+05	3.195391279015240116e+02
4.545000000000000000e+05	3.195391279015240116e+02
4.545000000000000000e+05	3.195284819785609329e+02
4.554000000000000000e+05	3.195284819785609329e+02
4.554000000000000000e+05	3.243484941537612940e+02
4.563000000000000000e+05	3.243484941537612940e+02
4.563000000000000000e+05	3.274023917120553051e+02
4.572000000000000000e+05	3.274023917120553051e+02
4.572000000000000000e+05	3.238649055523719653e+02
4.581000000000000000e+05	3.238649055523719653e+02
4.581000000000000000e+05	3.209626374457898237e+02
4.590000000000000000e+05	3.209626374457898237e+02
4.590000000000000000e+05	3.209514577067476466e+02
4.599000000000000000e+05	3.209514577067476466e+02
4.599000000000000000e+05	3.208502821601076107e+02
4.608000000000000000e+05	3.208502821601076107e+02
4.608000000000000000e+05	3.208429229822241382e+02
4.617000000000000000e+05	3.208429229822241382e+02
4.617000000000000000e+05	3.207417881361058107e+02
4.626000000000000000e+05	3.207417881361058107e+02
4.626000000000000000e+05	3.206406912155547957e+02
4.635000000000000000e+05	3.206406912155547957e+02
4.635000000000000000e+05	3.205396322063489265e+02
4.644000000000000000e+05	3.205396322063489265e+02
4.644000000000000000e+05	3.203932315623668501e+02
4.653000000000000000e+05	3.203932315623668501e+02
4.653000000000000000e+05	3.202922653505309540e+02
4.662000000000000000e+05	3.202922653505309540e+02
4.662000000000000000e+05	3.202813370010244967e+02
4.671000000000000000e+05	3.202813370010244967e+02
4.671000000000000000e+05	3.201804127496491219e+02
4.680000000000000000e+05	3.201804127496491219e+02
4.680000000000000000e+05	3.201224019270633221e+02
4.689000000000000000e+05	3.201224019270633221e+02
4.689000000000000000e+05	3.201115372763406981e+02
4.698000000000000000e+05	3.201115372763406981e+02
4.698000000000000000e+05	3.201006766998620492e+02
4.707000000000000000e+05	3.201006766998620492e+02
4.707000000000000000e+05	3.200698201980996487e+02
4.716000000000000000e+05	3.200698201980996487e+02
4.716000000000000000e+05	3.200103010894172826e+02
4.725000000000000000e+05	3.200103010894172826e+02
4.725000000000000000e+05	3.207523120299896391e+02
4.734000000000000000e+05	3.207523120299896391e+02
4.734000000000000000e+05	3.236259480050836714e+02
4.743000000000000000e+05	3.236259480050836714e+02
4.743000000000000000e+05	3.235237695245817235e+02
4.752000000000000000e+05	3.235237695245817235e+02
4.752000000000000000e+05	3.198424303850697470e+02
4.761000000000000000e+05	3.198424303850697470e+02
4.761000000000000000e+05	3.221499999999999773e+02
4.770000000000000000e+05	3.221499999999999773e+02
4.770000000000000000e+05	3.221383749999999964e+02
4.779000000000000000e+05	3.221383749999999964e+02
4.779000000000000000e+05	3.221978069909539499e+02
4.788000000000000000e+05	3.221978069909539499e+02
4.788000000000000000e+05	3.210689038563747886e+02
4.797000000000000000e+05	3.210689038563747886e+02
4.797000000000000000e+05	3.210576842674286695e+02
4.806000000000000000e+05	3.210576842674286695e+02
4.806000000000000000e+05	3.211175215174073401e+02
4.815000000000000000e+05	3.211175215174073401e+02
4.815000000000000000e+05	3.211062836968383181e+02
4.824000000000000000e+05	3.211062836968383181e+02
4.824000000000000000e+05	3.209618675646779593e+02
4.833000000000000000e+05	3.209618675646779593e+02
4.833000000000000000e+05	3.209506881143412329e+02
4.842000000000000000e+05	3.209506881143412329e+02
4.842000000000000000e+05	3.209395128562983359e+02
4.851000000000000000e+05	3.209395128562983359e+02
4.851000000000000000e+05	3.208383417889772318e+02
4.860000000000000000e+05	3.208383417889772318e+02
4.860000000000000000e+05	3.207799093422698888e+02
4.869000000000000000e+05	3.207799093422698888e+02
4.869000000000000000e+05	3.207687981262665176e+02
4.878000000000000000e+05	3.207687981262665176e+02
4.878000000000000000e+05	3.236424279190744642e+02
4.887000000000000000e+05	3.236424279190744642e+02
4.887000000000000000e+05	3.235402432586047894e+02
4.896000000000000000e+05	3.235402432586047894e+02
4.896000000000000000e+05	3.202275665734619565e+02
4.905000000000000000e+05	3.202275665734619565e+02
4.905000000000000000e+05	3.202166624859968920e+02
4.914000000000000000e+05	3.202166624859968920e+02
4.914000000000000000e+05	3.230904993296699104e+02
4.923000000000000000e+05	3.230904993296699104e+02
4.923000000000000000e+05	3.229885216424212899e+02
4.932000000000000000e+05	3.229885216424212899e+02
4.932000000000000000e+05	3.197497003680006173e+02
4.941000000000000000e+05	3.197497003680006173e+02
4.941000000000000000e+05	3.197389754803625692e+02
4.950000000000000000e+05	3.197389754803625692e+02
4.950000000000000000e+05	3.197282546145574429e+02
4.959000000000000000e+05	3.197282546145574429e+02
4.959000000000000000e+05	3.197175377690770119e+02
4.968000000000000000e+05	3.197175377690770119e+02
4.968000000000000000e+05	3.194931753392646669e+02
4.977000000000000000e+05	3.194931753392646669e+02
4.977000000000000000e+05	3.193925466485124502e+02
4.986000000000000000e+05	3.193925466485124502e+02
4.986000000000000000e+05	3.223532659606701714e+02
4.995000000000000000e+05	3.223532659606701714e+02
4.995000000000000000e+05	3.223215647379349207e+02
5.004000000000000000e+05	3.223215647379349207e+02
5.004000000000000000e+05	3.190829365802661641e+02
5.013000000000000000e+05	3.190829365802661641e+02
5.013000000000000000e+05	3.189824617290485662e+02
5.022000000000000000e+05	3.189824617290485662e+02
5.022000000000000000e+05	3.189720245559001910e+02
5.031000000000000000e+05	3.189720245559001910e+02
5.031000000000000000e+05	3.189615912966917222e+02
5.040000000000000000e+05	3.189615912966917222e+02
5.040000000000000000e+05	3.186642465229680283e+02
5.049000000000000000e+05	3.186642465229680283e+02
5.049000000000000000e+05	3.186539286805218580e+02
5.058000000000000000e+05	3.186539286805218580e+02
5.058000000000000000e+05	3.221499999999998636e+02
5.067000000000000000e+05	3.221499999999998636e+02
5.067000000000000000e+05	3.197383748349998882e+02
5.076000000000000000e+05	3.197383748349998882e+02
5.076000000000000000e+05	3.182027062975805052e+02
5.085000000000000000e+05	3.182027062975805052e+02
5.085000000000000000e+05	3.181925615327189689e+02
5.094000000000000000e+05	3.181925615327189689e+02
5.094000000000000000e+05	3.180924205721441922e+02
5.103000000000000000e+05	3.180924205721441922e+02
5.103000000000000000e+05	3.161223171504296374e+02
5.112000000000000000e+05	3.161223171504296374e+02
5.112000000000000000e+05	3.162026504511374583e+02
5.121000000000000000e+05	3.162026504511374583e+02
5.121000000000000000e+05	3.161932557072183840e+02
5.130000000000000000e+05	3.161932557072183840e+02
5.130000000000000000e+05	3.190686013284334308e+02
5.139000000000000000e+05	3.190686013284334308e+02
5.139000000000000000e+05	3.222289495730722706e+02
5.148000000000000000e+05	3.222289495730722706e+02
5.148000000000000000e+05	3.194105898784064266e+02
5.157000000000000000e+05	3.194105898784064266e+02
5.157000000000000000e+05	3.193999921572020639e+02
5.166000000000000000e+05	3.193999921572020639e+02
5.166000000000000000e+05	3.193893984101430874e+02
5.175000000000000000e+05	3.193893984101430874e+02
5.175000000000000000e+05	3.193788086357392899e+02
5.184000000000000000e+05	3.193788086357392899e+02
5.184000000000000000e+05	3.193232501824991232e+02
5.193000000000000000e+05	3.193232501824991232e+02
5.193000000000000000e+05	3.193126852136807088e+02
5.202000000000000000e+05	3.193126852136807088e+02
5.202000000000000000e+05	3.193021242067255798e+02
5.211000000000000000e+05	3.193021242067255798e+02
5.211000000000000000e+05	3.192915671601480767e+02
5.220000000000000000e+05	3.192915671601480767e+02
5.220000000000000000e+05	3.192361839472590646e+02
5.229000000000000000e+05	3.192361839472590646e+02
5.229000000000000000e+05	3.192256516282788539e+02
5.238000000000000000e+05	3.192256516282788539e+02
5.238000000000000000e+05	3.220998601010235234e+02
5.247000000000000000e+05	3.220998601010235234e+02
5.247000000000000000e+05	3.220882539034856222e+02
5.256000000000000000e+05	3.220882539034856222e+02
5.256000000000000000e+05	3.197124853447508031e+02
5.265000000000000000e+05	3.197124853447508031e+02
5.265000000000000000e+05	3.197017744127464880e+02
5.274000000000000000e+05	3.197017744127464880e+02
5.274000000000000000e+05	3.196910674973416917e+02
5.283000000000000000e+05	3.196910674973416917e+02
5.283000000000000000e+05	3.196803645970302341e+02
5.292000000000000000e+05	3.196803645970302341e+02
5.292000000000000000e+05	3.198919988406725565e+02
5.301000000000000000e+05	3.198919988406725565e+02
5.301000000000000000e+05	3.198812205911072510e+02
5.310000000000000000e+05	3.198812205911072510e+02
5.310000000000000000e+05	3.198704463833855698e+02
5.319000000000000000e+05	3.198704463833855698e+02
5.319000000000000000e+05	3.205168696547675040e+02
5.328000000000000000e+05	3.205168696547675040e+02
5.328000000000000000e+05	3.208873312552410653e+02
5.337000000000000000e+05	3.208873312552410653e+02
5.337000000000000000e+05	3.208761797560203490e+02
5.346000000000000000e+05	3.208761797560203490e+02
5.346000000000000000e+05	3.208650324386118768e+02
5.355000000000000000e+05	3.208650324386118768e+02
5.355000000000000000e+05	3.208538893014473956e+02
5.364000000000000000e+05	3.208538893014473956e+02
5.364000000000000000e+05	3.207950821818474765e+02
5.373000000000000000e+05	3.207950821818474765e+02
5.373000000000000000e+05	3.207839652760292779e+02
5.382000000000000000e+05	3.207839652760292779e+02
5.382000000000000000e+05	3.207728525390508025e+02
5.391000000000000000e+05	3.207728525390508025e+02
5.391000000000000000e+05	3.207617439693486290e+02
5.400000000000000000e+05	3.207617439693486290e+02
5.400000000000000000e+05	3.207031272007785674e+02
5.409000000000000000e+05	3.207031272007785674e+02
5.409000000000000000e+05	3.206920447780782979e+02
5.418000000000000000e+05	3.206920447780782979e+02
5.418000000000000000e+05	3.206809665112864991e+02
5.427000000000000000e+05	3.206809665112864991e+02
5.427000000000000000e+05	3.261558839990540264e+02
5.436000000000000000e+05	3.261558839990540264e+02
5.436000000000000000e+05	3.205911405417676860e+02
5.445000000000000000e+05	3.205911405417676860e+02
5.445000000000000000e+05	3.176901000970645441e+02
5.454000000000000000e+05	3.176901000970645441e+02
5.454000000000000000e+05	3.176801475595281659e+02
5.463000000000000000e+05	3.176801475595281659e+02
5.463000000000000000e+05	3.175801987541933045e+02
5.472000000000000000e+05	3.175801987541933045e+02
5.472000000000000000e+05	3.175799354190438635e+02
5.481000000000000000e+05	3.175799354190438635e+02
5.481000000000000000e+05	3.174800241932616700e+02
5.490000000000000000e+05	3.174800241932616700e+02
5.490000000000000000e+05	3.173801504341891473e+02
5.499000000000000000e+05	3.173801504341891473e+02
5.499000000000000000e+05	3.172803141277763643e+02
5.508000000000000000e+05	3.172803141277763643e+02
5.508000000000000000e+05	3.171408888662998606e+02
5.517000000000000000e+05	3.171408888662998606e+02
5.517000000000000000e+05	3.170411422829749881e+02
5.526000000000000000e+05	3.170411422829749881e+02
5.526000000000000000e+05	3.225922362683962774e+02
5.535000000000000000e+05	3.225922362683962774e+02
5.535000000000000000e+05	3.224904454297956136e+02
5.544000000000000000e+05	3.224904454297956136e+02
5.544000000000000000e+05	3.175329035705606202e+02
5.553000000000000000e+05	3.175329035705606202e+02
5.553000000000000000e+05	3.175230099817216569e+02
5.562000000000000000e+05	3.175230099817216569e+02
5.562000000000000000e+05	3.175131201029785188e+02
5.571000000000000000e+05	3.175131201029785188e+02
5.571000000000000000e+05	3.174832339349399035e+02
5.580000000000000000e+05	3.174832339349399035e+02
5.580000000000000000e+05	3.174301029314104881e+02
5.589000000000000000e+05	3.174301029314104881e+02
5.589000000000000000e+05	3.224000105024709910e+02
5.598000000000000000e+05	3.224000105024709910e+02
5.598000000000000000e+05	3.223882917485325379e+02
5.607000000000000000e+05	3.223882917485325379e+02
5.607000000000000000e+05	3.222865773891268759e+02
5.616000000000000000e+05	3.222865773891268759e+02
5.616000000000000000e+05	3.172317191720518395e+02
5.625000000000000000e+05	3.172317191720518395e+02
5.625000000000000000e+05	3.172219385273623971e+02
5.634000000000000000e+05	3.172219385273623971e+02
5.634000000000000000e+05	3.172121615504146348e+02
5.643000000000000000e+05	3.172121615504146348e+02
5.643000000000000000e+05	3.233543277779971845e+02
5.652000000000000000e+05	3.233543277779971845e+02
5.652000000000000000e+05	3.166428106960403852e+02
5.661000000000000000e+05	3.166428106960403852e+02
5.661000000000000000e+05	3.166332508920293662e+02
5.670000000000000000e+05	3.166332508920293662e+02
5.670000000000000000e+05	3.166236946729448505e+02
5.679000000000000000e+05	3.166236946729448505e+02
5.679000000000000000e+05	3.166141420374425479e+02
5.688000000000000000e+05	3.166141420374425479e+02
5.688000000000000000e+05	3.165647329491648634e+02
5.697000000000000000e+05	3.165647329491648634e+02
5.697000000000000000e+05	3.165552024243089591e+02
5.706000000000000000e+05	3.165552024243089591e+02
5.706000000000000000e+05	3.165456754733998537e+02
5.715000000000000000e+05	3.165456754733998537e+02
5.715000000000000000e+05	3.164461520950973181e+02
5.724000000000000000e+05	3.164461520950973181e+02
5.724000000000000000e+05	3.163957268131243836e+02
5.733000000000000000e+05	3.163957268131243836e+02
5.733000000000000000e+05	3.163862596655694688e+02
5.742000000000000000e+05	3.163862596655694688e+02
5.742000000000000000e+05	3.163767960681948921e+02
5.751000000000000000e+05	3.163767960681948921e+02
5.751000000000000000e+05	3.162773360196692920e+02
5.760000000000000000e+05	3.162773360196692920e+02
5.760000000000000000e+05	3.162271950796028932e+02
5.769000000000000000e+05	3.162271950796028932e+02
5.769000000000000000e+05	3.191025279735533218e+02
5.778000000000000000e+05	3.191025279735533218e+02
5.778000000000000000e+05	3.190920457755632356e+02
5.787000000000000000e+05	3.190920457755632356e+02
5.787000000000000000e+05	3.189915675083973952e+02
5.796000000000000000e+05	3.189915675083973952e+02
5.796000000000000000e+05	3.158351697843436341e+02
5.805000000000000000e+05	3.158351697843436341e+02
5.805000000000000000e+05	3.158259128456745088e+02
5.814000000000000000e+05	3.158259128456745088e+02
5.814000000000000000e+05	3.158166593783573717e+02
5.823000000000000000e+05	3.158166593783573717e+02
5.823000000000000000e+05	3.158074093810905083e+02
5.832000000000000000e+05	3.158074093810905083e+02
5.832000000000000000e+05	3.157589938990216183e+02
5.841000000000000000e+05	3.157589938990216183e+02
5.841000000000000000e+05	3.182790023684147513e+02
5.850000000000000000e+05	3.182790023684147513e+02
5.850000000000000000e+05	3.182488289945266047e+02
5.859000000000000000e+05	3.182488289945266047e+02
5.859000000000000000e+05	3.182186669356536868e+02
5.868000000000000000e+05	3.182186669356536868e+02
5.868000000000000000e+05	3.154772959301870401e+02
5.877000000000000000e+05	3.154772959301870401e+02
5.877000000000000000e+05	3.153781731942132183e+02
5.886000000000000000e+05	3.153781731942132183e+02
5.886000000000000000e+05	3.153690876292653797e+02
5.895000000000000000e+05	3.153690876292653797e+02
5.895000000000000000e+05	3.153600054714044632e+02
5.904000000000000000e+05	3.153600054714044632e+02
5.904000000000000000e+05	3.166449179086738468e+02
5.913000000000000000e+05	3.166449179086738468e+02
5.913000000000000000e+05	3.166353573144580764e+02
5.922000000000000000e+05	3.166353573144580764e+02
5.922000000000000000e+05	3.166258003054651340e+02
5.931000000000000000e+05	3.166258003054651340e+02
5.931000000000000000e+05	3.159762468363506400e+02
5.940000000000000000e+05	3.159762468363506400e+02
5.940000000000000000e+05	3.159702042343554922e+02
5.949000000000000000e+05	3.159702042343554922e+02
5.949000000000000000e+05	3.159608966577675346e+02
5.958000000000000000e+05	3.159608966577675346e+02
5.958000000000000000e+05	3.158615925715208164e+02
5.967000000000000000e+05	3.158615925715208164e+02
5.967000000000000000e+05	3.138923257103065225e+02
5.976000000000000000e+05	3.138923257103065225e+02
5.976000000000000000e+05	3.138694236186330500e+02
5.985000000000000000e+05	3.138694236186330500e+02
5.985000000000000000e+05	3.138609038347760247e+02
5.994000000000000000e+05	3.138609038347760247e+02
5.994000000000000000e+05	3.138523872458379742e+02
6.003000000000000000e+05	3.138523872458379742e+02
6.003000000000000000e+05	3.138438738506207528e+02
6.012000000000000000e+05	3.138438738506207528e+02
6.012000000000000000e+05	3.138000137638747447e+02
6.021000000000000000e+05	3.138000137638747447e+02
6.021000000000000000e+05	3.137915200087132916e+02
6.030000000000000000e+05	3.137915200087132916e+02
6.030000000000000000e+05	3.137830294387100025e+02
6.039000000000000000e+05	3.137830294387100025e+02
6.039000000000000000e+05	3.137745420526704265e+02
6.048000000000000000e+05	3.137745420526704265e+02
