# #1
# double T_supply_HP_heat(1344, 2)
0.000000000000000000e+00	3.281499999999999773e+02
9.000000000000000000e+02	3.281499999999999773e+02
9.000000000000000000e+02	3.047875033493480714e+02
1.800000000000000000e+03	3.047875033493480714e+02
1.800000000000000000e+03	3.078439571375320156e+02
2.700000000000000000e+03	3.078439571375320156e+02
2.700000000000000000e+03	3.281499999999999773e+02
3.600000000000000000e+03	3.281499999999999773e+02
3.600000000000000000e+03	2.981500000000001478e+02
4.500000000000000000e+03	2.981500000000001478e+02
4.500000000000000000e+03	3.088438582931386236e+02
5.400000000000000000e+03	3.088438582931386236e+02
5.400000000000000000e+03	2.981499999999999773e+02
6.300000000000000000e+03	2.981499999999999773e+02
6.300000000000000000e+03	2.981499999999999773e+02
7.200000000000000000e+03	2.981499999999999773e+02
7.200000000000000000e+03	2.981499999999998636e+02
8.100000000000000000e+03	2.981499999999998636e+02
8.100000000000000000e+03	2.999097655390847308e+02
9.000000000000000000e+03	2.999097655390847308e+02
9.000000000000000000e+03	2.981499999999999773e+02
9.900000000000000000e+03	2.981499999999999773e+02
9.900000000000000000e+03	3.020991895802669660e+02
1.080000000000000000e+04	3.020991895802669660e+02
1.080000000000000000e+04	3.002721117038097987e+02
1.170000000000000000e+04	3.002721117038097987e+02
1.170000000000000000e+04	3.045111973950291144e+02
1.260000000000000000e+04	3.045111973950291144e+02
1.260000000000000000e+04	3.281499999999999773e+02
1.350000000000000000e+04	3.281499999999999773e+02
1.350000000000000000e+04	2.981499999999999773e+02
1.440000000000000000e+04	2.981499999999999773e+02
1.440000000000000000e+04	3.011231148630010921e+02
1.530000000000000000e+04	3.011231148630010921e+02
1.530000000000000000e+04	3.052001102482711303e+02
1.620000000000000000e+04	3.052001102482711303e+02
1.620000000000000000e+04	3.281499999999999773e+02
1.710000000000000000e+04	3.281499999999999773e+02
1.710000000000000000e+04	2.981499999999999773e+02
1.800000000000000000e+04	2.981499999999999773e+02
1.800000000000000000e+04	3.281499999999999773e+02
1.890000000000000000e+04	3.281499999999999773e+02
1.890000000000000000e+04	3.281499999999999773e+02
1.980000000000000000e+04	3.281499999999999773e+02
1.980000000000000000e+04	3.281499999999999773e+02
2.070000000000000000e+04	3.281499999999999773e+02
2.070000000000000000e+04	3.281499999999999773e+02
2.160000000000000000e+04	3.281499999999999773e+02
2.160000000000000000e+04	3.061295828907390728e+02
2.250000000000000000e+04	3.061295828907390728e+02
2.250000000000000000e+04	2.981499999999999773e+02
2.340000000000000000e+04	2.981499999999999773e+02
2.340000000000000000e+04	2.981499999999999773e+02
2.430000000000000000e+04	2.981499999999999773e+02
2.430000000000000000e+04	2.981499999999999773e+02
2.520000000000000000e+04	2.981499999999999773e+02
2.520000000000000000e+04	3.014893983500379591e+02
2.610000000000000000e+04	3.014893983500379591e+02
2.610000000000000000e+04	3.073781344938772691e+02
2.700000000000000000e+04	3.073781344938772691e+02
2.700000000000000000e+04	3.161132672127034198e+02
2.790000000000000000e+04	3.161132672127034198e+02
2.790000000000000000e+04	3.161132672127034198e+02
2.880000000000000000e+04	3.161132672127034198e+02
2.880000000000000000e+04	3.108453205993483266e+02
2.970000000000000000e+04	3.108453205993483266e+02
2.970000000000000000e+04	3.135508363603560156e+02
3.060000000000000000e+04	3.135508363603560156e+02
3.060000000000000000e+04	3.137831819564898979e+02
3.150000000000000000e+04	3.137831819564898979e+02
3.150000000000000000e+04	3.144560112619928418e+02
3.240000000000000000e+04	3.144560112619928418e+02
3.240000000000000000e+04	3.281499999999999773e+02
3.330000000000000000e+04	3.281499999999999773e+02
3.330000000000000000e+04	3.208316244252293927e+02
3.420000000000000000e+04	3.208316244252293927e+02
3.420000000000000000e+04	3.208930464476488851e+02
3.510000000000000000e+04	3.208930464476488851e+02
3.510000000000000000e+04	3.208644454368070456e+02
3.600000000000000000e+04	3.208644454368070456e+02
3.600000000000000000e+04	3.052375504323294990e+02
3.690000000000000000e+04	3.052375504323294990e+02
3.690000000000000000e+04	3.100821213500546492e+02
3.780000000000000000e+04	3.100821213500546492e+02
3.780000000000000000e+04	3.093049955481836832e+02
3.870000000000000000e+04	3.093049955481836832e+02
3.870000000000000000e+04	3.078801156011561488e+02
3.960000000000000000e+04	3.078801156011561488e+02
3.960000000000000000e+04	3.281499999999999773e+02
4.050000000000000000e+04	3.281499999999999773e+02
4.050000000000000000e+04	3.281499999999999773e+02
4.140000000000000000e+04	3.281499999999999773e+02
4.140000000000000000e+04	3.281499999999999773e+02
4.230000000000000000e+04	3.281499999999999773e+02
4.230000000000000000e+04	3.032982927752675550e+02
4.320000000000000000e+04	3.032982927752675550e+02
4.320000000000000000e+04	3.059090794121732984e+02
4.410000000000000000e+04	3.059090794121732984e+02
4.410000000000000000e+04	3.281499999999999773e+02
4.500000000000000000e+04	3.281499999999999773e+02
4.500000000000000000e+04	3.215453387298528583e+02
4.590000000000000000e+04	3.215453387298528583e+02
4.590000000000000000e+04	3.216064931094081203e+02
4.680000000000000000e+04	3.216064931094081203e+02
4.680000000000000000e+04	3.005757009456143578e+02
4.770000000000000000e+04	3.005757009456143578e+02
4.770000000000000000e+04	3.035053242691593027e+02
4.860000000000000000e+04	3.035053242691593027e+02
4.860000000000000000e+04	2.981499999999999773e+02
4.950000000000000000e+04	2.981499999999999773e+02
4.950000000000000000e+04	2.981499999999999773e+02
5.040000000000000000e+04	2.981499999999999773e+02
5.040000000000000000e+04	3.281499999999999773e+02
5.130000000000000000e+04	3.281499999999999773e+02
5.130000000000000000e+04	3.281499999999999773e+02
5.220000000000000000e+04	3.281499999999999773e+02
5.220000000000000000e+04	3.017637889743567143e+02
5.310000000000000000e+04	3.017637889743567143e+02
5.310000000000000000e+04	3.281499999999999773e+02
5.400000000000000000e+04	3.281499999999999773e+02
5.400000000000000000e+04	3.281499999999999773e+02
5.490000000000000000e+04	3.281499999999999773e+02
5.490000000000000000e+04	3.281499999999999773e+02
5.580000000000000000e+04	3.281499999999999773e+02
5.580000000000000000e+04	2.981499999999999773e+02
5.670000000000000000e+04	2.981499999999999773e+02
5.670000000000000000e+04	2.981499999999999773e+02
5.760000000000000000e+04	2.981499999999999773e+02
5.760000000000000000e+04	3.281499999999999773e+02
5.850000000000000000e+04	3.281499999999999773e+02
5.850000000000000000e+04	2.981499999999999773e+02
5.940000000000000000e+04	2.981499999999999773e+02
5.940000000000000000e+04	3.281499999999999773e+02
6.030000000000000000e+04	3.281499999999999773e+02
6.030000000000000000e+04	2.981499999999999773e+02
6.120000000000000000e+04	2.981499999999999773e+02
6.120000000000000000e+04	3.281499999999999773e+02
6.210000000000000000e+04	3.281499999999999773e+02
6.210000000000000000e+04	3.281499999999999773e+02
6.300000000000000000e+04	3.281499999999999773e+02
6.300000000000000000e+04	3.093049955481836832e+02
6.390000000000000000e+04	3.093049955481836832e+02
6.390000000000000000e+04	2.981499999999999773e+02
6.480000000000000000e+04	2.981499999999999773e+02
6.480000000000000000e+04	3.002568577319996734e+02
6.570000000000000000e+04	3.002568577319996734e+02
6.570000000000000000e+04	3.065314852474602390e+02
6.660000000000000000e+04	3.065314852474602390e+02
6.660000000000000000e+04	3.281499999999999773e+02
6.750000000000000000e+04	3.281499999999999773e+02
6.750000000000000000e+04	3.034620637766485061e+02
6.840000000000000000e+04	3.034620637766485061e+02
6.840000000000000000e+04	3.281499999999999773e+02
6.930000000000000000e+04	3.281499999999999773e+02
6.930000000000000000e+04	3.281499999999999773e+02
7.020000000000000000e+04	3.281499999999999773e+02
7.020000000000000000e+04	2.981499999999999773e+02
7.110000000000000000e+04	2.981499999999999773e+02
7.110000000000000000e+04	3.027766870035155193e+02
7.200000000000000000e+04	3.027766870035155193e+02
7.200000000000000000e+04	2.981499999999999773e+02
7.290000000000000000e+04	2.981499999999999773e+02
7.290000000000000000e+04	2.981499999999999773e+02
7.380000000000000000e+04	2.981499999999999773e+02
7.380000000000000000e+04	2.981499999999999773e+02
7.470000000000000000e+04	2.981499999999999773e+02
7.470000000000000000e+04	2.981499999999999773e+02
7.560000000000000000e+04	2.981499999999999773e+02
7.560000000000000000e+04	2.981499999999999773e+02
7.650000000000000000e+04	2.981499999999999773e+02
7.650000000000000000e+04	3.281499999999999773e+02
7.740000000000000000e+04	3.281499999999999773e+02
7.740000000000000000e+04	3.281499999999999773e+02
7.830000000000000000e+04	3.281499999999999773e+02
7.830000000000000000e+04	3.281499999999999773e+02
7.920000000000000000e+04	3.281499999999999773e+02
7.920000000000000000e+04	3.281499999999999773e+02
8.010000000000000000e+04	3.281499999999999773e+02
8.010000000000000000e+04	3.281499999999999773e+02
8.100000000000000000e+04	3.281499999999999773e+02
8.100000000000000000e+04	3.281499999999999773e+02
8.190000000000000000e+04	3.281499999999999773e+02
8.190000000000000000e+04	3.281499999999999773e+02
8.280000000000000000e+04	3.281499999999999773e+02
8.280000000000000000e+04	3.093049955481836832e+02
8.370000000000000000e+04	3.093049955481836832e+02
8.370000000000000000e+04	3.281499999999999773e+02
8.460000000000000000e+04	3.281499999999999773e+02
8.460000000000000000e+04	3.281499999999999773e+02
8.550000000000000000e+04	3.281499999999999773e+02
8.550000000000000000e+04	3.281499999999999773e+02
8.640000000000000000e+04	3.281499999999999773e+02
8.640000000000000000e+04	3.093049955481836832e+02
8.730000000000000000e+04	3.093049955481836832e+02
8.730000000000000000e+04	3.093049955481836832e+02
8.820000000000000000e+04	3.093049955481836832e+02
8.820000000000000000e+04	3.281499999999999773e+02
8.910000000000000000e+04	3.281499999999999773e+02
8.910000000000000000e+04	3.281499999999999773e+02
9.000000000000000000e+04	3.281499999999999773e+02
9.000000000000000000e+04	2.981499999999999773e+02
9.090000000000000000e+04	2.981499999999999773e+02
9.090000000000000000e+04	2.981499999999999773e+02
9.180000000000000000e+04	2.981499999999999773e+02
9.180000000000000000e+04	2.981499999999999773e+02
9.270000000000000000e+04	2.981499999999999773e+02
9.270000000000000000e+04	3.281499999999999773e+02
9.360000000000000000e+04	3.281499999999999773e+02
9.360000000000000000e+04	3.281499999999999773e+02
9.450000000000000000e+04	3.281499999999999773e+02
9.450000000000000000e+04	3.281499999999999773e+02
9.540000000000000000e+04	3.281499999999999773e+02
9.540000000000000000e+04	2.981499999999999773e+02
9.630000000000000000e+04	2.981499999999999773e+02
9.630000000000000000e+04	3.281499999999999773e+02
9.720000000000000000e+04	3.281499999999999773e+02
9.720000000000000000e+04	3.281499999999999773e+02
9.810000000000000000e+04	3.281499999999999773e+02
9.810000000000000000e+04	2.981499999999999773e+02
9.900000000000000000e+04	2.981499999999999773e+02
9.900000000000000000e+04	3.281499999999999773e+02
9.990000000000000000e+04	3.281499999999999773e+02
9.990000000000000000e+04	3.281499999999999773e+02
1.008000000000000000e+05	3.281499999999999773e+02
1.008000000000000000e+05	3.093049955481836832e+02
1.017000000000000000e+05	3.093049955481836832e+02
1.017000000000000000e+05	2.999820207252277555e+02
1.026000000000000000e+05	2.999820207252277555e+02
1.026000000000000000e+05	3.051693304095232406e+02
1.035000000000000000e+05	3.051693304095232406e+02
1.035000000000000000e+05	2.981499999999999773e+02
1.044000000000000000e+05	2.981499999999999773e+02
1.044000000000000000e+05	3.207373298428507837e+02
1.053000000000000000e+05	3.207373298428507837e+02
1.053000000000000000e+05	3.281499999999999773e+02
1.062000000000000000e+05	3.281499999999999773e+02
1.062000000000000000e+05	3.281499999999999773e+02
1.071000000000000000e+05	3.281499999999999773e+02
1.071000000000000000e+05	3.281499999999999773e+02
1.080000000000000000e+05	3.281499999999999773e+02
1.080000000000000000e+05	3.238161428111303053e+02
1.089000000000000000e+05	3.238161428111303053e+02
1.089000000000000000e+05	3.093049955481836832e+02
1.098000000000000000e+05	3.093049955481836832e+02
1.098000000000000000e+05	2.981499999999999773e+02
1.107000000000000000e+05	2.981499999999999773e+02
1.107000000000000000e+05	3.022388177275285557e+02
1.116000000000000000e+05	3.022388177275285557e+02
1.116000000000000000e+05	3.022242548822821391e+02
1.125000000000000000e+05	3.022242548822821391e+02
1.125000000000000000e+05	3.093049955481836832e+02
1.134000000000000000e+05	3.093049955481836832e+02
1.134000000000000000e+05	3.115757224665863419e+02
1.143000000000000000e+05	3.115757224665863419e+02
1.143000000000000000e+05	3.140999485606650978e+02
1.152000000000000000e+05	3.140999485606650978e+02
1.152000000000000000e+05	3.161132672127038745e+02
1.161000000000000000e+05	3.161132672127038745e+02
1.161000000000000000e+05	3.161132672127034198e+02
1.170000000000000000e+05	3.161132672127034198e+02
1.170000000000000000e+05	3.161132672127034198e+02
1.179000000000000000e+05	3.161132672127034198e+02
1.179000000000000000e+05	3.161132672127034198e+02
1.188000000000000000e+05	3.161132672127034198e+02
1.188000000000000000e+05	3.093049955481836832e+02
1.197000000000000000e+05	3.093049955481836832e+02
1.197000000000000000e+05	3.093021676131396021e+02
1.206000000000000000e+05	3.093021676131396021e+02
1.206000000000000000e+05	3.093049955481836832e+02
1.215000000000000000e+05	3.093049955481836832e+02
1.215000000000000000e+05	3.089792704765592362e+02
1.224000000000000000e+05	3.089792704765592362e+02
1.224000000000000000e+05	3.213651624837019085e+02
1.233000000000000000e+05	3.213651624837019085e+02
1.233000000000000000e+05	3.093049955481836832e+02
1.242000000000000000e+05	3.093049955481836832e+02
1.242000000000000000e+05	3.093049955481836832e+02
1.251000000000000000e+05	3.093049955481836832e+02
1.251000000000000000e+05	3.093049955481836832e+02
1.260000000000000000e+05	3.093049955481836832e+02
1.260000000000000000e+05	3.093049955481836832e+02
1.269000000000000000e+05	3.093049955481836832e+02
1.269000000000000000e+05	3.068057396071116614e+02
1.278000000000000000e+05	3.068057396071116614e+02
1.278000000000000000e+05	3.067379171004134264e+02
1.287000000000000000e+05	3.067379171004134264e+02
1.287000000000000000e+05	3.281499999999999773e+02
1.296000000000000000e+05	3.281499999999999773e+02
1.296000000000000000e+05	3.281499999999999773e+02
1.305000000000000000e+05	3.281499999999999773e+02
1.305000000000000000e+05	3.093049955481836832e+02
1.314000000000000000e+05	3.093049955481836832e+02
1.314000000000000000e+05	3.281499999999999773e+02
1.323000000000000000e+05	3.281499999999999773e+02
1.323000000000000000e+05	3.093049955481836832e+02
1.332000000000000000e+05	3.093049955481836832e+02
1.332000000000000000e+05	3.281499999999999773e+02
1.341000000000000000e+05	3.281499999999999773e+02
1.341000000000000000e+05	3.281499999999999773e+02
1.350000000000000000e+05	3.281499999999999773e+02
1.350000000000000000e+05	3.013775479872782626e+02
1.359000000000000000e+05	3.013775479872782626e+02
1.359000000000000000e+05	3.281499999999999773e+02
1.368000000000000000e+05	3.281499999999999773e+02
1.368000000000000000e+05	3.281499999999999773e+02
1.377000000000000000e+05	3.281499999999999773e+02
1.377000000000000000e+05	3.000943493728253202e+02
1.386000000000000000e+05	3.000943493728253202e+02
1.386000000000000000e+05	3.042622883518898789e+02
1.395000000000000000e+05	3.042622883518898789e+02
1.395000000000000000e+05	3.281499999999999773e+02
1.404000000000000000e+05	3.281499999999999773e+02
1.404000000000000000e+05	3.019082611252934498e+02
1.413000000000000000e+05	3.019082611252934498e+02
1.413000000000000000e+05	3.281499999999999773e+02
1.422000000000000000e+05	3.281499999999999773e+02
1.422000000000000000e+05	2.981499999999999773e+02
1.431000000000000000e+05	2.981499999999999773e+02
1.431000000000000000e+05	3.281499999999999773e+02
1.440000000000000000e+05	3.281499999999999773e+02
1.440000000000000000e+05	2.981499999999999773e+02
1.449000000000000000e+05	2.981499999999999773e+02
1.449000000000000000e+05	3.281499999999999773e+02
1.458000000000000000e+05	3.281499999999999773e+02
1.458000000000000000e+05	2.981499999999999773e+02
1.467000000000000000e+05	2.981499999999999773e+02
1.467000000000000000e+05	2.981499999999999773e+02
1.476000000000000000e+05	2.981499999999999773e+02
1.476000000000000000e+05	3.214147747725674549e+02
1.485000000000000000e+05	3.214147747725674549e+02
1.485000000000000000e+05	3.281499999999999773e+02
1.494000000000000000e+05	3.281499999999999773e+02
1.494000000000000000e+05	3.281499999999999773e+02
1.503000000000000000e+05	3.281499999999999773e+02
1.503000000000000000e+05	2.995801627758831955e+02
1.512000000000000000e+05	2.995801627758831955e+02
1.512000000000000000e+05	3.281499999999999773e+02
1.521000000000000000e+05	3.281499999999999773e+02
1.521000000000000000e+05	3.091811513942592455e+02
1.530000000000000000e+05	3.091811513942592455e+02
1.530000000000000000e+05	2.981499999999999773e+02
1.539000000000000000e+05	2.981499999999999773e+02
1.539000000000000000e+05	2.981499999999999773e+02
1.548000000000000000e+05	2.981499999999999773e+02
1.548000000000000000e+05	3.014217976012267854e+02
1.557000000000000000e+05	3.014217976012267854e+02
1.557000000000000000e+05	2.981499999999999773e+02
1.566000000000000000e+05	2.981499999999999773e+02
1.566000000000000000e+05	3.281499999999999773e+02
1.575000000000000000e+05	3.281499999999999773e+02
1.575000000000000000e+05	2.981499999999999773e+02
1.584000000000000000e+05	2.981499999999999773e+02
1.584000000000000000e+05	3.008028888508414411e+02
1.593000000000000000e+05	3.008028888508414411e+02
1.593000000000000000e+05	3.281499999999999773e+02
1.602000000000000000e+05	3.281499999999999773e+02
1.602000000000000000e+05	3.281499999999999773e+02
1.611000000000000000e+05	3.281499999999999773e+02
1.611000000000000000e+05	3.188621892846971377e+02
1.620000000000000000e+05	3.188621892846971377e+02
1.620000000000000000e+05	3.221977027503269255e+02
1.629000000000000000e+05	3.221977027503269255e+02
1.629000000000000000e+05	3.239910434614735095e+02
1.638000000000000000e+05	3.239910434614735095e+02
1.638000000000000000e+05	3.281499999999999773e+02
1.647000000000000000e+05	3.281499999999999773e+02
1.647000000000000000e+05	3.281499999999999773e+02
1.656000000000000000e+05	3.281499999999999773e+02
1.656000000000000000e+05	3.281499999999999773e+02
1.665000000000000000e+05	3.281499999999999773e+02
1.665000000000000000e+05	3.281499999999999773e+02
1.674000000000000000e+05	3.281499999999999773e+02
1.674000000000000000e+05	3.281499999999999773e+02
1.683000000000000000e+05	3.281499999999999773e+02
1.683000000000000000e+05	3.281499999999999773e+02
1.692000000000000000e+05	3.281499999999999773e+02
1.692000000000000000e+05	3.281499999999999773e+02
1.701000000000000000e+05	3.281499999999999773e+02
1.701000000000000000e+05	3.281499999999999773e+02
1.710000000000000000e+05	3.281499999999999773e+02
1.710000000000000000e+05	3.281499999999999773e+02
1.719000000000000000e+05	3.281499999999999773e+02
1.719000000000000000e+05	3.281499999999999773e+02
1.728000000000000000e+05	3.281499999999999773e+02
1.728000000000000000e+05	2.981499999999999773e+02
1.737000000000000000e+05	2.981499999999999773e+02
1.737000000000000000e+05	3.281499999999999773e+02
1.746000000000000000e+05	3.281499999999999773e+02
1.746000000000000000e+05	3.281499999999999773e+02
1.755000000000000000e+05	3.281499999999999773e+02
1.755000000000000000e+05	3.281499999999999773e+02
1.764000000000000000e+05	3.281499999999999773e+02
1.764000000000000000e+05	2.981499999999999773e+02
1.773000000000000000e+05	2.981499999999999773e+02
1.773000000000000000e+05	3.281499999999999773e+02
1.782000000000000000e+05	3.281499999999999773e+02
1.782000000000000000e+05	3.281499999999999773e+02
1.791000000000000000e+05	3.281499999999999773e+02
1.791000000000000000e+05	3.281499999999999773e+02
1.800000000000000000e+05	3.281499999999999773e+02
1.800000000000000000e+05	3.281499999999999773e+02
1.809000000000000000e+05	3.281499999999999773e+02
1.809000000000000000e+05	3.281499999999999773e+02
1.818000000000000000e+05	3.281499999999999773e+02
1.818000000000000000e+05	3.281499999999999773e+02
1.827000000000000000e+05	3.281499999999999773e+02
1.827000000000000000e+05	3.281499999999999773e+02
1.836000000000000000e+05	3.281499999999999773e+02
1.836000000000000000e+05	3.093049955481836832e+02
1.845000000000000000e+05	3.093049955481836832e+02
1.845000000000000000e+05	3.281499999999999773e+02
1.854000000000000000e+05	3.281499999999999773e+02
1.854000000000000000e+05	3.281499999999999773e+02
1.863000000000000000e+05	3.281499999999999773e+02
1.863000000000000000e+05	3.281499999999999773e+02
1.872000000000000000e+05	3.281499999999999773e+02
1.872000000000000000e+05	3.281499999999999773e+02
1.881000000000000000e+05	3.281499999999999773e+02
1.881000000000000000e+05	2.981499999999999773e+02
1.890000000000000000e+05	2.981499999999999773e+02
1.890000000000000000e+05	3.281499999999999773e+02
1.899000000000000000e+05	3.281499999999999773e+02
1.899000000000000000e+05	3.281499999999999773e+02
1.908000000000000000e+05	3.281499999999999773e+02
1.908000000000000000e+05	2.988002594994665060e+02
1.917000000000000000e+05	2.988002594994665060e+02
1.917000000000000000e+05	3.281499999999999773e+02
1.926000000000000000e+05	3.281499999999999773e+02
1.926000000000000000e+05	3.093049955481836832e+02
1.935000000000000000e+05	3.093049955481836832e+02
1.935000000000000000e+05	3.093049955481836832e+02
1.944000000000000000e+05	3.093049955481836832e+02
1.944000000000000000e+05	3.281499999999999773e+02
1.953000000000000000e+05	3.281499999999999773e+02
1.953000000000000000e+05	3.251581542334987489e+02
1.962000000000000000e+05	3.251581542334987489e+02
1.962000000000000000e+05	3.281499999999999773e+02
1.971000000000000000e+05	3.281499999999999773e+02
1.971000000000000000e+05	2.981499999999999773e+02
1.980000000000000000e+05	2.981499999999999773e+02
1.980000000000000000e+05	3.030355106617542447e+02
1.989000000000000000e+05	3.030355106617542447e+02
1.989000000000000000e+05	3.161132672127034198e+02
1.998000000000000000e+05	3.161132672127034198e+02
1.998000000000000000e+05	3.161132672127034198e+02
2.007000000000000000e+05	3.161132672127034198e+02
2.007000000000000000e+05	3.161132672127034198e+02
2.016000000000000000e+05	3.161132672127034198e+02
2.016000000000000000e+05	3.115376886793781637e+02
2.025000000000000000e+05	3.115376886793781637e+02
2.025000000000000000e+05	3.140839964237817981e+02
2.034000000000000000e+05	3.140839964237817981e+02
2.034000000000000000e+05	3.132089722517873724e+02
2.043000000000000000e+05	3.132089722517873724e+02
2.043000000000000000e+05	3.093049955481836832e+02
2.052000000000000000e+05	3.093049955481836832e+02
2.052000000000000000e+05	3.118945897786323371e+02
2.061000000000000000e+05	3.118945897786323371e+02
2.061000000000000000e+05	3.093049955481837969e+02
2.070000000000000000e+05	3.093049955481837969e+02
2.070000000000000000e+05	3.083341995728889628e+02
2.079000000000000000e+05	3.083341995728889628e+02
2.079000000000000000e+05	3.080209713448599587e+02
2.088000000000000000e+05	3.080209713448599587e+02
2.088000000000000000e+05	3.093049955481836832e+02
2.097000000000000000e+05	3.093049955481836832e+02
2.097000000000000000e+05	3.043081118806422296e+02
2.106000000000000000e+05	3.043081118806422296e+02
2.106000000000000000e+05	3.052791157070880672e+02
2.115000000000000000e+05	3.052791157070880672e+02
2.115000000000000000e+05	3.054938512142724107e+02
2.124000000000000000e+05	3.054938512142724107e+02
2.124000000000000000e+05	3.053304393084179651e+02
2.133000000000000000e+05	3.053304393084179651e+02
2.133000000000000000e+05	3.070646279810547412e+02
2.142000000000000000e+05	3.070646279810547412e+02
2.142000000000000000e+05	3.281499999999999773e+02
2.151000000000000000e+05	3.281499999999999773e+02
2.151000000000000000e+05	3.281499999999999773e+02
2.160000000000000000e+05	3.281499999999999773e+02
2.160000000000000000e+05	3.093049955481836832e+02
2.169000000000000000e+05	3.093049955481836832e+02
2.169000000000000000e+05	3.281499999999999773e+02
2.178000000000000000e+05	3.281499999999999773e+02
2.178000000000000000e+05	3.013801625736435312e+02
2.187000000000000000e+05	3.013801625736435312e+02
2.187000000000000000e+05	3.032997923859357456e+02
2.196000000000000000e+05	3.032997923859357456e+02
2.196000000000000000e+05	3.281499999999999773e+02
2.205000000000000000e+05	3.281499999999999773e+02
2.205000000000000000e+05	2.981499999999999773e+02
2.214000000000000000e+05	2.981499999999999773e+02
2.214000000000000000e+05	3.011972485981917202e+02
2.223000000000000000e+05	3.011972485981917202e+02
2.223000000000000000e+05	2.981499999999999773e+02
2.232000000000000000e+05	2.981499999999999773e+02
2.232000000000000000e+05	3.021518458744930058e+02
2.241000000000000000e+05	3.021518458744930058e+02
2.241000000000000000e+05	3.281499999999999773e+02
2.250000000000000000e+05	3.281499999999999773e+02
2.250000000000000000e+05	2.981499999999999204e+02
2.259000000000000000e+05	2.981499999999999204e+02
2.259000000000000000e+05	3.005629727717150672e+02
2.268000000000000000e+05	3.005629727717150672e+02
2.268000000000000000e+05	3.020363618319336751e+02
2.277000000000000000e+05	3.020363618319336751e+02
2.277000000000000000e+05	3.093049955481836832e+02
2.286000000000000000e+05	3.093049955481836832e+02
2.286000000000000000e+05	2.981499999999999773e+02
2.295000000000000000e+05	2.981499999999999773e+02
2.295000000000000000e+05	2.981499999999999773e+02
2.304000000000000000e+05	2.981499999999999773e+02
2.304000000000000000e+05	3.281499999999999773e+02
2.313000000000000000e+05	3.281499999999999773e+02
2.313000000000000000e+05	2.981499999999999773e+02
2.322000000000000000e+05	2.981499999999999773e+02
2.322000000000000000e+05	3.281499999999999773e+02
2.331000000000000000e+05	3.281499999999999773e+02
2.331000000000000000e+05	3.004824854060204871e+02
2.340000000000000000e+05	3.004824854060204871e+02
2.340000000000000000e+05	3.209129018868814569e+02
2.349000000000000000e+05	3.209129018868814569e+02
2.349000000000000000e+05	3.018432771367934606e+02
2.358000000000000000e+05	3.018432771367934606e+02
2.358000000000000000e+05	3.281499999999999773e+02
2.367000000000000000e+05	3.281499999999999773e+02
2.367000000000000000e+05	3.209549288417213688e+02
2.376000000000000000e+05	3.209549288417213688e+02
2.376000000000000000e+05	3.024373219499984771e+02
2.385000000000000000e+05	3.024373219499984771e+02
2.385000000000000000e+05	3.281499999999999773e+02
2.394000000000000000e+05	3.281499999999999773e+02
2.394000000000000000e+05	3.053467678414833699e+02
2.403000000000000000e+05	3.053467678414833699e+02
2.403000000000000000e+05	3.281499999999999773e+02
2.412000000000000000e+05	3.281499999999999773e+02
2.412000000000000000e+05	3.023585737515524556e+02
2.421000000000000000e+05	3.023585737515524556e+02
2.421000000000000000e+05	3.059769216922658188e+02
2.430000000000000000e+05	3.059769216922658188e+02
2.430000000000000000e+05	3.028188168516775249e+02
2.439000000000000000e+05	3.028188168516775249e+02
2.439000000000000000e+05	3.040812856371925363e+02
2.448000000000000000e+05	3.040812856371925363e+02
2.448000000000000000e+05	3.242676483506806449e+02
2.457000000000000000e+05	3.242676483506806449e+02
2.457000000000000000e+05	3.093049955481839106e+02
2.466000000000000000e+05	3.093049955481839106e+02
2.466000000000000000e+05	3.281499999999999773e+02
2.475000000000000000e+05	3.281499999999999773e+02
2.475000000000000000e+05	3.281499999999999773e+02
2.484000000000000000e+05	3.281499999999999773e+02
2.484000000000000000e+05	3.281499999999999773e+02
2.493000000000000000e+05	3.281499999999999773e+02
2.493000000000000000e+05	3.281499999999999773e+02
2.502000000000000000e+05	3.281499999999999773e+02
2.502000000000000000e+05	3.281499999999999773e+02
2.511000000000000000e+05	3.281499999999999773e+02
2.511000000000000000e+05	3.281499999999999773e+02
2.520000000000000000e+05	3.281499999999999773e+02
2.520000000000000000e+05	3.281499999999999773e+02
2.529000000000000000e+05	3.281499999999999773e+02
2.529000000000000000e+05	3.281499999999999773e+02
2.538000000000000000e+05	3.281499999999999773e+02
2.538000000000000000e+05	3.281499999999999773e+02
2.547000000000000000e+05	3.281499999999999773e+02
2.547000000000000000e+05	3.281499999999999773e+02
2.556000000000000000e+05	3.281499999999999773e+02
2.556000000000000000e+05	3.281499999999999773e+02
2.565000000000000000e+05	3.281499999999999773e+02
2.565000000000000000e+05	3.281499999999999773e+02
2.574000000000000000e+05	3.281499999999999773e+02
2.574000000000000000e+05	3.281499999999999773e+02
2.583000000000000000e+05	3.281499999999999773e+02
2.583000000000000000e+05	3.281499999999999773e+02
2.592000000000000000e+05	3.281499999999999773e+02
2.592000000000000000e+05	3.281499999999999773e+02
2.601000000000000000e+05	3.281499999999999773e+02
2.601000000000000000e+05	3.281499999999999773e+02
2.610000000000000000e+05	3.281499999999999773e+02
2.610000000000000000e+05	3.281499999999999773e+02
2.619000000000000000e+05	3.281499999999999773e+02
2.619000000000000000e+05	3.281499999999999773e+02
2.628000000000000000e+05	3.281499999999999773e+02
2.628000000000000000e+05	3.281499999999999773e+02
2.637000000000000000e+05	3.281499999999999773e+02
2.637000000000000000e+05	3.281499999999999773e+02
2.646000000000000000e+05	3.281499999999999773e+02
2.646000000000000000e+05	3.281499999999999773e+02
2.655000000000000000e+05	3.281499999999999773e+02
2.655000000000000000e+05	3.281499999999999773e+02
2.664000000000000000e+05	3.281499999999999773e+02
2.664000000000000000e+05	3.281499999999999773e+02
2.673000000000000000e+05	3.281499999999999773e+02
2.673000000000000000e+05	3.281499999999999773e+02
2.682000000000000000e+05	3.281499999999999773e+02
2.682000000000000000e+05	3.281499999999999773e+02
2.691000000000000000e+05	3.281499999999999773e+02
2.691000000000000000e+05	3.281499999999999773e+02
2.700000000000000000e+05	3.281499999999999773e+02
2.700000000000000000e+05	3.281499999999999773e+02
2.709000000000000000e+05	3.281499999999999773e+02
2.709000000000000000e+05	3.281499999999999773e+02
2.718000000000000000e+05	3.281499999999999773e+02
2.718000000000000000e+05	3.281499999999999773e+02
2.727000000000000000e+05	3.281499999999999773e+02
2.727000000000000000e+05	3.281499999999999773e+02
2.736000000000000000e+05	3.281499999999999773e+02
2.736000000000000000e+05	3.093049955481836832e+02
2.745000000000000000e+05	3.093049955481836832e+02
2.745000000000000000e+05	3.281499999999999773e+02
2.754000000000000000e+05	3.281499999999999773e+02
2.754000000000000000e+05	2.981499999999999773e+02
2.763000000000000000e+05	2.981499999999999773e+02
2.763000000000000000e+05	2.981499999999999773e+02
2.772000000000000000e+05	2.981499999999999773e+02
2.772000000000000000e+05	3.281499999999999773e+02
2.781000000000000000e+05	3.281499999999999773e+02
2.781000000000000000e+05	3.281499999999999773e+02
2.790000000000000000e+05	3.281499999999999773e+02
2.790000000000000000e+05	3.281499999999999773e+02
2.799000000000000000e+05	3.281499999999999773e+02
2.799000000000000000e+05	3.281499999999999773e+02
2.808000000000000000e+05	3.281499999999999773e+02
2.808000000000000000e+05	3.159657669148537025e+02
2.817000000000000000e+05	3.159657669148537025e+02
2.817000000000000000e+05	3.281499999999999773e+02
2.826000000000000000e+05	3.281499999999999773e+02
2.826000000000000000e+05	2.981499999999999773e+02
2.835000000000000000e+05	2.981499999999999773e+02
2.835000000000000000e+05	3.001333574022864354e+02
2.844000000000000000e+05	3.001333574022864354e+02
2.844000000000000000e+05	3.028919026040904896e+02
2.853000000000000000e+05	3.028919026040904896e+02
2.853000000000000000e+05	3.161132672127034198e+02
2.862000000000000000e+05	3.161132672127034198e+02
2.862000000000000000e+05	3.161132672127034198e+02
2.871000000000000000e+05	3.161132672127034198e+02
2.871000000000000000e+05	3.161132672127034198e+02
2.880000000000000000e+05	3.161132672127034198e+02
2.880000000000000000e+05	3.115742743510296577e+02
2.889000000000000000e+05	3.115742743510296577e+02
2.889000000000000000e+05	3.141512356562636796e+02
2.898000000000000000e+05	3.141512356562636796e+02
2.898000000000000000e+05	3.141842953344996658e+02
2.907000000000000000e+05	3.141842953344996658e+02
2.907000000000000000e+05	3.129133641181401799e+02
2.916000000000000000e+05	3.129133641181401799e+02
2.916000000000000000e+05	3.281499999999999773e+02
2.925000000000000000e+05	3.281499999999999773e+02
2.925000000000000000e+05	3.093049955481837401e+02
2.934000000000000000e+05	3.093049955481837401e+02
2.934000000000000000e+05	3.091357100347194091e+02
2.943000000000000000e+05	3.091357100347194091e+02
2.943000000000000000e+05	3.088618955252920841e+02
2.952000000000000000e+05	3.088618955252920841e+02
2.952000000000000000e+05	3.281499999999999773e+02
2.961000000000000000e+05	3.281499999999999773e+02
2.961000000000000000e+05	3.048035087595453092e+02
2.970000000000000000e+05	3.048035087595453092e+02
2.970000000000000000e+05	3.077998606738871672e+02
2.979000000000000000e+05	3.077998606738871672e+02
2.979000000000000000e+05	2.981499999999999773e+02
2.988000000000000000e+05	2.981499999999999773e+02
2.988000000000000000e+05	3.050035477580416909e+02
2.997000000000000000e+05	3.050035477580416909e+02
2.997000000000000000e+05	3.071217508765112143e+02
3.006000000000000000e+05	3.071217508765112143e+02
3.006000000000000000e+05	3.055711600505920273e+02
3.015000000000000000e+05	3.055711600505920273e+02
3.015000000000000000e+05	2.981499999999999773e+02
3.024000000000000000e+05	2.981499999999999773e+02
3.024000000000000000e+05	2.981499999999999773e+02
3.033000000000000000e+05	2.981499999999999773e+02
3.033000000000000000e+05	2.981499999999999773e+02
3.042000000000000000e+05	2.981499999999999773e+02
3.042000000000000000e+05	3.023872632520493653e+02
3.051000000000000000e+05	3.023872632520493653e+02
3.051000000000000000e+05	2.981499999999999773e+02
3.060000000000000000e+05	2.981499999999999773e+02
3.060000000000000000e+05	3.025222200834770661e+02
3.069000000000000000e+05	3.025222200834770661e+02
3.069000000000000000e+05	3.048560658319038339e+02
3.078000000000000000e+05	3.048560658319038339e+02
3.078000000000000000e+05	3.043347462523229865e+02
3.087000000000000000e+05	3.043347462523229865e+02
3.087000000000000000e+05	2.981499999999999773e+02
3.096000000000000000e+05	2.981499999999999773e+02
3.096000000000000000e+05	3.281499999999999773e+02
3.105000000000000000e+05	3.281499999999999773e+02
3.105000000000000000e+05	3.093049955481836832e+02
3.114000000000000000e+05	3.093049955481836832e+02
3.114000000000000000e+05	3.093049955481836832e+02
3.123000000000000000e+05	3.093049955481836832e+02
3.123000000000000000e+05	2.981499999999999773e+02
3.132000000000000000e+05	2.981499999999999773e+02
3.132000000000000000e+05	3.281499999999999773e+02
3.141000000000000000e+05	3.281499999999999773e+02
3.141000000000000000e+05	3.281499999999999773e+02
3.150000000000000000e+05	3.281499999999999773e+02
3.150000000000000000e+05	3.281499999999999773e+02
3.159000000000000000e+05	3.281499999999999773e+02
3.159000000000000000e+05	3.281499999999999773e+02
3.168000000000000000e+05	3.281499999999999773e+02
3.168000000000000000e+05	3.000898581674873071e+02
3.177000000000000000e+05	3.000898581674873071e+02
3.177000000000000000e+05	3.281499999999999773e+02
3.186000000000000000e+05	3.281499999999999773e+02
3.186000000000000000e+05	2.981499999999999773e+02
3.195000000000000000e+05	2.981499999999999773e+02
3.195000000000000000e+05	2.995285760822529255e+02
3.204000000000000000e+05	2.995285760822529255e+02
3.204000000000000000e+05	3.009360056284285179e+02
3.213000000000000000e+05	3.009360056284285179e+02
3.213000000000000000e+05	3.156780279973015695e+02
3.222000000000000000e+05	3.156780279973015695e+02
3.222000000000000000e+05	3.281499999999999773e+02
3.231000000000000000e+05	3.281499999999999773e+02
3.231000000000000000e+05	3.235221710864426541e+02
3.240000000000000000e+05	3.235221710864426541e+02
3.240000000000000000e+05	3.006926442103898580e+02
3.249000000000000000e+05	3.006926442103898580e+02
3.249000000000000000e+05	3.067937325169501150e+02
3.258000000000000000e+05	3.067937325169501150e+02
3.258000000000000000e+05	2.981499999999999773e+02
3.267000000000000000e+05	2.981499999999999773e+02
3.267000000000000000e+05	3.037381593160913553e+02
3.276000000000000000e+05	3.037381593160913553e+02
3.276000000000000000e+05	3.036832224016925466e+02
3.285000000000000000e+05	3.036832224016925466e+02
3.285000000000000000e+05	3.074734571970747083e+02
3.294000000000000000e+05	3.074734571970747083e+02
3.294000000000000000e+05	2.981499999999999773e+02
3.303000000000000000e+05	2.981499999999999773e+02
3.303000000000000000e+05	2.981499999999999773e+02
3.312000000000000000e+05	2.981499999999999773e+02
3.312000000000000000e+05	3.062384070839540868e+02
3.321000000000000000e+05	3.062384070839540868e+02
3.321000000000000000e+05	3.281499999999999773e+02
3.330000000000000000e+05	3.281499999999999773e+02
3.330000000000000000e+05	3.281499999999999773e+02
3.339000000000000000e+05	3.281499999999999773e+02
3.339000000000000000e+05	3.281499999999999773e+02
3.348000000000000000e+05	3.281499999999999773e+02
3.348000000000000000e+05	3.192419801865963223e+02
3.357000000000000000e+05	3.192419801865963223e+02
3.357000000000000000e+05	3.281499999999999773e+02
3.366000000000000000e+05	3.281499999999999773e+02
3.366000000000000000e+05	3.281499999999999773e+02
3.375000000000000000e+05	3.281499999999999773e+02
3.375000000000000000e+05	3.281499999999999773e+02
3.384000000000000000e+05	3.281499999999999773e+02
3.384000000000000000e+05	3.281499999999999773e+02
3.393000000000000000e+05	3.281499999999999773e+02
3.393000000000000000e+05	3.281499999999999773e+02
3.402000000000000000e+05	3.281499999999999773e+02
3.402000000000000000e+05	3.281499999999999773e+02
3.411000000000000000e+05	3.281499999999999773e+02
3.411000000000000000e+05	3.281499999999999773e+02
3.420000000000000000e+05	3.281499999999999773e+02
3.420000000000000000e+05	3.093049955481836832e+02
3.429000000000000000e+05	3.093049955481836832e+02
3.429000000000000000e+05	3.281499999999999773e+02
3.438000000000000000e+05	3.281499999999999773e+02
3.438000000000000000e+05	3.281499999999999773e+02
3.447000000000000000e+05	3.281499999999999773e+02
3.447000000000000000e+05	2.981499999999999773e+02
3.456000000000000000e+05	2.981499999999999773e+02
3.456000000000000000e+05	3.281499999999999773e+02
3.465000000000000000e+05	3.281499999999999773e+02
3.465000000000000000e+05	3.281499999999999773e+02
3.474000000000000000e+05	3.281499999999999773e+02
3.474000000000000000e+05	3.281499999999999773e+02
3.483000000000000000e+05	3.281499999999999773e+02
3.483000000000000000e+05	3.281499999999999773e+02
3.492000000000000000e+05	3.281499999999999773e+02
3.492000000000000000e+05	3.281499999999999773e+02
3.501000000000000000e+05	3.281499999999999773e+02
3.501000000000000000e+05	2.981499999999999773e+02
3.510000000000000000e+05	2.981499999999999773e+02
3.510000000000000000e+05	3.281499999999999773e+02
3.519000000000000000e+05	3.281499999999999773e+02
3.519000000000000000e+05	3.281499999999999773e+02
3.528000000000000000e+05	3.281499999999999773e+02
3.528000000000000000e+05	3.281499999999999773e+02
3.537000000000000000e+05	3.281499999999999773e+02
3.537000000000000000e+05	3.281499999999999773e+02
3.546000000000000000e+05	3.281499999999999773e+02
3.546000000000000000e+05	3.202218454393301954e+02
3.555000000000000000e+05	3.202218454393301954e+02
3.555000000000000000e+05	3.251252466668779562e+02
3.564000000000000000e+05	3.251252466668779562e+02
3.564000000000000000e+05	2.981499999999999773e+02
3.573000000000000000e+05	2.981499999999999773e+02
3.573000000000000000e+05	3.281499999999999773e+02
3.582000000000000000e+05	3.281499999999999773e+02
3.582000000000000000e+05	3.281499999999999773e+02
3.591000000000000000e+05	3.281499999999999773e+02
3.591000000000000000e+05	3.281499999999999773e+02
3.600000000000000000e+05	3.281499999999999773e+02
3.600000000000000000e+05	3.281499999999999773e+02
3.609000000000000000e+05	3.281499999999999773e+02
3.609000000000000000e+05	2.981499999999999773e+02
3.618000000000000000e+05	2.981499999999999773e+02
3.618000000000000000e+05	3.013563638896489465e+02
3.627000000000000000e+05	3.013563638896489465e+02
3.627000000000000000e+05	2.981499999999999773e+02
3.636000000000000000e+05	2.981499999999999773e+02
3.636000000000000000e+05	3.281499999999999773e+02
3.645000000000000000e+05	3.281499999999999773e+02
3.645000000000000000e+05	3.281499999999999773e+02
3.654000000000000000e+05	3.281499999999999773e+02
3.654000000000000000e+05	3.281499999999999773e+02
3.663000000000000000e+05	3.281499999999999773e+02
3.663000000000000000e+05	3.281499999999999773e+02
3.672000000000000000e+05	3.281499999999999773e+02
3.672000000000000000e+05	3.242252995447932449e+02
3.681000000000000000e+05	3.242252995447932449e+02
3.681000000000000000e+05	3.281499999999999773e+02
3.690000000000000000e+05	3.281499999999999773e+02
3.690000000000000000e+05	3.281499999999999773e+02
3.699000000000000000e+05	3.281499999999999773e+02
3.699000000000000000e+05	2.981499999999999773e+02
3.708000000000000000e+05	2.981499999999999773e+02
3.708000000000000000e+05	3.030696221378449877e+02
3.717000000000000000e+05	3.030696221378449877e+02
3.717000000000000000e+05	3.087585354611021558e+02
3.726000000000000000e+05	3.087585354611021558e+02
3.726000000000000000e+05	3.161132672127034198e+02
3.735000000000000000e+05	3.161132672127034198e+02
3.735000000000000000e+05	3.161132672127034198e+02
3.744000000000000000e+05	3.161132672127034198e+02
3.744000000000000000e+05	3.114903732070910678e+02
3.753000000000000000e+05	3.114903732070910678e+02
3.753000000000000000e+05	3.140293382652684500e+02
3.762000000000000000e+05	3.140293382652684500e+02
3.762000000000000000e+05	3.131899630693457084e+02
3.771000000000000000e+05	3.131899630693457084e+02
3.771000000000000000e+05	3.093049955481836832e+02
3.780000000000000000e+05	3.093049955481836832e+02
3.780000000000000000e+05	3.093049955481836832e+02
3.789000000000000000e+05	3.093049955481836832e+02
3.789000000000000000e+05	3.195595384297768078e+02
3.798000000000000000e+05	3.195595384297768078e+02
3.798000000000000000e+05	3.056068990811450021e+02
3.807000000000000000e+05	3.056068990811450021e+02
3.807000000000000000e+05	3.093049955481836832e+02
3.816000000000000000e+05	3.093049955481836832e+02
3.816000000000000000e+05	3.091029780892141048e+02
3.825000000000000000e+05	3.091029780892141048e+02
3.825000000000000000e+05	3.191040151762040864e+02
3.834000000000000000e+05	3.191040151762040864e+02
3.834000000000000000e+05	3.252890554882970378e+02
3.843000000000000000e+05	3.252890554882970378e+02
3.843000000000000000e+05	3.038503467396843121e+02
3.852000000000000000e+05	3.038503467396843121e+02
3.852000000000000000e+05	3.045523447670568089e+02
3.861000000000000000e+05	3.045523447670568089e+02
3.861000000000000000e+05	3.249694775536148654e+02
3.870000000000000000e+05	3.249694775536148654e+02
3.870000000000000000e+05	3.093049955481836832e+02
3.879000000000000000e+05	3.093049955481836832e+02
3.879000000000000000e+05	3.093049955481836832e+02
3.888000000000000000e+05	3.093049955481836832e+02
3.888000000000000000e+05	3.035526342334114815e+02
3.897000000000000000e+05	3.035526342334114815e+02
3.897000000000000000e+05	3.281499999999999773e+02
3.906000000000000000e+05	3.281499999999999773e+02
3.906000000000000000e+05	3.038203755822146377e+02
3.915000000000000000e+05	3.038203755822146377e+02
3.915000000000000000e+05	3.069362092911472928e+02
3.924000000000000000e+05	3.069362092911472928e+02
3.924000000000000000e+05	3.042177504954884739e+02
3.933000000000000000e+05	3.042177504954884739e+02
3.933000000000000000e+05	3.281499999999999773e+02
3.942000000000000000e+05	3.281499999999999773e+02
3.942000000000000000e+05	3.281499999999999773e+02
3.951000000000000000e+05	3.281499999999999773e+02
3.951000000000000000e+05	3.015985886238550506e+02
3.960000000000000000e+05	3.015985886238550506e+02
3.960000000000000000e+05	3.030316809584650173e+02
3.969000000000000000e+05	3.030316809584650173e+02
3.969000000000000000e+05	3.049888171544589568e+02
3.978000000000000000e+05	3.049888171544589568e+02
3.978000000000000000e+05	2.981499999999999773e+02
3.987000000000000000e+05	2.981499999999999773e+02
3.987000000000000000e+05	3.093049955481836832e+02
3.996000000000000000e+05	3.093049955481836832e+02
3.996000000000000000e+05	3.281499999999999773e+02
4.005000000000000000e+05	3.281499999999999773e+02
4.005000000000000000e+05	3.039115338566061268e+02
4.014000000000000000e+05	3.039115338566061268e+02
4.014000000000000000e+05	3.281499999999999773e+02
4.023000000000000000e+05	3.281499999999999773e+02
4.023000000000000000e+05	3.281499999999999773e+02
4.032000000000000000e+05	3.281499999999999773e+02
4.032000000000000000e+05	3.281499999999999773e+02
4.041000000000000000e+05	3.281499999999999773e+02
4.041000000000000000e+05	3.281499999999999773e+02
4.050000000000000000e+05	3.281499999999999773e+02
4.050000000000000000e+05	2.981499999999999773e+02
4.059000000000000000e+05	2.981499999999999773e+02
4.059000000000000000e+05	2.984405547157437013e+02
4.068000000000000000e+05	2.984405547157437013e+02
4.068000000000000000e+05	2.981499999999999773e+02
4.077000000000000000e+05	2.981499999999999773e+02
4.077000000000000000e+05	3.198229735205064230e+02
4.086000000000000000e+05	3.198229735205064230e+02
4.086000000000000000e+05	3.198847737870151491e+02
4.095000000000000000e+05	3.198847737870151491e+02
4.095000000000000000e+05	3.199465508784239773e+02
4.104000000000000000e+05	3.199465508784239773e+02
4.104000000000000000e+05	3.009914399336556698e+02
4.113000000000000000e+05	3.009914399336556698e+02
4.113000000000000000e+05	3.093049955481836832e+02
4.122000000000000000e+05	3.093049955481836832e+02
4.122000000000000000e+05	3.088860917761302858e+02
4.131000000000000000e+05	3.088860917761302858e+02
4.131000000000000000e+05	2.981499999999999773e+02
4.140000000000000000e+05	2.981499999999999773e+02
4.140000000000000000e+05	3.043107197355842004e+02
4.149000000000000000e+05	3.043107197355842004e+02
4.149000000000000000e+05	3.281499999999999773e+02
4.158000000000000000e+05	3.281499999999999773e+02
4.158000000000000000e+05	3.036123834734441971e+02
4.167000000000000000e+05	3.036123834734441971e+02
4.167000000000000000e+05	3.045142400159248837e+02
4.176000000000000000e+05	3.045142400159248837e+02
4.176000000000000000e+05	3.281499999999999773e+02
4.185000000000000000e+05	3.281499999999999773e+02
4.185000000000000000e+05	3.281499999999999773e+02
4.194000000000000000e+05	3.281499999999999773e+02
4.194000000000000000e+05	3.281499999999999773e+02
4.203000000000000000e+05	3.281499999999999773e+02
4.203000000000000000e+05	2.981499999999999773e+02
4.212000000000000000e+05	2.981499999999999773e+02
4.212000000000000000e+05	2.981499999999999773e+02
4.221000000000000000e+05	2.981499999999999773e+02
4.221000000000000000e+05	3.281499999999999773e+02
4.230000000000000000e+05	3.281499999999999773e+02
4.230000000000000000e+05	3.281499999999999773e+02
4.239000000000000000e+05	3.281499999999999773e+02
4.239000000000000000e+05	3.281499999999999773e+02
4.248000000000000000e+05	3.281499999999999773e+02
4.248000000000000000e+05	3.281499999999999773e+02
4.257000000000000000e+05	3.281499999999999773e+02
4.257000000000000000e+05	3.281499999999999773e+02
4.266000000000000000e+05	3.281499999999999773e+02
4.266000000000000000e+05	3.281499999999999773e+02
4.275000000000000000e+05	3.281499999999999773e+02
4.275000000000000000e+05	3.281499999999999773e+02
4.284000000000000000e+05	3.281499999999999773e+02
4.284000000000000000e+05	3.281499999999999773e+02
4.293000000000000000e+05	3.281499999999999773e+02
4.293000000000000000e+05	3.281499999999999773e+02
4.302000000000000000e+05	3.281499999999999773e+02
4.302000000000000000e+05	3.281499999999999773e+02
4.311000000000000000e+05	3.281499999999999773e+02
4.311000000000000000e+05	3.281499999999999773e+02
4.320000000000000000e+05	3.281499999999999773e+02
4.320000000000000000e+05	3.281499999999999773e+02
4.329000000000000000e+05	3.281499999999999773e+02
4.329000000000000000e+05	3.281499999999999773e+02
4.338000000000000000e+05	3.281499999999999773e+02
4.338000000000000000e+05	3.281499999999999773e+02
4.347000000000000000e+05	3.281499999999999773e+02
4.347000000000000000e+05	3.281499999999999773e+02
4.356000000000000000e+05	3.281499999999999773e+02
4.356000000000000000e+05	3.281499999999999773e+02
4.365000000000000000e+05	3.281499999999999773e+02
4.365000000000000000e+05	3.281499999999999773e+02
4.374000000000000000e+05	3.281499999999999773e+02
4.374000000000000000e+05	3.281499999999999773e+02
4.383000000000000000e+05	3.281499999999999773e+02
4.383000000000000000e+05	2.981499999999999773e+02
4.392000000000000000e+05	2.981499999999999773e+02
4.392000000000000000e+05	2.981499999999999773e+02
4.401000000000000000e+05	2.981499999999999773e+02
4.401000000000000000e+05	3.281499999999999773e+02
4.410000000000000000e+05	3.281499999999999773e+02
4.410000000000000000e+05	3.281499999999999773e+02
4.419000000000000000e+05	3.281499999999999773e+02
4.419000000000000000e+05	3.281499999999999773e+02
4.428000000000000000e+05	3.281499999999999773e+02
4.428000000000000000e+05	2.981499999999999773e+02
4.437000000000000000e+05	2.981499999999999773e+02
4.437000000000000000e+05	2.981499999999999773e+02
4.446000000000000000e+05	2.981499999999999773e+02
4.446000000000000000e+05	2.981499999999999773e+02
4.455000000000000000e+05	2.981499999999999773e+02
4.455000000000000000e+05	3.281499999999999773e+02
4.464000000000000000e+05	3.281499999999999773e+02
4.464000000000000000e+05	3.013427583907077292e+02
4.473000000000000000e+05	3.013427583907077292e+02
4.473000000000000000e+05	3.281499999999999773e+02
4.482000000000000000e+05	3.281499999999999773e+02
4.482000000000000000e+05	2.981499999999999773e+02
4.491000000000000000e+05	2.981499999999999773e+02
4.491000000000000000e+05	2.981499999999999773e+02
4.500000000000000000e+05	2.981499999999999773e+02
4.500000000000000000e+05	2.998207177692121377e+02
4.509000000000000000e+05	2.998207177692121377e+02
4.509000000000000000e+05	3.029484697802399751e+02
4.518000000000000000e+05	3.029484697802399751e+02
4.518000000000000000e+05	3.052774632456133759e+02
4.527000000000000000e+05	3.052774632456133759e+02
4.527000000000000000e+05	3.010422712882689780e+02
4.536000000000000000e+05	3.010422712882689780e+02
4.536000000000000000e+05	3.281499999999999773e+02
4.545000000000000000e+05	3.281499999999999773e+02
4.545000000000000000e+05	3.272736384735782735e+02
4.554000000000000000e+05	3.272736384735782735e+02
4.554000000000000000e+05	3.281499999999999773e+02
4.563000000000000000e+05	3.281499999999999773e+02
4.563000000000000000e+05	2.985473808784882408e+02
4.572000000000000000e+05	2.985473808784882408e+02
4.572000000000000000e+05	3.038683212972324554e+02
4.581000000000000000e+05	3.038683212972324554e+02
4.581000000000000000e+05	3.161132672127034198e+02
4.590000000000000000e+05	3.161132672127034198e+02
4.590000000000000000e+05	3.161132672127034198e+02
4.599000000000000000e+05	3.161132672127034198e+02
4.599000000000000000e+05	3.161132672127034198e+02
4.608000000000000000e+05	3.161132672127034198e+02
4.608000000000000000e+05	3.161132672127035335e+02
4.617000000000000000e+05	3.161132672127035335e+02
4.617000000000000000e+05	3.161132672127034198e+02
4.626000000000000000e+05	3.161132672127034198e+02
4.626000000000000000e+05	3.161132672127034198e+02
4.635000000000000000e+05	3.161132672127034198e+02
4.635000000000000000e+05	3.161132672127034198e+02
4.644000000000000000e+05	3.161132672127034198e+02
4.644000000000000000e+05	3.281500000000090154e+02
4.653000000000000000e+05	3.281500000000090154e+02
4.653000000000000000e+05	3.093049955481836832e+02
4.662000000000000000e+05	3.093049955481836832e+02
4.662000000000000000e+05	3.091935024138218751e+02
4.671000000000000000e+05	3.091935024138218751e+02
4.671000000000000000e+05	3.093049955481836832e+02
4.680000000000000000e+05	3.093049955481836832e+02
4.680000000000000000e+05	3.083238879520291107e+02
4.689000000000000000e+05	3.083238879520291107e+02
4.689000000000000000e+05	3.076604315667714218e+02
4.698000000000000000e+05	3.076604315667714218e+02
4.698000000000000000e+05	3.073662095677351545e+02
4.707000000000000000e+05	3.073662095677351545e+02
4.707000000000000000e+05	3.075124256981237068e+02
4.716000000000000000e+05	3.075124256981237068e+02
4.716000000000000000e+05	3.281499999999999773e+02
4.725000000000000000e+05	3.281499999999999773e+02
4.725000000000000000e+05	3.281499999999999773e+02
4.734000000000000000e+05	3.281499999999999773e+02
4.734000000000000000e+05	3.040733523030065157e+02
4.743000000000000000e+05	3.040733523030065157e+02
4.743000000000000000e+05	3.281499999999999773e+02
4.752000000000000000e+05	3.281499999999999773e+02
4.752000000000000000e+05	3.238424303850697470e+02
4.761000000000000000e+05	3.238424303850697470e+02
4.761000000000000000e+05	3.029924768674048323e+02
4.770000000000000000e+05	3.029924768674048323e+02
4.770000000000000000e+05	3.281499999999999773e+02
4.779000000000000000e+05	3.281499999999999773e+02
4.779000000000000000e+05	3.037413706132804236e+02
4.788000000000000000e+05	3.037413706132804236e+02
4.788000000000000000e+05	3.039244921039338010e+02
4.797000000000000000e+05	3.039244921039338010e+02
4.797000000000000000e+05	3.281499999999999773e+02
4.806000000000000000e+05	3.281499999999999773e+02
4.806000000000000000e+05	3.032562797199890952e+02
4.815000000000000000e+05	3.032562797199890952e+02
4.815000000000000000e+05	3.019765397958720996e+02
4.824000000000000000e+05	3.019765397958720996e+02
4.824000000000000000e+05	3.281499999999999773e+02
4.833000000000000000e+05	3.281499999999999773e+02
4.833000000000000000e+05	3.016380049454712662e+02
4.842000000000000000e+05	3.016380049454712662e+02
4.842000000000000000e+05	2.981499999999999773e+02
4.851000000000000000e+05	2.981499999999999773e+02
4.851000000000000000e+05	3.016625752806683636e+02
4.860000000000000000e+05	3.016625752806683636e+02
4.860000000000000000e+05	3.028867128754817486e+02
4.869000000000000000e+05	3.028867128754817486e+02
4.869000000000000000e+05	3.281499999999999773e+02
4.878000000000000000e+05	3.281499999999999773e+02
4.878000000000000000e+05	3.014059064786354725e+02
4.887000000000000000e+05	3.014059064786354725e+02
4.887000000000000000e+05	3.281499999999999773e+02
4.896000000000000000e+05	3.281499999999999773e+02
4.896000000000000000e+05	3.021965493661836035e+02
4.905000000000000000e+05	3.021965493661836035e+02
4.905000000000000000e+05	3.281499999999999773e+02
4.914000000000000000e+05	3.281499999999999773e+02
4.914000000000000000e+05	2.981499999999999773e+02
4.923000000000000000e+05	2.981499999999999773e+02
4.923000000000000000e+05	3.012038596855153401e+02
4.932000000000000000e+05	3.012038596855153401e+02
4.932000000000000000e+05	3.030340246901351975e+02
4.941000000000000000e+05	3.030340246901351975e+02
4.941000000000000000e+05	3.281499999999999773e+02
4.950000000000000000e+05	3.281499999999999773e+02
4.950000000000000000e+05	3.281499999999999773e+02
4.959000000000000000e+05	3.281499999999999773e+02
4.959000000000000000e+05	3.272938724683069154e+02
4.968000000000000000e+05	3.272938724683069154e+02
4.968000000000000000e+05	3.014759326502758086e+02
4.977000000000000000e+05	3.014759326502758086e+02
4.977000000000000000e+05	3.281499999999999773e+02
4.986000000000000000e+05	3.281499999999999773e+02
4.986000000000000000e+05	3.005317168798701459e+02
4.995000000000000000e+05	3.005317168798701459e+02
4.995000000000000000e+05	3.032287939076683756e+02
5.004000000000000000e+05	3.032287939076683756e+02
5.004000000000000000e+05	3.049155607973927999e+02
5.013000000000000000e+05	3.049155607973927999e+02
5.013000000000000000e+05	2.981499999999999773e+02
5.022000000000000000e+05	2.981499999999999773e+02
5.022000000000000000e+05	3.281499999999999773e+02
5.031000000000000000e+05	3.281499999999999773e+02
5.031000000000000000e+05	3.229615912966917222e+02
5.040000000000000000e+05	3.229615912966917222e+02
5.040000000000000000e+05	3.019035980937364343e+02
5.049000000000000000e+05	3.019035980937364343e+02
5.049000000000000000e+05	3.242758387217807581e+02
5.058000000000000000e+05	3.242758387217807581e+02
5.058000000000000000e+05	3.004035361615571560e+02
5.067000000000000000e+05	3.004035361615571560e+02
5.067000000000000000e+05	3.281499999999999773e+02
5.076000000000000000e+05	3.281499999999999773e+02
5.076000000000000000e+05	3.281499999999999773e+02
5.085000000000000000e+05	3.281499999999999773e+02
5.085000000000000000e+05	3.281499999999999773e+02
5.094000000000000000e+05	3.281499999999999773e+02
5.094000000000000000e+05	3.281499999999999773e+02
5.103000000000000000e+05	3.281499999999999773e+02
5.103000000000000000e+05	3.281499999999999773e+02
5.112000000000000000e+05	3.281499999999999773e+02
5.112000000000000000e+05	2.981499999999999773e+02
5.121000000000000000e+05	2.981499999999999773e+02
5.121000000000000000e+05	3.281499999999999773e+02
5.130000000000000000e+05	3.281499999999999773e+02
5.130000000000000000e+05	3.281499999999999773e+02
5.139000000000000000e+05	3.281499999999999773e+02
5.139000000000000000e+05	3.281499999999999773e+02
5.148000000000000000e+05	3.281499999999999773e+02
5.148000000000000000e+05	3.281499999999999773e+02
5.157000000000000000e+05	3.281499999999999773e+02
5.157000000000000000e+05	3.281499999999999773e+02
5.166000000000000000e+05	3.281499999999999773e+02
5.166000000000000000e+05	3.281499999999999773e+02
5.175000000000000000e+05	3.281499999999999773e+02
5.175000000000000000e+05	3.281499999999999773e+02
5.184000000000000000e+05	3.281499999999999773e+02
5.184000000000000000e+05	3.281499999999999773e+02
5.193000000000000000e+05	3.281499999999999773e+02
5.193000000000000000e+05	3.281499999999999773e+02
5.202000000000000000e+05	3.281499999999999773e+02
5.202000000000000000e+05	3.281499999999999773e+02
5.211000000000000000e+05	3.281499999999999773e+02
5.211000000000000000e+05	3.281499999999999773e+02
5.220000000000000000e+05	3.281499999999999773e+02
5.220000000000000000e+05	2.981500000000001478e+02
5.229000000000000000e+05	2.981500000000001478e+02
5.229000000000000000e+05	3.281499999999999773e+02
5.238000000000000000e+05	3.281499999999999773e+02
5.238000000000000000e+05	2.981499999999999773e+02
5.247000000000000000e+05	2.981499999999999773e+02
5.247000000000000000e+05	2.981499999999999773e+02
5.256000000000000000e+05	2.981499999999999773e+02
5.256000000000000000e+05	2.981499999999999773e+02
5.265000000000000000e+05	2.981499999999999773e+02
5.265000000000000000e+05	3.281499999999999773e+02
5.274000000000000000e+05	3.281499999999999773e+02
5.274000000000000000e+05	3.281499999999999773e+02
5.283000000000000000e+05	3.281499999999999773e+02
5.283000000000000000e+05	3.281499999999999773e+02
5.292000000000000000e+05	3.281499999999999773e+02
5.292000000000000000e+05	2.985765096315770393e+02
5.301000000000000000e+05	2.985765096315770393e+02
5.301000000000000000e+05	3.018637536493233711e+02
5.310000000000000000e+05	3.018637536493233711e+02
5.310000000000000000e+05	3.281499999999999773e+02
5.319000000000000000e+05	3.281499999999999773e+02
5.319000000000000000e+05	3.281499999999999773e+02
5.328000000000000000e+05	3.281499999999999773e+02
5.328000000000000000e+05	3.093049955481836832e+02
5.337000000000000000e+05	3.093049955481836832e+02
5.337000000000000000e+05	3.093049955481836832e+02
5.346000000000000000e+05	3.093049955481836832e+02
5.346000000000000000e+05	3.281499999999999773e+02
5.355000000000000000e+05	3.281499999999999773e+02
5.355000000000000000e+05	3.024190424557693859e+02
5.364000000000000000e+05	3.024190424557693859e+02
5.364000000000000000e+05	3.025235274917617403e+02
5.373000000000000000e+05	3.025235274917617403e+02
5.373000000000000000e+05	3.281499999999999773e+02
5.382000000000000000e+05	3.281499999999999773e+02
5.382000000000000000e+05	3.281499999999999773e+02
5.391000000000000000e+05	3.281499999999999773e+02
5.391000000000000000e+05	2.981499999999999773e+02
5.400000000000000000e+05	2.981499999999999773e+02
5.400000000000000000e+05	2.997142123832778111e+02
5.409000000000000000e+05	2.997142123832778111e+02
5.409000000000000000e+05	3.281499999999999773e+02
5.418000000000000000e+05	3.281499999999999773e+02
5.418000000000000000e+05	3.281500000000000909e+02
5.427000000000000000e+05	3.281500000000000909e+02
5.427000000000000000e+05	2.996109992809210780e+02
5.436000000000000000e+05	2.996109992809210780e+02
5.436000000000000000e+05	3.021428994365122094e+02
5.445000000000000000e+05	3.021428994365122094e+02
5.445000000000000000e+05	3.079890027290343824e+02
5.454000000000000000e+05	3.079890027290343824e+02
5.454000000000000000e+05	3.161132672127034198e+02
5.463000000000000000e+05	3.161132672127034198e+02
5.463000000000000000e+05	3.161132672127034198e+02
5.472000000000000000e+05	3.161132672127034198e+02
5.472000000000000000e+05	3.161132672127033629e+02
5.481000000000000000e+05	3.161132672127033629e+02
5.481000000000000000e+05	3.161132672127034198e+02
5.490000000000000000e+05	3.161132672127034198e+02
5.490000000000000000e+05	3.161132672127034198e+02
5.499000000000000000e+05	3.161132672127034198e+02
5.499000000000000000e+05	3.161132672127034198e+02
5.508000000000000000e+05	3.161132672127034198e+02
5.508000000000000000e+05	3.110467558235006322e+02
5.517000000000000000e+05	3.110467558235006322e+02
5.517000000000000000e+05	3.249656545354516197e+02
5.526000000000000000e+05	3.249656545354516197e+02
5.526000000000000000e+05	3.087149807343666907e+02
5.535000000000000000e+05	3.087149807343666907e+02
5.535000000000000000e+05	3.093049955481836832e+02
5.544000000000000000e+05	3.093049955481836832e+02
5.544000000000000000e+05	3.083226693869793280e+02
5.553000000000000000e+05	3.083226693869793280e+02
5.553000000000000000e+05	3.083299227086245082e+02
5.562000000000000000e+05	3.083299227086245082e+02
5.562000000000000000e+05	3.069434512200500080e+02
5.571000000000000000e+05	3.069434512200500080e+02
5.571000000000000000e+05	3.079492882425860216e+02
5.580000000000000000e+05	3.079492882425860216e+02
5.580000000000000000e+05	3.253265682179476812e+02
5.589000000000000000e+05	3.253265682179476812e+02
5.589000000000000000e+05	3.041156785093902499e+02
5.598000000000000000e+05	3.041156785093902499e+02
5.598000000000000000e+05	3.060888169773206187e+02
5.607000000000000000e+05	3.060888169773206187e+02
5.607000000000000000e+05	3.067758293188302332e+02
5.616000000000000000e+05	3.067758293188302332e+02
5.616000000000000000e+05	3.093049955481836832e+02
5.625000000000000000e+05	3.093049955481836832e+02
5.625000000000000000e+05	3.093049955481837401e+02
5.634000000000000000e+05	3.093049955481837401e+02
5.634000000000000000e+05	3.251243420372276773e+02
5.643000000000000000e+05	3.251243420372276773e+02
5.643000000000000000e+05	3.059213181259863745e+02
5.652000000000000000e+05	3.059213181259863745e+02
5.652000000000000000e+05	3.038310114045141290e+02
5.661000000000000000e+05	3.038310114045141290e+02
5.661000000000000000e+05	3.281499999999999773e+02
5.670000000000000000e+05	3.281499999999999773e+02
5.670000000000000000e+05	2.981499999999999773e+02
5.679000000000000000e+05	2.981499999999999773e+02
5.679000000000000000e+05	3.029005539690365936e+02
5.688000000000000000e+05	3.029005539690365936e+02
5.688000000000000000e+05	3.020214762956669574e+02
5.697000000000000000e+05	3.020214762956669574e+02
5.697000000000000000e+05	2.981499999999999773e+02
5.706000000000000000e+05	2.981499999999999773e+02
5.706000000000000000e+05	3.011542477441239498e+02
5.715000000000000000e+05	3.011542477441239498e+02
5.715000000000000000e+05	3.033434117052076431e+02
5.724000000000000000e+05	3.033434117052076431e+02
5.724000000000000000e+05	2.981499999999999773e+02
5.733000000000000000e+05	2.981499999999999773e+02
5.733000000000000000e+05	2.981499999999999773e+02
5.742000000000000000e+05	2.981499999999999773e+02
5.742000000000000000e+05	3.281499999999999773e+02
5.751000000000000000e+05	3.281499999999999773e+02
5.751000000000000000e+05	3.021103836318241633e+02
5.760000000000000000e+05	3.021103836318241633e+02
5.760000000000000000e+05	3.281499999999999773e+02
5.769000000000000000e+05	3.281499999999999773e+02
5.769000000000000000e+05	3.281499999999999773e+02
5.778000000000000000e+05	3.281499999999999773e+02
5.778000000000000000e+05	3.006357106719233343e+02
5.787000000000000000e+05	3.006357106719233343e+02
5.787000000000000000e+05	3.281499999999999773e+02
5.796000000000000000e+05	3.281499999999999773e+02
5.796000000000000000e+05	3.012083098405979626e+02
5.805000000000000000e+05	3.012083098405979626e+02
5.805000000000000000e+05	2.981499999999999773e+02
5.814000000000000000e+05	2.981499999999999773e+02
5.814000000000000000e+05	3.013004200679881137e+02
5.823000000000000000e+05	3.013004200679881137e+02
5.823000000000000000e+05	3.037345278669560571e+02
5.832000000000000000e+05	3.037345278669560571e+02
5.832000000000000000e+05	3.281499999999999773e+02
5.841000000000000000e+05	3.281499999999999773e+02
5.841000000000000000e+05	3.281499999999999773e+02
5.850000000000000000e+05	3.281499999999999773e+02
5.850000000000000000e+05	3.281499999999999773e+02
5.859000000000000000e+05	3.281499999999999773e+02
5.859000000000000000e+05	2.992241941821894216e+02
5.868000000000000000e+05	2.992241941821894216e+02
5.868000000000000000e+05	3.281499999999999773e+02
5.877000000000000000e+05	3.281499999999999773e+02
5.877000000000000000e+05	3.019799154909003960e+02
5.886000000000000000e+05	3.019799154909003960e+02
5.886000000000000000e+05	3.053344283234023351e+02
5.895000000000000000e+05	3.053344283234023351e+02
5.895000000000000000e+05	3.281499999999999773e+02
5.904000000000000000e+05	3.281499999999999773e+02
5.904000000000000000e+05	3.044776027876702642e+02
5.913000000000000000e+05	3.044776027876702642e+02
5.913000000000000000e+05	3.281499999999999773e+02
5.922000000000000000e+05	3.281499999999999773e+02
5.922000000000000000e+05	3.281499999999999773e+02
5.931000000000000000e+05	3.281499999999999773e+02
5.931000000000000000e+05	3.281499999999999773e+02
5.940000000000000000e+05	3.281499999999999773e+02
5.940000000000000000e+05	2.981499999999999773e+02
5.949000000000000000e+05	2.981499999999999773e+02
5.949000000000000000e+05	3.281499999999999773e+02
5.958000000000000000e+05	3.281499999999999773e+02
5.958000000000000000e+05	3.281499999999999773e+02
5.967000000000000000e+05	3.281499999999999773e+02
5.967000000000000000e+05	3.281499999999999773e+02
5.976000000000000000e+05	3.281499999999999773e+02
5.976000000000000000e+05	3.281499999999999773e+02
5.985000000000000000e+05	3.281499999999999773e+02
5.985000000000000000e+05	3.281499999999999773e+02
5.994000000000000000e+05	3.281499999999999773e+02
5.994000000000000000e+05	3.281499999999999773e+02
6.003000000000000000e+05	3.281499999999999773e+02
6.003000000000000000e+05	3.281499999999999773e+02
6.012000000000000000e+05	3.281499999999999773e+02
6.012000000000000000e+05	3.093049955481836832e+02
6.021000000000000000e+05	3.093049955481836832e+02
6.021000000000000000e+05	3.281499999999999773e+02
6.030000000000000000e+05	3.281499999999999773e+02
6.030000000000000000e+05	3.281499999999999773e+02
6.039000000000000000e+05	3.281499999999999773e+02
6.039000000000000000e+05	3.281499999999999773e+02
6.048000000000000000e+05	3.281499999999999773e+02
