# #1
# double t_TES(1344, 2)
0.000000000000000000e+00	3.031499999999999773e+02
9.000000000000000000e+02	3.031499999999999773e+02
9.000000000000000000e+02	2.997875033493480714e+02
1.800000000000000000e+03	2.997875033493480714e+02
1.800000000000000000e+03	2.993495672429575620e+02
2.700000000000000000e+03	2.993495672429575620e+02
2.700000000000000000e+03	3.012127275031027125e+02
3.600000000000000000e+03	3.012127275031027125e+02
3.600000000000000000e+03	3.004528662466872220e+02
4.500000000000000000e+03	3.004528662466872220e+02
4.500000000000000000e+03	2.983460307591830087e+02
5.400000000000000000e+03	2.983460307591830087e+02
5.400000000000000000e+03	3.003959604610431029e+02
6.300000000000000000e+03	3.003959604610431029e+02
6.300000000000000000e+03	2.985190297745624548e+02
7.200000000000000000e+03	2.985190297745624548e+02
7.200000000000000000e+03	2.957834421644901681e+02
8.100000000000000000e+03	2.957834421644901681e+02
8.100000000000000000e+03	2.943789712045036140e+02
9.000000000000000000e+03	2.943789712045036140e+02
9.000000000000000000e+03	2.965976837811709288e+02
9.900000000000000000e+03	2.965976837811709288e+02
9.900000000000000000e+03	2.949648495339604892e+02
1.080000000000000000e+04	2.949648495339604892e+02
1.080000000000000000e+04	2.945877254565031649e+02
1.170000000000000000e+04	2.945877254565031649e+02
1.170000000000000000e+04	2.975367157363369301e+02
1.260000000000000000e+04	2.975367157363369301e+02
1.260000000000000000e+04	2.989253896676535760e+02
1.350000000000000000e+04	2.989253896676535760e+02
1.350000000000000000e+04	2.976109997230613544e+02
1.440000000000000000e+04	2.976109997230613544e+02
1.440000000000000000e+04	2.941486332043089078e+02
1.530000000000000000e+04	2.941486332043089078e+02
1.530000000000000000e+04	2.982256285895789460e+02
1.620000000000000000e+04	2.982256285895789460e+02
1.620000000000000000e+04	2.998952297013374846e+02
1.710000000000000000e+04	2.998952297013374846e+02
1.710000000000000000e+04	2.984424094472196316e+02
1.800000000000000000e+04	2.984424094472196316e+02
1.800000000000000000e+04	2.948641336860502520e+02
1.890000000000000000e+04	2.948641336860502520e+02
1.890000000000000000e+04	2.937596134639491652e+02
1.980000000000000000e+04	2.937596134639491652e+02
1.980000000000000000e+04	2.919420694959907792e+02
2.070000000000000000e+04	2.919420694959907792e+02
2.070000000000000000e+04	2.911499999999999773e+02
2.160000000000000000e+04	2.911499999999999773e+02
2.160000000000000000e+04	2.927446697172954941e+02
2.250000000000000000e+04	2.927446697172954941e+02
2.250000000000000000e+04	2.954296859433513305e+02
2.340000000000000000e+04	2.954296859433513305e+02
2.340000000000000000e+04	2.921256188171252575e+02
2.430000000000000000e+04	2.921256188171252575e+02
2.430000000000000000e+04	2.911499999999999773e+02
2.520000000000000000e+04	2.911499999999999773e+02
2.520000000000000000e+04	2.945149166913457748e+02
2.610000000000000000e+04	2.945149166913457748e+02
2.610000000000000000e+04	3.004036528351850848e+02
2.700000000000000000e+04	3.004036528351850848e+02
2.700000000000000000e+04	3.042725961579981231e+02
2.790000000000000000e+04	3.042725961579981231e+02
2.790000000000000000e+04	3.067726812518461657e+02
2.880000000000000000e+04	3.067726812518461657e+02
2.880000000000000000e+04	3.038708389406564265e+02
2.970000000000000000e+04	3.038708389406564265e+02
2.970000000000000000e+04	3.065763547016638313e+02
3.060000000000000000e+04	3.065763547016638313e+02
3.060000000000000000e+04	3.068087002977977136e+02
3.150000000000000000e+04	3.068087002977977136e+02
3.150000000000000000e+04	3.074815296033006575e+02
3.240000000000000000e+04	3.074815296033006575e+02
3.240000000000000000e+04	3.073655752410970194e+02
3.330000000000000000e+04	3.073655752410970194e+02
3.330000000000000000e+04	3.022302316551155741e+02
3.420000000000000000e+04	3.022302316551155741e+02
3.420000000000000000e+04	3.018836055133087939e+02
3.510000000000000000e+04	3.018836055133087939e+02
3.510000000000000000e+04	3.007676972189200910e+02
3.600000000000000000e+04	3.007676972189200910e+02
3.600000000000000000e+04	2.982630687736373716e+02
3.690000000000000000e+04	2.982630687736373716e+02
3.690000000000000000e+04	3.031076396913624649e+02
3.780000000000000000e+04	3.031076396913624649e+02
3.780000000000000000e+04	3.040542761353355559e+02
3.870000000000000000e+04	3.040542761353355559e+02
3.870000000000000000e+04	3.028801156011561488e+02
3.960000000000000000e+04	3.028801156011561488e+02
3.960000000000000000e+04	3.033244410928070920e+02
4.050000000000000000e+04	3.033244410928070920e+02
4.050000000000000000e+04	2.998374008221525742e+02
4.140000000000000000e+04	2.998374008221525742e+02
4.140000000000000000e+04	2.992662934483462891e+02
4.230000000000000000e+04	2.992662934483462891e+02
4.230000000000000000e+04	2.963238111165753708e+02
4.320000000000000000e+04	2.963238111165753708e+02
4.320000000000000000e+04	2.989345977534811141e+02
4.410000000000000000e+04	2.989345977534811141e+02
4.410000000000000000e+04	3.020606432699294146e+02
4.500000000000000000e+04	3.020606432699294146e+02
4.500000000000000000e+04	2.996906063175869122e+02
4.590000000000000000e+04	2.996906063175869122e+02
4.590000000000000000e+04	2.979857148061950625e+02
4.680000000000000000e+04	2.979857148061950625e+02
4.680000000000000000e+04	2.951876929819246698e+02
4.770000000000000000e+04	2.951876929819246698e+02
4.770000000000000000e+04	2.985036508063666929e+02
4.860000000000000000e+04	2.985036508063666929e+02
4.860000000000000000e+04	2.988852997064780652e+02
4.950000000000000000e+04	2.988852997064780652e+02
4.950000000000000000e+04	2.980173886912477883e+02
5.040000000000000000e+04	2.980173886912477883e+02
5.040000000000000000e+04	2.959027282342643730e+02
5.130000000000000000e+04	2.959027282342643730e+02
5.130000000000000000e+04	2.950834379460793002e+02
5.220000000000000000e+04	2.950834379460793002e+02
5.220000000000000000e+04	2.947893073156645301e+02
5.310000000000000000e+04	2.947893073156645301e+02
5.310000000000000000e+04	3.003618723838579285e+02
5.400000000000000000e+04	3.003618723838579285e+02
5.400000000000000000e+04	2.955789275098672420e+02
5.490000000000000000e+04	2.955789275098672420e+02
5.490000000000000000e+04	2.948668631272693119e+02
5.580000000000000000e+04	2.948668631272693119e+02
5.580000000000000000e+04	2.980891188555286817e+02
5.670000000000000000e+04	2.980891188555286817e+02
5.670000000000000000e+04	2.974330932474129554e+02
5.760000000000000000e+04	2.974330932474129554e+02
5.760000000000000000e+04	2.944874555737912942e+02
5.850000000000000000e+04	2.944874555737912942e+02
5.850000000000000000e+04	2.941336902984560879e+02
5.940000000000000000e+04	2.941336902984560879e+02
5.940000000000000000e+04	2.934143311404970405e+02
6.030000000000000000e+04	2.934143311404970405e+02
6.030000000000000000e+04	2.928791555088467362e+02
6.120000000000000000e+04	2.928791555088467362e+02
6.120000000000000000e+04	2.938976056372360972e+02
6.210000000000000000e+04	2.938976056372360972e+02
6.210000000000000000e+04	2.936480822286526973e+02
6.300000000000000000e+04	2.936480822286526973e+02
6.300000000000000000e+04	2.921728547141441936e+02
6.390000000000000000e+04	2.921728547141441936e+02
6.390000000000000000e+04	2.916169080277661010e+02
6.480000000000000000e+04	2.916169080277661010e+02
6.480000000000000000e+04	2.932823760733073186e+02
6.570000000000000000e+04	2.932823760733073186e+02
6.570000000000000000e+04	2.995570035887680547e+02
6.660000000000000000e+04	2.995570035887680547e+02
6.660000000000000000e+04	3.001480969990018366e+02
6.750000000000000000e+04	3.001480969990018366e+02
6.750000000000000000e+04	2.964875821179563218e+02
6.840000000000000000e+04	2.964875821179563218e+02
6.840000000000000000e+04	2.980785150477601064e+02
6.930000000000000000e+04	2.980785150477601064e+02
6.930000000000000000e+04	2.964300465001967382e+02
7.020000000000000000e+04	2.964300465001967382e+02
7.020000000000000000e+04	2.944354588259230354e+02
7.110000000000000000e+04	2.944354588259230354e+02
7.110000000000000000e+04	2.977143914960741995e+02
7.200000000000000000e+04	2.977143914960741995e+02
7.200000000000000000e+04	2.973769001380291570e+02
7.290000000000000000e+04	2.973769001380291570e+02
7.290000000000000000e+04	2.959037446962108788e+02
7.380000000000000000e+04	2.959037446962108788e+02
7.380000000000000000e+04	2.939794384475546849e+02
7.470000000000000000e+04	2.939794384475546849e+02
7.470000000000000000e+04	2.930249328973632146e+02
7.560000000000000000e+04	2.930249328973632146e+02
7.560000000000000000e+04	2.941649482698079510e+02
7.650000000000000000e+04	2.941649482698079510e+02
7.650000000000000000e+04	2.937008317294574908e+02
7.740000000000000000e+04	2.937008317294574908e+02
7.740000000000000000e+04	2.921327520027876972e+02
7.830000000000000000e+04	2.921327520027876972e+02
7.830000000000000000e+04	2.914948935499609775e+02
7.920000000000000000e+04	2.914948935499609775e+02
7.920000000000000000e+04	2.930189150100588336e+02
8.010000000000000000e+04	2.930189150100588336e+02
8.010000000000000000e+04	2.928397129500517053e+02
8.100000000000000000e+04	2.928397129500517053e+02
8.100000000000000000e+04	2.941410327738074670e+02
8.190000000000000000e+04	2.941410327738074670e+02
8.190000000000000000e+04	2.945230925490683944e+02
8.280000000000000000e+04	2.945230925490683944e+02
8.280000000000000000e+04	2.927589680569453208e+02
8.370000000000000000e+04	2.927589680569453208e+02
8.370000000000000000e+04	2.927332617830964523e+02
8.460000000000000000e+04	2.927332617830964523e+02
8.460000000000000000e+04	2.938709075427090056e+02
8.550000000000000000e+04	2.938709075427090056e+02
8.550000000000000000e+04	2.942334240261448599e+02
8.640000000000000000e+04	2.942334240261448599e+02
8.640000000000000000e+04	2.926067151782492601e+02
8.730000000000000000e+04	2.926067151782492601e+02
8.730000000000000000e+04	2.925835900289609981e+02
8.820000000000000000e+04	2.925835900289609981e+02
8.820000000000000000e+04	2.936829176290374903e+02
8.910000000000000000e+04	2.936829176290374903e+02
8.910000000000000000e+04	2.940343706860173825e+02
9.000000000000000000e+04	2.940343706860173825e+02
9.000000000000000000e+04	2.924515684561436046e+02
9.090000000000000000e+04	2.924515684561436046e+02
9.090000000000000000e+04	2.924264114364032139e+02
9.180000000000000000e+04	2.924264114364032139e+02
9.180000000000000000e+04	2.934979846905147269e+02
9.270000000000000000e+04	2.934979846905147269e+02
9.270000000000000000e+04	2.938396387479818372e+02
9.360000000000000000e+04	2.938396387479818372e+02
9.360000000000000000e+04	2.922868618432124777e+02
9.450000000000000000e+04	2.922868618432124777e+02
9.450000000000000000e+04	2.922597769868279443e+02
9.540000000000000000e+04	2.922597769868279443e+02
9.540000000000000000e+04	2.933081099960301685e+02
9.630000000000000000e+04	2.933081099960301685e+02
9.630000000000000000e+04	2.936419995325512105e+02
9.720000000000000000e+04	2.936419995325512105e+02
9.720000000000000000e+04	2.938826127789903921e+02
9.810000000000000000e+04	2.938826127789903921e+02
9.810000000000000000e+04	2.935294689166029229e+02
9.900000000000000000e+04	2.935294689166029229e+02
9.900000000000000000e+04	2.940654023342307823e+02
9.990000000000000000e+04	2.940654023342307823e+02
9.990000000000000000e+04	2.941752256406526271e+02
1.008000000000000000e+05	2.941752256406526271e+02
1.008000000000000000e+05	2.931695439733460944e+02
1.017000000000000000e+05	2.931695439733460944e+02
1.017000000000000000e+05	2.930075390665355712e+02
1.026000000000000000e+05	2.930075390665355712e+02
1.026000000000000000e+05	2.981948487508310563e+02
1.035000000000000000e+05	2.981948487508310563e+02
1.035000000000000000e+05	3.030166415015278290e+02
1.044000000000000000e+05	3.030166415015278290e+02
1.044000000000000000e+05	2.955751129447307903e+02
1.053000000000000000e+05	2.955751129447307903e+02
1.053000000000000000e+05	2.942529598421298829e+02
1.062000000000000000e+05	2.942529598421298829e+02
1.062000000000000000e+05	2.950949560463702710e+02
1.071000000000000000e+05	2.950949560463702710e+02
1.071000000000000000e+05	2.950692300275362072e+02
1.080000000000000000e+05	2.950692300275362072e+02
1.080000000000000000e+05	2.931035406038217843e+02
1.089000000000000000e+05	2.931035406038217843e+02
1.089000000000000000e+05	2.925068585968593311e+02
1.098000000000000000e+05	2.925068585968593311e+02
1.098000000000000000e+05	2.911499999999999204e+02
1.107000000000000000e+05	2.911499999999999204e+02
1.107000000000000000e+05	2.952643360688363714e+02
1.116000000000000000e+05	2.952643360688363714e+02
1.116000000000000000e+05	2.952497732235899548e+02
1.125000000000000000e+05	2.952497732235899548e+02
1.125000000000000000e+05	3.002019403927876056e+02
1.134000000000000000e+05	3.002019403927876056e+02
1.134000000000000000e+05	3.046012408078941576e+02
1.143000000000000000e+05	3.046012408078941576e+02
1.143000000000000000e+05	3.071254669019729135e+02
1.152000000000000000e+05	3.071254669019729135e+02
1.152000000000000000e+05	3.043739864391383207e+02
1.161000000000000000e+05	3.043739864391383207e+02
1.161000000000000000e+05	3.069899961564003092e+02
1.170000000000000000e+05	3.069899961564003092e+02
1.170000000000000000e+05	3.070745784582831561e+02
1.179000000000000000e+05	3.070745784582831561e+02
1.179000000000000000e+05	3.076764594735116702e+02
1.188000000000000000e+05	3.076764594735116702e+02
1.188000000000000000e+05	3.075292926737611197e+02
1.197000000000000000e+05	3.075292926737611197e+02
1.197000000000000000e+05	3.023276859544473609e+02
1.206000000000000000e+05	3.023276859544473609e+02
1.206000000000000000e+05	3.053958821627101656e+02
1.215000000000000000e+05	3.053958821627101656e+02
1.215000000000000000e+05	3.039792704765592362e+02
1.224000000000000000e+05	3.039792704765592362e+02
1.224000000000000000e+05	3.038415426095911016e+02
1.233000000000000000e+05	3.038415426095911016e+02
1.233000000000000000e+05	3.001202923850257207e+02
1.242000000000000000e+05	3.001202923850257207e+02
1.242000000000000000e+05	3.006218061118768219e+02
1.251000000000000000e+05	3.006218061118768219e+02
1.251000000000000000e+05	3.005906851500116090e+02
1.260000000000000000e+05	3.005906851500116090e+02
1.260000000000000000e+05	3.002768122086359313e+02
1.269000000000000000e+05	3.002768122086359313e+02
1.269000000000000000e+05	3.005567037178018950e+02
1.278000000000000000e+05	3.005567037178018950e+02
1.278000000000000000e+05	3.017379171004134264e+02
1.287000000000000000e+05	3.017379171004134264e+02
1.287000000000000000e+05	3.029030371055055753e+02
1.296000000000000000e+05	3.029030371055055753e+02
1.296000000000000000e+05	2.998380089275955811e+02
1.305000000000000000e+05	2.998380089275955811e+02
1.305000000000000000e+05	2.979001238071397211e+02
1.314000000000000000e+05	2.979001238071397211e+02
1.314000000000000000e+05	2.977560814116050096e+02
1.323000000000000000e+05	2.977560814116050096e+02
1.323000000000000000e+05	3.003862868022844737e+02
1.332000000000000000e+05	3.003862868022844737e+02
1.332000000000000000e+05	2.978239545480203674e+02
1.341000000000000000e+05	2.978239545480203674e+02
1.341000000000000000e+05	2.965009370420715982e+02
1.350000000000000000e+05	2.965009370420715982e+02
1.350000000000000000e+05	2.961614678531747700e+02
1.359000000000000000e+05	2.961614678531747700e+02
1.359000000000000000e+05	2.988318539451264542e+02
1.368000000000000000e+05	2.988318539451264542e+02
1.368000000000000000e+05	2.952765995249325783e+02
1.377000000000000000e+05	2.952765995249325783e+02
1.377000000000000000e+05	2.946031325340292710e+02
1.386000000000000000e+05	2.946031325340292710e+02
1.386000000000000000e+05	2.971446957051906566e+02
1.395000000000000000e+05	2.971446957051906566e+02
1.395000000000000000e+05	2.998281556267288011e+02
1.404000000000000000e+05	2.998281556267288011e+02
1.404000000000000000e+05	2.958154603995416210e+02
1.413000000000000000e+05	2.958154603995416210e+02
1.413000000000000000e+05	2.987919419715002505e+02
1.422000000000000000e+05	2.987919419715002505e+02
1.422000000000000000e+05	2.981088916994075930e+02
1.431000000000000000e+05	2.981088916994075930e+02
1.431000000000000000e+05	2.976910953728857976e+02
1.440000000000000000e+05	2.976910953728857976e+02
1.440000000000000000e+05	2.945585572375555330e+02
1.449000000000000000e+05	2.945585572375555330e+02
1.449000000000000000e+05	2.941229377115484453e+02
1.458000000000000000e+05	2.941229377115484453e+02
1.458000000000000000e+05	2.931961814163716440e+02
1.467000000000000000e+05	2.931961814163716440e+02
1.467000000000000000e+05	2.927163194331385512e+02
1.476000000000000000e+05	2.927163194331385512e+02
1.476000000000000000e+05	2.935437713418380099e+02
1.485000000000000000e+05	2.935437713418380099e+02
1.485000000000000000e+05	2.933907395106702438e+02
1.494000000000000000e+05	2.933907395106702438e+02
1.494000000000000000e+05	2.962499350704572976e+02
1.503000000000000000e+05	2.962499350704572976e+02
1.503000000000000000e+05	2.939786967486245999e+02
1.512000000000000000e+05	2.939786967486245999e+02
1.512000000000000000e+05	2.971560623475465377e+02
1.521000000000000000e+05	2.971560623475465377e+02
1.521000000000000000e+05	2.959030078019778784e+02
1.530000000000000000e+05	2.959030078019778784e+02
1.530000000000000000e+05	2.972199334331218665e+02
1.539000000000000000e+05	2.972199334331218665e+02
1.539000000000000000e+05	2.958539399356990316e+02
1.548000000000000000e+05	2.958539399356990316e+02
1.548000000000000000e+05	2.944473159425346012e+02
1.557000000000000000e+05	2.944473159425346012e+02
1.557000000000000000e+05	3.003500604708229957e+02
1.566000000000000000e+05	3.003500604708229957e+02
1.566000000000000000e+05	2.967050445088945025e+02
1.575000000000000000e+05	2.967050445088945025e+02
1.575000000000000000e+05	2.957190975481682358e+02
1.584000000000000000e+05	2.957190975481682358e+02
1.584000000000000000e+05	2.938284071921492568e+02
1.593000000000000000e+05	2.938284071921492568e+02
1.593000000000000000e+05	2.986947299107471281e+02
1.602000000000000000e+05	2.986947299107471281e+02
1.602000000000000000e+05	2.947722456306834715e+02
1.611000000000000000e+05	2.947722456306834715e+02
1.611000000000000000e+05	2.933773019856058681e+02
1.620000000000000000e+05	2.933773019856058681e+02
1.620000000000000000e+05	2.932462004549873313e+02
1.629000000000000000e+05	2.932462004549873313e+02
1.629000000000000000e+05	2.930295026980005559e+02
1.638000000000000000e+05	2.930295026980005559e+02
1.638000000000000000e+05	2.915592883126004722e+02
1.647000000000000000e+05	2.915592883126004722e+02
1.647000000000000000e+05	2.911499999999999773e+02
1.656000000000000000e+05	2.911499999999999773e+02
1.656000000000000000e+05	2.927802882988448800e+02
1.665000000000000000e+05	2.927802882988448800e+02
1.665000000000000000e+05	2.924863575631517847e+02
1.674000000000000000e+05	2.924863575631517847e+02
1.674000000000000000e+05	2.938103191462842005e+02
1.683000000000000000e+05	2.938103191462842005e+02
1.683000000000000000e+05	2.942399371783573088e+02
1.692000000000000000e+05	2.942399371783573088e+02
1.692000000000000000e+05	2.925866151810646443e+02
1.701000000000000000e+05	2.925866151810646443e+02
1.701000000000000000e+05	2.925679287804999262e+02
1.710000000000000000e+05	2.925679287804999262e+02
1.710000000000000000e+05	2.937732719327876225e+02
1.719000000000000000e+05	2.937732719327876225e+02
1.719000000000000000e+05	2.941621072869409659e+02
1.728000000000000000e+05	2.941621072869409659e+02
1.728000000000000000e+05	2.924713618152123900e+02
1.737000000000000000e+05	2.924713618152123900e+02
1.737000000000000000e+05	2.924541858777485004e+02
1.746000000000000000e+05	2.924541858777485004e+02
1.746000000000000000e+05	2.936295217935753499e+02
1.755000000000000000e+05	2.936295217935753499e+02
1.755000000000000000e+05	2.940097607756555931e+02
1.764000000000000000e+05	2.940097607756555931e+02
1.764000000000000000e+05	2.923530106108802329e+02
1.773000000000000000e+05	2.923530106108802329e+02
1.773000000000000000e+05	2.923343317533588106e+02
1.782000000000000000e+05	2.923343317533588106e+02
1.782000000000000000e+05	2.934886295476707119e+02
1.791000000000000000e+05	2.934886295476707119e+02
1.791000000000000000e+05	2.938615884246931955e+02
1.800000000000000000e+05	2.938615884246931955e+02
1.800000000000000000e+05	2.922275328130476737e+02
1.809000000000000000e+05	2.922275328130476737e+02
1.809000000000000000e+05	2.922075448413601180e+02
1.818000000000000000e+05	2.922075448413601180e+02
1.818000000000000000e+05	2.933449941756753105e+02
1.827000000000000000e+05	2.933449941756753105e+02
1.827000000000000000e+05	2.937123628594007414e+02
1.836000000000000000e+05	2.937123628594007414e+02
1.836000000000000000e+05	2.920972622840014310e+02
1.845000000000000000e+05	2.920972622840014310e+02
1.845000000000000000e+05	2.920765682866320958e+02
1.854000000000000000e+05	2.920765682866320958e+02
1.854000000000000000e+05	2.932016577242479798e+02
1.863000000000000000e+05	2.932016577242479798e+02
1.863000000000000000e+05	2.935648886942131526e+02
1.872000000000000000e+05	2.935648886942131526e+02
1.872000000000000000e+05	2.919636591754965593e+02
1.881000000000000000e+05	2.919636591754965593e+02
1.881000000000000000e+05	2.919419804724856249e+02
1.890000000000000000e+05	2.919419804724856249e+02
1.890000000000000000e+05	2.930569305173976318e+02
1.899000000000000000e+05	2.930569305173976318e+02
1.899000000000000000e+05	2.931335065483779090e+02
1.908000000000000000e+05	2.931335065483779090e+02
1.908000000000000000e+05	2.918257778407743217e+02
1.917000000000000000e+05	2.918257778407743217e+02
1.917000000000000000e+05	2.980218262659618631e+02
1.926000000000000000e+05	2.980218262659618631e+02
1.926000000000000000e+05	2.935096065010202437e+02
1.935000000000000000e+05	2.935096065010202437e+02
1.935000000000000000e+05	2.927272964509930375e+02
1.944000000000000000e+05	2.927272964509930375e+02
1.944000000000000000e+05	2.926922489539168168e+02
1.953000000000000000e+05	2.926922489539168168e+02
1.953000000000000000e+05	2.936945756307431452e+02
1.962000000000000000e+05	2.936945756307431452e+02
1.962000000000000000e+05	2.915818078120703376e+02
1.971000000000000000e+05	2.915818078120703376e+02
1.971000000000000000e+05	2.911499999999999773e+02
1.980000000000000000e+05	2.911499999999999773e+02
1.980000000000000000e+05	2.960610290030620035e+02
1.989000000000000000e+05	2.960610290030620035e+02
1.989000000000000000e+05	3.017897931487268579e+02
1.998000000000000000e+05	3.017897931487268579e+02
1.998000000000000000e+05	3.051372794691485524e+02
2.007000000000000000e+05	3.051372794691485524e+02
2.007000000000000000e+05	3.074319711093415890e+02
2.016000000000000000e+05	3.074319711093415890e+02
2.016000000000000000e+05	3.045632070206860931e+02
2.025000000000000000e+05	3.045632070206860931e+02
2.025000000000000000e+05	3.071095147650896138e+02
2.034000000000000000e+05	3.071095147650896138e+02
2.034000000000000000e+05	3.072290273076575886e+02
2.043000000000000000e+05	3.072290273076575886e+02
2.043000000000000000e+05	3.057886770674696777e+02
2.052000000000000000e+05	3.057886770674696777e+02
2.052000000000000000e+05	3.063104142126720717e+02
2.061000000000000000e+05	3.063104142126720717e+02
2.061000000000000000e+05	3.043049955481837969e+02
2.070000000000000000e+05	3.043049955481837969e+02
2.070000000000000000e+05	3.033341995728889628e+02
2.079000000000000000e+05	3.033341995728889628e+02
2.079000000000000000e+05	3.030209713448599587e+02
2.088000000000000000e+05	3.030209713448599587e+02
2.088000000000000000e+05	3.026590451428266988e+02
2.097000000000000000e+05	3.026590451428266988e+02
2.097000000000000000e+05	2.993081118806421728e+02
2.106000000000000000e+05	2.993081118806421728e+02
2.106000000000000000e+05	3.002791157070880672e+02
2.115000000000000000e+05	3.002791157070880672e+02
2.115000000000000000e+05	3.004938512142724107e+02
2.124000000000000000e+05	3.004938512142724107e+02
2.124000000000000000e+05	3.003304393084179651e+02
2.133000000000000000e+05	3.003304393084179651e+02
2.133000000000000000e+05	3.014930511358404601e+02
2.142000000000000000e+05	3.014930511358404601e+02
2.142000000000000000e+05	3.034300633683766932e+02
2.151000000000000000e+05	3.034300633683766932e+02
2.151000000000000000e+05	3.012898297896541635e+02
2.160000000000000000e+05	3.012898297896541635e+02
2.160000000000000000e+05	2.972530766383012519e+02
2.169000000000000000e+05	2.972530766383012519e+02
2.169000000000000000e+05	2.989679151699762656e+02
2.178000000000000000e+05	2.989679151699762656e+02
2.178000000000000000e+05	2.961646430454107417e+02
2.187000000000000000e+05	2.961646430454107417e+02
2.187000000000000000e+05	2.982997923859357456e+02
2.196000000000000000e+05	2.982997923859357456e+02
2.196000000000000000e+05	2.978267773517227965e+02
2.205000000000000000e+05	2.978267773517227965e+02
2.205000000000000000e+05	2.961492725295956916e+02
2.214000000000000000e+05	2.961492725295956916e+02
2.214000000000000000e+05	2.942227669394995360e+02
2.223000000000000000e+05	2.942227669394995360e+02
2.223000000000000000e+05	2.996532750824745790e+02
2.232000000000000000e+05	2.996532750824745790e+02
2.232000000000000000e+05	2.957731421775217200e+02
2.241000000000000000e+05	2.957731421775217200e+02
2.241000000000000000e+05	2.995220846843911886e+02
2.250000000000000000e+05	2.995220846843911886e+02
2.250000000000000000e+05	2.963842410810825072e+02
2.259000000000000000e+05	2.963842410810825072e+02
2.259000000000000000e+05	2.951722356998546388e+02
2.268000000000000000e+05	2.951722356998546388e+02
2.268000000000000000e+05	2.950618801732414909e+02
2.277000000000000000e+05	2.950618801732414909e+02
2.277000000000000000e+05	2.994976077024874144e+02
2.286000000000000000e+05	2.994976077024874144e+02
2.286000000000000000e+05	2.977287892446923934e+02
2.295000000000000000e+05	2.977287892446923934e+02
2.295000000000000000e+05	2.968819332077969761e+02
2.304000000000000000e+05	2.968819332077969761e+02
2.304000000000000000e+05	2.954545346681637170e+02
2.313000000000000000e+05	2.954545346681637170e+02
2.313000000000000000e+05	2.946959437076855579e+02
2.322000000000000000e+05	2.946959437076855579e+02
2.322000000000000000e+05	2.930166488519269024e+02
2.331000000000000000e+05	2.930166488519269024e+02
2.331000000000000000e+05	2.954824854060204871e+02
2.340000000000000000e+05	2.954824854060204871e+02
2.340000000000000000e+05	2.957518411016177424e+02
2.349000000000000000e+05	2.957518411016177424e+02
2.349000000000000000e+05	2.948687954781012195e+02
2.358000000000000000e+05	2.948687954781012195e+02
2.358000000000000000e+05	2.995474332934317090e+02
2.367000000000000000e+05	2.995474332934317090e+02
2.367000000000000000e+05	2.975650547436268312e+02
2.376000000000000000e+05	2.975650547436268312e+02
2.376000000000000000e+05	2.954628402913062928e+02
2.385000000000000000e+05	2.954628402913062928e+02
2.385000000000000000e+05	3.010623581735183620e+02
2.394000000000000000e+05	3.010623581735183620e+02
2.394000000000000000e+05	2.964194650123092174e+02
2.403000000000000000e+05	2.964194650123092174e+02
2.403000000000000000e+05	2.982362393466165713e+02
2.412000000000000000e+05	2.982362393466165713e+02
2.412000000000000000e+05	2.953840920928602714e+02
2.421000000000000000e+05	2.953840920928602714e+02
2.421000000000000000e+05	3.009769216922658188e+02
2.430000000000000000e+05	3.009769216922658188e+02
2.430000000000000000e+05	2.978188168516775249e+02
2.439000000000000000e+05	2.978188168516775249e+02
2.439000000000000000e+05	2.990812856371925363e+02
2.448000000000000000e+05	2.990812856371925363e+02
2.448000000000000000e+05	2.987405055631159598e+02
2.457000000000000000e+05	2.987405055631159598e+02
2.457000000000000000e+05	2.967679718366279076e+02
2.466000000000000000e+05	2.967679718366279076e+02
2.466000000000000000e+05	2.947689075700558874e+02
2.475000000000000000e+05	2.947689075700558874e+02
2.475000000000000000e+05	2.936459870008833946e+02
2.484000000000000000e+05	2.936459870008833946e+02
2.484000000000000000e+05	2.955712604112019335e+02
2.493000000000000000e+05	2.955712604112019335e+02
2.493000000000000000e+05	2.946933604347127584e+02
2.502000000000000000e+05	2.946933604347127584e+02
2.502000000000000000e+05	2.929756036352366095e+02
2.511000000000000000e+05	2.929756036352366095e+02
2.511000000000000000e+05	2.921962850764464861e+02
2.520000000000000000e+05	2.921962850764464861e+02
2.520000000000000000e+05	2.935348578359608496e+02
2.529000000000000000e+05	2.935348578359608496e+02
2.529000000000000000e+05	2.932350235352875529e+02
2.538000000000000000e+05	2.932350235352875529e+02
2.538000000000000000e+05	2.944905734767308445e+02
2.547000000000000000e+05	2.944905734767308445e+02
2.547000000000000000e+05	2.948311283932710012e+02
2.556000000000000000e+05	2.948311283932710012e+02
2.556000000000000000e+05	2.931313521518306970e+02
2.565000000000000000e+05	2.931313521518306970e+02
2.565000000000000000e+05	2.930973320878869686e+02
2.574000000000000000e+05	2.930973320878869686e+02
2.574000000000000000e+05	2.941408605656765758e+02
2.583000000000000000e+05	2.941408605656765758e+02
2.583000000000000000e+05	2.944707706063296087e+02
2.592000000000000000e+05	2.944707706063296087e+02
2.592000000000000000e+05	2.929543495418728867e+02
2.601000000000000000e+05	2.929543495418728867e+02
2.601000000000000000e+05	2.929271169678941078e+02
2.610000000000000000e+05	2.929271169678941078e+02
2.610000000000000000e+05	2.939488462520853886e+02
2.619000000000000000e+05	2.939488462520853886e+02
2.619000000000000000e+05	2.942746352900693410e+02
2.628000000000000000e+05	2.942746352900693410e+02
2.628000000000000000e+05	2.927849245593207570e+02
2.637000000000000000e+05	2.927849245593207570e+02
2.637000000000000000e+05	2.927569232999230735e+02
2.646000000000000000e+05	2.927569232999230735e+02
2.646000000000000000e+05	2.937688724156280955e+02
2.655000000000000000e+05	2.937688724156280955e+02
2.655000000000000000e+05	2.940914532171850624e+02
2.664000000000000000e+05	2.940914532171850624e+02
2.664000000000000000e+05	2.926118197591914054e+02
2.673000000000000000e+05	2.926118197591914054e+02
2.673000000000000000e+05	2.925828048718432797e+02
2.682000000000000000e+05	2.925828048718432797e+02
2.682000000000000000e+05	2.935886219748273902e+02
2.691000000000000000e+05	2.935886219748273902e+02
2.691000000000000000e+05	2.939090665258451054e+02
2.700000000000000000e+05	2.939090665258451054e+02
2.700000000000000000e+05	2.924355123117852600e+02
2.709000000000000000e+05	2.924355123117852600e+02
2.709000000000000000e+05	2.924059014640424152e+02
2.718000000000000000e+05	2.924059014640424152e+02
2.718000000000000000e+05	2.934082412352396432e+02
2.727000000000000000e+05	2.934082412352396432e+02
2.727000000000000000e+05	2.937276285290784017e+02
2.736000000000000000e+05	2.937276285290784017e+02
2.736000000000000000e+05	2.922578297097110180e+02
2.745000000000000000e+05	2.922578297097110180e+02
2.745000000000000000e+05	2.922279232390812922e+02
2.754000000000000000e+05	2.922279232390812922e+02
2.754000000000000000e+05	2.932289938205326507e+02
2.763000000000000000e+05	2.932289938205326507e+02
2.763000000000000000e+05	2.934634506347541674e+02
2.772000000000000000e+05	2.934634506347541674e+02
2.772000000000000000e+05	2.920795978096335261e+02
2.781000000000000000e+05	2.920795978096335261e+02
2.781000000000000000e+05	2.920494055213305842e+02
2.790000000000000000e+05	2.920494055213305842e+02
2.790000000000000000e+05	2.921536074404211263e+02
2.799000000000000000e+05	2.921536074404211263e+02
2.799000000000000000e+05	2.911499999999999773e+02
2.808000000000000000e+05	2.911499999999999773e+02
2.808000000000000000e+05	2.917001210198478702e+02
2.817000000000000000e+05	2.917001210198478702e+02
2.817000000000000000e+05	2.915043430526000066e+02
2.826000000000000000e+05	2.915043430526000066e+02
2.826000000000000000e+05	2.927459930033285218e+02
2.835000000000000000e+05	2.927459930033285218e+02
2.835000000000000000e+05	2.931588757435942512e+02
2.844000000000000000e+05	2.931588757435942512e+02
2.844000000000000000e+05	2.959174209453983053e+02
2.853000000000000000e+05	2.959174209453983053e+02
2.853000000000000000e+05	3.016245135184929609e+02
2.862000000000000000e+05	3.016245135184929609e+02
2.862000000000000000e+05	3.049564478218235308e+02
2.871000000000000000e+05	3.049564478218235308e+02
2.871000000000000000e+05	3.072622667115823560e+02
2.880000000000000000e+05	3.072622667115823560e+02
2.880000000000000000e+05	3.045997926923373598e+02
2.889000000000000000e+05	3.045997926923373598e+02
2.889000000000000000e+05	3.071767539975714385e+02
2.898000000000000000e+05	3.071767539975714385e+02
2.898000000000000000e+05	3.072098136758074816e+02
2.907000000000000000e+05	3.072098136758074816e+02
2.907000000000000000e+05	3.077862550167385507e+02
2.916000000000000000e+05	3.077862550167385507e+02
2.916000000000000000e+05	3.067389269913552425e+02
2.925000000000000000e+05	3.067389269913552425e+02
2.925000000000000000e+05	3.045154697166290134e+02
2.934000000000000000e+05	3.045154697166290134e+02
2.934000000000000000e+05	3.039870843678579604e+02
2.943000000000000000e+05	3.039870843678579604e+02
2.943000000000000000e+05	3.037671912532887291e+02
2.952000000000000000e+05	3.037671912532887291e+02
2.952000000000000000e+05	3.034650268384618812e+02
2.961000000000000000e+05	3.034650268384618812e+02
2.961000000000000000e+05	2.998035087595453092e+02
2.970000000000000000e+05	2.998035087595453092e+02
2.970000000000000000e+05	3.009042625676022453e+02
2.979000000000000000e+05	3.009042625676022453e+02
2.979000000000000000e+05	3.025694743073961490e+02
2.988000000000000000e+05	3.025694743073961490e+02
2.988000000000000000e+05	2.980290660993495067e+02
2.997000000000000000e+05	2.980290660993495067e+02
2.997000000000000000e+05	3.021217508765112143e+02
3.006000000000000000e+05	3.021217508765112143e+02
3.006000000000000000e+05	3.005711600505920273e+02
3.015000000000000000e+05	3.005711600505920273e+02
3.015000000000000000e+05	3.019091921335063944e+02
3.024000000000000000e+05	3.019091921335063944e+02
3.024000000000000000e+05	2.989885852080757331e+02
3.033000000000000000e+05	2.989885852080757331e+02
3.033000000000000000e+05	2.970383756670656226e+02
3.042000000000000000e+05	2.970383756670656226e+02
3.042000000000000000e+05	2.954127815933571810e+02
3.051000000000000000e+05	2.954127815933571810e+02
3.051000000000000000e+05	2.989802507646474510e+02
3.060000000000000000e+05	2.989802507646474510e+02
3.060000000000000000e+05	2.955477384247849386e+02
3.069000000000000000e+05	2.955477384247849386e+02
3.069000000000000000e+05	2.998560658319038339e+02
3.078000000000000000e+05	2.998560658319038339e+02
3.078000000000000000e+05	2.993347462523229865e+02
3.087000000000000000e+05	2.993347462523229865e+02
3.087000000000000000e+05	3.019019980668895755e+02
3.096000000000000000e+05	3.019019980668895755e+02
3.096000000000000000e+05	2.984810218791796501e+02
3.105000000000000000e+05	2.984810218791796501e+02
3.105000000000000000e+05	2.968872303896678204e+02
3.114000000000000000e+05	2.968872303896678204e+02
3.114000000000000000e+05	3.004693310304521674e+02
3.123000000000000000e+05	3.004693310304521674e+02
3.123000000000000000e+05	2.990315039507481174e+02
3.132000000000000000e+05	2.990315039507481174e+02
3.132000000000000000e+05	2.956640768034387179e+02
3.141000000000000000e+05	2.956640768034387179e+02
3.141000000000000000e+05	2.948683012936055547e+02
3.150000000000000000e+05	2.948683012936055547e+02
3.150000000000000000e+05	2.935572267951738468e+02
3.159000000000000000e+05	2.935572267951738468e+02
3.159000000000000000e+05	2.925757371520334118e+02
3.168000000000000000e+05	2.925757371520334118e+02
3.168000000000000000e+05	2.938742802365890157e+02
3.177000000000000000e+05	2.938742802365890157e+02
3.177000000000000000e+05	2.981144393374852370e+02
3.186000000000000000e+05	2.981144393374852370e+02
3.186000000000000000e+05	2.945587782548380460e+02
3.195000000000000000e+05	2.945587782548380460e+02
3.195000000000000000e+05	2.939160491071944534e+02
3.204000000000000000e+05	2.939160491071944534e+02
3.204000000000000000e+05	2.939615239697363904e+02
3.213000000000000000e+05	2.939615239697363904e+02
3.213000000000000000e+05	3.000001096909406328e+02
3.222000000000000000e+05	3.000001096909406328e+02
3.222000000000000000e+05	2.964661552826445359e+02
3.231000000000000000e+05	2.964661552826445359e+02
3.231000000000000000e+05	2.948037718860272207e+02
3.240000000000000000e+05	2.948037718860272207e+02
3.240000000000000000e+05	2.937181625516984127e+02
3.249000000000000000e+05	2.937181625516984127e+02
3.249000000000000000e+05	2.998192508582579308e+02
3.258000000000000000e+05	2.998192508582579308e+02
3.258000000000000000e+05	3.007752232280280396e+02
3.267000000000000000e+05	3.007752232280280396e+02
3.267000000000000000e+05	2.967636776573991710e+02
3.276000000000000000e+05	2.967636776573991710e+02
3.276000000000000000e+05	2.980046316347248876e+02
3.285000000000000000e+05	2.980046316347248876e+02
3.285000000000000000e+05	3.004989755383825241e+02
3.294000000000000000e+05	3.004989755383825241e+02
3.294000000000000000e+05	3.020509448851837533e+02
3.303000000000000000e+05	3.020509448851837533e+02
3.303000000000000000e+05	3.001022290574391604e+02
3.312000000000000000e+05	3.001022290574391604e+02
3.312000000000000000e+05	2.963452040477989726e+02
3.321000000000000000e+05	2.963452040477989726e+02
3.321000000000000000e+05	2.984632247626441881e+02
3.330000000000000000e+05	2.984632247626441881e+02
3.330000000000000000e+05	2.951603710216430159e+02
3.339000000000000000e+05	2.951603710216430159e+02
3.339000000000000000e+05	2.937989447134143006e+02
3.348000000000000000e+05	2.937989447134143006e+02
3.348000000000000000e+05	2.943319492595899760e+02
3.357000000000000000e+05	2.943319492595899760e+02
3.357000000000000000e+05	2.937969592034048105e+02
3.366000000000000000e+05	2.937969592034048105e+02
3.366000000000000000e+05	2.922026136175351212e+02
3.375000000000000000e+05	2.922026136175351212e+02
3.375000000000000000e+05	2.915416924542100219e+02
3.384000000000000000e+05	2.915416924542100219e+02
3.384000000000000000e+05	2.930461474658194447e+02
3.393000000000000000e+05	2.930461474658194447e+02
3.393000000000000000e+05	2.928507765133847442e+02
3.402000000000000000e+05	2.928507765133847442e+02
3.402000000000000000e+05	2.941473510581671462e+02
3.411000000000000000e+05	2.941473510581671462e+02
3.411000000000000000e+05	2.945258633120070044e+02
3.420000000000000000e+05	2.945258633120070044e+02
3.420000000000000000e+05	2.927765045366047048e+02
3.429000000000000000e+05	2.927765045366047048e+02
3.429000000000000000e+05	2.927512272874360519e+02
3.438000000000000000e+05	2.927512272874360519e+02
3.438000000000000000e+05	2.938863307683859603e+02
3.447000000000000000e+05	2.938863307683859603e+02
3.447000000000000000e+05	2.942495608302497772e+02
3.456000000000000000e+05	2.942495608302497772e+02
3.456000000000000000e+05	2.926330204600096749e+02
3.465000000000000000e+05	2.926330204600096749e+02
3.465000000000000000e+05	2.926113750553530508e+02
3.474000000000000000e+05	2.926113750553530508e+02
3.474000000000000000e+05	2.937189997337969203e+02
3.483000000000000000e+05	2.937189997337969203e+02
3.483000000000000000e+05	2.940752702362826199e+02
3.492000000000000000e+05	2.940752702362826199e+02
3.492000000000000000e+05	2.924911324762471168e+02
3.501000000000000000e+05	2.924911324762471168e+02
3.501000000000000000e+05	2.924683863644834787e+02
3.510000000000000000e+05	2.924683863644834787e+02
3.510000000000000000e+05	2.935596540513557215e+02
3.519000000000000000e+05	2.935596540513557215e+02
3.519000000000000000e+05	2.939103192305715311e+02
3.528000000000000000e+05	2.939103192305715311e+02
3.528000000000000000e+05	2.923438256918925617e+02
3.537000000000000000e+05	2.923438256918925617e+02
3.537000000000000000e+05	2.923196913601543656e+02
3.546000000000000000e+05	2.923196913601543656e+02
3.546000000000000000e+05	2.933981872952307413e+02
3.555000000000000000e+05	2.933981872952307413e+02
3.555000000000000000e+05	2.937442976247595539e+02
3.564000000000000000e+05	2.937442976247595539e+02
3.564000000000000000e+05	2.921914685249919899e+02
3.573000000000000000e+05	2.921914685249919899e+02
3.573000000000000000e+05	2.921664626226857990e+02
3.582000000000000000e+05	2.921664626226857990e+02
3.582000000000000000e+05	2.932352305178044958e+02
3.591000000000000000e+05	2.932352305178044958e+02
3.591000000000000000e+05	2.935782798258830439e+02
3.600000000000000000e+05	2.935782798258830439e+02
3.600000000000000000e+05	2.920367672191426323e+02
3.609000000000000000e+05	2.920367672191426323e+02
3.609000000000000000e+05	2.920114298023071910e+02
3.618000000000000000e+05	2.920114298023071910e+02
3.618000000000000000e+05	2.943818822309567622e+02
3.627000000000000000e+05	2.943818822309567622e+02
3.627000000000000000e+05	2.969045128429040119e+02
3.636000000000000000e+05	2.969045128429040119e+02
3.636000000000000000e+05	2.937208186687116722e+02
3.645000000000000000e+05	2.937208186687116722e+02
3.645000000000000000e+05	2.956755620268584153e+02
3.654000000000000000e+05	2.956755620268584153e+02
3.654000000000000000e+05	2.929872883339077703e+02
3.663000000000000000e+05	2.929872883339077703e+02
3.663000000000000000e+05	2.925602644669090182e+02
3.672000000000000000e+05	2.925602644669090182e+02
3.672000000000000000e+05	2.921916489528962302e+02
3.681000000000000000e+05	2.921916489528962302e+02
3.681000000000000000e+05	2.919147830244087913e+02
3.690000000000000000e+05	2.919147830244087913e+02
3.690000000000000000e+05	2.923331221197055356e+02
3.699000000000000000e+05	2.923331221197055356e+02
3.699000000000000000e+05	2.911499999999999773e+02
3.708000000000000000e+05	2.911499999999999773e+02
3.708000000000000000e+05	2.960951404791528034e+02
3.717000000000000000e+05	2.960951404791528034e+02
3.717000000000000000e+05	3.017840538024099715e+02
3.726000000000000000e+05	3.017840538024099715e+02
3.726000000000000000e+05	3.051846545222447844e+02
3.735000000000000000e+05	3.051846545222447844e+02
3.735000000000000000e+05	3.074862080343468733e+02
3.744000000000000000e+05	3.074862080343468733e+02
3.744000000000000000e+05	3.045158915483987698e+02
3.753000000000000000e+05	3.045158915483987698e+02
3.753000000000000000e+05	3.070548566065762657e+02
3.762000000000000000e+05	3.070548566065762657e+02
3.762000000000000000e+05	3.072205495740159904e+02
3.771000000000000000e+05	3.072205495740159904e+02
3.771000000000000000e+05	3.057886770674696777e+02
3.780000000000000000e+05	3.057886770674696777e+02
3.780000000000000000e+05	3.063153895800394935e+02
3.789000000000000000e+05	3.063153895800394935e+02
3.789000000000000000e+05	3.016269731848233278e+02
3.798000000000000000e+05	3.016269731848233278e+02
3.798000000000000000e+05	2.986324174224528178e+02
3.807000000000000000e+05	2.986324174224528178e+02
3.807000000000000000e+05	3.030963515864204965e+02
3.816000000000000000e+05	3.030963515864204965e+02
3.816000000000000000e+05	3.021284964305219205e+02
3.825000000000000000e+05	3.021284964305219205e+02
3.825000000000000000e+05	3.051292336731893329e+02
3.834000000000000000e+05	3.051292336731893329e+02
3.834000000000000000e+05	3.009642122192257716e+02
3.843000000000000000e+05	3.009642122192257716e+02
3.843000000000000000e+05	2.982532838651279690e+02
3.852000000000000000e+05	2.982532838651279690e+02
3.852000000000000000e+05	2.991766526170951579e+02
3.861000000000000000e+05	2.991766526170951579e+02
3.861000000000000000e+05	3.011041661675757268e+02
3.870000000000000000e+05	3.011041661675757268e+02
3.870000000000000000e+05	2.974800380307016212e+02
3.879000000000000000e+05	2.974800380307016212e+02
3.879000000000000000e+05	2.982986530749378176e+02
3.888000000000000000e+05	2.982986530749378176e+02
3.888000000000000000e+05	2.979000785563229670e+02
3.897000000000000000e+05	2.979000785563229670e+02
3.897000000000000000e+05	3.003597188372821165e+02
3.906000000000000000e+05	3.003597188372821165e+02
3.906000000000000000e+05	2.968458939235224534e+02
3.915000000000000000e+05	2.968458939235224534e+02
3.915000000000000000e+05	2.999617276324551085e+02
3.924000000000000000e+05	2.999617276324551085e+02
3.924000000000000000e+05	2.986305487559101266e+02
3.933000000000000000e+05	2.986305487559101266e+02
3.933000000000000000e+05	3.006294424810552073e+02
3.942000000000000000e+05	3.006294424810552073e+02
3.942000000000000000e+05	2.980825855053577129e+02
3.951000000000000000e+05	2.980825855053577129e+02
3.951000000000000000e+05	2.964299028616482587e+02
3.960000000000000000e+05	2.964299028616482587e+02
3.960000000000000000e+05	2.961514581397247525e+02
3.969000000000000000e+05	2.961514581397247525e+02
3.969000000000000000e+05	2.999888171544589568e+02
3.978000000000000000e+05	2.999888171544589568e+02
3.978000000000000000e+05	2.993659897219789627e+02
3.987000000000000000e+05	2.993659897219789627e+02
3.987000000000000000e+05	2.980323161213227650e+02
3.996000000000000000e+05	2.980323161213227650e+02
3.996000000000000000e+05	2.988751370569897290e+02
4.005000000000000000e+05	2.988751370569897290e+02
4.005000000000000000e+05	2.969370521979138857e+02
4.014000000000000000e+05	2.969370521979138857e+02
4.014000000000000000e+05	3.016669377142458188e+02
4.023000000000000000e+05	3.016669377142458188e+02
4.023000000000000000e+05	2.998973132322009292e+02
4.032000000000000000e+05	2.998973132322009292e+02
4.032000000000000000e+05	2.955985346559235154e+02
4.041000000000000000e+05	2.955985346559235154e+02
4.041000000000000000e+05	2.948080046023904970e+02
4.050000000000000000e+05	2.948080046023904970e+02
4.050000000000000000e+05	2.931233050214923423e+02
4.059000000000000000e+05	2.931233050214923423e+02
4.059000000000000000e+05	2.923780424006520775e+02
4.068000000000000000e+05	2.923780424006520775e+02
4.068000000000000000e+05	2.943102060095166621e+02
4.077000000000000000e+05	2.943102060095166621e+02
4.077000000000000000e+05	2.981784364777395240e+02
4.086000000000000000e+05	2.981784364777395240e+02
4.086000000000000000e+05	2.974093745331792320e+02
4.095000000000000000e+05	2.974093745331792320e+02
4.095000000000000000e+05	2.970484101244041995e+02
4.104000000000000000e+05	2.970484101244041995e+02
4.104000000000000000e+05	2.940169582749635993e+02
4.113000000000000000e+05	2.940169582749635993e+02
4.113000000000000000e+05	3.000808628578252524e+02
4.122000000000000000e+05	3.000808628578252524e+02
4.122000000000000000e+05	3.019116101174381015e+02
4.131000000000000000e+05	3.019116101174381015e+02
4.131000000000000000e+05	3.023360492026740189e+02
4.140000000000000000e+05	3.023360492026740189e+02
4.140000000000000000e+05	2.993107197355842004e+02
4.149000000000000000e+05	2.993107197355842004e+02
4.149000000000000000e+05	3.007874219823108319e+02
4.158000000000000000e+05	3.007874219823108319e+02
4.158000000000000000e+05	2.986123834734441971e+02
4.167000000000000000e+05	2.986123834734441971e+02
4.167000000000000000e+05	2.976168836006364700e+02
4.176000000000000000e+05	2.976168836006364700e+02
4.176000000000000000e+05	2.977769874966341490e+02
4.185000000000000000e+05	2.977769874966341490e+02
4.185000000000000000e+05	2.962365396270055271e+02
4.194000000000000000e+05	2.962365396270055271e+02
4.194000000000000000e+05	2.942470178355305848e+02
4.203000000000000000e+05	2.942470178355305848e+02
4.203000000000000000e+05	2.932376288442671921e+02
4.212000000000000000e+05	2.932376288442671921e+02
4.212000000000000000e+05	2.942762614881297623e+02
4.221000000000000000e+05	2.942762614881297623e+02
4.221000000000000000e+05	2.937756906737517397e+02
4.230000000000000000e+05	2.937756906737517397e+02
4.230000000000000000e+05	2.921942919740275215e+02
4.239000000000000000e+05	2.921942919740275215e+02
4.239000000000000000e+05	2.915448782028149708e+02
4.248000000000000000e+05	2.915448782028149708e+02
4.248000000000000000e+05	2.930596728069555752e+02
4.257000000000000000e+05	2.930596728069555752e+02
4.257000000000000000e+05	2.928728313354208126e+02
4.266000000000000000e+05	2.928728313354208126e+02
4.266000000000000000e+05	2.941721231122799054e+02
4.275000000000000000e+05	2.941721231122799054e+02
4.275000000000000000e+05	2.945527463336727578e+02
4.284000000000000000e+05	2.945527463336727578e+02
4.284000000000000000e+05	2.927962162204971150e+02
4.293000000000000000e+05	2.927962162204971150e+02
4.293000000000000000e+05	2.927708047057265617e+02
4.302000000000000000e+05	2.927708047057265617e+02
4.302000000000000000e+05	2.939082855431238386e+02
4.311000000000000000e+05	2.939082855431238386e+02
4.311000000000000000e+05	2.942715034695639815e+02
4.320000000000000000e+05	2.942715034695639815e+02
4.320000000000000000e+05	2.926489046010153743e+02
4.329000000000000000e+05	2.926489046010153743e+02
4.329000000000000000e+05	2.926265471373116043e+02
4.338000000000000000e+05	2.926265471373116043e+02
4.338000000000000000e+05	2.937312589090052484e+02
4.347000000000000000e+05	2.937312589090052484e+02
4.347000000000000000e+05	2.940856245497668056e+02
4.356000000000000000e+05	2.940856245497668056e+02
4.356000000000000000e+05	2.925012785275098395e+02
4.365000000000000000e+05	2.925012785275098395e+02
4.365000000000000000e+05	2.924775981730477952e+02
4.374000000000000000e+05	2.924775981730477952e+02
4.374000000000000000e+05	2.935611549656533157e+02
4.383000000000000000e+05	2.935611549656533157e+02
4.383000000000000000e+05	2.939083463093140836e+02
4.392000000000000000e+05	2.939083463093140836e+02
4.392000000000000000e+05	2.923472886236326644e+02
4.401000000000000000e+05	2.923472886236326644e+02
4.401000000000000000e+05	2.923931343975269783e+02
4.410000000000000000e+05	2.923931343975269783e+02
4.410000000000000000e+05	2.934273376338180128e+02
4.419000000000000000e+05	2.934273376338180128e+02
4.419000000000000000e+05	2.937578296880378161e+02
4.428000000000000000e+05	2.937578296880378161e+02
4.428000000000000000e+05	2.939379717800587173e+02
4.437000000000000000e+05	2.939379717800587173e+02
4.437000000000000000e+05	2.938598249205890056e+02
4.446000000000000000e+05	2.938598249205890056e+02
4.446000000000000000e+05	2.914131863942717473e+02
4.455000000000000000e+05	2.914131863942717473e+02
4.455000000000000000e+05	2.948798699103784884e+02
4.464000000000000000e+05	2.948798699103784884e+02
4.464000000000000000e+05	2.943682767320155449e+02
4.473000000000000000e+05	2.943682767320155449e+02
4.473000000000000000e+05	2.998402462306505072e+02
4.482000000000000000e+05	2.998402462306505072e+02
4.482000000000000000e+05	2.979338381207565476e+02
4.491000000000000000e+05	2.979338381207565476e+02
4.491000000000000000e+05	2.970671288111158788e+02
4.500000000000000000e+05	2.970671288111158788e+02
4.500000000000000000e+05	2.928462361105199534e+02
4.509000000000000000e+05	2.928462361105199534e+02
4.509000000000000000e+05	2.979484697802399751e+02
4.518000000000000000e+05	2.979484697802399751e+02
4.518000000000000000e+05	2.938771380463283549e+02
4.527000000000000000e+05	2.938771380463283549e+02
4.527000000000000000e+05	2.960422712882689780e+02
4.536000000000000000e+05	2.960422712882689780e+02
4.536000000000000000e+05	2.960772222666018934e+02
4.545000000000000000e+05	2.960772222666018934e+02
4.545000000000000000e+05	2.947124252660190677e+02
4.554000000000000000e+05	2.947124252660190677e+02
4.554000000000000000e+05	2.931716597485180955e+02
4.563000000000000000e+05	2.931716597485180955e+02
4.563000000000000000e+05	2.919911757553007305e+02
4.572000000000000000e+05	2.919911757553007305e+02
4.572000000000000000e+05	2.968938396385402143e+02
4.581000000000000000e+05	2.968938396385402143e+02
4.581000000000000000e+05	3.025030558145878672e+02
4.590000000000000000e+05	3.025030558145878672e+02
4.590000000000000000e+05	3.056093941897514696e+02
4.599000000000000000e+05	3.056093941897514696e+02
4.599000000000000000e+05	3.077888552094547094e+02
4.608000000000000000e+05	3.077888552094547094e+02
4.608000000000000000e+05	3.048089402205547458e+02
4.617000000000000000e+05	3.048089402205547458e+02
4.617000000000000000e+05	3.072498884629633267e+02
4.626000000000000000e+05	3.072498884629633267e+02
4.626000000000000000e+05	3.073615779337956724e+02
4.635000000000000000e+05	3.073615779337956724e+02
4.635000000000000000e+05	3.079398003398364949e+02
4.644000000000000000e+05	3.079398003398364949e+02
4.644000000000000000e+05	3.077681613290344558e+02
4.653000000000000000e+05	3.077681613290344558e+02
4.653000000000000000e+05	3.044287095124766438e+02
4.662000000000000000e+05	3.044287095124766438e+02
4.662000000000000000e+05	3.041935024138218751e+02
4.671000000000000000e+05	3.041935024138218751e+02
4.671000000000000000e+05	3.037667067606033697e+02
4.680000000000000000e+05	3.037667067606033697e+02
4.680000000000000000e+05	3.033238879520291107e+02
4.689000000000000000e+05	3.033238879520291107e+02
4.689000000000000000e+05	3.026604315667714218e+02
4.698000000000000000e+05	3.026604315667714218e+02
4.698000000000000000e+05	3.023662095677351545e+02
4.707000000000000000e+05	3.023662095677351545e+02
4.707000000000000000e+05	3.025124256981237068e+02
4.716000000000000000e+05	3.025124256981237068e+02
4.716000000000000000e+05	3.024947816170053443e+02
4.725000000000000000e+05	3.024947816170053443e+02
4.725000000000000000e+05	2.993668101976275011e+02
4.734000000000000000e+05	2.993668101976275011e+02
4.734000000000000000e+05	2.984430739897775879e+02
4.743000000000000000e+05	2.984430739897775879e+02
4.743000000000000000e+05	3.000679036207810668e+02
4.752000000000000000e+05	3.000679036207810668e+02
4.752000000000000000e+05	2.974094157117802979e+02
4.761000000000000000e+05	2.974094157117802979e+02
4.761000000000000000e+05	2.960179952087126480e+02
4.770000000000000000e+05	2.960179952087126480e+02
4.770000000000000000e+05	3.004890062647929199e+02
4.779000000000000000e+05	3.004890062647929199e+02
4.779000000000000000e+05	2.967668889545882394e+02
4.788000000000000000e+05	2.967668889545882394e+02
4.788000000000000000e+05	2.989244921039338010e+02
4.797000000000000000e+05	2.989244921039338010e+02
4.797000000000000000e+05	3.005559575808939599e+02
4.806000000000000000e+05	3.005559575808939599e+02
4.806000000000000000e+05	2.982562797199890952e+02
4.815000000000000000e+05	2.982562797199890952e+02
4.815000000000000000e+05	2.968888923381275049e+02
4.824000000000000000e+05	2.968888923381275049e+02
4.824000000000000000e+05	2.978243963941439461e+02
4.833000000000000000e+05	2.978243963941439461e+02
4.833000000000000000e+05	2.963240325185122970e+02
4.842000000000000000e+05	2.963240325185122970e+02
4.842000000000000000e+05	2.982892301155380892e+02
4.851000000000000000e+05	2.982892301155380892e+02
4.851000000000000000e+05	2.961489881394409167e+02
4.860000000000000000e+05	2.961489881394409167e+02
4.860000000000000000e+05	2.959122312167896780e+02
4.869000000000000000e+05	2.959122312167896780e+02
4.869000000000000000e+05	3.005136373512796126e+02
4.878000000000000000e+05	3.005136373512796126e+02
4.878000000000000000e+05	2.961959068232466734e+02
4.887000000000000000e+05	2.961959068232466734e+02
4.887000000000000000e+05	2.989472422210408808e+02
4.896000000000000000e+05	2.989472422210408808e+02
4.896000000000000000e+05	2.962103586012934784e+02
4.905000000000000000e+05	2.962103586012934784e+02
4.905000000000000000e+05	2.995710466448735474e+02
4.914000000000000000e+05	2.995710466448735474e+02
4.914000000000000000e+05	2.965308231122298821e+02
4.923000000000000000e+05	2.965308231122298821e+02
4.923000000000000000e+05	2.952795080568536719e+02
4.932000000000000000e+05	2.952795080568536719e+02
4.932000000000000000e+05	2.971231077377969996e+02
4.941000000000000000e+05	2.971231077377969996e+02
4.941000000000000000e+05	3.000860699691987747e+02
4.950000000000000000e+05	3.000860699691987747e+02
4.950000000000000000e+05	2.984747227442800863e+02
4.959000000000000000e+05	2.984747227442800863e+02
4.959000000000000000e+05	2.972335132549108607e+02
4.968000000000000000e+05	2.972335132549108607e+02
4.968000000000000000e+05	2.945014509915836243e+02
4.977000000000000000e+05	2.945014509915836243e+02
4.977000000000000000e+05	2.989944450639551405e+02
4.986000000000000000e+05	2.989944450639551405e+02
4.986000000000000000e+05	2.951342780839058832e+02
4.995000000000000000e+05	2.951342780839058832e+02
4.995000000000000000e+05	2.982287939076683756e+02
5.004000000000000000e+05	2.982287939076683756e+02
5.004000000000000000e+05	2.979410791387006157e+02
5.013000000000000000e+05	2.979410791387006157e+02
5.013000000000000000e+05	3.028544372946897170e+02
5.022000000000000000e+05	3.028544372946897170e+02
5.022000000000000000e+05	3.005183303946083697e+02
5.031000000000000000e+05	3.005183303946083697e+02
5.031000000000000000e+05	2.994391975668220880e+02
5.040000000000000000e+05	2.994391975668220880e+02
5.040000000000000000e+05	2.952512719234503038e+02
5.049000000000000000e+05	2.952512719234503038e+02
5.049000000000000000e+05	2.992820514941986403e+02
5.058000000000000000e+05	2.992820514941986403e+02
5.058000000000000000e+05	2.954035361615571560e+02
5.067000000000000000e+05	2.954035361615571560e+02
5.067000000000000000e+05	2.939993084151926723e+02
5.076000000000000000e+05	2.939993084151926723e+02
5.076000000000000000e+05	2.960867708982815998e+02
5.085000000000000000e+05	2.960867708982815998e+02
5.085000000000000000e+05	2.950381479492262429e+02
5.094000000000000000e+05	2.950381479492262429e+02
5.094000000000000000e+05	2.932554329893752083e+02
5.103000000000000000e+05	2.932554329893752083e+02
5.103000000000000000e+05	2.924200566363250005e+02
5.112000000000000000e+05	2.924200566363250005e+02
5.112000000000000000e+05	2.936816118195342824e+02
5.121000000000000000e+05	2.936816118195342824e+02
5.121000000000000000e+05	2.933310605817135297e+02
5.130000000000000000e+05	2.933310605817135297e+02
5.130000000000000000e+05	2.945668312369149362e+02
5.139000000000000000e+05	2.945668312369149362e+02
5.139000000000000000e+05	2.948892387397228276e+02
5.148000000000000000e+05	2.948892387397228276e+02
5.148000000000000000e+05	2.932096549224632440e+02
5.157000000000000000e+05	2.932096549224632440e+02
5.157000000000000000e+05	2.931716352741945002e+02
5.166000000000000000e+05	2.931716352741945002e+02
5.166000000000000000e+05	2.941711775144901821e+02
5.175000000000000000e+05	2.941711775144901821e+02
5.175000000000000000e+05	2.944852461711485034e+02
5.184000000000000000e+05	2.944852461711485034e+02
5.184000000000000000e+05	2.930168042531493029e+02
5.193000000000000000e+05	2.930168042531493029e+02
5.193000000000000000e+05	2.929868241971416296e+02
5.202000000000000000e+05	2.929868241971416296e+02
5.202000000000000000e+05	2.939661772217271505e+02
5.211000000000000000e+05	2.939661772217271505e+02
5.211000000000000000e+05	2.942767099356972835e+02
5.220000000000000000e+05	2.942767099356972835e+02
5.220000000000000000e+05	2.928329771548635563e+02
5.229000000000000000e+05	2.928329771548635563e+02
5.229000000000000000e+05	2.928020592596194547e+02
5.238000000000000000e+05	2.928020592596194547e+02
5.238000000000000000e+05	2.937726643241821307e+02
5.247000000000000000e+05	2.937726643241821307e+02
5.247000000000000000e+05	2.940802790072604580e+02
5.256000000000000000e+05	2.940802790072604580e+02
5.256000000000000000e+05	2.926451134501198226e+02
5.265000000000000000e+05	2.926451134501198226e+02
5.265000000000000000e+05	2.926132976000229178e+02
5.274000000000000000e+05	2.926132976000229178e+02
5.274000000000000000e+05	2.935789186889242046e+02
5.283000000000000000e+05	2.935789186889242046e+02
5.283000000000000000e+05	2.938847631769423288e+02
5.292000000000000000e+05	2.938847631769423288e+02
5.292000000000000000e+05	2.924541189438433548e+02
5.301000000000000000e+05	2.924541189438433548e+02
5.301000000000000000e+05	2.968637536493233711e+02
5.310000000000000000e+05	2.968637536493233711e+02
5.310000000000000000e+05	2.965750781338073807e+02
5.319000000000000000e+05	2.965750781338073807e+02
5.319000000000000000e+05	2.959289994382450004e+02
5.328000000000000000e+05	2.959289994382450004e+02
5.328000000000000000e+05	2.944137655228751100e+02
5.337000000000000000e+05	2.944137655228751100e+02
5.337000000000000000e+05	2.963369396661908013e+02
5.346000000000000000e+05	2.963369396661908013e+02
5.346000000000000000e+05	2.976263399670996819e+02
5.355000000000000000e+05	2.976263399670996819e+02
5.355000000000000000e+05	2.964091531980067202e+02
5.364000000000000000e+05	2.964091531980067202e+02
5.364000000000000000e+05	2.961444144820221709e+02
5.373000000000000000e+05	2.961444144820221709e+02
5.373000000000000000e+05	2.994244836679624200e+02
5.382000000000000000e+05	2.994244836679624200e+02
5.382000000000000000e+05	2.978219685279182158e+02
5.391000000000000000e+05	2.978219685279182158e+02
5.391000000000000000e+05	2.964452324650443416e+02
5.400000000000000000e+05	2.964452324650443416e+02
5.400000000000000000e+05	2.932140612922639775e+02
5.409000000000000000e+05	2.932140612922639775e+02
5.409000000000000000e+05	2.972969575530639759e+02
5.418000000000000000e+05	2.972969575530639759e+02
5.418000000000000000e+05	2.935270573523662847e+02
5.427000000000000000e+05	2.935270573523662847e+02
5.427000000000000000e+05	2.926154359344086515e+02
5.436000000000000000e+05	2.926154359344086515e+02
5.436000000000000000e+05	2.951684177778201956e+02
5.445000000000000000e+05	2.951684177778201956e+02
5.445000000000000000e+05	3.010145210703421981e+02
5.454000000000000000e+05	3.010145210703421981e+02
5.454000000000000000e+05	3.046128167653674836e+02
5.463000000000000000e+05	3.046128167653674836e+02
5.463000000000000000e+05	3.070135254177346269e+02
5.472000000000000000e+05	3.070135254177346269e+02
5.472000000000000000e+05	3.040470303973694399e+02
5.481000000000000000e+05	3.040470303973694399e+02
5.481000000000000000e+05	3.066760229147703853e+02
5.490000000000000000e+05	3.066760229147703853e+02
5.490000000000000000e+05	3.068991105031379334e+02
5.499000000000000000e+05	3.068991105031379334e+02
5.499000000000000000e+05	3.075547754260870761e+02
5.508000000000000000e+05	3.075547754260870761e+02
5.508000000000000000e+05	3.074215564614592040e+02
5.517000000000000000e+05	3.074215564614592040e+02
5.517000000000000000e+05	3.065681006990602668e+02
5.526000000000000000e+05	3.065681006990602668e+02
5.526000000000000000e+05	3.017404990756745065e+02
5.535000000000000000e+05	3.017404990756745065e+02
5.535000000000000000e+05	3.052474373108346413e+02
5.544000000000000000e+05	3.052474373108346413e+02
5.544000000000000000e+05	3.032792221016996450e+02
5.553000000000000000e+05	3.032792221016996450e+02
5.553000000000000000e+05	3.033299227086245082e+02
5.562000000000000000e+05	3.033299227086245082e+02
5.562000000000000000e+05	3.019434512200500080e+02
5.571000000000000000e+05	3.019434512200500080e+02
5.571000000000000000e+05	3.027435570714245046e+02
5.580000000000000000e+05	3.027435570714245046e+02
5.580000000000000000e+05	3.023659350225706248e+02
5.589000000000000000e+05	3.023659350225706248e+02
5.589000000000000000e+05	2.991156785093902499e+02
5.598000000000000000e+05	2.991156785093902499e+02
5.598000000000000000e+05	3.010888169773206187e+02
5.607000000000000000e+05	3.010888169773206187e+02
5.607000000000000000e+05	3.017758293188302332e+02
5.616000000000000000e+05	3.017758293188302332e+02
5.616000000000000000e+05	3.017436284152417443e+02
5.625000000000000000e+05	3.017436284152417443e+02
5.625000000000000000e+05	2.990546445472372739e+02
5.634000000000000000e+05	2.990546445472372739e+02
5.634000000000000000e+05	3.011816617914752214e+02
5.643000000000000000e+05	3.011816617914752214e+02
5.643000000000000000e+05	2.988461830918216151e+02
5.652000000000000000e+05	2.988461830918216151e+02
5.652000000000000000e+05	2.988310114045141290e+02
5.661000000000000000e+05	2.988310114045141290e+02
5.661000000000000000e+05	3.006809594910982923e+02
5.670000000000000000e+05	3.006809594910982923e+02
5.670000000000000000e+05	2.989678568920521684e+02
5.679000000000000000e+05	2.989678568920521684e+02
5.679000000000000000e+05	2.970861629829644244e+02
5.688000000000000000e+05	2.970861629829644244e+02
5.688000000000000000e+05	2.969434638861017106e+02
5.697000000000000000e+05	2.969434638861017106e+02
5.697000000000000000e+05	2.993480011831203456e+02
5.706000000000000000e+05	2.993480011831203456e+02
5.706000000000000000e+05	2.958902887451537254e+02
5.715000000000000000e+05	2.958902887451537254e+02
5.715000000000000000e+05	2.983434117052076431e+02
5.724000000000000000e+05	2.983434117052076431e+02
5.724000000000000000e+05	2.977919214690062972e+02
5.733000000000000000e+05	2.977919214690062972e+02
5.733000000000000000e+05	2.959765672656916422e+02
5.742000000000000000e+05	2.959765672656916422e+02
5.742000000000000000e+05	2.940976819083856526e+02
5.751000000000000000e+05	2.940976819083856526e+02
5.751000000000000000e+05	2.970514342661383012e+02
5.760000000000000000e+05	2.970514342661383012e+02
5.760000000000000000e+05	2.967075603065336509e+02
5.769000000000000000e+05	2.967075603065336509e+02
5.769000000000000000e+05	2.954707352196091961e+02
5.778000000000000000e+05	2.954707352196091961e+02
5.778000000000000000e+05	2.936612290132311500e+02
5.787000000000000000e+05	2.936612290132311500e+02
5.787000000000000000e+05	2.985484967831954464e+02
5.796000000000000000e+05	2.985484967831954464e+02
5.796000000000000000e+05	2.959559425522990637e+02
5.805000000000000000e+05	2.959559425522990637e+02
5.805000000000000000e+05	2.989571578242492365e+02
5.814000000000000000e+05	2.989571578242492365e+02
5.814000000000000000e+05	2.960678025706780545e+02
5.823000000000000000e+05	2.960678025706780545e+02
5.823000000000000000e+05	2.987345278669560571e+02
5.832000000000000000e+05	2.987345278669560571e+02
5.832000000000000000e+05	2.981595669463875993e+02
5.841000000000000000e+05	2.981595669463875993e+02
5.841000000000000000e+05	2.963690718230816401e+02
5.850000000000000000e+05	2.963690718230816401e+02
5.850000000000000000e+05	2.954929561333558468e+02
5.859000000000000000e+05	2.954929561333558468e+02
5.859000000000000000e+05	2.942241941821894216e+02
5.868000000000000000e+05	2.942241941821894216e+02
5.868000000000000000e+05	2.966253205064348890e+02
5.877000000000000000e+05	2.966253205064348890e+02
5.877000000000000000e+05	2.954835034246945611e+02
5.886000000000000000e+05	2.954835034246945611e+02
5.886000000000000000e+05	2.983599466647101508e+02
5.895000000000000000e+05	2.983599466647101508e+02
5.895000000000000000e+05	3.013169372985529435e+02
5.904000000000000000e+05	3.013169372985529435e+02
5.904000000000000000e+05	2.963765405646488489e+02
5.913000000000000000e+05	2.963765405646488489e+02
5.913000000000000000e+05	2.987767088715721115e+02
5.922000000000000000e+05	2.987767088715721115e+02
5.922000000000000000e+05	2.953742953164003779e+02
5.931000000000000000e+05	2.953742953164003779e+02
5.931000000000000000e+05	2.939839459372080910e+02
5.940000000000000000e+05	2.939839459372080910e+02
5.940000000000000000e+05	2.947012295908917849e+02
5.949000000000000000e+05	2.947012295908917849e+02
5.949000000000000000e+05	2.940852335869931835e+02
5.958000000000000000e+05	2.940852335869931835e+02
5.958000000000000000e+05	2.924573603057631885e+02
5.967000000000000000e+05	2.924573603057631885e+02
5.967000000000000000e+05	2.917642738867106118e+02
5.976000000000000000e+05	2.917642738867106118e+02
5.976000000000000000e+05	2.932046863147959925e+02
5.985000000000000000e+05	2.932046863147959925e+02
5.985000000000000000e+05	2.929759474107549977e+02
5.994000000000000000e+05	2.929759474107549977e+02
5.994000000000000000e+05	2.942576862621578471e+02
6.003000000000000000e+05	2.942576862621578471e+02
6.003000000000000000e+05	2.946214460403047042e+02
6.012000000000000000e+05	2.946214460403047042e+02
6.012000000000000000e+05	2.928792749830479920e+02
6.021000000000000000e+05	2.928792749830479920e+02
6.021000000000000000e+05	2.928489850725678707e+02
6.030000000000000000e+05	2.928489850725678707e+02
6.030000000000000000e+05	2.939387864568959117e+02
6.039000000000000000e+05	2.939387864568959117e+02
6.039000000000000000e+05	2.942831039400240911e+02
6.048000000000000000e+05	2.942831039400240911e+02
