# #1
# double dch_TES(1344, 2)
0.000000000000000000e+00	4.678808666574934250e+03
9.000000000000000000e+02	4.678808666574934250e+03
9.000000000000000000e+02	7.046778794040951652e+02
1.800000000000000000e+03	7.046778794040951652e+02
1.800000000000000000e+03	1.589506023567460943e+03
2.700000000000000000e+03	1.589506023567460943e+03
2.700000000000000000e+03	2.839553254825936165e+03
3.600000000000000000e+03	2.839553254825936165e+03
3.600000000000000000e+03	1.804454362968566784e+03
4.500000000000000000e+03	1.804454362968566784e+03
4.500000000000000000e+03	3.649139673381167086e+03
5.400000000000000000e+03	3.649139673381167086e+03
5.400000000000000000e+03	2.372194547101622447e+03
6.300000000000000000e+03	2.372194547101622447e+03
6.300000000000000000e+03	2.573150663854554296e+03
7.200000000000000000e+03	2.573150663854554296e+03
7.200000000000000000e+03	1.239981842495009460e+03
8.100000000000000000e+03	1.239981842495009460e+03
8.100000000000000000e+03	6.003782342357253583e+03
9.000000000000000000e+03	6.003782342357253583e+03
9.000000000000000000e+03	2.123311088205140550e+03
9.900000000000000000e+03	2.123311088205140550e+03
9.900000000000000000e+03	2.691288791976694483e+03
1.080000000000000000e+04	2.691288791976694483e+03
1.080000000000000000e+04	1.281526858247014388e+03
1.170000000000000000e+04	1.281526858247014388e+03
1.170000000000000000e+04	6.162895569829485794e+03
1.260000000000000000e+04	6.162895569829485794e+03
1.260000000000000000e+04	2.128820303332060575e+03
1.350000000000000000e+04	2.128820303332060575e+03
1.350000000000000000e+04	2.769700817052100319e+03
1.440000000000000000e+04	2.769700817052100319e+03
1.440000000000000000e+04	2.537865321877062343e+03
1.530000000000000000e+04	2.537865321877062343e+03
1.530000000000000000e+04	2.668699971980787268e+03
1.620000000000000000e+04	2.668699971980787268e+03
1.620000000000000000e+04	1.801000316430989187e+03
1.710000000000000000e+04	1.801000316430989187e+03
1.710000000000000000e+04	2.581262569411075674e+03
1.800000000000000000e+04	2.581262569411075674e+03
1.800000000000000000e+04	1.468211400593179860e+03
1.890000000000000000e+04	1.468211400593179860e+03
1.890000000000000000e+04	2.508439800505191670e+03
1.980000000000000000e+04	2.508439800505191670e+03
1.980000000000000000e+04	1.032507538227655459e+03
2.070000000000000000e+04	1.032507538227655459e+03
2.070000000000000000e+04	0.000000000000000000e+00
2.160000000000000000e+04	0.000000000000000000e+00
2.160000000000000000e+04	7.486294029907480763e+02
2.250000000000000000e+04	7.486294029907480763e+02
2.250000000000000000e+04	-1.341311431335182533e+03
2.340000000000000000e+04	-1.341311431335182533e+03
2.340000000000000000e+04	-4.389679666892625391e+02
2.430000000000000000e+04	-4.389679666892625391e+02
2.430000000000000000e+04	-2.325337827035109513e+02
2.520000000000000000e+04	-2.325337827035109513e+02
2.520000000000000000e+04	1.403857423953591024e+03
2.610000000000000000e+04	1.403857423953591024e+03
2.610000000000000000e+04	4.735965011094212059e+03
2.700000000000000000e+04	4.735965011094212059e+03
2.700000000000000000e+04	5.887585194994579069e+03
2.790000000000000000e+04	5.887585194994579069e+03
2.790000000000000000e+04	6.528302542294608429e+03
2.880000000000000000e+04	6.528302542294608429e+03
2.880000000000000000e+04	5.463545270356087713e+03
2.970000000000000000e+04	5.463545270356087713e+03
2.970000000000000000e+04	9.026029472216927388e+03
3.060000000000000000e+04	9.026029472216927388e+03
3.060000000000000000e+04	8.188034333396353759e+03
3.150000000000000000e+04	8.188034333396353759e+03
3.150000000000000000e+04	8.162660033287829719e+03
3.240000000000000000e+04	8.162660033287829719e+03
3.240000000000000000e+04	7.357951145478575199e+03
3.330000000000000000e+04	7.357951145478575199e+03
3.330000000000000000e+04	4.056432844832893807e+03
3.420000000000000000e+04	4.056432844832893807e+03
3.420000000000000000e+04	5.371068040961516090e+03
3.510000000000000000e+04	5.371068040961516090e+03
3.510000000000000000e+04	5.675988318060233723e+03
3.600000000000000000e+04	5.675988318060233723e+03
3.600000000000000000e+04	3.854428233001859553e+03
3.690000000000000000e+04	3.854428233001859553e+03
3.690000000000000000e+04	3.416226338127846702e+03
3.780000000000000000e+04	3.416226338127846702e+03
3.780000000000000000e+04	2.010842847393592820e+03
3.870000000000000000e+04	2.010842847393592820e+03
3.870000000000000000e+04	5.578168398185574915e+03
3.960000000000000000e+04	5.578168398185574915e+03
3.960000000000000000e+04	3.672630160639040696e+03
4.050000000000000000e+04	3.672630160639040696e+03
4.050000000000000000e+04	3.527753436617999796e+03
4.140000000000000000e+04	3.527753436617999796e+03
4.140000000000000000e+04	2.695675213726470247e+03
4.230000000000000000e+04	2.695675213726470247e+03
4.230000000000000000e+04	2.899445974733214825e+03
4.320000000000000000e+04	2.899445974733214825e+03
4.320000000000000000e+04	1.362746940239518153e+03
4.410000000000000000e+04	1.362746940239518153e+03
4.410000000000000000e+04	5.653310691458163092e+03
4.500000000000000000e+04	5.653310691458163092e+03
4.500000000000000000e+04	1.865450874381465837e+03
4.590000000000000000e+04	1.865450874381465837e+03
4.590000000000000000e+04	2.404894886425463483e+03
4.680000000000000000e+04	2.404894886425463483e+03
4.680000000000000000e+04	1.484003210939412384e+03
4.770000000000000000e+04	1.484003210939412384e+03
4.770000000000000000e+04	1.700452323330876652e+03
4.860000000000000000e+04	1.700452323330876652e+03
4.860000000000000000e+04	1.444451888899377082e+03
4.950000000000000000e+04	1.444451888899377082e+03
4.950000000000000000e+04	1.443680106178042479e+03
5.040000000000000000e+04	1.443680106178042479e+03
5.040000000000000000e+04	5.660332650784339421e+02
5.130000000000000000e+04	5.660332650784339421e+02
5.130000000000000000e+04	1.862764312863767827e+03
5.220000000000000000e+04	1.862764312863767827e+03
5.220000000000000000e+04	8.219489651755429804e+02
5.310000000000000000e+04	8.219489651755429804e+02
5.310000000000000000e+04	1.019470122631289996e+03
5.400000000000000000e+04	1.019470122631289996e+03
5.400000000000000000e+04	2.920092382014663599e+02
5.490000000000000000e+04	2.920092382014663599e+02
5.490000000000000000e+04	1.886244897102875257e+03
5.580000000000000000e+04	1.886244897102875257e+03
5.580000000000000000e+04	4.739464110505650751e+02
5.670000000000000000e+04	4.739464110505650751e+02
5.670000000000000000e+04	7.050771394840558060e+02
5.760000000000000000e+04	7.050771394840558060e+02
5.760000000000000000e+04	1.116330588658593115e+02
5.850000000000000000e+04	1.116330588658593115e+02
5.850000000000000000e+04	1.970572646745097927e+03
5.940000000000000000e+04	1.970572646745097927e+03
5.940000000000000000e+04	2.053412455542129464e+03
6.030000000000000000e+04	2.053412455542129464e+03
6.030000000000000000e+04	9.304463059873669408e+02
6.120000000000000000e+04	9.304463059873669408e+02
6.120000000000000000e+04	6.771321302046044366e+02
6.210000000000000000e+04	6.771321302046044366e+02
6.210000000000000000e+04	3.010650713504606756e+03
6.300000000000000000e+04	3.010650713504606756e+03
6.300000000000000000e+04	2.086650429025292397e+03
6.390000000000000000e+04	2.086650429025292397e+03
6.390000000000000000e+04	2.540924044365237933e+03
6.480000000000000000e+04	2.540924044365237933e+03
6.480000000000000000e+04	1.019795934191139168e+03
6.570000000000000000e+04	1.019795934191139168e+03
6.570000000000000000e+04	6.101328577677408248e+03
6.660000000000000000e+04	6.101328577677408248e+03
6.660000000000000000e+04	2.075181507738074288e+03
6.750000000000000000e+04	2.075181507738074288e+03
6.750000000000000000e+04	2.541771960865822621e+03
6.840000000000000000e+04	2.541771960865822621e+03
6.840000000000000000e+04	2.265725978821334138e+03
6.930000000000000000e+04	2.265725978821334138e+03
6.930000000000000000e+04	5.313463177152920252e+03
7.020000000000000000e+04	5.313463177152920252e+03
7.020000000000000000e+04	2.391876712088589557e+03
7.110000000000000000e+04	2.391876712088589557e+03
7.110000000000000000e+04	3.058262090490199625e+03
7.200000000000000000e+04	3.058262090490199625e+03
7.200000000000000000e+04	2.429408312502171611e+03
7.290000000000000000e+04	2.429408312502171611e+03
7.290000000000000000e+04	2.777220248055934462e+03
7.380000000000000000e+04	2.777220248055934462e+03
7.380000000000000000e+04	1.474251970688404981e+03
7.470000000000000000e+04	1.474251970688404981e+03
7.470000000000000000e+04	1.049198689582466614e+03
7.560000000000000000e+04	1.049198689582466614e+03
7.560000000000000000e+04	7.634683095696418604e+02
7.650000000000000000e+04	7.634683095696418604e+02
7.650000000000000000e+04	2.229419482658179277e+03
7.740000000000000000e+04	2.229419482658179277e+03
7.740000000000000000e+04	9.304534762567491271e+02
7.830000000000000000e+04	9.304534762567491271e+02
7.830000000000000000e+04	5.929235754560795613e+02
7.920000000000000000e+04	5.929235754560795613e+02
7.920000000000000000e+04	2.859493263963722711e+02
8.010000000000000000e+04	2.859493263963722711e+02
8.010000000000000000e+04	-1.799509705661125963e+03
8.100000000000000000e+04	-1.799509705661125963e+03
8.100000000000000000e+04	-5.204760548323974945e+02
8.190000000000000000e+04	-5.204760548323974945e+02
8.190000000000000000e+04	-2.384019311005249619e+02
8.280000000000000000e+04	-2.384019311005249619e+02
8.280000000000000000e+04	3.796627718261515838e+01
8.370000000000000000e+04	3.796627718261515838e+01
8.370000000000000000e+04	-1.552860098476191979e+03
8.460000000000000000e+04	-1.552860098476191979e+03
8.460000000000000000e+04	-4.946635898175882176e+02
8.550000000000000000e+04	-4.946635898175882176e+02
8.550000000000000000e+04	-2.512548807665007189e+02
8.640000000000000000e+04	-2.512548807665007189e+02
8.640000000000000000e+04	3.329166793217154918e+01
8.730000000000000000e+04	3.329166793217154918e+01
8.730000000000000000e+04	-1.502255636286008667e+03
8.820000000000000000e+04	-1.502255636286008667e+03
8.820000000000000000e+04	-4.804759621751145460e+02
8.910000000000000000e+04	-4.804759621751145460e+02
8.910000000000000000e+04	-2.447615221121232025e+02
9.000000000000000000e+04	-2.447615221121232025e+02
9.000000000000000000e+04	3.603317710620012804e+01
9.090000000000000000e+04	3.603317710620012804e+01
9.090000000000000000e+04	-1.466754716196834124e+03
9.180000000000000000e+04	-1.466754716196834124e+03
9.180000000000000000e+04	-4.678688468974432908e+02
9.270000000000000000e+04	-4.678688468974432908e+02
9.270000000000000000e+04	-2.375414453565608710e+02
9.360000000000000000e+04	-2.375414453565608710e+02
9.360000000000000000e+04	3.867571127919200080e+01
9.450000000000000000e+04	3.867571127919200080e+01
9.450000000000000000e+04	-1.437329243321912372e+03
9.540000000000000000e+04	-1.437329243321912372e+03
9.540000000000000000e+04	-4.580039904062869027e+02
9.630000000000000000e+04	-4.580039904062869027e+02
9.630000000000000000e+04	-2.326793467044481076e+02
9.720000000000000000e+04	-2.326793467044481076e+02
9.720000000000000000e+04	3.989557001636876521e+01
9.810000000000000000e+04	3.989557001636876521e+01
9.810000000000000000e+04	-1.404649256088612447e+03
9.900000000000000000e+04	-1.404649256088612447e+03
9.900000000000000000e+04	3.979127513008425012e+02
9.990000000000000000e+04	3.979127513008425012e+02
9.990000000000000000e+04	1.230551168997189961e+02
1.008000000000000000e+05	1.230551168997189961e+02
1.008000000000000000e+05	8.689022709049550031e+01
1.017000000000000000e+05	8.689022709049550031e+01
1.017000000000000000e+05	1.604247047443791644e+03
1.026000000000000000e+05	1.604247047443791644e+03
1.026000000000000000e+05	1.521299412174324971e+03
1.035000000000000000e+05	1.521299412174324971e+03
1.035000000000000000e+05	7.747450422378024086e+03
1.044000000000000000e+05	7.747450422378024086e+03
1.044000000000000000e+05	1.842061714608780676e+03
1.053000000000000000e+05	1.842061714608780676e+03
1.053000000000000000e+05	3.303614506004228588e+03
1.062000000000000000e+05	3.303614506004228588e+03
1.062000000000000000e+05	1.371046817553171422e+03
1.071000000000000000e+05	1.371046817553171422e+03
1.071000000000000000e+05	1.270434533917577937e+03
1.080000000000000000e+05	1.270434533917577937e+03
1.080000000000000000e+05	9.168120432970072216e+02
1.089000000000000000e+05	9.168120432970072216e+02
1.089000000000000000e+05	3.164661606640593163e+03
1.098000000000000000e+05	3.164661606640593163e+03
1.098000000000000000e+05	9.957170651855994947e+02
1.107000000000000000e+05	9.957170651855994947e+02
1.107000000000000000e+05	-3.736923708062386140e+02
1.116000000000000000e+05	-3.736923708062386140e+02
1.116000000000000000e+05	9.557757078982440362e+02
1.125000000000000000e+05	9.557757078982440362e+02
1.125000000000000000e+05	3.986375181980460184e+03
1.134000000000000000e+05	3.986375181980460184e+03
1.134000000000000000e+05	5.637358587374386843e+03
1.143000000000000000e+05	5.637358587374386843e+03
1.143000000000000000e+05	6.393943583707441576e+03
1.152000000000000000e+05	6.393943583707441576e+03
1.152000000000000000e+05	5.323619926458861300e+03
1.161000000000000000e+05	5.323619926458861300e+03
1.161000000000000000e+05	8.721794369189092322e+03
1.170000000000000000e+05	8.721794369189092322e+03
1.170000000000000000e+05	8.054350908695487306e+03
1.179000000000000000e+05	8.054350908695487306e+03
1.179000000000000000e+05	8.076197415431437548e+03
1.188000000000000000e+05	8.076197415431437548e+03
1.188000000000000000e+05	7.239796474763788865e+03
1.197000000000000000e+05	7.239796474763788865e+03
1.197000000000000000e+05	4.359301740266748311e+03
1.206000000000000000e+05	4.359301740266748311e+03
1.206000000000000000e+05	6.447529841910873074e+03
1.215000000000000000e+05	6.447529841910873074e+03
1.215000000000000000e+05	5.993796793665038422e+03
1.224000000000000000e+05	5.993796793665038422e+03
1.224000000000000000e+05	3.804501162940036011e+03
1.233000000000000000e+05	3.804501162940036011e+03
1.233000000000000000e+05	5.921476600757108827e+03
1.242000000000000000e+05	5.921476600757108827e+03
1.242000000000000000e+05	3.612955767107254360e+03
1.251000000000000000e+05	3.612955767107254360e+03
1.251000000000000000e+05	4.013436122098588385e+03
1.260000000000000000e+05	4.013436122098588385e+03
1.260000000000000000e+05	3.172214853688723451e+03
1.269000000000000000e+05	3.172214853688723451e+03
1.269000000000000000e+05	4.605807461115217848e+03
1.278000000000000000e+05	4.605807461115217848e+03
1.278000000000000000e+05	2.698254388861823827e+03
1.287000000000000000e+05	2.698254388861823827e+03
1.287000000000000000e+05	2.961183624461991712e+03
1.296000000000000000e+05	2.961183624461991712e+03
1.296000000000000000e+05	1.755407247200551865e+03
1.305000000000000000e+05	1.755407247200551865e+03
1.305000000000000000e+05	2.604530347061817338e+03
1.314000000000000000e+05	2.604530347061817338e+03
1.314000000000000000e+05	1.269428375636052806e+03
1.323000000000000000e+05	1.269428375636052806e+03
1.323000000000000000e+05	4.266326446908875369e+03
1.332000000000000000e+05	4.266326446908875369e+03
1.332000000000000000e+05	2.438445155681993128e+03
1.341000000000000000e+05	2.438445155681993128e+03
1.341000000000000000e+05	-1.224509205177044123e+03
1.350000000000000000e+05	-1.224509205177044123e+03
1.350000000000000000e+05	1.604178395500639454e+01
1.359000000000000000e+05	1.604178395500639454e+01
1.359000000000000000e+05	2.025567875747801736e+02
1.368000000000000000e+05	2.025567875747801736e+02
1.368000000000000000e+05	3.719834047097438088e+02
1.377000000000000000e+05	3.719834047097438088e+02
1.377000000000000000e+05	6.499542073086038727e+03
1.386000000000000000e+05	6.499542073086038727e+03
1.386000000000000000e+05	1.048024994045495987e+03
1.395000000000000000e+05	1.048024994045495987e+03
1.395000000000000000e+05	1.917084599147667177e+03
1.404000000000000000e+05	1.917084599147667177e+03
1.404000000000000000e+05	1.718060180248965480e+03
1.413000000000000000e+05	1.718060180248965480e+03
1.413000000000000000e+05	1.893273185779619780e+03
1.422000000000000000e+05	1.893273185779619780e+03
1.422000000000000000e+05	9.923745717605343089e+02
1.431000000000000000e+05	9.923745717605343089e+02
1.431000000000000000e+05	1.222420012262242381e+03
1.440000000000000000e+05	1.222420012262242381e+03
1.440000000000000000e+05	6.138781498021126026e+02
1.449000000000000000e+05	6.138781498021126026e+02
1.449000000000000000e+05	2.163644582351080771e+03
1.458000000000000000e+05	2.163644582351080771e+03
1.458000000000000000e+05	2.061105437123391312e+03
1.467000000000000000e+05	2.061105437123391312e+03
1.467000000000000000e+05	1.123417152451002039e+03
1.476000000000000000e+05	1.123417152451002039e+03
1.476000000000000000e+05	7.603881195517305969e+02
1.485000000000000000e+05	7.603881195517305969e+02
1.485000000000000000e+05	2.219647066580417231e+03
1.494000000000000000e+05	2.219647066580417231e+03
1.494000000000000000e+05	2.959614317964354996e+03
1.503000000000000000e+05	2.959614317964354996e+03
1.503000000000000000e+05	2.279251220805686899e+03
1.512000000000000000e+05	2.279251220805686899e+03
1.512000000000000000e+05	1.709959087141416603e+03
1.521000000000000000e+05	1.709959087141416603e+03
1.521000000000000000e+05	3.345006718875364641e+03
1.530000000000000000e+05	3.345006718875364641e+03
1.530000000000000000e+05	2.000154308232828043e+03
1.539000000000000000e+05	2.000154308232828043e+03
1.539000000000000000e+05	2.120186264983087312e+03
1.548000000000000000e+05	2.120186264983087312e+03
1.548000000000000000e+05	1.233628936019398679e+03
1.557000000000000000e+05	1.233628936019398679e+03
1.557000000000000000e+05	6.092127663052749085e+03
1.566000000000000000e+05	6.092127663052749085e+03
1.566000000000000000e+05	1.789872884239535779e+03
1.575000000000000000e+05	1.789872884239535779e+03
1.575000000000000000e+05	2.852478518107673153e+03
1.584000000000000000e+05	2.852478518107673153e+03
1.584000000000000000e+05	9.443488331592034228e+02
1.593000000000000000e+05	9.443488331592034228e+02
1.593000000000000000e+05	4.524903774981911738e+03
1.602000000000000000e+05	4.524903774981911738e+03
1.602000000000000000e+05	1.734114740466931835e+03
1.611000000000000000e+05	1.734114740466931835e+03
1.611000000000000000e+05	1.042094129122444429e+03
1.620000000000000000e+05	1.042094129122444429e+03
1.620000000000000000e+05	4.295969170941498305e+02
1.629000000000000000e+05	4.295969170941498305e+02
1.629000000000000000e+05	2.097617140801623464e+03
1.638000000000000000e+05	2.097617140801623464e+03
1.638000000000000000e+05	8.075881584964396325e+02
1.647000000000000000e+05	8.075881584964396325e+02
1.647000000000000000e+05	1.391769882868393324e+02
1.656000000000000000e+05	1.391769882868393324e+02
1.656000000000000000e+05	6.326533237149606066e+02
1.665000000000000000e+05	6.326533237149606066e+02
1.665000000000000000e+05	-9.704441349438127418e+02
1.674000000000000000e+05	-9.704441349438127418e+02
1.674000000000000000e+05	-1.643524872311973013e+02
1.683000000000000000e+05	-1.643524872311973013e+02
1.683000000000000000e+05	-1.125891119462903589e+01
1.692000000000000000e+05	-1.125891119462903589e+01
1.692000000000000000e+05	9.816267822457029979e+01
1.701000000000000000e+05	9.816267822457029979e+01
1.701000000000000000e+05	-7.684817637802406125e+02
1.710000000000000000e+05	-7.684817637802406125e+02
1.710000000000000000e+05	-2.221312408634694293e+02
1.719000000000000000e+05	-2.221312408634694293e+02
1.719000000000000000e+05	-1.004370607986347750e+02
1.728000000000000000e+05	-1.004370607986347750e+02
1.728000000000000000e+05	7.350550711198593490e+01
1.737000000000000000e+05	7.350550711198593490e+01
1.737000000000000000e+05	-8.219908522365041108e+02
1.746000000000000000e+05	-8.219908522365041108e+02
1.746000000000000000e+05	-2.484628803438390605e+02
1.755000000000000000e+05	-2.484628803438390605e+02
1.755000000000000000e+05	-1.185132326366147026e+02
1.764000000000000000e+05	-1.185132326366147026e+02
1.764000000000000000e+05	7.074489817505491374e+01
1.773000000000000000e+05	7.074489817505491374e+01
1.773000000000000000e+05	-8.877967343104518250e+02
1.782000000000000000e+05	-8.877967343104518250e+02
1.782000000000000000e+05	-2.711181293700356036e+02
1.791000000000000000e+05	-2.711181293700356036e+02
1.791000000000000000e+05	-1.311160065805306658e+02
1.800000000000000000e+05	-1.311160065805306658e+02
1.800000000000000000e+05	6.868979915326963237e+01
1.809000000000000000e+05	6.868979915326963237e+01
1.809000000000000000e+05	-9.516665973111668109e+02
1.818000000000000000e+05	-9.516665973111668109e+02
1.818000000000000000e+05	-2.932162220663740300e+02
1.827000000000000000e+05	-2.932162220663740300e+02
1.827000000000000000e+05	-1.436947597668040544e+02
1.836000000000000000e+05	-1.436947597668040544e+02
1.836000000000000000e+05	6.587613791945568664e+01
1.845000000000000000e+05	6.587613791945568664e+01
1.845000000000000000e+05	-1.013606367436630421e+03
1.854000000000000000e+05	-1.013606367436630421e+03
1.854000000000000000e+05	-3.146004754238529131e+02
1.863000000000000000e+05	-3.146004754238529131e+02
1.863000000000000000e+05	-1.554199827542761341e+02
1.872000000000000000e+05	-1.554199827542761341e+02
1.872000000000000000e+05	6.351026897142037342e+01
1.881000000000000000e+05	6.351026897142037342e+01
1.881000000000000000e+05	-1.070609700553601215e+03
1.890000000000000000e+05	-1.070609700553601215e+03
1.890000000000000000e+05	-3.337349783868994564e+02
1.899000000000000000e+05	-3.337349783868994564e+02
1.899000000000000000e+05	3.679510797371331137e+03
1.908000000000000000e+05	3.679510797371331137e+03
1.908000000000000000e+05	3.455189307342398024e+02
1.917000000000000000e+05	3.455189307342398024e+02
1.917000000000000000e+05	1.109968598822189961e+03
1.926000000000000000e+05	1.109968598822189961e+03
1.926000000000000000e+05	0.000000000000000000e+00
1.935000000000000000e+05	0.000000000000000000e+00
1.935000000000000000e+05	0.000000000000000000e+00
1.944000000000000000e+05	0.000000000000000000e+00
1.944000000000000000e+05	2.833914435936521841e+02
1.953000000000000000e+05	2.833914435936521841e+02
1.953000000000000000e+05	6.307883305597933941e+02
1.962000000000000000e+05	6.307883305597933941e+02
1.962000000000000000e+05	0.000000000000000000e+00
1.971000000000000000e+05	0.000000000000000000e+00
1.971000000000000000e+05	-2.106949117856333032e+03
1.980000000000000000e+05	-2.106949117856333032e+03
1.980000000000000000e+05	8.107780335643392391e+02
1.989000000000000000e+05	8.107780335643392391e+02
1.989000000000000000e+05	3.978890282329449747e+03
1.998000000000000000e+05	3.978890282329449747e+03
1.998000000000000000e+05	5.579006289619486779e+03
2.007000000000000000e+05	5.579006289619486779e+03
2.007000000000000000e+05	6.336888576549070422e+03
2.016000000000000000e+05	6.336888576549070422e+03
2.016000000000000000e+05	5.237798640691788023e+03
2.025000000000000000e+05	5.237798640691788023e+03
2.025000000000000000e+05	8.714605529655196733e+03
2.034000000000000000e+05	8.714605529655196733e+03
2.034000000000000000e+05	8.033390910254733171e+03
2.043000000000000000e+05	8.033390910254733171e+03
2.043000000000000000e+05	8.055624706892820541e+03
2.052000000000000000e+05	8.055624706892820541e+03
2.052000000000000000e+05	7.208568604311054514e+03
2.061000000000000000e+05	7.208568604311054514e+03
2.061000000000000000e+05	3.143650573470169093e+03
2.070000000000000000e+05	3.143650573470169093e+03
2.070000000000000000e+05	5.475863621255848557e+03
2.079000000000000000e+05	5.475863621255848557e+03
2.079000000000000000e+05	5.226165937466197647e+03
2.088000000000000000e+05	5.226165937466197647e+03
2.088000000000000000e+05	4.516328473416528141e+03
2.097000000000000000e+05	4.516328473416528141e+03
2.097000000000000000e+05	3.473926813869154557e+03
2.106000000000000000e+05	3.473926813869154557e+03
2.106000000000000000e+05	4.362516277323244140e+03
2.115000000000000000e+05	4.362516277323244140e+03
2.115000000000000000e+05	3.574087130610307213e+03
2.124000000000000000e+05	3.574087130610307213e+03
2.124000000000000000e+05	3.549228451075568955e+03
2.133000000000000000e+05	3.549228451075568955e+03
2.133000000000000000e+05	2.800890021294502731e+03
2.142000000000000000e+05	2.800890021294502731e+03
2.142000000000000000e+05	2.769607328332844190e+03
2.151000000000000000e+05	2.769607328332844190e+03
2.151000000000000000e+05	2.855582268705533352e+03
2.160000000000000000e+05	2.855582268705533352e+03
2.160000000000000000e+05	3.023445938787925115e+03
2.169000000000000000e+05	3.023445938787925115e+03
2.169000000000000000e+05	1.484530546745416132e+03
2.178000000000000000e+05	1.484530546745416132e+03
2.178000000000000000e+05	2.499209253182634711e+03
2.187000000000000000e+05	2.499209253182634711e+03
2.187000000000000000e+05	2.515097401923849247e+03
2.196000000000000000e+05	2.515097401923849247e+03
2.196000000000000000e+05	1.488355083861821186e+03
2.205000000000000000e+05	1.488355083861821186e+03
2.205000000000000000e+05	2.505787163457684983e+03
2.214000000000000000e+05	2.505787163457684983e+03
2.214000000000000000e+05	1.180739297508087475e+03
2.223000000000000000e+05	1.180739297508087475e+03
2.223000000000000000e+05	3.541398303416382987e+03
2.232000000000000000e+05	3.541398303416382987e+03
2.232000000000000000e+05	9.087234796974044002e+02
2.241000000000000000e+05	9.087234796974044002e+02
2.241000000000000000e+05	5.126772069695794926e+03
2.250000000000000000e+05	5.126772069695794926e+03
2.250000000000000000e+05	1.455926378338306677e+03
2.259000000000000000e+05	1.455926378338306677e+03
2.259000000000000000e+05	2.295232718544895761e+03
2.268000000000000000e+05	2.295232718544895761e+03
2.268000000000000000e+05	5.536676793631704641e+02
2.277000000000000000e+05	5.536676793631704641e+02
2.277000000000000000e+05	6.239872842249081259e+03
2.286000000000000000e+05	6.239872842249081259e+03
2.286000000000000000e+05	1.405551433961198200e+03
2.295000000000000000e+05	1.405551433961198200e+03
2.295000000000000000e+05	1.795038109670509584e+03
2.304000000000000000e+05	1.795038109670509584e+03
2.304000000000000000e+05	1.131760839301610758e+03
2.313000000000000000e+05	1.131760839301610758e+03
2.313000000000000000e+05	2.365228317167830937e+03
2.322000000000000000e+05	2.365228317167830937e+03
2.322000000000000000e+05	1.050073427847062703e+03
2.331000000000000000e+05	1.050073427847062703e+03
2.331000000000000000e+05	3.093467508636356797e+03
2.340000000000000000e+05	3.093467508636356797e+03
2.340000000000000000e+05	5.011915944944275907e+02
2.349000000000000000e+05	5.011915944944275907e+02
2.349000000000000000e+05	6.225196085453675551e+03
2.358000000000000000e+05	6.225196085453675551e+03
2.358000000000000000e+05	2.206225383473676629e+03
2.367000000000000000e+05	2.206225383473676629e+03
2.367000000000000000e+05	1.260540240641799755e+03
2.376000000000000000e+05	1.260540240641799755e+03
2.376000000000000000e+05	1.871901351965536378e+03
2.385000000000000000e+05	1.871901351965536378e+03
2.385000000000000000e+05	6.705457931176551938e+03
2.394000000000000000e+05	6.705457931176551938e+03
2.394000000000000000e+05	2.315449825688556302e+03
2.403000000000000000e+05	2.315449825688556302e+03
2.403000000000000000e+05	2.968368327302392572e+03
2.412000000000000000e+05	2.968368327302392572e+03
2.412000000000000000e+05	3.107941157692788693e+03
2.421000000000000000e+05	3.107941157692788693e+03
2.421000000000000000e+05	1.810355883480148577e+03
2.430000000000000000e+05	1.810355883480148577e+03
2.430000000000000000e+05	2.778242581435013562e+03
2.439000000000000000e+05	2.778242581435013562e+03
2.439000000000000000e+05	2.717531642650603317e+03
2.448000000000000000e+05	2.717531642650603317e+03
2.448000000000000000e+05	1.544914347031059151e+03
2.457000000000000000e+05	1.544914347031059151e+03
2.457000000000000000e+05	2.536083405418146867e+03
2.466000000000000000e+05	2.536083405418146867e+03
2.466000000000000000e+05	1.208183248190830000e+03
2.475000000000000000e+05	1.208183248190830000e+03
2.475000000000000000e+05	8.211806553931673989e+02
2.484000000000000000e+05	8.211806553931673989e+02
2.484000000000000000e+05	5.211876229754325323e+02
2.493000000000000000e+05	5.211876229754325323e+02
2.493000000000000000e+05	2.134174385943810194e+03
2.502000000000000000e+05	2.134174385943810194e+03
2.502000000000000000e+05	8.417523248579236679e+02
2.511000000000000000e+05	8.417523248579236679e+02
2.511000000000000000e+05	2.732045564890140668e+02
2.520000000000000000e+05	2.732045564890140668e+02
2.520000000000000000e+05	2.030325485357634534e+02
2.529000000000000000e+05	2.030325485357634534e+02
2.529000000000000000e+05	-1.833533908851989736e+03
2.538000000000000000e+05	-1.833533908851989736e+03
2.538000000000000000e+05	-5.526348404143354855e+02
2.547000000000000000e+05	-5.526348404143354855e+02
2.547000000000000000e+05	-2.658285950027639046e+02
2.556000000000000000e+05	-2.658285950027639046e+02
2.556000000000000000e+05	2.963268050020269584e+01
2.565000000000000000e+05	2.963268050020269584e+01
2.565000000000000000e+05	-1.639205123852408860e+03
2.574000000000000000e+05	-1.639205123852408860e+03
2.574000000000000000e+05	-5.269548519608215429e+02
2.583000000000000000e+05	-5.269548519608215429e+02
2.583000000000000000e+05	-2.708377036108868197e+02
2.592000000000000000e+05	-2.708377036108868197e+02
2.592000000000000000e+05	2.709600449314712023e+01
2.601000000000000000e+05	2.709600449314712023e+01
2.601000000000000000e+05	-1.590868268855275119e+03
2.610000000000000000e+05	-1.590868268855275119e+03
2.610000000000000000e+05	-5.130702942185453139e+02
2.619000000000000000e+05	-5.130702942185453139e+02
2.619000000000000000e+05	-2.645683401957503520e+02
2.628000000000000000e+05	-2.645683401957503520e+02
2.628000000000000000e+05	2.924484330217546812e+01
2.637000000000000000e+05	2.924484330217546812e+01
2.637000000000000000e+05	-1.557593855734853150e+03
2.646000000000000000e+05	-1.557593855734853150e+03
2.646000000000000000e+05	-5.017147027906612493e+02
2.655000000000000000e+05	-5.017147027906612493e+02
2.655000000000000000e+05	-2.583069273335859179e+02
2.664000000000000000e+05	-2.583069273335859179e+02
2.664000000000000000e+05	3.148114082586107543e+01
2.673000000000000000e+05	3.148114082586107543e+01
2.673000000000000000e+05	-1.530991325464756983e+03
2.682000000000000000e+05	-1.530991325464756983e+03
2.682000000000000000e+05	-4.924778131428756751e+02
2.691000000000000000e+05	-4.924778131428756751e+02
2.691000000000000000e+05	-2.532580320473061875e+02
2.700000000000000000e+05	-2.532580320473061875e+02
2.700000000000000000e+05	3.314471969443548005e+01
2.709000000000000000e+05	3.314471969443548005e+01
2.709000000000000000e+05	-1.509814921565664235e+03
2.718000000000000000e+05	-1.509814921565664235e+03
2.718000000000000000e+05	-4.853291821926832199e+02
2.727000000000000000e+05	-4.853291821926832199e+02
2.727000000000000000e+05	-2.494800383387482725e+02
2.736000000000000000e+05	-2.494800383387482725e+02
2.736000000000000000e+05	3.439128469103343377e+01
2.745000000000000000e+05	3.439128469103343377e+01
2.745000000000000000e+05	1.625345472176596559e+03
2.754000000000000000e+05	1.625345472176596559e+03
2.754000000000000000e+05	4.046791677057743073e+03
2.763000000000000000e+05	4.046791677057743073e+03
2.763000000000000000e+05	1.478042690253467299e+03
2.772000000000000000e+05	1.478042690253467299e+03
2.772000000000000000e+05	5.889900839786196229e+02
2.781000000000000000e+05	5.889900839786196229e+02
2.781000000000000000e+05	5.058629726314064101e+03
2.790000000000000000e+05	5.058629726314064101e+03
2.790000000000000000e+05	6.485747105307527818e+02
2.799000000000000000e+05	6.485747105307527818e+02
2.799000000000000000e+05	9.346564975376240909e+02
2.808000000000000000e+05	9.346564975376240909e+02
2.808000000000000000e+05	1.184287253762008731e+03
2.817000000000000000e+05	1.184287253762008731e+03
2.817000000000000000e+05	9.373745697362522833e+02
2.826000000000000000e+05	9.373745697362522833e+02
2.826000000000000000e+05	8.880836915696854703e+02
2.835000000000000000e+05	8.880836915696854703e+02
2.835000000000000000e+05	-1.921843240748159587e+03
2.844000000000000000e+05	-1.921843240748159587e+03
2.844000000000000000e+05	7.438380090009050036e+02
2.853000000000000000e+05	7.438380090009050036e+02
2.853000000000000000e+05	-2.615304862943133912e+02
2.862000000000000000e+05	-2.615304862943133912e+02
2.862000000000000000e+05	4.179095267558237538e+03
2.871000000000000000e+05	4.179095267558237538e+03
2.871000000000000000e+05	5.588030379417177755e+03
2.880000000000000000e+05	5.588030379417177755e+03
2.880000000000000000e+05	4.176665313765664905e+03
2.889000000000000000e+05	4.176665313765664905e+03
2.889000000000000000e+05	9.646810679786334731e+03
2.898000000000000000e+05	9.646810679786334731e+03
2.898000000000000000e+05	4.045332722936116625e+03
2.907000000000000000e+05	4.045332722936116625e+03
2.907000000000000000e+05	6.658600240618281532e+03
2.916000000000000000e+05	6.658600240618281532e+03
2.916000000000000000e+05	5.240127085601325234e+03
2.925000000000000000e+05	5.240127085601325234e+03
2.925000000000000000e+05	7.685352460657305528e+03
2.934000000000000000e+05	7.685352460657305528e+03
2.934000000000000000e+05	7.639832434485608246e+03
2.943000000000000000e+05	7.639832434485608246e+03
2.943000000000000000e+05	6.945037040330353193e+03
2.952000000000000000e+05	6.945037040330353193e+03
2.952000000000000000e+05	6.460301634772276884e+03
2.961000000000000000e+05	6.460301634772276884e+03
2.961000000000000000e+05	2.218288317544615893e+03
2.970000000000000000e+05	2.218288317544615893e+03
2.970000000000000000e+05	4.624787681422138121e+03
2.979000000000000000e+05	4.624787681422138121e+03
2.979000000000000000e+05	4.255405268568603788e+03
2.988000000000000000e+05	4.255405268568603788e+03
2.988000000000000000e+05	4.243268642743076271e+03
2.997000000000000000e+05	4.243268642743076271e+03
2.997000000000000000e+05	1.547824827217351867e+03
3.006000000000000000e+05	1.547824827217351867e+03
3.006000000000000000e+05	3.267387314288760535e+03
3.015000000000000000e+05	3.267387314288760535e+03
3.015000000000000000e+05	3.062830523718090262e+03
3.024000000000000000e+05	3.062830523718090262e+03
3.024000000000000000e+05	3.248622476495564115e+03
3.033000000000000000e+05	3.248622476495564115e+03
3.033000000000000000e+05	3.446846910784486226e+02
3.042000000000000000e+05	3.446846910784486226e+02
3.042000000000000000e+05	2.690413475670502521e+03
3.051000000000000000e+05	2.690413475670502521e+03
3.051000000000000000e+05	2.882719183440087363e+03
3.060000000000000000e+05	2.882719183440087363e+03
3.060000000000000000e+05	1.255267248970167202e+03
3.069000000000000000e+05	1.255267248970167202e+03
3.069000000000000000e+05	4.007492764597984660e+03
3.078000000000000000e+05	4.007492764597984660e+03
3.078000000000000000e+05	1.609702052736771293e+03
3.087000000000000000e+05	1.609702052736771293e+03
3.087000000000000000e+05	1.980099706531967968e+03
3.096000000000000000e+05	1.980099706531967968e+03
3.096000000000000000e+05	7.341903863895413451e+02
3.105000000000000000e+05	7.341903863895413451e+02
3.105000000000000000e+05	4.480931061441158818e+03
3.114000000000000000e+05	4.480931061441158818e+03
3.114000000000000000e+05	1.294072094222065061e+03
3.123000000000000000e+05	1.294072094222065061e+03
3.123000000000000000e+05	1.826867750239791349e+03
3.132000000000000000e+05	1.826867750239791349e+03
3.132000000000000000e+05	3.792193485007010167e+02
3.141000000000000000e+05	3.792193485007010167e+02
3.141000000000000000e+05	5.892561864364000030e+03
3.150000000000000000e+05	5.892561864364000030e+03
3.150000000000000000e+05	1.399021163053344935e+03
3.159000000000000000e+05	1.399021163053344935e+03
3.159000000000000000e+05	1.235270577890798450e+03
3.168000000000000000e+05	1.235270577890798450e+03
3.168000000000000000e+05	1.350029466556416082e+03
3.177000000000000000e+05	1.350029466556416082e+03
3.177000000000000000e+05	1.630748650287640658e+03
3.186000000000000000e+05	1.630748650287640658e+03
3.186000000000000000e+05	1.366992410920152906e+03
3.195000000000000000e+05	1.366992410920152906e+03
3.195000000000000000e+05	1.400277556983637623e+03
3.204000000000000000e+05	1.400277556983637623e+03
3.204000000000000000e+05	8.314102151140596106e+02
3.213000000000000000e+05	8.314102151140596106e+02
3.213000000000000000e+05	3.329817693525944378e+03
3.222000000000000000e+05	3.329817693525944378e+03
3.222000000000000000e+05	2.091223266845801845e+03
3.231000000000000000e+05	2.091223266845801845e+03
3.231000000000000000e+05	2.663283360332774464e+03
3.240000000000000000e+05	2.663283360332774464e+03
3.240000000000000000e+05	2.483496431123860020e+03
3.249000000000000000e+05	2.483496431123860020e+03
3.249000000000000000e+05	3.325386583388065901e+03
3.258000000000000000e+05	3.325386583388065901e+03
3.258000000000000000e+05	2.159044046767987311e+03
3.267000000000000000e+05	2.159044046767987311e+03
3.267000000000000000e+05	2.341003301494929474e+03
3.276000000000000000e+05	2.341003301494929474e+03
3.276000000000000000e+05	1.266587273876208201e+03
3.285000000000000000e+05	1.266587273876208201e+03
3.285000000000000000e+05	6.470847174302409258e+03
3.294000000000000000e+05	6.470847174302409258e+03
3.294000000000000000e+05	2.071472416374774184e+03
3.303000000000000000e+05	2.071472416374774184e+03
3.303000000000000000e+05	2.822637450834910851e+03
3.312000000000000000e+05	2.822637450834910851e+03
3.312000000000000000e+05	1.309838319045618846e+03
3.321000000000000000e+05	1.309838319045618846e+03
3.321000000000000000e+05	4.626340128304203972e+03
3.330000000000000000e+05	4.626340128304203972e+03
3.330000000000000000e+05	1.851611727521056309e+03
3.339000000000000000e+05	1.851611727521056309e+03
3.339000000000000000e+05	1.143781161088263616e+03
3.348000000000000000e+05	1.143781161088263616e+03
3.348000000000000000e+05	5.287106280171956314e+02
3.357000000000000000e+05	5.287106280171956314e+02
3.357000000000000000e+05	2.136644096903919490e+03
3.366000000000000000e+05	2.136644096903919490e+03
3.366000000000000000e+05	8.436746312706964090e+02
3.375000000000000000e+05	8.436746312706964090e+02
3.375000000000000000e+05	1.930275514055392705e+02
3.384000000000000000e+05	1.930275514055392705e+02
3.384000000000000000e+05	2.038176648617682076e+02
3.393000000000000000e+05	2.038176648617682076e+02
3.393000000000000000e+05	-1.833729313743687271e+03
3.402000000000000000e+05	-1.833729313743687271e+03
3.402000000000000000e+05	-5.531519999960437417e+02
3.411000000000000000e+05	-5.531519999960437417e+02
3.411000000000000000e+05	-2.666126444976544008e+02
3.420000000000000000e+05	-2.666126444976544008e+02
3.420000000000000000e+05	2.903484074971675000e+01
3.429000000000000000e+05	2.903484074971675000e+01
3.429000000000000000e+05	-1.642114510740289916e+03
3.438000000000000000e+05	-1.642114510740289916e+03
3.438000000000000000e+05	-5.288067379319109023e+02
3.447000000000000000e+05	-5.288067379319109023e+02
3.447000000000000000e+05	-2.725911247726762667e+02
3.456000000000000000e+05	-2.725911247726762667e+02
3.456000000000000000e+05	2.613765398450505018e+01
3.465000000000000000e+05	2.613765398450505018e+01
3.465000000000000000e+05	-1.597723574877983083e+03
3.474000000000000000e+05	-1.597723574877983083e+03
3.474000000000000000e+05	-5.163664256063057110e+02
3.483000000000000000e+05	-5.163664256063057110e+02
3.483000000000000000e+05	-2.671367468036478385e+02
3.492000000000000000e+05	-2.671367468036478385e+02
3.492000000000000000e+05	2.807574613328506530e+01
3.501000000000000000e+05	2.807574613328506530e+01
3.501000000000000000e+05	-1.568342476783812344e+03
3.510000000000000000e+05	-1.568342476783812344e+03
3.510000000000000000e+05	-5.062048349475953728e+02
3.519000000000000000e+05	-5.062048349475953728e+02
3.519000000000000000e+05	-2.613521917843027040e+02
3.528000000000000000e+05	-2.613521917843027040e+02
3.528000000000000000e+05	3.034499562075052381e+01
3.537000000000000000e+05	3.034499562075052381e+01
3.537000000000000000e+05	-1.544501923445962348e+03
3.546000000000000000e+05	-1.544501923445962348e+03
3.546000000000000000e+05	-4.977222709140623920e+02
3.555000000000000000e+05	-4.977222709140623920e+02
3.555000000000000000e+05	-2.566262109866947867e+02
3.564000000000000000e+05	-2.566262109866947867e+02
3.564000000000000000e+05	3.189693012921361515e+01
3.573000000000000000e+05	3.189693012921361515e+01
3.573000000000000000e+05	-1.525493729365728086e+03
3.582000000000000000e+05	-1.525493729365728086e+03
3.582000000000000000e+05	-4.915223021122510545e+02
3.591000000000000000e+05	-4.915223021122510545e+02
3.591000000000000000e+05	3.330469424248905852e+03
3.600000000000000000e+05	3.330469424248905852e+03
3.600000000000000000e+05	1.198678146425818341e+02
3.609000000000000000e+05	1.198678146425818341e+02
3.609000000000000000e+05	4.453602136640522986e+03
3.618000000000000000e+05	4.453602136640522986e+03
3.618000000000000000e+05	1.539557514622632880e+03
3.627000000000000000e+05	1.539557514622632880e+03
3.627000000000000000e+05	2.664923240051779430e+03
3.636000000000000000e+05	2.664923240051779430e+03
3.636000000000000000e+05	1.209340442552525019e+03
3.645000000000000000e+05	1.209340442552525019e+03
3.645000000000000000e+05	2.395214682223576801e+03
3.654000000000000000e+05	2.395214682223576801e+03
3.654000000000000000e+05	4.717220874966587871e+02
3.663000000000000000e+05	4.717220874966587871e+02
3.663000000000000000e+05	0.000000000000000000e+00
3.672000000000000000e+05	0.000000000000000000e+00
3.672000000000000000e+05	5.971611828369850627e+02
3.681000000000000000e+05	5.971611828369850627e+02
3.681000000000000000e+05	1.213637221911572851e+03
3.690000000000000000e+05	1.213637221911572851e+03
3.690000000000000000e+05	0.000000000000000000e+00
3.699000000000000000e+05	0.000000000000000000e+00
3.699000000000000000e+05	-2.174622836154361721e+03
3.708000000000000000e+05	-2.174622836154361721e+03
3.708000000000000000e+05	1.006221250579880689e+03
3.717000000000000000e+05	1.006221250579880689e+03
3.717000000000000000e+05	4.426927853695412523e+03
3.726000000000000000e+05	4.426927853695412523e+03
3.726000000000000000e+05	5.768677282042102888e+03
3.735000000000000000e+05	5.768677282042102888e+03
3.735000000000000000e+05	6.456913313566474244e+03
3.744000000000000000e+05	6.456913313566474244e+03
3.744000000000000000e+05	5.388331761688070401e+03
3.753000000000000000e+05	5.388331761688070401e+03
3.753000000000000000e+05	8.830370916210786163e+03
3.762000000000000000e+05	8.830370916210786163e+03
3.762000000000000000e+05	8.104347696854150854e+03
3.771000000000000000e+05	8.104347696854150854e+03
3.771000000000000000e+05	8.109156315562024247e+03
3.780000000000000000e+05	8.109156315562024247e+03
3.780000000000000000e+05	4.590861842215992510e+03
3.789000000000000000e+05	4.590861842215992510e+03
3.789000000000000000e+05	7.796467961348991594e+03
3.798000000000000000e+05	7.796467961348991594e+03
3.798000000000000000e+05	3.638720487636339385e+03
3.807000000000000000e+05	3.638720487636339385e+03
3.807000000000000000e+05	6.534594734810176305e+03
3.816000000000000000e+05	6.534594734810176305e+03
3.816000000000000000e+05	4.996388382274388277e+03
3.825000000000000000e+05	4.996388382274388277e+03
3.825000000000000000e+05	6.415228691107005943e+03
3.834000000000000000e+05	6.415228691107005943e+03
3.834000000000000000e+05	3.645623566427850164e+03
3.843000000000000000e+05	3.645623566427850164e+03
3.843000000000000000e+05	4.269901622343750205e+03
3.852000000000000000e+05	4.269901622343750205e+03
3.852000000000000000e+05	3.605371237288170960e+03
3.861000000000000000e+05	3.605371237288170960e+03
3.861000000000000000e+05	4.679353886485262592e+03
3.870000000000000000e+05	4.679353886485262592e+03
3.870000000000000000e+05	3.026571412828459870e+03
3.879000000000000000e+05	3.026571412828459870e+03
3.879000000000000000e+05	3.372430263822316192e+03
3.888000000000000000e+05	3.372430263822316192e+03
3.888000000000000000e+05	2.849983545560822677e+03
3.897000000000000000e+05	2.849983545560822677e+03
3.897000000000000000e+05	2.867731127240163460e+03
3.906000000000000000e+05	2.867731127240163460e+03
3.906000000000000000e+05	1.510093990980240051e+03
3.915000000000000000e+05	1.510093990980240051e+03
3.915000000000000000e+05	5.071662323557247873e+03
3.924000000000000000e+05	5.071662323557247873e+03
3.924000000000000000e+05	1.669931756318221233e+03
3.933000000000000000e+05	1.669931756318221233e+03
3.933000000000000000e+05	4.964945171698072954e+03
3.942000000000000000e+05	4.964945171698072954e+03
3.942000000000000000e+05	2.298080787897284608e+03
3.951000000000000000e+05	2.298080787897284608e+03
3.951000000000000000e+05	2.830492048800457269e+03
3.960000000000000000e+05	2.830492048800457269e+03
3.960000000000000000e+05	7.981719582855039334e+02
3.969000000000000000e+05	7.981719582855039334e+02
3.969000000000000000e+05	6.336244378210507421e+03
3.978000000000000000e+05	6.336244378210507421e+03
3.978000000000000000e+05	3.358684605595713947e+03
3.987000000000000000e+05	3.358684605595713947e+03
3.987000000000000000e+05	2.432988880529534072e+03
3.996000000000000000e+05	2.432988880529534072e+03
3.996000000000000000e+05	2.486158041854829207e+03
4.005000000000000000e+05	2.486158041854829207e+03
4.005000000000000000e+05	1.265636466699007769e+03
4.014000000000000000e+05	1.265636466699007769e+03
4.014000000000000000e+05	2.355870245571597479e+03
4.023000000000000000e+05	2.355870245571597479e+03
4.023000000000000000e+05	1.639584070468903519e+03
4.032000000000000000e+05	1.639584070468903519e+03
4.032000000000000000e+05	8.229135674438148271e+02
4.041000000000000000e+05	8.229135674438148271e+02
4.041000000000000000e+05	5.335123571985686795e+03
4.050000000000000000e+05	5.335123571985686795e+03
4.050000000000000000e+05	1.391345412101945840e+03
4.059000000000000000e+05	1.391345412101945840e+03
4.059000000000000000e+05	1.918487876981147565e+03
4.068000000000000000e+05	1.918487876981147565e+03
4.068000000000000000e+05	1.815058425522947800e+03
4.077000000000000000e+05	1.815058425522947800e+03
4.077000000000000000e+05	2.579580811092122076e+03
4.086000000000000000e+05	2.579580811092122076e+03
4.086000000000000000e+05	1.255151155555970035e+03
4.095000000000000000e+05	1.255151155555970035e+03
4.095000000000000000e+05	4.312184771628177259e+03
4.104000000000000000e+05	4.312184771628177259e+03
4.104000000000000000e+05	2.471864352890037480e+03
4.113000000000000000e+05	2.471864352890037480e+03
4.113000000000000000e+05	4.212318100893867268e+03
4.122000000000000000e+05	4.212318100893867268e+03
4.122000000000000000e+05	2.487692248078004923e+03
4.131000000000000000e+05	2.487692248078004923e+03
4.131000000000000000e+05	2.733217802497558296e+03
4.140000000000000000e+05	2.733217802497558296e+03
4.140000000000000000e+05	2.641638647796267833e+03
4.149000000000000000e+05	2.641638647796267833e+03
4.149000000000000000e+05	1.605610857572960185e+03
4.158000000000000000e+05	1.605610857572960185e+03
4.158000000000000000e+05	2.738374625316646416e+03
4.167000000000000000e+05	2.738374625316646416e+03
4.167000000000000000e+05	2.747612243173993193e+03
4.176000000000000000e+05	2.747612243173993193e+03
4.176000000000000000e+05	1.553290004364987908e+03
4.185000000000000000e+05	1.553290004364987908e+03
4.185000000000000000e+05	2.535045049703169298e+03
4.194000000000000000e+05	2.535045049703169298e+03
4.194000000000000000e+05	1.612327753615390975e+03
4.203000000000000000e+05	1.612327753615390975e+03
4.203000000000000000e+05	1.002780962237739004e+03
4.212000000000000000e+05	1.002780962237739004e+03
4.212000000000000000e+05	1.261643190428339949e+03
4.221000000000000000e+05	1.261643190428339949e+03
4.221000000000000000e+05	2.501689806206594767e+03
4.230000000000000000e+05	2.501689806206594767e+03
4.230000000000000000e+05	1.115130673531210050e+03
4.239000000000000000e+05	1.115130673531210050e+03
4.239000000000000000e+05	7.341294628701289184e+02
4.248000000000000000e+05	7.341294628701289184e+02
4.248000000000000000e+05	4.408399160974568076e+02
4.257000000000000000e+05	4.408399160974568076e+02
4.257000000000000000e+05	-1.740695925299204646e+03
4.266000000000000000e+05	-1.740695925299204646e+03
4.266000000000000000e+05	-4.670354818413616158e+02
4.275000000000000000e+05	-4.670354818413616158e+02
4.275000000000000000e+05	-1.946194834164343774e+02
4.284000000000000000e+05	-1.946194834164343774e+02
4.284000000000000000e+05	4.875024098463381961e+01
4.293000000000000000e+05	4.875024098463381961e+01
4.293000000000000000e+05	-1.431084007872110533e+03
4.302000000000000000e+05	-1.431084007872110533e+03
4.302000000000000000e+05	-4.522979737661080435e+02
4.311000000000000000e+05	-4.522979737661080435e+02
4.311000000000000000e+05	-2.279515792781021446e+02
4.320000000000000000e+05	-2.279515792781021446e+02
4.320000000000000000e+05	3.866548817891907674e+01
4.329000000000000000e+05	3.866548817891907674e+01
4.329000000000000000e+05	-1.399849767384536108e+03
4.338000000000000000e+05	-1.399849767384536108e+03
4.338000000000000000e+05	-4.465039045393932611e+02
4.347000000000000000e+05	-4.465039045393932611e+02
4.347000000000000000e+05	-2.271866247834404930e+02
4.356000000000000000e+05	-2.271866247834404930e+02
4.356000000000000000e+05	3.977463198624991492e+01
4.365000000000000000e+05	3.977463198624991492e+01
4.365000000000000000e+05	-1.386343539207644881e+03
4.374000000000000000e+05	-1.386343539207644881e+03
4.374000000000000000e+05	-4.419905784262809902e+02
4.383000000000000000e+05	-4.419905784262809902e+02
4.383000000000000000e+05	-2.246860905194189399e+02
4.392000000000000000e+05	-2.246860905194189399e+02
4.392000000000000000e+05	4.139483458794347825e+01
4.401000000000000000e+05	4.139483458794347825e+01
4.401000000000000000e+05	-1.377877302641420101e+03
4.410000000000000000e+05	-1.377877302641420101e+03
4.410000000000000000e+05	-4.389063344462192617e+02
4.419000000000000000e+05	-4.389063344462192617e+02
4.419000000000000000e+05	-2.230209407501970418e+02
4.428000000000000000e+05	-2.230209407501970418e+02
4.428000000000000000e+05	4.234940949800147791e+01
4.437000000000000000e+05	4.234940949800147791e+01
4.437000000000000000e+05	-1.373023836538508249e+03
4.446000000000000000e+05	-1.373023836538508249e+03
4.446000000000000000e+05	-4.372599365034839138e+02
4.455000000000000000e+05	-4.372599365034839138e+02
4.455000000000000000e+05	-2.221634038374759257e+02
4.464000000000000000e+05	-2.221634038374759257e+02
4.464000000000000000e+05	4.302596454712420382e+01
4.473000000000000000e+05	4.302596454712420382e+01
4.473000000000000000e+05	6.093265915737804789e+03
4.482000000000000000e+05	6.093265915737804789e+03
4.482000000000000000e+05	1.061438320563989691e+03
4.491000000000000000e+05	1.061438320563989691e+03
4.491000000000000000e+05	1.826027087862894405e+03
4.500000000000000000e+05	1.826027087862894405e+03
4.500000000000000000e+05	1.872873053908657312e+03
4.509000000000000000e+05	1.872873053908657312e+03
4.509000000000000000e+05	1.678393131283644379e+03
4.518000000000000000e+05	1.678393131283644379e+03
4.518000000000000000e+05	2.031249873779132031e+03
4.527000000000000000e+05	2.031249873779132031e+03
4.527000000000000000e+05	1.891577692112652585e+03
4.536000000000000000e+05	1.891577692112652585e+03
4.536000000000000000e+05	8.320133898463182049e+02
4.545000000000000000e+05	8.320133898463182049e+02
4.545000000000000000e+05	2.253043612446453153e+03
4.554000000000000000e+05	2.253043612446453153e+03
4.554000000000000000e+05	3.119099661529471632e+03
4.563000000000000000e+05	3.119099661529471632e+03
4.563000000000000000e+05	-2.521336406093323603e+03
4.572000000000000000e+05	-2.521336406093323603e+03
4.572000000000000000e+05	1.085146031120455518e+03
4.581000000000000000e+05	1.085146031120455518e+03
4.581000000000000000e+05	4.542382524223434302e+03
4.590000000000000000e+05	4.542382524223434302e+03
4.590000000000000000e+05	5.854997716748795938e+03
4.599000000000000000e+05	5.854997716748795938e+03
4.599000000000000000e+05	6.521551030456379522e+03
4.608000000000000000e+05	6.521551030456379522e+03
4.608000000000000000e+05	5.494849826403464249e+03
4.617000000000000000e+05	5.494849826403464249e+03
4.617000000000000000e+05	8.733834664663911099e+03
4.626000000000000000e+05	8.733834664663911099e+03
4.626000000000000000e+05	8.090145377613487653e+03
4.635000000000000000e+05	8.090145377613487653e+03
4.635000000000000000e+05	8.110451325366448145e+03
4.644000000000000000e+05	8.110451325366448145e+03
4.644000000000000000e+05	6.767722333880949009e+03
4.653000000000000000e+05	6.767722333880949009e+03
4.653000000000000000e+05	4.271717529552615815e+03
4.662000000000000000e+05	4.271717529552615815e+03
4.662000000000000000e+05	6.875581376505666412e+03
4.671000000000000000e+05	6.875581376505666412e+03
4.671000000000000000e+05	5.788428706713777501e+03
4.680000000000000000e+05	5.788428706713777501e+03
4.680000000000000000e+05	5.260649994471965329e+03
4.689000000000000000e+05	5.260649994471965329e+03
4.689000000000000000e+05	4.110256492247428469e+03
4.698000000000000000e+05	4.110256492247428469e+03
4.698000000000000000e+05	4.268032840590109117e+03
4.707000000000000000e+05	4.268032840590109117e+03
4.707000000000000000e+05	4.218688877949258313e+03
4.716000000000000000e+05	4.218688877949258313e+03
4.716000000000000000e+05	4.420993413605559908e+03
4.725000000000000000e+05	4.420993413605559908e+03
4.725000000000000000e+05	1.222940039828346016e+03
4.734000000000000000e+05	1.222940039828346016e+03
4.734000000000000000e+05	3.580795240954263136e+03
4.743000000000000000e+05	3.580795240954263136e+03
4.743000000000000000e+05	3.244956878582248464e+03
4.752000000000000000e+05	3.244956878582248464e+03
4.752000000000000000e+05	3.393510022144406321e+03
4.761000000000000000e+05	3.393510022144406321e+03
4.761000000000000000e+05	1.004184447291248944e+03
4.770000000000000000e+05	1.004184447291248944e+03
4.770000000000000000e+05	3.136128827606968116e+03
4.779000000000000000e+05	3.136128827606968116e+03
4.779000000000000000e+05	2.921749670158373192e+03
4.788000000000000000e+05	2.921749670158373192e+03
4.788000000000000000e+05	2.555482164120428934e+03
4.797000000000000000e+05	2.555482164120428934e+03
4.797000000000000000e+05	2.185971363010969071e+03
4.806000000000000000e+05	2.185971363010969071e+03
4.806000000000000000e+05	2.542219226518878713e+03
4.815000000000000000e+05	2.542219226518878713e+03
4.815000000000000000e+05	2.561753292350913398e+03
4.824000000000000000e+05	2.561753292350913398e+03
4.824000000000000000e+05	1.452130865109156730e+03
4.833000000000000000e+05	1.452130865109156730e+03
4.833000000000000000e+05	4.659560542972904841e+03
4.842000000000000000e+05	4.659560542972904841e+03
4.842000000000000000e+05	2.192758762562065385e+03
4.851000000000000000e+05	2.192758762562065385e+03
4.851000000000000000e+05	2.305294495090958662e+03
4.860000000000000000e+05	2.305294495090958662e+03
4.860000000000000000e+05	1.240411050603117474e+03
4.869000000000000000e+05	1.240411050603117474e+03
4.869000000000000000e+05	5.167683838354310865e+03
4.878000000000000000e+05	5.167683838354310865e+03
4.878000000000000000e+05	1.599849544290336780e+03
4.887000000000000000e+05	1.599849544290336780e+03
4.887000000000000000e+05	2.080198884902929422e+03
4.896000000000000000e+05	2.080198884902929422e+03
4.896000000000000000e+05	7.913500000808935511e+02
4.905000000000000000e+05	7.913500000808935511e+02
4.905000000000000000e+05	5.945335227673960617e+03
4.914000000000000000e+05	5.945335227673960617e+03
4.914000000000000000e+05	1.338220120418525767e+03
4.923000000000000000e+05	1.338220120418525767e+03
4.923000000000000000e+05	2.055367439861642197e+03
4.932000000000000000e+05	2.055367439861642197e+03
4.932000000000000000e+05	1.416779829090073690e+03
4.941000000000000000e+05	1.416779829090073690e+03
4.941000000000000000e+05	2.468061845958736285e+03
4.950000000000000000e+05	2.468061845958736285e+03
4.950000000000000000e+05	1.154591697008232586e+03
4.959000000000000000e+05	1.154591697008232586e+03
4.959000000000000000e+05	7.767014479258796200e+02
4.968000000000000000e+05	7.767014479258796200e+02
4.968000000000000000e+05	1.561991877931068302e+03
4.977000000000000000e+05	1.561991877931068302e+03
4.977000000000000000e+05	2.836360899167229945e+03
4.986000000000000000e+05	2.836360899167229945e+03
4.986000000000000000e+05	1.259560905252350494e+03
4.995000000000000000e+05	1.259560905252350494e+03
4.995000000000000000e+05	2.133207472408830654e+03
5.004000000000000000e+05	2.133207472408830654e+03
5.004000000000000000e+05	1.874165942694746263e+03
5.013000000000000000e+05	1.874165942694746263e+03
5.013000000000000000e+05	1.136182014025207991e+03
5.022000000000000000e+05	1.136182014025207991e+03
5.022000000000000000e+05	2.241620229866006412e+03
5.031000000000000000e+05	2.241620229866006412e+03
5.031000000000000000e+05	3.217235391463560518e+03
5.040000000000000000e+05	3.217235391463560518e+03
5.040000000000000000e+05	1.745706009814542995e+03
5.049000000000000000e+05	1.745706009814542995e+03
5.049000000000000000e+05	2.622168709594562188e+03
5.058000000000000000e+05	2.622168709594562188e+03
5.058000000000000000e+05	1.296122705283341929e+03
5.067000000000000000e+05	1.296122705283341929e+03
5.067000000000000000e+05	8.962387679946259595e+02
5.076000000000000000e+05	8.962387679946259595e+02
5.076000000000000000e+05	5.969467375033518692e+02
5.085000000000000000e+05	5.969467375033518692e+02
5.085000000000000000e+05	2.209733745344793533e+03
5.094000000000000000e+05	2.209733745344793533e+03
5.094000000000000000e+05	8.848856984910089523e+02
5.103000000000000000e+05	8.848856984910089523e+02
5.103000000000000000e+05	5.074223264569300227e+02
5.112000000000000000e+05	5.074223264569300227e+02
5.112000000000000000e+05	6.582172356671544549e+02
5.121000000000000000e+05	6.582172356671544549e+02
5.121000000000000000e+05	-1.561447170844215179e+03
5.130000000000000000e+05	-1.561447170844215179e+03
5.130000000000000000e+05	-3.645931090574595146e+02
5.139000000000000000e+05	-3.645931090574595146e+02
5.139000000000000000e+05	-1.202830437364755198e+02
5.148000000000000000e+05	-1.202830437364755198e+02
5.148000000000000000e+05	6.952067052277652692e+01
5.157000000000000000e+05	6.952067052277652692e+01
5.157000000000000000e+05	-1.207191353936538462e+03
5.166000000000000000e+05	-1.207191353936538462e+03
5.166000000000000000e+05	-3.727283274685032666e+02
5.175000000000000000e+05	-3.727283274685032666e+02
5.175000000000000000e+05	-1.827057973819901235e+02
5.184000000000000000e+05	-1.827057973819901235e+02
5.184000000000000000e+05	5.121936337753686530e+01
5.193000000000000000e+05	5.121936337753686530e+01
5.193000000000000000e+05	-1.197969344690078287e+03
5.202000000000000000e+05	-1.197969344690078287e+03
5.202000000000000000e+05	-3.761209614541148767e+02
5.211000000000000000e+05	-3.761209614541148767e+02
5.211000000000000000e+05	-1.875249011038104072e+02
5.220000000000000000e+05	-1.875249011038104072e+02
5.220000000000000000e+05	5.140680934064585017e+01
5.229000000000000000e+05	5.140680934064585017e+01
5.229000000000000000e+05	-1.205375869776134095e+03
5.238000000000000000e+05	-1.205375869776134095e+03
5.238000000000000000e+05	-3.787950726175913587e+02
5.247000000000000000e+05	-3.787950726175913587e+02
5.247000000000000000e+05	-9.621451027377042919e+01
5.256000000000000000e+05	-9.621451027377042919e+01
5.256000000000000000e+05	5.191625062427374360e+01
5.265000000000000000e+05	5.191625062427374360e+01
5.265000000000000000e+05	9.794811784660836338e+02
5.274000000000000000e+05	9.794811784660836338e+02
5.274000000000000000e+05	6.097686237664893270e+02
5.283000000000000000e+05	6.097686237664893270e+02
5.283000000000000000e+05	6.854931741488981061e+02
5.292000000000000000e+05	6.854931741488981061e+02
5.292000000000000000e+05	9.310993617188269127e+02
5.301000000000000000e+05	9.310993617188269127e+02
5.301000000000000000e+05	1.183636921671180744e+03
5.310000000000000000e+05	1.183636921671180744e+03
5.310000000000000000e+05	1.128512098610226531e+03
5.319000000000000000e+05	1.128512098610226531e+03
5.319000000000000000e+05	1.202007068749226164e+03
5.328000000000000000e+05	1.202007068749226164e+03
5.328000000000000000e+05	4.515599424104730133e+02
5.337000000000000000e+05	4.515599424104730133e+02
5.337000000000000000e+05	4.350136395330597225e+03
5.346000000000000000e+05	4.350136395330597225e+03
5.346000000000000000e+05	1.276296323850634508e+03
5.355000000000000000e+05	1.276296323850634508e+03
5.355000000000000000e+05	1.718511265465815086e+03
5.364000000000000000e+05	1.718511265465815086e+03
5.364000000000000000e+05	1.320523545492910671e+03
5.373000000000000000e+05	1.320523545492910671e+03
5.373000000000000000e+05	3.279024497598282323e+03
5.382000000000000000e+05	3.279024497598282323e+03
5.382000000000000000e+05	1.842093724040605593e+03
5.391000000000000000e+05	1.842093724040605593e+03
5.391000000000000000e+05	2.062776586688880343e+03
5.400000000000000000e+05	2.062776586688880343e+03
5.400000000000000000e+05	1.182500767008042203e+03
5.409000000000000000e+05	1.182500767008042203e+03
5.409000000000000000e+05	2.391441497775939752e+03
5.418000000000000000e+05	2.391441497775939752e+03
5.418000000000000000e+05	2.892377078246441670e+03
5.427000000000000000e+05	2.892377078246441670e+03
5.427000000000000000e+05	-2.535085930072469637e+03
5.436000000000000000e+05	-2.535085930072469637e+03
5.436000000000000000e+05	1.083191622230821849e+03
5.445000000000000000e+05	1.083191622230821849e+03
5.445000000000000000e+05	4.522953594012297799e+03
5.454000000000000000e+05	4.522953594012297799e+03
5.454000000000000000e+05	5.849399835174670443e+03
5.463000000000000000e+05	5.849399835174670443e+03
5.463000000000000000e+05	6.518866584129340481e+03
5.472000000000000000e+05	6.518866584129340481e+03
5.472000000000000000e+05	5.493033581685482204e+03
5.481000000000000000e+05	5.493033581685482204e+03
5.481000000000000000e+05	8.724386282749363090e+03
5.490000000000000000e+05	8.724386282749363090e+03
5.490000000000000000e+05	8.085823806920321658e+03
5.499000000000000000e+05	8.085823806920321658e+03
5.499000000000000000e+05	8.107180727739236318e+03
5.508000000000000000e+05	8.107180727739236318e+03
5.508000000000000000e+05	7.285720124928604491e+03
5.517000000000000000e+05	7.285720124928604491e+03
5.517000000000000000e+05	4.277243183579747893e+03
5.526000000000000000e+05	4.277243183579747893e+03
5.526000000000000000e+05	5.763615094940643758e+03
5.535000000000000000e+05	5.763615094940643758e+03
5.535000000000000000e+05	5.642503141202381812e+03
5.544000000000000000e+05	5.642503141202381812e+03
5.544000000000000000e+05	5.072502413480491668e+03
5.553000000000000000e+05	5.072502413480491668e+03
5.553000000000000000e+05	-2.043174083784637673e+02
5.562000000000000000e+05	-2.043174083784637673e+02
5.562000000000000000e+05	9.275165145409409888e+02
5.571000000000000000e+05	9.275165145409409888e+02
5.571000000000000000e+05	9.520783228391665034e+02
5.580000000000000000e+05	9.520783228391665034e+02
5.580000000000000000e+05	1.451717921471878071e+03
5.589000000000000000e+05	1.451717921471878071e+03
5.589000000000000000e+05	7.450776703644643931e+03
5.598000000000000000e+05	7.450776703644643931e+03
5.598000000000000000e+05	6.817930942882958334e+03
5.607000000000000000e+05	6.817930942882958334e+03
5.607000000000000000e+05	2.988386018072778825e+03
5.616000000000000000e+05	2.988386018072778825e+03
5.616000000000000000e+05	2.904034620533933776e+03
5.625000000000000000e+05	2.904034620533933776e+03
5.625000000000000000e+05	4.964893696335683671e+03
5.634000000000000000e+05	4.964893696335683671e+03
5.634000000000000000e+05	3.335686266898177564e+03
5.643000000000000000e+05	3.335686266898177564e+03
5.643000000000000000e+05	3.685869196599989664e+03
5.652000000000000000e+05	3.685869196599989664e+03
5.652000000000000000e+05	2.990698402253688982e+03
5.661000000000000000e+05	2.990698402253688982e+03
5.661000000000000000e+05	3.474744584117504019e+03
5.670000000000000000e+05	3.474744584117504019e+03
5.670000000000000000e+05	3.034748589670634829e+03
5.679000000000000000e+05	3.034748589670634829e+03
5.679000000000000000e+05	3.124495327522919979e+03
5.688000000000000000e+05	3.124495327522919979e+03
5.688000000000000000e+05	2.223939137084482354e+03
5.697000000000000000e+05	2.223939137084482354e+03
5.697000000000000000e+05	4.586659991231177628e+03
5.706000000000000000e+05	4.586659991231177628e+03
5.706000000000000000e+05	2.488669663451320957e+03
5.715000000000000000e+05	2.488669663451320957e+03
5.715000000000000000e+05	2.933399117359891534e+03
5.724000000000000000e+05	2.933399117359891534e+03
5.724000000000000000e+05	2.645264582907342628e+03
5.733000000000000000e+05	2.645264582907342628e+03
5.733000000000000000e+05	1.531203031512147163e+03
5.742000000000000000e+05	1.531203031512147163e+03
5.742000000000000000e+05	2.383617355113499798e+03
5.751000000000000000e+05	2.383617355113499798e+03
5.751000000000000000e+05	2.174048847500584088e+03
5.760000000000000000e+05	2.174048847500584088e+03
5.760000000000000000e+05	1.442769078914434431e+03
5.769000000000000000e+05	1.442769078914434431e+03
5.769000000000000000e+05	2.486511931811533941e+03
5.778000000000000000e+05	2.486511931811533941e+03
5.778000000000000000e+05	2.684018608557817061e+03
5.787000000000000000e+05	2.684018608557817061e+03
5.787000000000000000e+05	1.898678815001389012e+03
5.796000000000000000e+05	1.898678815001389012e+03
5.796000000000000000e+05	9.541256548911933351e+02
5.805000000000000000e+05	9.541256548911933351e+02
5.805000000000000000e+05	4.901402800427723378e+03
5.814000000000000000e+05	4.901402800427723378e+03
5.814000000000000000e+05	1.510856686385464855e+03
5.823000000000000000e+05	1.510856686385464855e+03
5.823000000000000000e+05	2.020078168864711188e+03
5.832000000000000000e+05	2.020078168864711188e+03
5.832000000000000000e+05	2.288841536757256108e+03
5.841000000000000000e+05	2.288841536757256108e+03
5.841000000000000000e+05	2.551285951068408394e+03
5.850000000000000000e+05	2.551285951068408394e+03
5.850000000000000000e+05	1.850842363827279769e+03
5.859000000000000000e+05	1.850842363827279769e+03
5.859000000000000000e+05	1.891855680522450712e+03
5.868000000000000000e+05	1.891855680522450712e+03
5.868000000000000000e+05	1.545972612950035909e+03
5.877000000000000000e+05	1.545972612950035909e+03
5.877000000000000000e+05	4.356189094766648850e+03
5.886000000000000000e+05	4.356189094766648850e+03
5.886000000000000000e+05	2.795017729861312546e+03
5.895000000000000000e+05	2.795017729861312546e+03
5.895000000000000000e+05	3.383089648164750542e+03
5.904000000000000000e+05	3.383089648164750542e+03
5.904000000000000000e+05	2.624720815326461889e+03
5.913000000000000000e+05	2.624720815326461889e+03
5.913000000000000000e+05	2.798536232131511952e+03
5.922000000000000000e+05	2.798536232131511952e+03
5.922000000000000000e+05	1.460344852203736082e+03
5.931000000000000000e+05	1.460344852203736082e+03
5.931000000000000000e+05	1.033217451045697089e+03
5.940000000000000000e+05	1.033217451045697089e+03
5.940000000000000000e+05	7.825876222242022777e+02
5.949000000000000000e+05	7.825876222242022777e+02
5.949000000000000000e+05	2.283627467157591582e+03
5.958000000000000000e+05	2.283627467157591582e+03
5.958000000000000000e+05	9.540348278625169769e+02
5.967000000000000000e+05	9.540348278625169769e+02
5.967000000000000000e+05	6.083625243501737714e+02
5.976000000000000000e+05	6.083625243501737714e+02
5.976000000000000000e+05	7.036088573457409439e+02
5.985000000000000000e+05	7.036088573457409439e+02
5.985000000000000000e+05	-1.594453038581448936e+03
5.994000000000000000e+05	-1.594453038581448936e+03
5.994000000000000000e+05	-3.617389109887299128e+02
6.003000000000000000e+05	-3.617389109887299128e+02
6.003000000000000000e+05	-1.113976859838003293e+02
6.012000000000000000e+05	-1.113976859838003293e+02
6.012000000000000000e+05	7.299127110889639880e+01
6.021000000000000000e+05	7.299127110889639880e+01
6.021000000000000000e+05	-1.186148211276562279e+03
6.030000000000000000e+05	-1.186148211276562279e+03
6.030000000000000000e+05	-3.621576978319790214e+02
6.039000000000000000e+05	-3.621576978319790214e+02
6.039000000000000000e+05	-1.742469193902797997e+02
6.048000000000000000e+05	-1.742469193902797997e+02
