# #1
# double T_supply_HP_heat(1344, 2)
0.000000000000000000e+00	3.281499999999999773e+02
9.000000000000000000e+02	3.281499999999999773e+02
9.000000000000000000e+02	3.281499999999999773e+02
1.800000000000000000e+03	3.281499999999999773e+02
1.800000000000000000e+03	2.981499999999999773e+02
2.700000000000000000e+03	2.981499999999999773e+02
2.700000000000000000e+03	2.981499999999999773e+02
3.600000000000000000e+03	2.981499999999999773e+02
3.600000000000000000e+03	3.008288300976587948e+02
4.500000000000000000e+03	3.008288300976587948e+02
4.500000000000000000e+03	2.981499999999999773e+02
5.400000000000000000e+03	2.981499999999999773e+02
5.400000000000000000e+03	3.008552052196228601e+02
6.300000000000000000e+03	3.008552052196228601e+02
6.300000000000000000e+03	2.981499999999999773e+02
7.200000000000000000e+03	2.981499999999999773e+02
7.200000000000000000e+03	3.010746320573651360e+02
8.100000000000000000e+03	3.010746320573651360e+02
8.100000000000000000e+03	3.039285500825877762e+02
9.000000000000000000e+03	3.039285500825877762e+02
9.000000000000000000e+03	3.281499999999999773e+02
9.900000000000000000e+03	3.281499999999999773e+02
9.900000000000000000e+03	3.281499999999999773e+02
1.080000000000000000e+04	3.281499999999999773e+02
1.080000000000000000e+04	3.011483659721797039e+02
1.170000000000000000e+04	3.011483659721797039e+02
1.170000000000000000e+04	3.040770764165208675e+02
1.260000000000000000e+04	3.040770764165208675e+02
1.260000000000000000e+04	3.040291473148329260e+02
1.350000000000000000e+04	3.040291473148329260e+02
1.350000000000000000e+04	3.268171884523320045e+02
1.440000000000000000e+04	3.268171884523320045e+02
1.440000000000000000e+04	3.042637302070808119e+02
1.530000000000000000e+04	3.042637302070808119e+02
1.530000000000000000e+04	2.981499999999999773e+02
1.620000000000000000e+04	2.981499999999999773e+02
1.620000000000000000e+04	3.281499999999999773e+02
1.710000000000000000e+04	3.281499999999999773e+02
1.710000000000000000e+04	3.281499999999999773e+02
1.800000000000000000e+04	3.281499999999999773e+02
1.800000000000000000e+04	3.281500000000008868e+02
1.890000000000000000e+04	3.281500000000008868e+02
1.890000000000000000e+04	3.281499999999999773e+02
1.980000000000000000e+04	3.281499999999999773e+02
1.980000000000000000e+04	3.281499999999999773e+02
2.070000000000000000e+04	3.281499999999999773e+02
2.070000000000000000e+04	3.281499999999999773e+02
2.160000000000000000e+04	3.281499999999999773e+02
2.160000000000000000e+04	3.277626615636537508e+02
2.250000000000000000e+04	3.277626615636537508e+02
2.250000000000000000e+04	2.981499999999999773e+02
2.340000000000000000e+04	2.981499999999999773e+02
2.340000000000000000e+04	2.981499999999999773e+02
2.430000000000000000e+04	2.981499999999999773e+02
2.430000000000000000e+04	3.004143556132507342e+02
2.520000000000000000e+04	3.004143556132507342e+02
2.520000000000000000e+04	3.041801611035213568e+02
2.610000000000000000e+04	3.041801611035213568e+02
2.610000000000000000e+04	3.095650738907486357e+02
2.700000000000000000e+04	3.095650738907486357e+02
2.700000000000000000e+04	3.125565025602208493e+02
2.790000000000000000e+04	3.125565025602208493e+02
2.790000000000000000e+04	3.147202877808556991e+02
2.880000000000000000e+04	3.147202877808556991e+02
2.880000000000000000e+04	3.121687038372425604e+02
2.970000000000000000e+04	3.121687038372425604e+02
2.970000000000000000e+04	3.146369693565408738e+02
3.060000000000000000e+04	3.146369693565408738e+02
3.060000000000000000e+04	3.145475024328286509e+02
3.150000000000000000e+04	3.145475024328286509e+02
3.150000000000000000e+04	3.150595009770266302e+02
3.240000000000000000e+04	3.150595009770266302e+02
3.240000000000000000e+04	3.148960599385987962e+02
3.330000000000000000e+04	3.148960599385987962e+02
3.330000000000000000e+04	3.281499999999999773e+02
3.420000000000000000e+04	3.281499999999999773e+02
3.420000000000000000e+04	3.093056760045811870e+02
3.510000000000000000e+04	3.093056760045811870e+02
3.510000000000000000e+04	3.281499999999999773e+02
3.600000000000000000e+04	3.281499999999999773e+02
3.600000000000000000e+04	3.281499999999999773e+02
3.690000000000000000e+04	3.281499999999999773e+02
3.690000000000000000e+04	3.281499999999999773e+02
3.780000000000000000e+04	3.281499999999999773e+02
3.780000000000000000e+04	3.033594634849731051e+02
3.870000000000000000e+04	3.033594634849731051e+02
3.870000000000000000e+04	3.063345669037466337e+02
3.960000000000000000e+04	3.063345669037466337e+02
3.960000000000000000e+04	3.072047207401244577e+02
4.050000000000000000e+04	3.072047207401244577e+02
4.050000000000000000e+04	3.281499999999999773e+02
4.140000000000000000e+04	3.281499999999999773e+02
4.140000000000000000e+04	3.281499999999999773e+02
4.230000000000000000e+04	3.281499999999999773e+02
4.230000000000000000e+04	2.981499999999999773e+02
4.320000000000000000e+04	2.981499999999999773e+02
4.320000000000000000e+04	3.030557205572301882e+02
4.410000000000000000e+04	3.030557205572301882e+02
4.410000000000000000e+04	3.281499999999999773e+02
4.500000000000000000e+04	3.281499999999999773e+02
4.500000000000000000e+04	3.023060343462483388e+02
4.590000000000000000e+04	3.023060343462483388e+02
4.590000000000000000e+04	2.981499999999999773e+02
4.680000000000000000e+04	2.981499999999999773e+02
4.680000000000000000e+04	2.981499999999999773e+02
4.770000000000000000e+04	2.981499999999999773e+02
4.770000000000000000e+04	3.008456845401905753e+02
4.860000000000000000e+04	3.008456845401905753e+02
4.860000000000000000e+04	2.981499999999999773e+02
4.950000000000000000e+04	2.981499999999999773e+02
4.950000000000000000e+04	2.981499999999999773e+02
5.040000000000000000e+04	2.981499999999999773e+02
5.040000000000000000e+04	3.281499999999999773e+02
5.130000000000000000e+04	3.281499999999999773e+02
5.130000000000000000e+04	2.981499999999999773e+02
5.220000000000000000e+04	2.981499999999999773e+02
5.220000000000000000e+04	2.987078937241274730e+02
5.310000000000000000e+04	2.987078937241274730e+02
5.310000000000000000e+04	2.981499999999999773e+02
5.400000000000000000e+04	2.981499999999999773e+02
5.400000000000000000e+04	3.093056760045811870e+02
5.490000000000000000e+04	3.093056760045811870e+02
5.490000000000000000e+04	3.281499999999999773e+02
5.580000000000000000e+04	3.281499999999999773e+02
5.580000000000000000e+04	2.981499999999999773e+02
5.670000000000000000e+04	2.981499999999999773e+02
5.670000000000000000e+04	3.281499999999999773e+02
5.760000000000000000e+04	3.281499999999999773e+02
5.760000000000000000e+04	3.197597358113505379e+02
5.850000000000000000e+04	3.197597358113505379e+02
5.850000000000000000e+04	2.981499999999999773e+02
5.940000000000000000e+04	2.981499999999999773e+02
5.940000000000000000e+04	2.981499999999999773e+02
6.030000000000000000e+04	2.981499999999999773e+02
6.030000000000000000e+04	3.281499999999999773e+02
6.120000000000000000e+04	3.281499999999999773e+02
6.120000000000000000e+04	2.997107202475102667e+02
6.210000000000000000e+04	2.997107202475102667e+02
6.210000000000000000e+04	3.093056760045811870e+02
6.300000000000000000e+04	3.093056760045811870e+02
6.300000000000000000e+04	3.093056760045811870e+02
6.390000000000000000e+04	3.093056760045811870e+02
6.390000000000000000e+04	2.981499999999999773e+02
6.480000000000000000e+04	2.981499999999999773e+02
6.480000000000000000e+04	3.023407811968734222e+02
6.570000000000000000e+04	3.023407811968734222e+02
6.570000000000000000e+04	3.281499999999999773e+02
6.660000000000000000e+04	3.281499999999999773e+02
6.660000000000000000e+04	3.093056760045811870e+02
6.750000000000000000e+04	3.093056760045811870e+02
6.750000000000000000e+04	3.024518807243068181e+02
6.840000000000000000e+04	3.024518807243068181e+02
6.840000000000000000e+04	3.031698388378785580e+02
6.930000000000000000e+04	3.031698388378785580e+02
6.930000000000000000e+04	3.049918908397667110e+02
7.020000000000000000e+04	3.049918908397667110e+02
7.020000000000000000e+04	3.045687178374819268e+02
7.110000000000000000e+04	3.045687178374819268e+02
7.110000000000000000e+04	2.981499999999999773e+02
7.200000000000000000e+04	2.981499999999999773e+02
7.200000000000000000e+04	3.281499999999999773e+02
7.290000000000000000e+04	3.281499999999999773e+02
7.290000000000000000e+04	3.281499999999999773e+02
7.380000000000000000e+04	3.281499999999999773e+02
7.380000000000000000e+04	3.281499999999999773e+02
7.470000000000000000e+04	3.281499999999999773e+02
7.470000000000000000e+04	3.281499999999999773e+02
7.560000000000000000e+04	3.281499999999999773e+02
7.560000000000000000e+04	3.281499999999999773e+02
7.650000000000000000e+04	3.281499999999999773e+02
7.650000000000000000e+04	2.981499999999999773e+02
7.740000000000000000e+04	2.981499999999999773e+02
7.740000000000000000e+04	3.281499999999999773e+02
7.830000000000000000e+04	3.281499999999999773e+02
7.830000000000000000e+04	3.281499999999999773e+02
7.920000000000000000e+04	3.281499999999999773e+02
7.920000000000000000e+04	3.281499999999999773e+02
8.010000000000000000e+04	3.281499999999999773e+02
8.010000000000000000e+04	3.281499999999999773e+02
8.100000000000000000e+04	3.281499999999999773e+02
8.100000000000000000e+04	3.281499999999999773e+02
8.190000000000000000e+04	3.281499999999999773e+02
8.190000000000000000e+04	3.281499999999999773e+02
8.280000000000000000e+04	3.281499999999999773e+02
8.280000000000000000e+04	2.981499999999999773e+02
8.370000000000000000e+04	2.981499999999999773e+02
8.370000000000000000e+04	3.281499999999999773e+02
8.460000000000000000e+04	3.281499999999999773e+02
8.460000000000000000e+04	3.281499999999999773e+02
8.550000000000000000e+04	3.281499999999999773e+02
8.550000000000000000e+04	2.981499999999999773e+02
8.640000000000000000e+04	2.981499999999999773e+02
8.640000000000000000e+04	2.981499999999999773e+02
8.730000000000000000e+04	2.981499999999999773e+02
8.730000000000000000e+04	3.281499999999999773e+02
8.820000000000000000e+04	3.281499999999999773e+02
8.820000000000000000e+04	3.281499999999999773e+02
8.910000000000000000e+04	3.281499999999999773e+02
8.910000000000000000e+04	3.281499999999999773e+02
9.000000000000000000e+04	3.281499999999999773e+02
9.000000000000000000e+04	3.167050761265985557e+02
9.090000000000000000e+04	3.167050761265985557e+02
9.090000000000000000e+04	3.281499999999999773e+02
9.180000000000000000e+04	3.281499999999999773e+02
9.180000000000000000e+04	3.281499999999999773e+02
9.270000000000000000e+04	3.281499999999999773e+02
9.270000000000000000e+04	2.981499999999999773e+02
9.360000000000000000e+04	2.981499999999999773e+02
9.360000000000000000e+04	3.281499999999999773e+02
9.450000000000000000e+04	3.281499999999999773e+02
9.450000000000000000e+04	2.981499999999999773e+02
9.540000000000000000e+04	2.981499999999999773e+02
9.540000000000000000e+04	2.981499999999999773e+02
9.630000000000000000e+04	2.981499999999999773e+02
9.630000000000000000e+04	2.981499999999999773e+02
9.720000000000000000e+04	2.981499999999999773e+02
9.720000000000000000e+04	3.281499999999999773e+02
9.810000000000000000e+04	3.281499999999999773e+02
9.810000000000000000e+04	2.981499999999999773e+02
9.900000000000000000e+04	2.981499999999999773e+02
9.900000000000000000e+04	3.281499999999999773e+02
9.990000000000000000e+04	3.281499999999999773e+02
9.990000000000000000e+04	2.981500000000000341e+02
1.008000000000000000e+05	2.981500000000000341e+02
1.008000000000000000e+05	3.281499999999999773e+02
1.017000000000000000e+05	3.281499999999999773e+02
1.017000000000000000e+05	2.988437598518536902e+02
1.026000000000000000e+05	2.988437598518536902e+02
1.026000000000000000e+05	3.040529536431993733e+02
1.035000000000000000e+05	3.040529536431993733e+02
1.035000000000000000e+05	2.981499999999999773e+02
1.044000000000000000e+05	2.981499999999999773e+02
1.044000000000000000e+05	2.992814845191100517e+02
1.053000000000000000e+05	2.992814845191100517e+02
1.053000000000000000e+05	3.281499999999999773e+02
1.062000000000000000e+05	3.281499999999999773e+02
1.062000000000000000e+05	3.281499999999999773e+02
1.071000000000000000e+05	3.281499999999999773e+02
1.071000000000000000e+05	3.281499999999999773e+02
1.080000000000000000e+05	3.281499999999999773e+02
1.080000000000000000e+05	3.093056760045811870e+02
1.089000000000000000e+05	3.093056760045811870e+02
1.089000000000000000e+05	2.981499999999999773e+02
1.098000000000000000e+05	2.981499999999999773e+02
1.098000000000000000e+05	3.207462762717293003e+02
1.107000000000000000e+05	3.207462762717293003e+02
1.107000000000000000e+05	3.002535708511493908e+02
1.116000000000000000e+05	3.002535708511493908e+02
1.116000000000000000e+05	3.026684421079419280e+02
1.125000000000000000e+05	3.026684421079419280e+02
1.125000000000000000e+05	3.161129351107852585e+02
1.134000000000000000e+05	3.161129351107852585e+02
1.134000000000000000e+05	3.161129351107852585e+02
1.143000000000000000e+05	3.161129351107852585e+02
1.143000000000000000e+05	3.161129351107852017e+02
1.152000000000000000e+05	3.161129351107852017e+02
1.152000000000000000e+05	3.113741160417301899e+02
1.161000000000000000e+05	3.113741160417301899e+02
1.161000000000000000e+05	3.139431044194163860e+02
1.170000000000000000e+05	3.139431044194163860e+02
1.170000000000000000e+05	3.140722482474678827e+02
1.179000000000000000e+05	3.140722482474678827e+02
1.179000000000000000e+05	3.146803700536365795e+02
1.188000000000000000e+05	3.146803700536365795e+02
1.188000000000000000e+05	3.093056760045811870e+02
1.197000000000000000e+05	3.093056760045811870e+02
1.197000000000000000e+05	3.093056760045811870e+02
1.206000000000000000e+05	3.093056760045811870e+02
1.206000000000000000e+05	3.093056760045811870e+02
1.215000000000000000e+05	3.093056760045811870e+02
1.215000000000000000e+05	3.281499999999999773e+02
1.224000000000000000e+05	3.281499999999999773e+02
1.224000000000000000e+05	3.083688728463254165e+02
1.233000000000000000e+05	3.083688728463254165e+02
1.233000000000000000e+05	3.168009623161068475e+02
1.242000000000000000e+05	3.168009623161068475e+02
1.242000000000000000e+05	3.089322940189094311e+02
1.251000000000000000e+05	3.089322940189094311e+02
1.251000000000000000e+05	3.048411850172743129e+02
1.260000000000000000e+05	3.048411850172743129e+02
1.260000000000000000e+05	3.055053869088901024e+02
1.269000000000000000e+05	3.055053869088901024e+02
1.269000000000000000e+05	3.085455393889628795e+02
1.278000000000000000e+05	3.085455393889628795e+02
1.278000000000000000e+05	2.981499999999999773e+02
1.287000000000000000e+05	2.981499999999999773e+02
1.287000000000000000e+05	3.281499999999999773e+02
1.296000000000000000e+05	3.281499999999999773e+02
1.296000000000000000e+05	3.281499999999999773e+02
1.305000000000000000e+05	3.281499999999999773e+02
1.305000000000000000e+05	3.281499999999999773e+02
1.314000000000000000e+05	3.281499999999999773e+02
1.314000000000000000e+05	3.008333785714954729e+02
1.323000000000000000e+05	3.008333785714954729e+02
1.323000000000000000e+05	3.032478755628291083e+02
1.332000000000000000e+05	3.032478755628291083e+02
1.332000000000000000e+05	3.138157992350253380e+02
1.341000000000000000e+05	3.138157992350253380e+02
1.341000000000000000e+05	3.151827909709865594e+02
1.350000000000000000e+05	3.151827909709865594e+02
1.350000000000000000e+05	3.162598281188267038e+02
1.359000000000000000e+05	3.162598281188267038e+02
1.359000000000000000e+05	3.281499999999999773e+02
1.368000000000000000e+05	3.281499999999999773e+02
1.368000000000000000e+05	3.025860659320492232e+02
1.377000000000000000e+05	3.025860659320492232e+02
1.377000000000000000e+05	3.281499999999999773e+02
1.386000000000000000e+05	3.281499999999999773e+02
1.386000000000000000e+05	2.981499999999999773e+02
1.395000000000000000e+05	2.981499999999999773e+02
1.395000000000000000e+05	3.002385553352203829e+02
1.404000000000000000e+05	3.002385553352203829e+02
1.404000000000000000e+05	3.038183125012066057e+02
1.413000000000000000e+05	3.038183125012066057e+02
1.413000000000000000e+05	3.281499999999999773e+02
1.422000000000000000e+05	3.281499999999999773e+02
1.422000000000000000e+05	3.281499999999999773e+02
1.431000000000000000e+05	3.281499999999999773e+02
1.431000000000000000e+05	2.981499999999999773e+02
1.440000000000000000e+05	2.981499999999999773e+02
1.440000000000000000e+05	3.281499999999999773e+02
1.449000000000000000e+05	3.281499999999999773e+02
1.449000000000000000e+05	3.281499999999999773e+02
1.458000000000000000e+05	3.281499999999999773e+02
1.458000000000000000e+05	2.993210163719329557e+02
1.467000000000000000e+05	2.993210163719329557e+02
1.467000000000000000e+05	2.982258493867407196e+02
1.476000000000000000e+05	2.982258493867407196e+02
1.476000000000000000e+05	3.281499999999999773e+02
1.485000000000000000e+05	3.281499999999999773e+02
1.485000000000000000e+05	2.997499119253677122e+02
1.494000000000000000e+05	2.997499119253677122e+02
1.494000000000000000e+05	3.016852939679546353e+02
1.503000000000000000e+05	3.016852939679546353e+02
1.503000000000000000e+05	3.015640399352312784e+02
1.512000000000000000e+05	3.015640399352312784e+02
1.512000000000000000e+05	3.018155846983358401e+02
1.521000000000000000e+05	3.018155846983358401e+02
1.521000000000000000e+05	3.281499999999999773e+02
1.530000000000000000e+05	3.281499999999999773e+02
1.530000000000000000e+05	3.281499999999999773e+02
1.539000000000000000e+05	3.281499999999999773e+02
1.539000000000000000e+05	3.007843268956074780e+02
1.548000000000000000e+05	3.007843268956074780e+02
1.548000000000000000e+05	3.023371736986528617e+02
1.557000000000000000e+05	3.023371736986528617e+02
1.557000000000000000e+05	3.281499999999999773e+02
1.566000000000000000e+05	3.281499999999999773e+02
1.566000000000000000e+05	3.081233682602361341e+02
1.575000000000000000e+05	3.081233682602361341e+02
1.575000000000000000e+05	3.281499999999999773e+02
1.584000000000000000e+05	3.281499999999999773e+02
1.584000000000000000e+05	3.044017694233408520e+02
1.593000000000000000e+05	3.044017694233408520e+02
1.593000000000000000e+05	3.281499999999999773e+02
1.602000000000000000e+05	3.281499999999999773e+02
1.602000000000000000e+05	3.281499999999999773e+02
1.611000000000000000e+05	3.281499999999999773e+02
1.611000000000000000e+05	3.204240773070748673e+02
1.620000000000000000e+05	3.204240773070748673e+02
1.620000000000000000e+05	3.203066140982285788e+02
1.629000000000000000e+05	3.203066140982285788e+02
1.629000000000000000e+05	3.252242484651897598e+02
1.638000000000000000e+05	3.252242484651897598e+02
1.638000000000000000e+05	2.981499999999999773e+02
1.647000000000000000e+05	2.981499999999999773e+02
1.647000000000000000e+05	3.281499999999999773e+02
1.656000000000000000e+05	3.281499999999999773e+02
1.656000000000000000e+05	3.281499999999999773e+02
1.665000000000000000e+05	3.281499999999999773e+02
1.665000000000000000e+05	3.281499999999999773e+02
1.674000000000000000e+05	3.281499999999999773e+02
1.674000000000000000e+05	3.281499999999999773e+02
1.683000000000000000e+05	3.281499999999999773e+02
1.683000000000000000e+05	3.281499999999999773e+02
1.692000000000000000e+05	3.281499999999999773e+02
1.692000000000000000e+05	3.155654987812825993e+02
1.701000000000000000e+05	3.155654987812825993e+02
1.701000000000000000e+05	3.163304592286431216e+02
1.710000000000000000e+05	3.163304592286431216e+02
1.710000000000000000e+05	3.281499999999999773e+02
1.719000000000000000e+05	3.281499999999999773e+02
1.719000000000000000e+05	3.281499999999999773e+02
1.728000000000000000e+05	3.281499999999999773e+02
1.728000000000000000e+05	3.281499999999999773e+02
1.737000000000000000e+05	3.281499999999999773e+02
1.737000000000000000e+05	3.281499999999999773e+02
1.746000000000000000e+05	3.281499999999999773e+02
1.746000000000000000e+05	3.281499999999999773e+02
1.755000000000000000e+05	3.281499999999999773e+02
1.755000000000000000e+05	3.281499999999999773e+02
1.764000000000000000e+05	3.281499999999999773e+02
1.764000000000000000e+05	3.202152684338976201e+02
1.773000000000000000e+05	3.202152684338976201e+02
1.773000000000000000e+05	3.281499999999999773e+02
1.782000000000000000e+05	3.281499999999999773e+02
1.782000000000000000e+05	3.281499999999999773e+02
1.791000000000000000e+05	3.281499999999999773e+02
1.791000000000000000e+05	3.281499999999999773e+02
1.800000000000000000e+05	3.281499999999999773e+02
1.800000000000000000e+05	3.093056760045811870e+02
1.809000000000000000e+05	3.093056760045811870e+02
1.809000000000000000e+05	3.281499999999999773e+02
1.818000000000000000e+05	3.281499999999999773e+02
1.818000000000000000e+05	3.281499999999999773e+02
1.827000000000000000e+05	3.281499999999999773e+02
1.827000000000000000e+05	3.281499999999999773e+02
1.836000000000000000e+05	3.281499999999999773e+02
1.836000000000000000e+05	3.281499999999999773e+02
1.845000000000000000e+05	3.281499999999999773e+02
1.845000000000000000e+05	3.281499999999999773e+02
1.854000000000000000e+05	3.281499999999999773e+02
1.854000000000000000e+05	3.281499999999999773e+02
1.863000000000000000e+05	3.281499999999999773e+02
1.863000000000000000e+05	3.281499999999999773e+02
1.872000000000000000e+05	3.281499999999999773e+02
1.872000000000000000e+05	3.093056760045811870e+02
1.881000000000000000e+05	3.093056760045811870e+02
1.881000000000000000e+05	2.981499999999999773e+02
1.890000000000000000e+05	2.981499999999999773e+02
1.890000000000000000e+05	3.281499999999999773e+02
1.899000000000000000e+05	3.281499999999999773e+02
1.899000000000000000e+05	3.281499999999999773e+02
1.908000000000000000e+05	3.281499999999999773e+02
1.908000000000000000e+05	3.093056760045811870e+02
1.917000000000000000e+05	3.093056760045811870e+02
1.917000000000000000e+05	3.281499999999999773e+02
1.926000000000000000e+05	3.281499999999999773e+02
1.926000000000000000e+05	3.281499999999999773e+02
1.935000000000000000e+05	3.281499999999999773e+02
1.935000000000000000e+05	3.281499999999999773e+02
1.944000000000000000e+05	3.281499999999999773e+02
1.944000000000000000e+05	3.281499999999999773e+02
1.953000000000000000e+05	3.281499999999999773e+02
1.953000000000000000e+05	3.211015262128105974e+02
1.962000000000000000e+05	3.211015262128105974e+02
1.962000000000000000e+05	3.259973099588887635e+02
1.971000000000000000e+05	3.259973099588887635e+02
1.971000000000000000e+05	2.981499999999999773e+02
1.980000000000000000e+05	2.981499999999999773e+02
1.980000000000000000e+05	3.023861063931514082e+02
1.989000000000000000e+05	3.023861063931514082e+02
1.989000000000000000e+05	3.161129351107852585e+02
1.998000000000000000e+05	3.161129351107852585e+02
1.998000000000000000e+05	3.161129351107852017e+02
2.007000000000000000e+05	3.161129351107852017e+02
2.007000000000000000e+05	3.161129351107852585e+02
2.016000000000000000e+05	3.161129351107852585e+02
2.016000000000000000e+05	3.161129351107852585e+02
2.025000000000000000e+05	3.161129351107852585e+02
2.025000000000000000e+05	3.161129351107852585e+02
2.034000000000000000e+05	3.161129351107852585e+02
2.034000000000000000e+05	3.161129351107852585e+02
2.043000000000000000e+05	3.161129351107852585e+02
2.043000000000000000e+05	3.161129351107852585e+02
2.052000000000000000e+05	3.161129351107852585e+02
2.052000000000000000e+05	3.281499999999999773e+02
2.061000000000000000e+05	3.281499999999999773e+02
2.061000000000000000e+05	3.074228879033705653e+02
2.070000000000000000e+05	3.074228879033705653e+02
2.070000000000000000e+05	3.082309949922644137e+02
2.079000000000000000e+05	3.082309949922644137e+02
2.079000000000000000e+05	3.075983139856944035e+02
2.088000000000000000e+05	3.075983139856944035e+02
2.088000000000000000e+05	3.281500000000033310e+02
2.097000000000000000e+05	3.281500000000033310e+02
2.097000000000000000e+05	3.040480631046795565e+02
2.106000000000000000e+05	3.040480631046795565e+02
2.106000000000000000e+05	3.051541359300194358e+02
2.115000000000000000e+05	3.051541359300194358e+02
2.115000000000000000e+05	3.053917033040589217e+02
2.124000000000000000e+05	3.053917033040589217e+02
2.124000000000000000e+05	3.281499999999999773e+02
2.133000000000000000e+05	3.281499999999999773e+02
2.133000000000000000e+05	3.093056760045812439e+02
2.142000000000000000e+05	3.093056760045812439e+02
2.142000000000000000e+05	3.078698761593307722e+02
2.151000000000000000e+05	3.078698761593307722e+02
2.151000000000000000e+05	3.045332803705897504e+02
2.160000000000000000e+05	3.045332803705897504e+02
2.160000000000000000e+05	3.281499999999999773e+02
2.169000000000000000e+05	3.281499999999999773e+02
2.169000000000000000e+05	3.248335641696875769e+02
2.178000000000000000e+05	3.248335641696875769e+02
2.178000000000000000e+05	3.029727072995546564e+02
2.187000000000000000e+05	3.029727072995546564e+02
2.187000000000000000e+05	2.981499999999999773e+02
2.196000000000000000e+05	2.981499999999999773e+02
2.196000000000000000e+05	2.981500000000000341e+02
2.205000000000000000e+05	2.981500000000000341e+02
2.205000000000000000e+05	3.281499999999999773e+02
2.214000000000000000e+05	3.281499999999999773e+02
2.214000000000000000e+05	3.005994312004880271e+02
2.223000000000000000e+05	3.005994312004880271e+02
2.223000000000000000e+05	2.981499999999999773e+02
2.232000000000000000e+05	2.981499999999999773e+02
2.232000000000000000e+05	3.020794053020613319e+02
2.241000000000000000e+05	3.020794053020613319e+02
2.241000000000000000e+05	3.281499999999999773e+02
2.250000000000000000e+05	3.281499999999999773e+02
2.250000000000000000e+05	2.981499999999999773e+02
2.259000000000000000e+05	2.981499999999999773e+02
2.259000000000000000e+05	2.981499999999999773e+02
2.268000000000000000e+05	2.981499999999999773e+02
2.268000000000000000e+05	3.011854037217029827e+02
2.277000000000000000e+05	3.011854037217029827e+02
2.277000000000000000e+05	3.281499999999999773e+02
2.286000000000000000e+05	3.281499999999999773e+02
2.286000000000000000e+05	3.026998495039717341e+02
2.295000000000000000e+05	3.026998495039717341e+02
2.295000000000000000e+05	3.281499999999999773e+02
2.304000000000000000e+05	3.281499999999999773e+02
2.304000000000000000e+05	3.093056760045811870e+02
2.313000000000000000e+05	3.093056760045811870e+02
2.313000000000000000e+05	3.281499999999999773e+02
2.322000000000000000e+05	3.281499999999999773e+02
2.322000000000000000e+05	2.988556513839840250e+02
2.331000000000000000e+05	2.988556513839840250e+02
2.331000000000000000e+05	2.981499999999999773e+02
2.340000000000000000e+05	2.981499999999999773e+02
2.340000000000000000e+05	3.010528691249545545e+02
2.349000000000000000e+05	3.010528691249545545e+02
2.349000000000000000e+05	3.231731026726836262e+02
2.358000000000000000e+05	3.231731026726836262e+02
2.358000000000000000e+05	3.281499999999999773e+02
2.367000000000000000e+05	3.281499999999999773e+02
2.367000000000000000e+05	3.010304964706979263e+02
2.376000000000000000e+05	3.010304964706979263e+02
2.376000000000000000e+05	3.038211418535425992e+02
2.385000000000000000e+05	3.038211418535425992e+02
2.385000000000000000e+05	3.068705720107536763e+02
2.394000000000000000e+05	3.068705720107536763e+02
2.394000000000000000e+05	3.227271507951399485e+02
2.403000000000000000e+05	3.227271507951399485e+02
2.403000000000000000e+05	3.055116235809085197e+02
2.412000000000000000e+05	3.055116235809085197e+02
2.412000000000000000e+05	3.184233706311333094e+02
2.421000000000000000e+05	3.184233706311333094e+02
2.421000000000000000e+05	3.093056760045811870e+02
2.430000000000000000e+05	3.093056760045811870e+02
2.430000000000000000e+05	2.981499999999999773e+02
2.439000000000000000e+05	2.981499999999999773e+02
2.439000000000000000e+05	3.093056760045811870e+02
2.448000000000000000e+05	3.093056760045811870e+02
2.448000000000000000e+05	3.203568885243278146e+02
2.457000000000000000e+05	3.203568885243278146e+02
2.457000000000000000e+05	3.234245815184617641e+02
2.466000000000000000e+05	3.234245815184617641e+02
2.466000000000000000e+05	3.281499999999999773e+02
2.475000000000000000e+05	3.281499999999999773e+02
2.475000000000000000e+05	3.281499999999999773e+02
2.484000000000000000e+05	3.281499999999999773e+02
2.484000000000000000e+05	3.281499999999999773e+02
2.493000000000000000e+05	3.281499999999999773e+02
2.493000000000000000e+05	3.281499999999999773e+02
2.502000000000000000e+05	3.281499999999999773e+02
2.502000000000000000e+05	3.281499999999999773e+02
2.511000000000000000e+05	3.281499999999999773e+02
2.511000000000000000e+05	3.281499999999999773e+02
2.520000000000000000e+05	3.281499999999999773e+02
2.520000000000000000e+05	3.281499999999999773e+02
2.529000000000000000e+05	3.281499999999999773e+02
2.529000000000000000e+05	3.281499999999999773e+02
2.538000000000000000e+05	3.281499999999999773e+02
2.538000000000000000e+05	3.281499999999999773e+02
2.547000000000000000e+05	3.281499999999999773e+02
2.547000000000000000e+05	3.281499999999999773e+02
2.556000000000000000e+05	3.281499999999999773e+02
2.556000000000000000e+05	3.281499999999999773e+02
2.565000000000000000e+05	3.281499999999999773e+02
2.565000000000000000e+05	3.281499999999999773e+02
2.574000000000000000e+05	3.281499999999999773e+02
2.574000000000000000e+05	3.281499999999999773e+02
2.583000000000000000e+05	3.281499999999999773e+02
2.583000000000000000e+05	3.281499999999999773e+02
2.592000000000000000e+05	3.281499999999999773e+02
2.592000000000000000e+05	3.281499999999999773e+02
2.601000000000000000e+05	3.281499999999999773e+02
2.601000000000000000e+05	3.281499999999999773e+02
2.610000000000000000e+05	3.281499999999999773e+02
2.610000000000000000e+05	3.281499999999999773e+02
2.619000000000000000e+05	3.281499999999999773e+02
2.619000000000000000e+05	2.981499999999999773e+02
2.628000000000000000e+05	2.981499999999999773e+02
2.628000000000000000e+05	3.281499999999999773e+02
2.637000000000000000e+05	3.281499999999999773e+02
2.637000000000000000e+05	3.281499999999999773e+02
2.646000000000000000e+05	3.281499999999999773e+02
2.646000000000000000e+05	3.281499999999999773e+02
2.655000000000000000e+05	3.281499999999999773e+02
2.655000000000000000e+05	2.981499999999999773e+02
2.664000000000000000e+05	2.981499999999999773e+02
2.664000000000000000e+05	3.281499999999999773e+02
2.673000000000000000e+05	3.281499999999999773e+02
2.673000000000000000e+05	3.281499999999999773e+02
2.682000000000000000e+05	3.281499999999999773e+02
2.682000000000000000e+05	3.281499999999999773e+02
2.691000000000000000e+05	3.281499999999999773e+02
2.691000000000000000e+05	3.281499999999999773e+02
2.700000000000000000e+05	3.281499999999999773e+02
2.700000000000000000e+05	3.281499999999999773e+02
2.709000000000000000e+05	3.281499999999999773e+02
2.709000000000000000e+05	2.981499999999999773e+02
2.718000000000000000e+05	2.981499999999999773e+02
2.718000000000000000e+05	3.281499999999999773e+02
2.727000000000000000e+05	3.281499999999999773e+02
2.727000000000000000e+05	2.981499999999999773e+02
2.736000000000000000e+05	2.981499999999999773e+02
2.736000000000000000e+05	3.281499999999999773e+02
2.745000000000000000e+05	3.281499999999999773e+02
2.745000000000000000e+05	3.281499999999999773e+02
2.754000000000000000e+05	3.281499999999999773e+02
2.754000000000000000e+05	3.281499999999999773e+02
2.763000000000000000e+05	3.281499999999999773e+02
2.763000000000000000e+05	2.981499999999999773e+02
2.772000000000000000e+05	2.981499999999999773e+02
2.772000000000000000e+05	2.981499999999999773e+02
2.781000000000000000e+05	2.981499999999999773e+02
2.781000000000000000e+05	3.281499999999999773e+02
2.790000000000000000e+05	3.281499999999999773e+02
2.790000000000000000e+05	3.281499999999999773e+02
2.799000000000000000e+05	3.281499999999999773e+02
2.799000000000000000e+05	3.281499999999999773e+02
2.808000000000000000e+05	3.281499999999999773e+02
2.808000000000000000e+05	3.281499999999999773e+02
2.817000000000000000e+05	3.281499999999999773e+02
2.817000000000000000e+05	3.281499999999999773e+02
2.826000000000000000e+05	3.281499999999999773e+02
2.826000000000000000e+05	3.281499999999999773e+02
2.835000000000000000e+05	3.281499999999999773e+02
2.835000000000000000e+05	3.018898345957737774e+02
2.844000000000000000e+05	3.018898345957737774e+02
2.844000000000000000e+05	3.281499999999999773e+02
2.853000000000000000e+05	3.281499999999999773e+02
2.853000000000000000e+05	3.016489654138604237e+02
2.862000000000000000e+05	3.016489654138604237e+02
2.862000000000000000e+05	3.093056760045811870e+02
2.871000000000000000e+05	3.093056760045811870e+02
2.871000000000000000e+05	3.116216784520361216e+02
2.880000000000000000e+05	3.116216784520361216e+02
2.880000000000000000e+05	3.109910719789716040e+02
2.889000000000000000e+05	3.109910719789716040e+02
2.889000000000000000e+05	3.257478152152275470e+02
2.898000000000000000e+05	3.257478152152275470e+02
2.898000000000000000e+05	3.074537317445961548e+02
2.907000000000000000e+05	3.074537317445961548e+02
2.907000000000000000e+05	3.109416212737066303e+02
2.916000000000000000e+05	3.109416212737066303e+02
2.916000000000000000e+05	3.097204730136733701e+02
2.925000000000000000e+05	3.097204730136733701e+02
2.925000000000000000e+05	3.123500045990195417e+02
2.934000000000000000e+05	3.123500045990195417e+02
2.934000000000000000e+05	3.132236036685935119e+02
2.943000000000000000e+05	3.132236036685935119e+02
2.943000000000000000e+05	3.093056760045811870e+02
2.952000000000000000e+05	3.093056760045811870e+02
2.952000000000000000e+05	3.111414369170572627e+02
2.961000000000000000e+05	3.111414369170572627e+02
2.961000000000000000e+05	3.281499999999999773e+02
2.970000000000000000e+05	3.281499999999999773e+02
2.970000000000000000e+05	3.076300493059312657e+02
2.979000000000000000e+05	3.076300493059312657e+02
2.979000000000000000e+05	3.073473585636169787e+02
2.988000000000000000e+05	3.073473585636169787e+02
2.988000000000000000e+05	3.077951582370384926e+02
2.997000000000000000e+05	3.077951582370384926e+02
2.997000000000000000e+05	3.093056760045811870e+02
3.006000000000000000e+05	3.093056760045811870e+02
3.006000000000000000e+05	2.981499999999999773e+02
3.015000000000000000e+05	2.981499999999999773e+02
3.015000000000000000e+05	3.063330687134989603e+02
3.024000000000000000e+05	3.063330687134989603e+02
3.024000000000000000e+05	2.981499999999999773e+02
3.033000000000000000e+05	2.981499999999999773e+02
3.033000000000000000e+05	2.981499999999999773e+02
3.042000000000000000e+05	2.981499999999999773e+02
3.042000000000000000e+05	2.981499999999999773e+02
3.051000000000000000e+05	2.981499999999999773e+02
3.051000000000000000e+05	2.981499999999999773e+02
3.060000000000000000e+05	2.981499999999999773e+02
3.060000000000000000e+05	3.009358765525453805e+02
3.069000000000000000e+05	3.009358765525453805e+02
3.069000000000000000e+05	2.981499999999999773e+02
3.078000000000000000e+05	2.981499999999999773e+02
3.078000000000000000e+05	2.999768747251046648e+02
3.087000000000000000e+05	2.999768747251046648e+02
3.087000000000000000e+05	2.981499999999999773e+02
3.096000000000000000e+05	2.981499999999999773e+02
3.096000000000000000e+05	3.017368623290162191e+02
3.105000000000000000e+05	3.017368623290162191e+02
3.105000000000000000e+05	3.281499999999999773e+02
3.114000000000000000e+05	3.281499999999999773e+02
3.114000000000000000e+05	2.981499999999999773e+02
3.123000000000000000e+05	2.981499999999999773e+02
3.123000000000000000e+05	2.981499999999999773e+02
3.132000000000000000e+05	2.981499999999999773e+02
3.132000000000000000e+05	3.008431059591363237e+02
3.141000000000000000e+05	3.008431059591363237e+02
3.141000000000000000e+05	3.093056760045811870e+02
3.150000000000000000e+05	3.093056760045811870e+02
3.150000000000000000e+05	2.981499999999999773e+02
3.159000000000000000e+05	2.981499999999999773e+02
3.159000000000000000e+05	3.281499999999999773e+02
3.168000000000000000e+05	3.281499999999999773e+02
3.168000000000000000e+05	2.981499999999999773e+02
3.177000000000000000e+05	2.981499999999999773e+02
3.177000000000000000e+05	3.281499999999999773e+02
3.186000000000000000e+05	3.281499999999999773e+02
3.186000000000000000e+05	2.997949301806457925e+02
3.195000000000000000e+05	2.997949301806457925e+02
3.195000000000000000e+05	3.281499999999999773e+02
3.204000000000000000e+05	3.281499999999999773e+02
3.204000000000000000e+05	2.999790803348626014e+02
3.213000000000000000e+05	2.999790803348626014e+02
3.213000000000000000e+05	3.226740021558031231e+02
3.222000000000000000e+05	3.226740021558031231e+02
3.222000000000000000e+05	3.015374367360957422e+02
3.231000000000000000e+05	3.015374367360957422e+02
3.231000000000000000e+05	3.051257275593246732e+02
3.240000000000000000e+05	3.051257275593246732e+02
3.240000000000000000e+05	3.027436912101532016e+02
3.249000000000000000e+05	3.027436912101532016e+02
3.249000000000000000e+05	3.281499999999999773e+02
3.258000000000000000e+05	3.281499999999999773e+02
3.258000000000000000e+05	2.981499999999999773e+02
3.267000000000000000e+05	2.981499999999999773e+02
3.267000000000000000e+05	3.017531772615330397e+02
3.276000000000000000e+05	3.017531772615330397e+02
3.276000000000000000e+05	3.025326167856271127e+02
3.285000000000000000e+05	3.025326167856271127e+02
3.285000000000000000e+05	3.281499999999999773e+02
3.294000000000000000e+05	3.281499999999999773e+02
3.294000000000000000e+05	3.024229741366305575e+02
3.303000000000000000e+05	3.024229741366305575e+02
3.303000000000000000e+05	3.281499999999999773e+02
3.312000000000000000e+05	3.281499999999999773e+02
3.312000000000000000e+05	3.048626608653923995e+02
3.321000000000000000e+05	3.048626608653923995e+02
3.321000000000000000e+05	3.281499999999999773e+02
3.330000000000000000e+05	3.281499999999999773e+02
3.330000000000000000e+05	3.281499999999999773e+02
3.339000000000000000e+05	3.281499999999999773e+02
3.339000000000000000e+05	3.281499999999999773e+02
3.348000000000000000e+05	3.281499999999999773e+02
3.348000000000000000e+05	2.981499999999999773e+02
3.357000000000000000e+05	2.981499999999999773e+02
3.357000000000000000e+05	3.281499999999999773e+02
3.366000000000000000e+05	3.281499999999999773e+02
3.366000000000000000e+05	3.281499999999999773e+02
3.375000000000000000e+05	3.281499999999999773e+02
3.375000000000000000e+05	3.281499999999999773e+02
3.384000000000000000e+05	3.281499999999999773e+02
3.384000000000000000e+05	2.981499999999999773e+02
3.393000000000000000e+05	2.981499999999999773e+02
3.393000000000000000e+05	3.281499999999999773e+02
3.402000000000000000e+05	3.281499999999999773e+02
3.402000000000000000e+05	3.281499999999999773e+02
3.411000000000000000e+05	3.281499999999999773e+02
3.411000000000000000e+05	3.281499999999999773e+02
3.420000000000000000e+05	3.281499999999999773e+02
3.420000000000000000e+05	3.281499999999999773e+02
3.429000000000000000e+05	3.281499999999999773e+02
3.429000000000000000e+05	3.281499999999999773e+02
3.438000000000000000e+05	3.281499999999999773e+02
3.438000000000000000e+05	3.281499999999999773e+02
3.447000000000000000e+05	3.281499999999999773e+02
3.447000000000000000e+05	3.281499999999999773e+02
3.456000000000000000e+05	3.281499999999999773e+02
3.456000000000000000e+05	3.093056760045811870e+02
3.465000000000000000e+05	3.093056760045811870e+02
3.465000000000000000e+05	3.281499999999999773e+02
3.474000000000000000e+05	3.281499999999999773e+02
3.474000000000000000e+05	3.281499999999999773e+02
3.483000000000000000e+05	3.281499999999999773e+02
3.483000000000000000e+05	3.281499999999999773e+02
3.492000000000000000e+05	3.281499999999999773e+02
3.492000000000000000e+05	3.281499999999999773e+02
3.501000000000000000e+05	3.281499999999999773e+02
3.501000000000000000e+05	3.281499999999999773e+02
3.510000000000000000e+05	3.281499999999999773e+02
3.510000000000000000e+05	3.157080061919805303e+02
3.519000000000000000e+05	3.157080061919805303e+02
3.519000000000000000e+05	2.981499999999999773e+02
3.528000000000000000e+05	2.981499999999999773e+02
3.528000000000000000e+05	2.981499999999999773e+02
3.537000000000000000e+05	2.981499999999999773e+02
3.537000000000000000e+05	3.281499999999999773e+02
3.546000000000000000e+05	3.281499999999999773e+02
3.546000000000000000e+05	3.281499999999999773e+02
3.555000000000000000e+05	3.281499999999999773e+02
3.555000000000000000e+05	3.281499999999999773e+02
3.564000000000000000e+05	3.281499999999999773e+02
3.564000000000000000e+05	3.281499999999999773e+02
3.573000000000000000e+05	3.281499999999999773e+02
3.573000000000000000e+05	2.981499999999999773e+02
3.582000000000000000e+05	2.981499999999999773e+02
3.582000000000000000e+05	3.281499999999999773e+02
3.591000000000000000e+05	3.281499999999999773e+02
3.591000000000000000e+05	3.281499999999999773e+02
3.600000000000000000e+05	3.281499999999999773e+02
3.600000000000000000e+05	2.981499999999999773e+02
3.609000000000000000e+05	2.981499999999999773e+02
3.609000000000000000e+05	3.177625039687785033e+02
3.618000000000000000e+05	3.177625039687785033e+02
3.618000000000000000e+05	3.093056760045811870e+02
3.627000000000000000e+05	3.093056760045811870e+02
3.627000000000000000e+05	3.093056760045811870e+02
3.636000000000000000e+05	3.093056760045811870e+02
3.636000000000000000e+05	3.281499999999999773e+02
3.645000000000000000e+05	3.281499999999999773e+02
3.645000000000000000e+05	3.281499999999999773e+02
3.654000000000000000e+05	3.281499999999999773e+02
3.654000000000000000e+05	2.981499999999999773e+02
3.663000000000000000e+05	2.981499999999999773e+02
3.663000000000000000e+05	2.981499999999999773e+02
3.672000000000000000e+05	2.981499999999999773e+02
3.672000000000000000e+05	3.205012470835943645e+02
3.681000000000000000e+05	3.205012470835943645e+02
3.681000000000000000e+05	3.254928090213815608e+02
3.690000000000000000e+05	3.254928090213815608e+02
3.690000000000000000e+05	3.281499999999999773e+02
3.699000000000000000e+05	3.281499999999999773e+02
3.699000000000000000e+05	2.981499999999999773e+02
3.708000000000000000e+05	2.981499999999999773e+02
3.708000000000000000e+05	3.033879525732388629e+02
3.717000000000000000e+05	3.033879525732388629e+02
3.717000000000000000e+05	3.161129351107852585e+02
3.726000000000000000e+05	3.161129351107852585e+02
3.726000000000000000e+05	3.161129351107852585e+02
3.735000000000000000e+05	3.161129351107852585e+02
3.735000000000000000e+05	3.161129351107852585e+02
3.744000000000000000e+05	3.161129351107852585e+02
3.744000000000000000e+05	3.161129351107852585e+02
3.753000000000000000e+05	3.161129351107852585e+02
3.753000000000000000e+05	3.161129351107852585e+02
3.762000000000000000e+05	3.161129351107852585e+02
3.762000000000000000e+05	3.161129351107852585e+02
3.771000000000000000e+05	3.161129351107852585e+02
3.771000000000000000e+05	3.255187326545307087e+02
3.780000000000000000e+05	3.255187326545307087e+02
3.780000000000000000e+05	3.098771664145176601e+02
3.789000000000000000e+05	3.098771664145176601e+02
3.789000000000000000e+05	3.242637347851839422e+02
3.798000000000000000e+05	3.242637347851839422e+02
3.798000000000000000e+05	3.073714998596237251e+02
3.807000000000000000e+05	3.073714998596237251e+02
3.807000000000000000e+05	3.093056760045811870e+02
3.816000000000000000e+05	3.093056760045811870e+02
3.816000000000000000e+05	3.096328841489501542e+02
3.825000000000000000e+05	3.096328841489501542e+02
3.825000000000000000e+05	3.242466657006455080e+02
3.834000000000000000e+05	3.242466657006455080e+02
3.834000000000000000e+05	3.049341484777825713e+02
3.843000000000000000e+05	3.049341484777825713e+02
3.843000000000000000e+05	3.069227762348431270e+02
3.852000000000000000e+05	3.069227762348431270e+02
3.852000000000000000e+05	3.052542008108870277e+02
3.861000000000000000e+05	3.052542008108870277e+02
3.861000000000000000e+05	3.242279715338063397e+02
3.870000000000000000e+05	3.242279715338063397e+02
3.870000000000000000e+05	3.029532018372508446e+02
3.879000000000000000e+05	3.029532018372508446e+02
3.879000000000000000e+05	3.044447310815306764e+02
3.888000000000000000e+05	3.044447310815306764e+02
3.888000000000000000e+05	3.216810691218539660e+02
3.897000000000000000e+05	3.216810691218539660e+02
3.897000000000000000e+05	3.281499999999999773e+02
3.906000000000000000e+05	3.281499999999999773e+02
3.906000000000000000e+05	3.016939657028814281e+02
3.915000000000000000e+05	3.016939657028814281e+02
3.915000000000000000e+05	2.981499999999999773e+02
3.924000000000000000e+05	2.981499999999999773e+02
3.924000000000000000e+05	3.038090187143606045e+02
3.933000000000000000e+05	3.038090187143606045e+02
3.933000000000000000e+05	3.281499999999999773e+02
3.942000000000000000e+05	3.281499999999999773e+02
3.942000000000000000e+05	3.281499999999999773e+02
3.951000000000000000e+05	3.281499999999999773e+02
3.951000000000000000e+05	3.281499999999999773e+02
3.960000000000000000e+05	3.281499999999999773e+02
3.960000000000000000e+05	3.016915404502876186e+02
3.969000000000000000e+05	3.016915404502876186e+02
3.969000000000000000e+05	3.055376072988892133e+02
3.978000000000000000e+05	3.055376072988892133e+02
3.978000000000000000e+05	3.043071991089253743e+02
3.987000000000000000e+05	3.043071991089253743e+02
3.987000000000000000e+05	3.028355222890800178e+02
3.996000000000000000e+05	3.028355222890800178e+02
3.996000000000000000e+05	3.281499999999999773e+02
4.005000000000000000e+05	3.281499999999999773e+02
4.005000000000000000e+05	3.281499999999999773e+02
4.014000000000000000e+05	3.281499999999999773e+02
4.014000000000000000e+05	3.281499999999999773e+02
4.023000000000000000e+05	3.281499999999999773e+02
4.023000000000000000e+05	3.281499999999999773e+02
4.032000000000000000e+05	3.281499999999999773e+02
4.032000000000000000e+05	3.018556027664104704e+02
4.041000000000000000e+05	3.018556027664104704e+02
4.041000000000000000e+05	3.281499999999999773e+02
4.050000000000000000e+05	3.281499999999999773e+02
4.050000000000000000e+05	2.981499999999999773e+02
4.059000000000000000e+05	2.981499999999999773e+02
4.059000000000000000e+05	3.003123566641627917e+02
4.068000000000000000e+05	3.003123566641627917e+02
4.068000000000000000e+05	3.281499999999999773e+02
4.077000000000000000e+05	3.281499999999999773e+02
4.077000000000000000e+05	3.281499999999999773e+02
4.086000000000000000e+05	3.281499999999999773e+02
4.086000000000000000e+05	3.008474883885830877e+02
4.095000000000000000e+05	3.008474883885830877e+02
4.095000000000000000e+05	3.033463434925398587e+02
4.104000000000000000e+05	3.033463434925398587e+02
4.104000000000000000e+05	3.093056760045811870e+02
4.113000000000000000e+05	3.093056760045811870e+02
4.113000000000000000e+05	3.281499999999999773e+02
4.122000000000000000e+05	3.281499999999999773e+02
4.122000000000000000e+05	3.056854603872529879e+02
4.131000000000000000e+05	3.056854603872529879e+02
4.131000000000000000e+05	3.281499999999999773e+02
4.140000000000000000e+05	3.281499999999999773e+02
4.140000000000000000e+05	3.281499999999999773e+02
4.149000000000000000e+05	3.281499999999999773e+02
4.149000000000000000e+05	3.281499999999999773e+02
4.158000000000000000e+05	3.281499999999999773e+02
4.158000000000000000e+05	3.020792508733174486e+02
4.167000000000000000e+05	3.020792508733174486e+02
4.167000000000000000e+05	3.281499999999999773e+02
4.176000000000000000e+05	3.281499999999999773e+02
4.176000000000000000e+05	3.281499999999999773e+02
4.185000000000000000e+05	3.281499999999999773e+02
4.185000000000000000e+05	3.281499999999999773e+02
4.194000000000000000e+05	3.281499999999999773e+02
4.194000000000000000e+05	2.991958704727196050e+02
4.203000000000000000e+05	2.991958704727196050e+02
4.203000000000000000e+05	2.981499999999999773e+02
4.212000000000000000e+05	2.981499999999999773e+02
4.212000000000000000e+05	3.281499999999999773e+02
4.221000000000000000e+05	3.281499999999999773e+02
4.221000000000000000e+05	3.281499999999999773e+02
4.230000000000000000e+05	3.281499999999999773e+02
4.230000000000000000e+05	3.281499999999999773e+02
4.239000000000000000e+05	3.281499999999999773e+02
4.239000000000000000e+05	3.281499999999999773e+02
4.248000000000000000e+05	3.281499999999999773e+02
4.248000000000000000e+05	3.281499999999999773e+02
4.257000000000000000e+05	3.281499999999999773e+02
4.257000000000000000e+05	3.281499999999999773e+02
4.266000000000000000e+05	3.281499999999999773e+02
4.266000000000000000e+05	3.281499999999999773e+02
4.275000000000000000e+05	3.281499999999999773e+02
4.275000000000000000e+05	3.281499999999999773e+02
4.284000000000000000e+05	3.281499999999999773e+02
4.284000000000000000e+05	3.241906737069901965e+02
4.293000000000000000e+05	3.241906737069901965e+02
4.293000000000000000e+05	3.281499999999999773e+02
4.302000000000000000e+05	3.281499999999999773e+02
4.302000000000000000e+05	3.281499999999999773e+02
4.311000000000000000e+05	3.281499999999999773e+02
4.311000000000000000e+05	3.281499999999999773e+02
4.320000000000000000e+05	3.281499999999999773e+02
4.320000000000000000e+05	3.281499999999999773e+02
4.329000000000000000e+05	3.281499999999999773e+02
4.329000000000000000e+05	3.281499999999999773e+02
4.338000000000000000e+05	3.281499999999999773e+02
4.338000000000000000e+05	3.281499999999999773e+02
4.347000000000000000e+05	3.281499999999999773e+02
4.347000000000000000e+05	3.281499999999999773e+02
4.356000000000000000e+05	3.281499999999999773e+02
4.356000000000000000e+05	3.093056760045811870e+02
4.365000000000000000e+05	3.093056760045811870e+02
4.365000000000000000e+05	3.281499999999999773e+02
4.374000000000000000e+05	3.281499999999999773e+02
4.374000000000000000e+05	3.281499999999999773e+02
4.383000000000000000e+05	3.281499999999999773e+02
4.383000000000000000e+05	3.281499999999999773e+02
4.392000000000000000e+05	3.281499999999999773e+02
4.392000000000000000e+05	3.093056760045811870e+02
4.401000000000000000e+05	3.093056760045811870e+02
4.401000000000000000e+05	3.281499999999999773e+02
4.410000000000000000e+05	3.281499999999999773e+02
4.410000000000000000e+05	3.281499999999999773e+02
4.419000000000000000e+05	3.281499999999999773e+02
4.419000000000000000e+05	3.281499999999999773e+02
4.428000000000000000e+05	3.281499999999999773e+02
4.428000000000000000e+05	3.281499999999999773e+02
4.437000000000000000e+05	3.281499999999999773e+02
4.437000000000000000e+05	3.281499999999999773e+02
4.446000000000000000e+05	3.281499999999999773e+02
4.446000000000000000e+05	2.981499999999999773e+02
4.455000000000000000e+05	2.981499999999999773e+02
4.455000000000000000e+05	3.281499999999999773e+02
4.464000000000000000e+05	3.281499999999999773e+02
4.464000000000000000e+05	2.992521694675195931e+02
4.473000000000000000e+05	2.992521694675195931e+02
4.473000000000000000e+05	3.281499999999999773e+02
4.482000000000000000e+05	3.281499999999999773e+02
4.482000000000000000e+05	2.992589646427593948e+02
4.491000000000000000e+05	2.992589646427593948e+02
4.491000000000000000e+05	3.281499999999999773e+02
4.500000000000000000e+05	3.281499999999999773e+02
4.500000000000000000e+05	3.093056760045811870e+02
4.509000000000000000e+05	3.093056760045811870e+02
4.509000000000000000e+05	3.281499999999999773e+02
4.518000000000000000e+05	3.281499999999999773e+02
4.518000000000000000e+05	3.281499999999999773e+02
4.527000000000000000e+05	3.281499999999999773e+02
4.527000000000000000e+05	3.281499999999999773e+02
4.536000000000000000e+05	3.281499999999999773e+02
4.536000000000000000e+05	3.270117700231060667e+02
4.545000000000000000e+05	3.270117700231060667e+02
4.545000000000000000e+05	3.281499999999999773e+02
4.554000000000000000e+05	3.281499999999999773e+02
4.554000000000000000e+05	3.281499999999999773e+02
4.563000000000000000e+05	3.281499999999999773e+02
4.563000000000000000e+05	2.991247584230758889e+02
4.572000000000000000e+05	2.991247584230758889e+02
4.572000000000000000e+05	3.037960426503451572e+02
4.581000000000000000e+05	3.037960426503451572e+02
4.581000000000000000e+05	3.161129351107852585e+02
4.590000000000000000e+05	3.161129351107852585e+02
4.590000000000000000e+05	3.161129351107852585e+02
4.599000000000000000e+05	3.161129351107852585e+02
4.599000000000000000e+05	3.161129351107852585e+02
4.608000000000000000e+05	3.161129351107852585e+02
4.608000000000000000e+05	3.117362767288181544e+02
4.617000000000000000e+05	3.117362767288181544e+02
4.617000000000000000e+05	3.141822370235590824e+02
4.626000000000000000e+05	3.141822370235590824e+02
4.626000000000000000e+05	3.143026498164953750e+02
4.635000000000000000e+05	3.143026498164953750e+02
4.635000000000000000e+05	3.129105137531553851e+02
4.644000000000000000e+05	3.129105137531553851e+02
4.644000000000000000e+05	3.281499999999999773e+02
4.653000000000000000e+05	3.281499999999999773e+02
4.653000000000000000e+05	3.089519864605697421e+02
4.662000000000000000e+05	3.089519864605697421e+02
4.662000000000000000e+05	3.093056760045811870e+02
4.671000000000000000e+05	3.093056760045811870e+02
4.671000000000000000e+05	3.090757730676714914e+02
4.680000000000000000e+05	3.090757730676714914e+02
4.680000000000000000e+05	3.089288163775830753e+02
4.689000000000000000e+05	3.089288163775830753e+02
4.689000000000000000e+05	3.080155978009894397e+02
4.698000000000000000e+05	3.080155978009894397e+02
4.698000000000000000e+05	3.080504849741589055e+02
4.707000000000000000e+05	3.080504849741589055e+02
4.707000000000000000e+05	3.079674570923589840e+02
4.716000000000000000e+05	3.079674570923589840e+02
4.716000000000000000e+05	3.281499999999999773e+02
4.725000000000000000e+05	3.281499999999999773e+02
4.725000000000000000e+05	3.093056760045811870e+02
4.734000000000000000e+05	3.093056760045811870e+02
4.734000000000000000e+05	3.072868080532867339e+02
4.743000000000000000e+05	3.072868080532867339e+02
4.743000000000000000e+05	3.075974198548450431e+02
4.752000000000000000e+05	3.075974198548450431e+02
4.752000000000000000e+05	3.249464508762308697e+02
4.761000000000000000e+05	3.249464508762308697e+02
4.761000000000000000e+05	3.281499999999999773e+02
4.770000000000000000e+05	3.281499999999999773e+02
4.770000000000000000e+05	2.981499999999999773e+02
4.779000000000000000e+05	2.981499999999999773e+02
4.779000000000000000e+05	3.026388710647258904e+02
4.788000000000000000e+05	3.026388710647258904e+02
4.788000000000000000e+05	3.252115441182581321e+02
4.797000000000000000e+05	3.252115441182581321e+02
4.797000000000000000e+05	3.005601073848397959e+02
4.806000000000000000e+05	3.005601073848397959e+02
4.806000000000000000e+05	2.981499999999999773e+02
4.815000000000000000e+05	2.981499999999999773e+02
4.815000000000000000e+05	3.281499999999999773e+02
4.824000000000000000e+05	3.281499999999999773e+02
4.824000000000000000e+05	3.032197573667573351e+02
4.833000000000000000e+05	3.032197573667573351e+02
4.833000000000000000e+05	3.072103724529627016e+02
4.842000000000000000e+05	3.072103724529627016e+02
4.842000000000000000e+05	2.981499999999999773e+02
4.851000000000000000e+05	2.981499999999999773e+02
4.851000000000000000e+05	2.981499999999999773e+02
4.860000000000000000e+05	2.981499999999999773e+02
4.860000000000000000e+05	3.028498373824727992e+02
4.869000000000000000e+05	3.028498373824727992e+02
4.869000000000000000e+05	3.281499999999999773e+02
4.878000000000000000e+05	3.281499999999999773e+02
4.878000000000000000e+05	2.981499999999999773e+02
4.887000000000000000e+05	2.981499999999999773e+02
4.887000000000000000e+05	3.281499999999999773e+02
4.896000000000000000e+05	3.281499999999999773e+02
4.896000000000000000e+05	3.017589048188737024e+02
4.905000000000000000e+05	3.017589048188737024e+02
4.905000000000000000e+05	3.281499999999999773e+02
4.914000000000000000e+05	3.281499999999999773e+02
4.914000000000000000e+05	3.003561120529149662e+02
4.923000000000000000e+05	3.003561120529149662e+02
4.923000000000000000e+05	3.281499999999999773e+02
4.932000000000000000e+05	3.281499999999999773e+02
4.932000000000000000e+05	2.981499999999999773e+02
4.941000000000000000e+05	2.981499999999999773e+02
4.941000000000000000e+05	3.281499999999999773e+02
4.950000000000000000e+05	3.281499999999999773e+02
4.950000000000000000e+05	2.981499999999999773e+02
4.959000000000000000e+05	2.981499999999999773e+02
4.959000000000000000e+05	2.996658577169980617e+02
4.968000000000000000e+05	2.996658577169980617e+02
4.968000000000000000e+05	3.240893799740132408e+02
4.977000000000000000e+05	3.240893799740132408e+02
4.977000000000000000e+05	3.281499999999999773e+02
4.986000000000000000e+05	3.281499999999999773e+02
4.986000000000000000e+05	2.993902329189641591e+02
4.995000000000000000e+05	2.993902329189641591e+02
4.995000000000000000e+05	3.020563529731801395e+02
5.004000000000000000e+05	3.020563529731801395e+02
5.004000000000000000e+05	3.281499999999999773e+02
5.013000000000000000e+05	3.281499999999999773e+02
5.013000000000000000e+05	3.281499999999999773e+02
5.022000000000000000e+05	3.281499999999999773e+02
5.022000000000000000e+05	3.018981784490210316e+02
5.031000000000000000e+05	3.018981784490210316e+02
5.031000000000000000e+05	2.981499999999999773e+02
5.040000000000000000e+05	2.981499999999999773e+02
5.040000000000000000e+05	3.281499999999999773e+02
5.049000000000000000e+05	3.281499999999999773e+02
5.049000000000000000e+05	3.281499999999999773e+02
5.058000000000000000e+05	3.281499999999999773e+02
5.058000000000000000e+05	3.281499999999999773e+02
5.067000000000000000e+05	3.281499999999999773e+02
5.067000000000000000e+05	3.281499999999999773e+02
5.076000000000000000e+05	3.281499999999999773e+02
5.076000000000000000e+05	2.990951614583503897e+02
5.085000000000000000e+05	2.990951614583503897e+02
5.085000000000000000e+05	2.981499999999999773e+02
5.094000000000000000e+05	2.981499999999999773e+02
5.094000000000000000e+05	3.281499999999999773e+02
5.103000000000000000e+05	3.281499999999999773e+02
5.103000000000000000e+05	3.281499999999999773e+02
5.112000000000000000e+05	3.281499999999999773e+02
5.112000000000000000e+05	3.281499999999999773e+02
5.121000000000000000e+05	3.281499999999999773e+02
5.121000000000000000e+05	3.281499999999999773e+02
5.130000000000000000e+05	3.281499999999999773e+02
5.130000000000000000e+05	3.281499999999999773e+02
5.139000000000000000e+05	3.281499999999999773e+02
5.139000000000000000e+05	3.281499999999999773e+02
5.148000000000000000e+05	3.281499999999999773e+02
5.148000000000000000e+05	3.281499999999999773e+02
5.157000000000000000e+05	3.281499999999999773e+02
5.157000000000000000e+05	3.281499999999999773e+02
5.166000000000000000e+05	3.281499999999999773e+02
5.166000000000000000e+05	3.281499999999999773e+02
5.175000000000000000e+05	3.281499999999999773e+02
5.175000000000000000e+05	3.281499999999999773e+02
5.184000000000000000e+05	3.281499999999999773e+02
5.184000000000000000e+05	3.281499999999999773e+02
5.193000000000000000e+05	3.281499999999999773e+02
5.193000000000000000e+05	3.281499999999999773e+02
5.202000000000000000e+05	3.281499999999999773e+02
5.202000000000000000e+05	3.281499999999999773e+02
5.211000000000000000e+05	3.281499999999999773e+02
5.211000000000000000e+05	3.281499999999999773e+02
5.220000000000000000e+05	3.281499999999999773e+02
5.220000000000000000e+05	3.281499999999999773e+02
5.229000000000000000e+05	3.281499999999999773e+02
5.229000000000000000e+05	3.281499999999999773e+02
5.238000000000000000e+05	3.281499999999999773e+02
5.238000000000000000e+05	3.281499999999999773e+02
5.247000000000000000e+05	3.281499999999999773e+02
5.247000000000000000e+05	3.281499999999999773e+02
5.256000000000000000e+05	3.281499999999999773e+02
5.256000000000000000e+05	3.281499999999999773e+02
5.265000000000000000e+05	3.281499999999999773e+02
5.265000000000000000e+05	3.281499999999999773e+02
5.274000000000000000e+05	3.281499999999999773e+02
5.274000000000000000e+05	2.981499999999999773e+02
5.283000000000000000e+05	2.981499999999999773e+02
5.283000000000000000e+05	2.995824359742627507e+02
5.292000000000000000e+05	2.995824359742627507e+02
5.292000000000000000e+05	3.281499999999999773e+02
5.301000000000000000e+05	3.281499999999999773e+02
5.301000000000000000e+05	3.281499999999999773e+02
5.310000000000000000e+05	3.281499999999999773e+02
5.310000000000000000e+05	3.281499999999999773e+02
5.319000000000000000e+05	3.281499999999999773e+02
5.319000000000000000e+05	3.281499999999999773e+02
5.328000000000000000e+05	3.281499999999999773e+02
5.328000000000000000e+05	2.983466123454639387e+02
5.337000000000000000e+05	2.983466123454639387e+02
5.337000000000000000e+05	3.246988360057372915e+02
5.346000000000000000e+05	3.246988360057372915e+02
5.346000000000000000e+05	2.983142836089600678e+02
5.355000000000000000e+05	2.983142836089600678e+02
5.355000000000000000e+05	2.984320670188996019e+02
5.364000000000000000e+05	2.984320670188996019e+02
5.364000000000000000e+05	2.999049589522269343e+02
5.373000000000000000e+05	2.999049589522269343e+02
5.373000000000000000e+05	3.024980838834794667e+02
5.382000000000000000e+05	3.024980838834794667e+02
5.382000000000000000e+05	3.281499999999999773e+02
5.391000000000000000e+05	3.281499999999999773e+02
5.391000000000000000e+05	3.281499999999999773e+02
5.400000000000000000e+05	3.281499999999999773e+02
5.400000000000000000e+05	3.249735439098863026e+02
5.409000000000000000e+05	3.249735439098863026e+02
5.409000000000000000e+05	2.982159328859479501e+02
5.418000000000000000e+05	2.982159328859479501e+02
5.418000000000000000e+05	3.281499999999999773e+02
5.427000000000000000e+05	3.281499999999999773e+02
5.427000000000000000e+05	2.982438244686219377e+02
5.436000000000000000e+05	2.982438244686219377e+02
5.436000000000000000e+05	3.037842323703287661e+02
5.445000000000000000e+05	3.037842323703287661e+02
5.445000000000000000e+05	3.161129351107852585e+02
5.454000000000000000e+05	3.161129351107852585e+02
5.454000000000000000e+05	3.161129351107852585e+02
5.463000000000000000e+05	3.161129351107852585e+02
5.463000000000000000e+05	3.161129351107852585e+02
5.472000000000000000e+05	3.161129351107852585e+02
5.472000000000000000e+05	3.161129351107857701e+02
5.481000000000000000e+05	3.161129351107857701e+02
5.481000000000000000e+05	3.161129351107852585e+02
5.490000000000000000e+05	3.161129351107852585e+02
5.490000000000000000e+05	3.161129351107852585e+02
5.499000000000000000e+05	3.161129351107852585e+02
5.499000000000000000e+05	3.161129351107852585e+02
5.508000000000000000e+05	3.161129351107852585e+02
5.508000000000000000e+05	3.093056760045811870e+02
5.517000000000000000e+05	3.093056760045811870e+02
5.517000000000000000e+05	3.093056760045811870e+02
5.526000000000000000e+05	3.093056760045811870e+02
5.526000000000000000e+05	3.089685437218696507e+02
5.535000000000000000e+05	3.089685437218696507e+02
5.535000000000000000e+05	3.086571999996808131e+02
5.544000000000000000e+05	3.086571999996808131e+02
5.544000000000000000e+05	3.209125402160966587e+02
5.553000000000000000e+05	3.209125402160966587e+02
5.553000000000000000e+05	3.209739318950946085e+02
5.562000000000000000e+05	3.209739318950946085e+02
5.562000000000000000e+05	3.210353005522128456e+02
5.571000000000000000e+05	3.210353005522128456e+02
5.571000000000000000e+05	3.218490728743150271e+02
5.580000000000000000e+05	3.218490728743150271e+02
5.580000000000000000e+05	3.041276225474536545e+02
5.589000000000000000e+05	3.041276225474536545e+02
5.589000000000000000e+05	3.093056760045811870e+02
5.598000000000000000e+05	3.093056760045811870e+02
5.598000000000000000e+05	3.215081624049693119e+02
5.607000000000000000e+05	3.215081624049693119e+02
5.607000000000000000e+05	3.053209205547381657e+02
5.616000000000000000e+05	3.053209205547381657e+02
5.616000000000000000e+05	3.044212077622383958e+02
5.625000000000000000e+05	3.044212077622383958e+02
5.625000000000000000e+05	3.060445005002401899e+02
5.634000000000000000e+05	3.060445005002401899e+02
5.634000000000000000e+05	3.242165067133764751e+02
5.643000000000000000e+05	3.242165067133764751e+02
5.643000000000000000e+05	3.038218598959936116e+02
5.652000000000000000e+05	3.038218598959936116e+02
5.652000000000000000e+05	3.046073631247301705e+02
5.661000000000000000e+05	3.046073631247301705e+02
5.661000000000000000e+05	2.981499999999999773e+02
5.670000000000000000e+05	2.981499999999999773e+02
5.670000000000000000e+05	3.034053190041204289e+02
5.679000000000000000e+05	3.034053190041204289e+02
5.679000000000000000e+05	3.026637483191222486e+02
5.688000000000000000e+05	3.026637483191222486e+02
5.688000000000000000e+05	3.029026387509524625e+02
5.697000000000000000e+05	3.029026387509524625e+02
5.697000000000000000e+05	3.049770004811368835e+02
5.706000000000000000e+05	3.049770004811368835e+02
5.706000000000000000e+05	3.066579932457915447e+02
5.715000000000000000e+05	3.066579932457915447e+02
5.715000000000000000e+05	2.981499999999999773e+02
5.724000000000000000e+05	2.981499999999999773e+02
5.724000000000000000e+05	3.281499999999999773e+02
5.733000000000000000e+05	3.281499999999999773e+02
5.733000000000000000e+05	3.281499999999999773e+02
5.742000000000000000e+05	3.281499999999999773e+02
5.742000000000000000e+05	3.031316532355678532e+02
5.751000000000000000e+05	3.031316532355678532e+02
5.751000000000000000e+05	2.981499999999999773e+02
5.760000000000000000e+05	2.981499999999999773e+02
5.760000000000000000e+05	3.281499999999999773e+02
5.769000000000000000e+05	3.281499999999999773e+02
5.769000000000000000e+05	3.020578133689256219e+02
5.778000000000000000e+05	3.020578133689256219e+02
5.778000000000000000e+05	2.981499999999999773e+02
5.787000000000000000e+05	2.981499999999999773e+02
5.787000000000000000e+05	2.981499999999999773e+02
5.796000000000000000e+05	2.981499999999999773e+02
5.796000000000000000e+05	3.007434651678675550e+02
5.805000000000000000e+05	3.007434651678675550e+02
5.805000000000000000e+05	3.281499999999999773e+02
5.814000000000000000e+05	3.281499999999999773e+02
5.814000000000000000e+05	3.004915124323291025e+02
5.823000000000000000e+05	3.004915124323291025e+02
5.823000000000000000e+05	3.029950919371554505e+02
5.832000000000000000e+05	3.029950919371554505e+02
5.832000000000000000e+05	3.281499999999999773e+02
5.841000000000000000e+05	3.281499999999999773e+02
5.841000000000000000e+05	3.009658039467448134e+02
5.850000000000000000e+05	3.009658039467448134e+02
5.850000000000000000e+05	2.981499999999999773e+02
5.859000000000000000e+05	2.981499999999999773e+02
5.859000000000000000e+05	3.014298799905399733e+02
5.868000000000000000e+05	3.014298799905399733e+02
5.868000000000000000e+05	3.013805291005554636e+02
5.877000000000000000e+05	3.013805291005554636e+02
5.877000000000000000e+05	3.039870327267379935e+02
5.886000000000000000e+05	3.039870327267379935e+02
5.886000000000000000e+05	3.281499999999999773e+02
5.895000000000000000e+05	3.281499999999999773e+02
5.895000000000000000e+05	3.041414929384691845e+02
5.904000000000000000e+05	3.041414929384691845e+02
5.904000000000000000e+05	3.281499999999999773e+02
5.913000000000000000e+05	3.281499999999999773e+02
5.913000000000000000e+05	3.281499999999999773e+02
5.922000000000000000e+05	3.281499999999999773e+02
5.922000000000000000e+05	3.281499999999999773e+02
5.931000000000000000e+05	3.281499999999999773e+02
5.931000000000000000e+05	2.981499999999999773e+02
5.940000000000000000e+05	2.981499999999999773e+02
5.940000000000000000e+05	2.995209703611822079e+02
5.949000000000000000e+05	2.995209703611822079e+02
5.949000000000000000e+05	3.281499999999999773e+02
5.958000000000000000e+05	3.281499999999999773e+02
5.958000000000000000e+05	3.281499999999999773e+02
5.967000000000000000e+05	3.281499999999999773e+02
5.967000000000000000e+05	3.281499999999999773e+02
5.976000000000000000e+05	3.281499999999999773e+02
5.976000000000000000e+05	2.981499999999999773e+02
5.985000000000000000e+05	2.981499999999999773e+02
5.985000000000000000e+05	3.281499999999999773e+02
5.994000000000000000e+05	3.281499999999999773e+02
5.994000000000000000e+05	3.281499999999999773e+02
6.003000000000000000e+05	3.281499999999999773e+02
6.003000000000000000e+05	3.281499999999999773e+02
6.012000000000000000e+05	3.281499999999999773e+02
6.012000000000000000e+05	3.281499999999999773e+02
6.021000000000000000e+05	3.281499999999999773e+02
6.021000000000000000e+05	3.281499999999999773e+02
6.030000000000000000e+05	3.281499999999999773e+02
6.030000000000000000e+05	3.281499999999999773e+02
6.039000000000000000e+05	3.281499999999999773e+02
6.039000000000000000e+05	3.281499999999999773e+02
6.048000000000000000e+05	3.281499999999999773e+02
