# #1
# double T_supply_UFH(1344, 2)
0.000000000000000000e+00	3.031499999999999773e+02
9.000000000000000000e+02	3.031499999999999773e+02
9.000000000000000000e+02	2.967875033493592127e+02
1.800000000000000000e+03	2.967875033493592127e+02
1.800000000000000000e+03	2.968178644547498948e+02
2.700000000000000000e+03	2.968178644547498948e+02
2.700000000000000000e+03	2.981660398274144086e+02
3.600000000000000000e+03	2.981660398274144086e+02
3.600000000000000000e+03	2.960783436800049344e+02
4.500000000000000000e+03	2.960783436800049344e+02
4.500000000000000000e+03	2.988105436640009884e+02
5.400000000000000000e+03	2.988105436640009884e+02
5.400000000000000000e+03	2.973136953399229583e+02
6.300000000000000000e+03	2.973136953399229583e+02
6.300000000000000000e+03	2.975455088561761272e+02
7.200000000000000000e+03	2.975455088561761272e+02
7.200000000000000000e+03	2.944560774917074468e+02
8.100000000000000000e+03	2.944560774917074468e+02
8.100000000000000000e+03	3.018068829708570320e+02
9.000000000000000000e+03	3.018068829708570320e+02
9.000000000000000000e+03	2.972269466539944460e+02
9.900000000000000000e+03	2.972269466539944460e+02
9.900000000000000000e+03	2.978440538089506049e+02
1.080000000000000000e+04	2.978440538089506049e+02
1.080000000000000000e+04	2.945443228052307632e+02
1.170000000000000000e+04	2.945443228052307632e+02
1.170000000000000000e+04	3.020770764165091578e+02
1.260000000000000000e+04	3.020770764165091578e+02
1.260000000000000000e+04	2.972946746154888160e+02
1.350000000000000000e+04	2.972946746154888160e+02
1.350000000000000000e+04	2.980014525177084010e+02
1.440000000000000000e+04	2.980014525177084010e+02
1.440000000000000000e+04	2.976767252966964179e+02
1.530000000000000000e+04	2.976767252966964179e+02
1.530000000000000000e+04	2.978264275865201967e+02
1.620000000000000000e+04	2.978264275865201967e+02
1.620000000000000000e+04	2.964788783929895430e+02
1.710000000000000000e+04	2.964788783929895430e+02
1.710000000000000000e+04	2.974215408767910844e+02
1.800000000000000000e+04	2.974215408767910844e+02
1.800000000000000000e+04	2.951746579675497060e+02
1.890000000000000000e+04	2.951746579675497060e+02
1.890000000000000000e+04	2.966925812246378769e+02
1.980000000000000000e+04	2.966925812246378769e+02
1.980000000000000000e+04	2.946641032773141546e+02
2.070000000000000000e+04	2.946641032773141546e+02
2.070000000000000000e+04	2.927723267387689816e+02
2.160000000000000000e+04	2.927723267387689816e+02
2.160000000000000000e+04	2.920805336637028518e+02
2.250000000000000000e+04	2.920805336637028518e+02
2.250000000000000000e+04	2.891632822860256056e+02
2.340000000000000000e+04	2.891632822860256056e+02
2.340000000000000000e+04	2.901255660118924311e+02
2.430000000000000000e+04	2.901255660118924311e+02
2.430000000000000000e+04	2.904398739545585499e+02
2.520000000000000000e+04	2.904398739545585499e+02
2.520000000000000000e+04	2.942056794448293431e+02
2.610000000000000000e+04	2.942056794448293431e+02
2.610000000000000000e+04	2.995905922320821446e+02
2.700000000000000000e+04	2.995905922320821446e+02
2.700000000000000000e+04	3.025820209015286650e+02
2.790000000000000000e+04	3.025820209015286650e+02
2.790000000000000000e+04	3.047458061221635148e+02
2.880000000000000000e+04	3.047458061221635148e+02
2.880000000000000000e+04	3.050151574706025599e+02
2.970000000000000000e+04	3.050151574706025599e+02
2.970000000000000000e+04	3.106624876978051475e+02
3.060000000000000000e+04	3.106624876978051475e+02
3.060000000000000000e+04	3.105730207741364666e+02
3.150000000000000000e+04	3.105730207741364666e+02
3.150000000000000000e+04	3.110850193183344459e+02
3.240000000000000000e+04	3.110850193183344459e+02
3.240000000000000000e+04	3.100837810796854797e+02
3.330000000000000000e+04	3.100837810796854797e+02
3.330000000000000000e+04	3.050911887075137088e+02
3.420000000000000000e+04	3.050911887075137088e+02
3.420000000000000000e+04	3.062044010231018660e+02
3.510000000000000000e+04	3.062044010231018660e+02
3.510000000000000000e+04	3.064933398265005167e+02
3.600000000000000000e+04	3.064933398265005167e+02
3.600000000000000000e+04	3.027205571969198559e+02
3.690000000000000000e+04	3.027205571969198559e+02
3.690000000000000000e+04	3.018397025495075923e+02
3.780000000000000000e+04	3.018397025495075923e+02
3.780000000000000000e+04	2.993849818262808640e+02
3.870000000000000000e+04	2.993849818262808640e+02
3.870000000000000000e+04	3.043345669037466337e+02
3.960000000000000000e+04	3.043345669037466337e+02
3.960000000000000000e+04	3.013609332078412422e+02
4.050000000000000000e+04	3.013609332078412422e+02
4.050000000000000000e+04	3.013197797033467396e+02
4.140000000000000000e+04	3.013197797033467396e+02
4.140000000000000000e+04	3.001063767217934810e+02
4.230000000000000000e+04	3.001063767217934810e+02
4.230000000000000000e+04	3.002196646818724162e+02
4.320000000000000000e+04	3.002196646818724162e+02
4.320000000000000000e+04	2.964763182714173126e+02
4.410000000000000000e+04	2.964763182714173126e+02
4.410000000000000000e+04	3.030979147166320899e+02
4.500000000000000000e+04	3.030979147166320899e+02
4.500000000000000000e+04	2.985219070578101537e+02
4.590000000000000000e+04	2.985219070578101537e+02
4.590000000000000000e+04	2.990365325345360930e+02
4.680000000000000000e+04	2.990365325345360930e+02
4.680000000000000000e+04	2.970097988908425464e+02
4.770000000000000000e+04	2.970097988908425464e+02
4.770000000000000000e+04	2.972708679951188628e+02
4.860000000000000000e+04	2.972708679951188628e+02
4.860000000000000000e+04	2.968955475828722683e+02
4.950000000000000000e+04	2.968955475828722683e+02
4.950000000000000000e+04	2.968326654485010749e+02
5.040000000000000000e+04	2.968326654485010749e+02
5.040000000000000000e+04	2.947277885188371442e+02
5.130000000000000000e+04	2.947277885188371442e+02
5.130000000000000000e+04	2.967174237025301977e+02
5.220000000000000000e+04	2.967174237025301977e+02
5.220000000000000000e+04	2.954872300282356150e+02
5.310000000000000000e+04	2.954872300282356150e+02
5.310000000000000000e+04	2.957208551831215573e+02
5.400000000000000000e+04	2.957208551831215573e+02
5.400000000000000000e+04	2.940089666163784727e+02
5.490000000000000000e+04	2.940089666163784727e+02
5.490000000000000000e+04	2.964703215012801820e+02
5.580000000000000000e+04	2.964703215012801820e+02
5.580000000000000000e+04	2.947592877774372369e+02
5.670000000000000000e+04	2.947592877774372369e+02
5.670000000000000000e+04	2.949918976434133810e+02
5.760000000000000000e+04	2.949918976434133810e+02
5.760000000000000000e+04	2.934487524758849304e+02
5.850000000000000000e+04	2.934487524758849304e+02
5.850000000000000000e+04	2.963357588201035924e+02
5.940000000000000000e+04	2.963357588201035924e+02
5.940000000000000000e+04	2.970486368819869085e+02
6.030000000000000000e+04	2.970486368819869085e+02
6.030000000000000000e+04	2.957058088949865464e+02
6.120000000000000000e+04	2.957058088949865464e+02
6.120000000000000000e+04	2.949123549836887719e+02
6.210000000000000000e+04	2.949123549836887719e+02
6.210000000000000000e+04	2.984984680822049654e+02
6.300000000000000000e+04	2.984984680822049654e+02
6.300000000000000000e+04	2.977554175302707336e+02
6.390000000000000000e+04	2.977554175302707336e+02
6.390000000000000000e+04	2.986160541560697652e+02
6.480000000000000000e+04	2.986160541560697652e+02
6.480000000000000000e+04	2.956587651732792779e+02
6.570000000000000000e+04	2.956587651732792779e+02
6.570000000000000000e+04	3.035088018043133502e+02
6.660000000000000000e+04	3.035088018043133502e+02
6.660000000000000000e+04	2.988018389100330410e+02
6.750000000000000000e+04	2.988018389100330410e+02
6.750000000000000000e+04	2.992781563733001917e+02
6.840000000000000000e+04	2.992781563733001917e+02
6.840000000000000000e+04	2.981156915626712589e+02
6.930000000000000000e+04	2.981156915626712589e+02
6.930000000000000000e+04	3.029918908397588666e+02
7.020000000000000000e+04	3.029918908397588666e+02
7.020000000000000000e+04	2.994901485117009088e+02
7.110000000000000000e+04	2.994901485117009088e+02
7.110000000000000000e+04	3.002883578914236864e+02
7.200000000000000000e+04	3.002883578914236864e+02
7.200000000000000000e+04	2.992015115172499691e+02
7.290000000000000000e+04	2.992015115172499691e+02
7.290000000000000000e+04	2.996365992516022629e+02
7.380000000000000000e+04	2.996365992516022629e+02
7.380000000000000000e+04	2.976413215031268464e+02
7.470000000000000000e+04	2.976413215031268464e+02
7.470000000000000000e+04	2.965819366805142181e+02
7.560000000000000000e+04	2.965819366805142181e+02
7.560000000000000000e+04	2.947330705094165637e+02
7.650000000000000000e+04	2.947330705094165637e+02
7.650000000000000000e+04	2.969633740017894752e+02
7.740000000000000000e+04	2.969633740017894752e+02
7.740000000000000000e+04	2.953622571568527633e+02
7.830000000000000000e+04	2.953622571568527633e+02
7.830000000000000000e+04	2.946940129841581779e+02
7.920000000000000000e+04	2.946940129841581779e+02
7.920000000000000000e+04	2.932577902135012096e+02
8.010000000000000000e+04	2.932577902135012096e+02
8.010000000000000000e+04	2.899696388143443073e+02
8.100000000000000000e+04	2.899696388143443073e+02
8.100000000000000000e+04	2.912604705925902522e+02
8.190000000000000000e+04	2.912604705925902522e+02
8.190000000000000000e+04	2.916328515738924239e+02
8.280000000000000000e+04	2.916328515738924239e+02
8.280000000000000000e+04	2.923592934825475709e+02
8.370000000000000000e+04	2.923592934825475709e+02
8.370000000000000000e+04	2.898542291198534144e+02
8.460000000000000000e+04	2.898542291198534144e+02
8.460000000000000000e+04	2.909680829275203564e+02
8.550000000000000000e+04	2.909680829275203564e+02
8.550000000000000000e+04	2.913220478616025844e+02
8.640000000000000000e+04	2.913220478616025844e+02
8.640000000000000000e+04	2.921117546777249459e+02
8.730000000000000000e+04	2.921117546777249459e+02
8.730000000000000000e+04	2.896966861978739303e+02
8.820000000000000000e+04	2.896966861978739303e+02
8.820000000000000000e+04	2.907742800922427477e+02
8.910000000000000000e+04	2.907742800922427477e+02
8.910000000000000000e+04	2.911181351945108986e+02
9.000000000000000000e+04	2.911181351945108986e+02
9.000000000000000000e+04	2.918970279823855662e+02
9.090000000000000000e+04	2.918970279823855662e+02
9.090000000000000000e+04	2.895328654855676973e+02
9.180000000000000000e+04	2.895328654855676973e+02
9.180000000000000000e+04	2.905850416834147154e+02
9.270000000000000000e+04	2.905850416834147154e+02
9.270000000000000000e+04	2.909199195812266225e+02
9.360000000000000000e+04	2.909199195812266225e+02
9.360000000000000000e+04	2.916823190305499338e+02
9.450000000000000000e+04	2.916823190305499338e+02
9.450000000000000000e+04	2.893602601213489152e+02
9.540000000000000000e+04	2.893602601213489152e+02
9.540000000000000000e+04	2.903913822857676905e+02
9.630000000000000000e+04	2.903913822857676905e+02
9.630000000000000000e+04	2.907192527653098182e+02
9.720000000000000000e+04	2.907192527653098182e+02
9.720000000000000000e+04	2.914720424306224800e+02
9.810000000000000000e+04	2.914720424306224800e+02
9.810000000000000000e+04	2.892001511362724955e+02
9.900000000000000000e+04	2.892001511362724955e+02
9.900000000000000000e+04	2.915268135098222615e+02
9.990000000000000000e+04	2.915268135098222615e+02
9.990000000000000000e+04	2.913465439456844024e+02
1.008000000000000000e+05	2.913465439456844024e+02
1.008000000000000000e+05	2.913935672081228745e+02
1.017000000000000000e+05	2.913935672081228745e+02
1.017000000000000000e+05	2.937412328095637690e+02
1.026000000000000000e+05	2.937412328095637690e+02
1.026000000000000000e+05	2.940784719845071891e+02
1.035000000000000000e+05	2.940784719845071891e+02
1.035000000000000000e+05	3.040709619240067809e+02
1.044000000000000000e+05	3.040709619240067809e+02
1.044000000000000000e+05	2.961572010084566955e+02
1.053000000000000000e+05	2.961572010084566955e+02
1.053000000000000000e+05	2.982987636437608785e+02
1.062000000000000000e+05	2.982987636437608785e+02
1.062000000000000000e+05	2.956712331078020952e+02
1.071000000000000000e+05	2.956712331078020952e+02
1.071000000000000000e+05	2.951625947795222942e+02
1.080000000000000000e+05	2.951625947795222942e+02
1.080000000000000000e+05	2.936565583697420152e+02
1.089000000000000000e+05	2.936565583697420152e+02
1.089000000000000000e+05	2.971175325456573546e+02
1.098000000000000000e+05	2.971175325456573546e+02
1.098000000000000000e+05	2.944274030149550754e+02
1.107000000000000000e+05	2.944274030149550754e+02
1.107000000000000000e+05	2.920553834997666058e+02
1.116000000000000000e+05	2.920553834997666058e+02
1.116000000000000000e+05	2.936997874690299568e+02
1.125000000000000000e+05	2.936997874690299568e+02
1.125000000000000000e+05	2.984010298794791538e+02
1.134000000000000000e+05	2.984010298794791538e+02
1.134000000000000000e+05	3.019308877657625771e+02
1.143000000000000000e+05	3.019308877657625771e+02
1.143000000000000000e+05	3.042745056356918667e+02
1.152000000000000000e+05	3.042745056356918667e+02
1.152000000000000000e+05	3.045679282910354573e+02
1.161000000000000000e+05	3.045679282910354573e+02
1.161000000000000000e+05	3.099686227607008391e+02
1.170000000000000000e+05	3.099686227607008391e+02
1.170000000000000000e+05	3.100977665887756416e+02
1.179000000000000000e+05	3.100977665887756416e+02
1.179000000000000000e+05	3.107058883949443953e+02
1.188000000000000000e+05	3.107058883949443953e+02
1.188000000000000000e+05	3.096821726793022549e+02
1.197000000000000000e+05	3.096821726793022549e+02
1.197000000000000000e+05	3.053486041668274424e+02
1.206000000000000000e+05	3.053486041668274424e+02
1.206000000000000000e+05	3.078055378996623972e+02
1.215000000000000000e+05	3.078055378996623972e+02
1.215000000000000000e+05	3.072511034740893479e+02
1.224000000000000000e+05	3.072511034740893479e+02
1.224000000000000000e+05	3.024920741991422801e+02
1.233000000000000000e+05	3.024920741991422801e+02
1.233000000000000000e+05	3.056056480519934553e+02
1.242000000000000000e+05	3.056056480519934553e+02
1.242000000000000000e+05	3.025706786813630629e+02
1.251000000000000000e+05	3.025706786813630629e+02
1.251000000000000000e+05	3.028411850172743129e+02
1.260000000000000000e+05	3.028411850172743129e+02
1.260000000000000000e+05	3.003878965395026057e+02
1.269000000000000000e+05	3.003878965395026057e+02
1.269000000000000000e+05	3.026959189589260859e+02
1.278000000000000000e+05	3.026959189589260859e+02
1.278000000000000000e+05	3.002352306031563671e+02
1.287000000000000000e+05	3.002352306031563671e+02
1.287000000000000000e+05	3.003812356872929286e+02
1.296000000000000000e+05	3.003812356872929286e+02
1.296000000000000000e+05	2.974987336110480101e+02
1.305000000000000000e+05	2.974987336110480101e+02
1.305000000000000000e+05	2.987298945266648502e+02
1.314000000000000000e+05	2.987298945266648502e+02
1.314000000000000000e+05	2.968588969128032886e+02
1.323000000000000000e+05	2.968588969128032886e+02
1.323000000000000000e+05	3.012478755628291083e+02
1.332000000000000000e+05	3.012478755628291083e+02
1.332000000000000000e+05	2.985263671419937737e+02
1.341000000000000000e+05	2.985263671419937737e+02
1.341000000000000000e+05	2.929868195487216553e+02
1.350000000000000000e+05	2.929868195487216553e+02
1.350000000000000000e+05	2.938638400991941921e+02
1.359000000000000000e+05	2.938638400991941921e+02
1.359000000000000000e+05	2.938501841670840804e+02
1.368000000000000000e+05	2.938501841670840804e+02
1.368000000000000000e+05	2.938822365088333299e+02
1.377000000000000000e+05	2.938822365088333299e+02
1.377000000000000000e+05	3.034321062036008243e+02
1.386000000000000000e+05	3.034321062036008243e+02
1.386000000000000000e+05	2.968869417309136338e+02
1.395000000000000000e+05	2.968869417309136338e+02
1.395000000000000000e+05	2.977916250955381656e+02
1.404000000000000000e+05	2.977916250955381656e+02
1.404000000000000000e+05	2.973558805764517956e+02
1.413000000000000000e+05	2.973558805764517956e+02
1.413000000000000000e+05	2.976046788790944220e+02
1.422000000000000000e+05	2.976046788790944220e+02
1.422000000000000000e+05	2.962423248679256176e+02
1.431000000000000000e+05	2.962423248679256176e+02
1.431000000000000000e+05	2.963427299676943676e+02
1.440000000000000000e+05	2.963427299676943676e+02
1.440000000000000000e+05	2.946285315045171274e+02
1.449000000000000000e+05	2.946285315045171274e+02
1.449000000000000000e+05	2.970093013090481691e+02
1.458000000000000000e+05	2.970093013090481691e+02
1.458000000000000000e+05	2.973210163719329557e+02
1.467000000000000000e+05	2.973210163719329557e+02
1.467000000000000000e+05	2.961369359634755369e+02
1.476000000000000000e+05	2.961369359634755369e+02
1.476000000000000000e+05	2.949395279641265688e+02
1.485000000000000000e+05	2.949395279641265688e+02
1.485000000000000000e+05	2.971848527871700298e+02
1.494000000000000000e+05	2.971848527871700298e+02
1.494000000000000000e+05	2.987750008869422800e+02
1.503000000000000000e+05	2.987750008869422800e+02
1.503000000000000000e+05	2.982278345510934514e+02
1.512000000000000000e+05	2.982278345510934514e+02
1.512000000000000000e+05	2.971845327645454518e+02
1.521000000000000000e+05	2.971845327645454518e+02
1.521000000000000000e+05	2.997148511383747405e+02
1.530000000000000000e+05	2.997148511383747405e+02
1.530000000000000000e+05	2.981247069153798748e+02
1.539000000000000000e+05	2.981247069153798748e+02
1.539000000000000000e+05	2.982150855396758971e+02
1.548000000000000000e+05	2.982150855396758971e+02
1.548000000000000000e+05	2.957407833676970199e+02
1.557000000000000000e+05	2.957407833676970199e+02
1.557000000000000000e+05	3.033540437100030545e+02
1.566000000000000000e+05	3.033540437100030545e+02
1.566000000000000000e+05	2.982208095196406248e+02
1.575000000000000000e+05	2.982208095196406248e+02
1.575000000000000000e+05	2.995411012086498204e+02
1.584000000000000000e+05	2.995411012086498204e+02
1.584000000000000000e+05	2.952048123640349786e+02
1.593000000000000000e+05	2.952048123640349786e+02
1.593000000000000000e+05	3.007270914492062843e+02
1.602000000000000000e+05	3.007270914492062843e+02
1.602000000000000000e+05	2.974770864454268349e+02
1.611000000000000000e+05	2.974770864454268349e+02
1.611000000000000000e+05	2.962312588307368628e+02
1.620000000000000000e+05	2.962312588307368628e+02
1.620000000000000000e+05	2.936981232777662854e+02
1.629000000000000000e+05	2.936981232777662854e+02
1.629000000000000000e+05	2.962649695843927589e+02
1.638000000000000000e+05	2.962649695843927589e+02
1.638000000000000000e+05	2.947587096233333455e+02
1.647000000000000000e+05	2.947587096233333455e+02
1.647000000000000000e+05	2.936325760949472965e+02
1.656000000000000000e+05	2.936325760949472965e+02
1.656000000000000000e+05	2.941596538891126897e+02
1.665000000000000000e+05	2.941596538891126897e+02
1.665000000000000000e+05	2.916002682394438921e+02
1.674000000000000000e+05	2.916002682394438921e+02
1.674000000000000000e+05	2.922954653948127657e+02
1.683000000000000000e+05	2.922954653948127657e+02
1.683000000000000000e+05	2.924118671758313326e+02
1.692000000000000000e+05	2.924118671758313326e+02
1.692000000000000000e+05	2.925309472041751633e+02
1.701000000000000000e+05	2.925309472041751633e+02
1.701000000000000000e+05	2.911556300614658994e+02
1.710000000000000000e+05	2.911556300614658994e+02
1.710000000000000000e+05	2.917060448859072608e+02
1.719000000000000000e+05	2.917060448859072608e+02
1.719000000000000000e+05	2.918641357046229814e+02
1.728000000000000000e+05	2.918641357046229814e+02
1.728000000000000000e+05	2.922757051010881924e+02
1.737000000000000000e+05	2.922757051010881924e+02
1.737000000000000000e+05	2.908629784298592540e+02
1.746000000000000000e+05	2.908629784298592540e+02
1.746000000000000000e+05	2.914519066506581453e+02
1.755000000000000000e+05	2.914519066506581453e+02
1.755000000000000000e+05	2.916289910770593110e+02
1.764000000000000000e+05	2.916289910770593110e+02
1.764000000000000000e+05	2.921010077710855626e+02
1.773000000000000000e+05	2.921010077710855626e+02
1.773000000000000000e+05	2.905902157038652831e+02
1.782000000000000000e+05	2.905902157038652831e+02
1.782000000000000000e+05	2.912264753126459027e+02
1.791000000000000000e+05	2.912264753126459027e+02
1.791000000000000000e+05	2.914199040239037117e+02
1.800000000000000000e+05	2.914199040239037117e+02
1.800000000000000000e+05	2.919313057737615509e+02
1.809000000000000000e+05	2.919313057737615509e+02
1.809000000000000000e+05	2.903244468363425881e+02
1.818000000000000000e+05	2.903244468363425881e+02
1.818000000000000000e+05	2.910066457230930723e+02
1.827000000000000000e+05	2.910066457230930723e+02
1.827000000000000000e+05	2.912160167455879218e+02
1.836000000000000000e+05	2.912160167455879218e+02
1.836000000000000000e+05	2.917659475679756724e+02
1.845000000000000000e+05	2.917659475679756724e+02
1.845000000000000000e+05	2.900673889583282516e+02
1.854000000000000000e+05	2.900673889583282516e+02
1.854000000000000000e+05	2.907941386222551614e+02
1.863000000000000000e+05	2.907941386222551614e+02
1.863000000000000000e+05	2.910189368851694098e+02
1.872000000000000000e+05	2.910189368851694098e+02
1.872000000000000000e+05	2.916035510976780074e+02
1.881000000000000000e+05	2.916035510976780074e+02
1.881000000000000000e+05	2.898193180064074568e+02
1.890000000000000000e+05	2.898193180064074568e+02
1.890000000000000000e+05	2.905870721799764169e+02
1.899000000000000000e+05	2.905870721799764169e+02
1.899000000000000000e+05	2.968256809896699338e+02
1.908000000000000000e+05	2.968256809896699338e+02
1.908000000000000000e+05	2.922765159383553168e+02
1.917000000000000000e+05	2.922765159383553168e+02
1.917000000000000000e+05	2.934322440397386345e+02
1.926000000000000000e+05	2.934322440397386345e+02
1.926000000000000000e+05	2.919276428415429905e+02
1.935000000000000000e+05	2.919276428415429905e+02
1.935000000000000000e+05	2.917299229989326363e+02
1.944000000000000000e+05	2.917299229989326363e+02
1.944000000000000000e+05	2.915805149562080487e+02
1.953000000000000000e+05	2.915805149562080487e+02
1.953000000000000000e+05	2.922741479026358888e+02
1.962000000000000000e+05	2.922741479026358888e+02
1.962000000000000000e+05	2.915014102743731428e+02
1.971000000000000000e+05	2.915014102743731428e+02
1.971000000000000000e+05	2.881499999999999773e+02
1.980000000000000000e+05	2.881499999999999773e+02
1.980000000000000000e+05	2.932465580356741839e+02
1.989000000000000000e+05	2.932465580356741839e+02
1.989000000000000000e+05	2.982228653570711003e+02
1.998000000000000000e+05	2.982228653570711003e+02
1.998000000000000000e+05	3.017581619926171470e+02
2.007000000000000000e+05	3.017581619926171470e+02
2.007000000000000000e+05	3.041437242742483704e+02
2.016000000000000000e+05	3.041437242742483704e+02
2.016000000000000000e+05	3.044559747818408937e+02
2.025000000000000000e+05	3.044559747818408937e+02
2.025000000000000000e+05	3.099801205895331577e+02
2.034000000000000000e+05	3.099801205895331577e+02
2.034000000000000000e+05	3.101144195601099796e+02
2.043000000000000000e+05	3.101144195601099796e+02
2.043000000000000000e+05	3.107375781824965202e+02
2.052000000000000000e+05	3.107375781824965202e+02
2.052000000000000000e+05	3.097260864168579246e+02
2.061000000000000000e+05	3.097260864168579246e+02
2.061000000000000000e+05	3.035493207562567477e+02
2.070000000000000000e+05	3.035493207562567477e+02
2.070000000000000000e+05	3.060090254115109474e+02
2.079000000000000000e+05	3.060090254115109474e+02
2.079000000000000000e+05	3.055983139856944035e+02
2.088000000000000000e+05	3.055983139856944035e+02
2.088000000000000000e+05	3.036097414099650678e+02
2.097000000000000000e+05	3.036097414099650678e+02
2.097000000000000000e+05	3.020480631046802387e+02
2.106000000000000000e+05	3.020480631046802387e+02
2.106000000000000000e+05	3.031541359300194358e+02
2.115000000000000000e+05	3.031541359300194358e+02
2.115000000000000000e+05	3.020331991291433837e+02
2.124000000000000000e+05	3.020331991291433837e+02
2.124000000000000000e+05	3.013252541680673744e+02
2.133000000000000000e+05	3.013252541680673744e+02
2.133000000000000000e+05	3.002557895056478401e+02
2.142000000000000000e+05	3.002557895056478401e+02
2.142000000000000000e+05	3.000391643877798060e+02
2.151000000000000000e+05	3.000391643877798060e+02
2.151000000000000000e+05	3.000568312526858676e+02
2.160000000000000000e+05	3.000568312526858676e+02
2.160000000000000000e+05	3.001162386989852280e+02
2.169000000000000000e+05	3.001162386989852280e+02
2.169000000000000000e+05	2.978307163414349361e+02
2.178000000000000000e+05	2.978307163414349361e+02
2.178000000000000000e+05	2.989982256408624721e+02
2.187000000000000000e+05	2.989982256408624721e+02
2.187000000000000000e+05	2.990730669037469056e+02
2.196000000000000000e+05	2.990730669037469056e+02
2.196000000000000000e+05	2.969248528614151041e+02
2.205000000000000000e+05	2.969248528614151041e+02
2.205000000000000000e+05	2.984249644932943966e+02
2.214000000000000000e+05	2.984249644932943966e+02
2.214000000000000000e+05	2.966249495417958428e+02
2.223000000000000000e+05	2.966249495417958428e+02
2.223000000000000000e+05	3.000589936191454967e+02
2.232000000000000000e+05	3.000589936191454967e+02
2.232000000000000000e+05	2.953661612382718431e+02
2.241000000000000000e+05	2.953661612382718431e+02
2.241000000000000000e+05	3.018912199320088234e+02
2.250000000000000000e+05	3.018912199320088234e+02
2.250000000000000000e+05	2.974806688756517588e+02
2.259000000000000000e+05	2.974806688756517588e+02
2.259000000000000000e+05	2.984839818919516006e+02
2.268000000000000000e+05	2.984839818919516006e+02
2.268000000000000000e+05	2.943709346343592870e+02
2.277000000000000000e+05	2.943709346343592870e+02
2.277000000000000000e+05	3.032071419114583364e+02
2.286000000000000000e+05	3.032071419114583364e+02
2.286000000000000000e+05	2.974688778086503476e+02
2.295000000000000000e+05	2.974688778086503476e+02
2.295000000000000000e+05	2.977227777485665570e+02
2.304000000000000000e+05	2.977227777485665570e+02
2.304000000000000000e+05	2.959373736323817070e+02
2.313000000000000000e+05	2.959373736323817070e+02
2.313000000000000000e+05	2.977977547104542850e+02
2.322000000000000000e+05	2.977977547104542850e+02
2.322000000000000000e+05	2.960988545173827902e+02
2.331000000000000000e+05	2.960988545173827902e+02
2.331000000000000000e+05	2.990981390221016341e+02
2.340000000000000000e+05	2.990981390221016341e+02
2.340000000000000000e+05	2.942233191994097865e+02
2.349000000000000000e+05	2.942233191994097865e+02
2.349000000000000000e+05	3.031123192770804735e+02
2.358000000000000000e+05	3.031123192770804735e+02
2.358000000000000000e+05	2.986411143268688875e+02
2.367000000000000000e+05	2.986411143268688875e+02
2.367000000000000000e+05	2.970560148120057420e+02
2.376000000000000000e+05	2.970560148120057420e+02
2.376000000000000000e+05	2.972924532469226051e+02
2.385000000000000000e+05	2.972924532469226051e+02
2.385000000000000000e+05	3.048705720107619754e+02
2.394000000000000000e+05	3.048705720107619754e+02
2.394000000000000000e+05	2.995976043752486930e+02
2.403000000000000000e+05	2.995976043752486930e+02
2.403000000000000000e+05	3.002518521248678667e+02
2.412000000000000000e+05	3.002518521248678667e+02
2.412000000000000000e+05	3.004309282338933258e+02
2.421000000000000000e+05	3.004309282338933258e+02
2.421000000000000000e+05	2.984477361650108378e+02
2.430000000000000000e+05	2.984477361650108378e+02
2.430000000000000000e+05	2.995677575868394911e+02
2.439000000000000000e+05	2.995677575868394911e+02
2.439000000000000000e+05	2.995228078075632538e+02
2.448000000000000000e+05	2.995228078075632538e+02
2.448000000000000000e+05	2.968823447049312563e+02
2.457000000000000000e+05	2.968823447049312563e+02
2.457000000000000000e+05	2.983324626586577324e+02
2.466000000000000000e+05	2.983324626586577324e+02
2.466000000000000000e+05	2.965107386810328762e+02
2.475000000000000000e+05	2.965107386810328762e+02
2.475000000000000000e+05	2.956427362402541235e+02
2.484000000000000000e+05	2.956427362402541235e+02
2.484000000000000000e+05	2.940086258953811011e+02
2.493000000000000000e+05	2.940086258953811011e+02
2.493000000000000000e+05	2.964831611040335702e+02
2.502000000000000000e+05	2.964831611040335702e+02
2.502000000000000000e+05	2.949505820638405567e+02
2.511000000000000000e+05	2.949505820638405567e+02
2.511000000000000000e+05	2.939640158332589976e+02
2.520000000000000000e+05	2.939640158332589976e+02
2.520000000000000000e+05	2.929842182496123542e+02
2.529000000000000000e+05	2.929842182496123542e+02
2.529000000000000000e+05	2.897795710573364545e+02
2.538000000000000000e+05	2.897795710573364545e+02
2.538000000000000000e+05	2.910948933955881444e+02
2.547000000000000000e+05	2.910948933955881444e+02
2.547000000000000000e+05	2.914904169364602922e+02
2.556000000000000000e+05	2.914904169364602922e+02
2.556000000000000000e+05	2.923160526007480371e+02
2.565000000000000000e+05	2.923160526007480371e+02
2.565000000000000000e+05	2.896919231947331923e+02
2.574000000000000000e+05	2.896919231947331923e+02
2.574000000000000000e+05	2.908678079810967461e+02
2.583000000000000000e+05	2.908678079810967461e+02
2.583000000000000000e+05	2.912449860652767484e+02
2.592000000000000000e+05	2.912449860652767484e+02
2.592000000000000000e+05	2.921033796121025716e+02
2.601000000000000000e+05	2.921033796121025716e+02
2.601000000000000000e+05	2.895618821657467947e+02
2.610000000000000000e+05	2.895618821657467947e+02
2.610000000000000000e+05	2.907031241947954072e+02
2.619000000000000000e+05	2.907031241947954072e+02
2.619000000000000000e+05	2.910703990418003286e+02
2.628000000000000000e+05	2.910703990418003286e+02
2.628000000000000000e+05	2.919178423801382678e+02
2.637000000000000000e+05	2.919178423801382678e+02
2.637000000000000000e+05	2.894253424091218676e+02
2.646000000000000000e+05	2.894253424091218676e+02
2.646000000000000000e+05	2.905427544827908264e+02
2.655000000000000000e+05	2.905427544827908264e+02
2.655000000000000000e+05	2.909019395224369191e+02
2.664000000000000000e+05	2.909019395224369191e+02
2.664000000000000000e+05	2.917358564368400380e+02
2.673000000000000000e+05	2.917358564368400380e+02
2.673000000000000000e+05	2.892814596361857866e+02
2.682000000000000000e+05	2.892814596361857866e+02
2.682000000000000000e+05	2.903798329408413679e+02
2.691000000000000000e+05	2.903798329408413679e+02
2.691000000000000000e+05	2.907324497294284242e+02
2.700000000000000000e+05	2.907324497294284242e+02
2.700000000000000000e+05	2.915553396447017462e+02
2.709000000000000000e+05	2.915553396447017462e+02
2.709000000000000000e+05	2.891317597300767375e+02
2.718000000000000000e+05	2.891317597300767375e+02
2.718000000000000000e+05	2.902149907961859299e+02
2.727000000000000000e+05	2.902149907961859299e+02
2.727000000000000000e+05	2.905625388042014947e+02
2.736000000000000000e+05	2.905625388042014947e+02
2.736000000000000000e+05	2.913778025589541016e+02
2.745000000000000000e+05	2.913778025589541016e+02
2.745000000000000000e+05	2.938446570050734863e+02
2.754000000000000000e+05	2.938446570050734863e+02
2.754000000000000000e+05	2.981170777315998635e+02
2.763000000000000000e+05	2.981170777315998635e+02
2.763000000000000000e+05	2.952111941369784631e+02
2.772000000000000000e+05	2.952111941369784631e+02
2.772000000000000000e+05	2.932494436286610835e+02
2.781000000000000000e+05	2.932494436286610835e+02
2.781000000000000000e+05	3.000260672840087750e+02
2.790000000000000000e+05	3.000260672840087750e+02
2.790000000000000000e+05	2.944601362216919256e+02
2.799000000000000000e+05	2.944601362216919256e+02
2.799000000000000000e+05	2.943731637848587184e+02
2.808000000000000000e+05	2.943731637848587184e+02
2.808000000000000000e+05	2.943373894070685424e+02
2.817000000000000000e+05	2.943373894070685424e+02
2.817000000000000000e+05	2.939334621201075493e+02
2.826000000000000000e+05	2.939334621201075493e+02
2.826000000000000000e+05	2.937675689794028813e+02
2.835000000000000000e+05	2.937675689794028813e+02
2.835000000000000000e+05	2.893091151399986529e+02
2.844000000000000000e+05	2.893091151399986529e+02
2.844000000000000000e+05	2.932734112524735792e+02
2.853000000000000000e+05	2.932734112524735792e+02
2.853000000000000000e+05	2.916744837551569844e+02
2.862000000000000000e+05	2.916744837551569844e+02
2.862000000000000000e+05	2.982556002218182130e+02
2.871000000000000000e+05	2.982556002218182130e+02
2.871000000000000000e+05	3.016471967933439373e+02
2.880000000000000000e+05	3.016471967933439373e+02
2.880000000000000000e+05	3.018117234360857992e+02
2.889000000000000000e+05	3.018117234360857992e+02
2.889000000000000000e+05	3.104088955064747211e+02
2.898000000000000000e+05	3.104088955064747211e+02
2.898000000000000000e+05	3.034792500859039137e+02
2.907000000000000000e+05	3.034792500859039137e+02
2.907000000000000000e+05	3.069671396150144460e+02
2.916000000000000000e+05	3.069671396150144460e+02
2.916000000000000000e+05	3.043424474000902933e+02
2.925000000000000000e+05	3.043424474000902933e+02
2.925000000000000000e+05	3.083755229403429325e+02
2.934000000000000000e+05	3.083755229403429325e+02
2.934000000000000000e+05	3.092491220099013276e+02
2.943000000000000000e+05	3.092491220099013276e+02
2.943000000000000000e+05	3.087894610373918454e+02
2.952000000000000000e+05	3.087894610373918454e+02
2.952000000000000000e+05	3.080562389953848310e+02
2.961000000000000000e+05	3.080562389953848310e+02
2.961000000000000000e+05	3.015919045829108995e+02
2.970000000000000000e+05	3.015919045829108995e+02
2.970000000000000000e+05	3.041030344814466844e+02
2.979000000000000000e+05	3.041030344814466844e+02
2.979000000000000000e+05	3.034876519015273288e+02
2.988000000000000000e+05	3.034876519015273288e+02
2.988000000000000000e+05	3.031311820706696381e+02
2.997000000000000000e+05	3.031311820706696381e+02
2.997000000000000000e+05	2.989809607239403704e+02
3.006000000000000000e+05	2.989809607239403704e+02
3.006000000000000000e+05	3.008433441536776058e+02
3.015000000000000000e+05	3.008433441536776058e+02
3.015000000000000000e+05	3.005382956211121268e+02
3.024000000000000000e+05	3.005382956211121268e+02
3.024000000000000000e+05	3.008290525966291398e+02
3.033000000000000000e+05	3.008290525966291398e+02
3.033000000000000000e+05	2.963591997483858336e+02
3.042000000000000000e+05	2.963591997483858336e+02
3.042000000000000000e+05	2.991282155181971234e+02
3.051000000000000000e+05	2.991282155181971234e+02
3.051000000000000000e+05	2.995910994427937908e+02
3.060000000000000000e+05	2.995910994427937908e+02
3.060000000000000000e+05	2.962934711565010275e+02
3.069000000000000000e+05	2.962934711565010275e+02
3.069000000000000000e+05	3.005191240101118524e+02
3.078000000000000000e+05	3.005191240101118524e+02
3.078000000000000000e+05	2.976188463472107628e+02
3.087000000000000000e+05	2.976188463472107628e+02
3.087000000000000000e+05	2.979860277206296928e+02
3.096000000000000000e+05	2.979860277206296928e+02
3.096000000000000000e+05	2.949749009145912169e+02
3.105000000000000000e+05	2.949749009145912169e+02
3.105000000000000000e+05	3.007735055216861610e+02
3.114000000000000000e+05	3.007735055216861610e+02
3.114000000000000000e+05	2.969719544938517402e+02
3.123000000000000000e+05	2.969719544938517402e+02
3.123000000000000000e+05	2.975547295421794729e+02
3.132000000000000000e+05	2.975547295421794729e+02
3.132000000000000000e+05	2.939777302143838256e+02
3.141000000000000000e+05	2.939777302143838256e+02
3.141000000000000000e+05	3.025514736087339998e+02
3.150000000000000000e+05	3.025514736087339998e+02
3.150000000000000000e+05	2.972928958807457889e+02
3.159000000000000000e+05	2.972928958807457889e+02
3.159000000000000000e+05	2.967576921121933538e+02
3.168000000000000000e+05	2.967576921121933538e+02
3.168000000000000000e+05	2.964985571508059365e+02
3.177000000000000000e+05	2.964985571508059365e+02
3.177000000000000000e+05	2.968950752816171530e+02
3.186000000000000000e+05	2.968950752816171530e+02
3.186000000000000000e+05	2.965455240071705703e+02
3.195000000000000000e+05	2.965455240071705703e+02
3.195000000000000000e+05	2.965528491779031128e+02
3.204000000000000000e+05	2.965528491779031128e+02
3.204000000000000000e+05	2.952229835403772995e+02
3.213000000000000000e+05	2.952229835403772995e+02
3.213000000000000000e+05	2.990582179791082922e+02
3.222000000000000000e+05	2.990582179791082922e+02
3.222000000000000000e+05	2.978735606864183865e+02
3.231000000000000000e+05	2.978735606864183865e+02
3.231000000000000000e+05	2.988509660933292480e+02
3.240000000000000000e+05	2.988509660933292480e+02
3.240000000000000000e+05	2.985505794627325145e+02
3.249000000000000000e+05	2.985505794627325145e+02
3.249000000000000000e+05	3.000342825075256883e+02
3.258000000000000000e+05	3.000342825075256883e+02
3.258000000000000000e+05	2.985962363793748295e+02
3.267000000000000000e+05	2.985962363793748295e+02
3.267000000000000000e+05	2.987572719757470168e+02
3.276000000000000000e+05	2.987572719757470168e+02
3.276000000000000000e+05	2.959245436065411923e+02
3.285000000000000000e+05	2.959245436065411923e+02
3.285000000000000000e+05	3.040421849897574020e+02
3.294000000000000000e+05	3.040421849897574020e+02
3.294000000000000000e+05	2.988439466320511428e+02
3.303000000000000000e+05	2.988439466320511428e+02
3.303000000000000000e+05	2.997035223249331466e+02
3.312000000000000000e+05	2.997035223249331466e+02
3.312000000000000000e+05	2.961861850559525351e+02
3.321000000000000000e+05	2.961861850559525351e+02
3.321000000000000000e+05	3.012765385287272011e+02
3.330000000000000000e+05	3.012765385287272011e+02
3.330000000000000000e+05	2.979535262717652699e+02
3.339000000000000000e+05	2.979535262717652699e+02
3.339000000000000000e+05	2.966231920110011515e+02
3.348000000000000000e+05	2.966231920110011515e+02
3.348000000000000000e+05	2.939617335521155042e+02
3.357000000000000000e+05	2.939617335521155042e+02
3.357000000000000000e+05	2.964287068799661142e+02
3.366000000000000000e+05	2.964287068799661142e+02
3.366000000000000000e+05	2.948943757403017685e+02
3.375000000000000000e+05	2.948943757403017685e+02
3.375000000000000000e+05	2.937794437072552114e+02
3.384000000000000000e+05	2.937794437072552114e+02
3.384000000000000000e+05	2.929264542359326242e+02
3.393000000000000000e+05	2.929264542359326242e+02
3.393000000000000000e+05	2.897210237383151252e+02
3.402000000000000000e+05	2.897210237383151252e+02
3.402000000000000000e+05	2.910365082745817631e+02
3.411000000000000000e+05	2.910365082745817631e+02
3.411000000000000000e+05	2.914324248770381587e+02
3.420000000000000000e+05	2.914324248770381587e+02
3.420000000000000000e+05	2.922624880123424305e+02
3.429000000000000000e+05	2.922624880123424305e+02
3.429000000000000000e+05	2.896357137559256216e+02
3.438000000000000000e+05	2.896357137559256216e+02
3.438000000000000000e+05	2.908137076975544346e+02
3.447000000000000000e+05	2.908137076975544346e+02
3.447000000000000000e+05	2.911922351741046668e+02
3.456000000000000000e+05	2.911922351741046668e+02
3.456000000000000000e+05	2.920589650698055948e+02
3.465000000000000000e+05	2.920589650698055948e+02
3.465000000000000000e+05	2.895093474460504126e+02
3.474000000000000000e+05	2.895093474460504126e+02
3.474000000000000000e+05	2.906555292517031148e+02
3.483000000000000000e+05	2.906555292517031148e+02
3.483000000000000000e+05	2.910251875913482991e+02
3.492000000000000000e+05	2.910251875913482991e+02
3.492000000000000000e+05	2.918841574067701572e+02
3.501000000000000000e+05	2.918841574067701572e+02
3.501000000000000000e+05	2.893776550763926707e+02
3.510000000000000000e+05	2.893776550763926707e+02
3.510000000000000000e+05	2.905027993541432920e+02
3.519000000000000000e+05	2.905027993541432920e+02
3.519000000000000000e+05	2.908652219598503166e+02
3.528000000000000000e+05	2.908652219598503166e+02
3.528000000000000000e+05	2.917120315155400476e+02
3.537000000000000000e+05	2.917120315155400476e+02
3.537000000000000000e+05	2.892389877337877806e+02
3.546000000000000000e+05	2.892389877337877806e+02
3.546000000000000000e+05	2.903470735668119573e+02
3.555000000000000000e+05	2.903470735668119573e+02
3.555000000000000000e+05	2.907034666050719238e+02
3.564000000000000000e+05	2.907034666050719238e+02
3.564000000000000000e+05	2.915399812828169956e+02
3.573000000000000000e+05	2.915399812828169956e+02
3.573000000000000000e+05	2.890946855445900496e+02
3.582000000000000000e+05	2.890946855445900496e+02
3.582000000000000000e+05	2.901891832463684295e+02
3.591000000000000000e+05	2.901891832463684295e+02
3.591000000000000000e+05	2.961338247227129159e+02
3.600000000000000000e+05	2.961338247227129159e+02
3.600000000000000000e+05	2.917391552740639327e+02
3.609000000000000000e+05	2.917391552740639327e+02
3.609000000000000000e+05	2.984419712405564837e+02
3.618000000000000000e+05	2.984419712405564837e+02
3.618000000000000000e+05	2.952439965815178198e+02
3.627000000000000000e+05	2.952439965815178198e+02
3.627000000000000000e+05	2.969554040231783461e+02
3.636000000000000000e+05	2.969554040231783461e+02
3.636000000000000000e+05	2.944008973346637958e+02
3.645000000000000000e+05	2.944008973346637958e+02
3.645000000000000000e+05	2.962085090690155198e+02
3.654000000000000000e+05	2.962085090690155198e+02
3.654000000000000000e+05	2.935692567212394692e+02
3.663000000000000000e+05	2.935692567212394692e+02
3.663000000000000000e+05	2.924658628352813707e+02
3.672000000000000000e+05	2.924658628352813707e+02
3.672000000000000000e+05	2.919565760389618845e+02
3.681000000000000000e+05	2.919565760389618845e+02
3.681000000000000000e+05	2.931946875282939686e+02
3.690000000000000000e+05	2.931946875282939686e+02
3.690000000000000000e+05	2.916816565705861990e+02
3.699000000000000000e+05	2.916816565705861990e+02
3.699000000000000000e+05	2.881499999999999773e+02
3.708000000000000000e+05	2.881499999999999773e+02
3.708000000000000000e+05	2.937158659037930306e+02
3.717000000000000000e+05	2.937158659037930306e+02
3.717000000000000000e+05	2.990840655934250094e+02
3.726000000000000000e+05	2.990840655934250094e+02
3.726000000000000000e+05	3.022974812132782176e+02
3.735000000000000000e+05	3.022974812132782176e+02
3.735000000000000000e+05	3.045467137436782536e+02
3.744000000000000000e+05	3.045467137436782536e+02
3.744000000000000000e+05	3.048412086907959520e+02
3.753000000000000000e+05	3.048412086907959520e+02
3.753000000000000000e+05	3.103080092174121205e+02
3.762000000000000000e+05	3.103080092174121205e+02
3.762000000000000000e+05	3.103591000240705853e+02
3.771000000000000000e+05	3.103591000240705853e+02
3.771000000000000000e+05	3.109312409678864242e+02
3.780000000000000000e+05	3.109312409678864242e+02
3.780000000000000000e+05	3.042286108362901587e+02
3.789000000000000000e+05	3.042286108362901587e+02
3.789000000000000000e+05	3.089981374208877583e+02
3.798000000000000000e+05	3.089981374208877583e+02
3.798000000000000000e+05	3.033970182009315408e+02
3.807000000000000000e+05	3.033970182009315408e+02
3.807000000000000000e+05	3.071767655301327977e+02
3.816000000000000000e+05	3.071767655301327977e+02
3.816000000000000000e+05	3.041895251574059671e+02
3.825000000000000000e+05	3.041895251574059671e+02
3.825000000000000000e+05	3.066324724388957179e+02
3.834000000000000000e+05	3.066324724388957179e+02
3.834000000000000000e+05	3.029341484777825713e+02
3.843000000000000000e+05	3.029341484777825713e+02
3.843000000000000000e+05	3.034431143018039165e+02
3.852000000000000000e+05	3.034431143018039165e+02
3.852000000000000000e+05	3.013261938495190293e+02
3.861000000000000000e+05	3.013261938495190293e+02
3.861000000000000000e+05	3.031085977414005015e+02
3.870000000000000000e+05	3.031085977414005015e+02
3.870000000000000000e+05	3.009532018372508446e+02
3.879000000000000000e+05	3.009532018372508446e+02
3.879000000000000000e+05	3.012480371121436633e+02
3.888000000000000000e+05	3.012480371121436633e+02
3.888000000000000000e+05	2.996748107404433199e+02
3.897000000000000000e+05	2.996748107404433199e+02
3.897000000000000000e+05	2.997797754448229739e+02
3.906000000000000000e+05	2.997797754448229739e+02
3.906000000000000000e+05	2.977194840441891870e+02
3.915000000000000000e+05	2.977194840441891870e+02
3.915000000000000000e+05	3.028781718933536808e+02
3.924000000000000000e+05	3.028781718933536808e+02
3.924000000000000000e+05	2.973085139539571173e+02
3.933000000000000000e+05	2.973085139539571173e+02
3.933000000000000000e+05	3.023474704615792916e+02
3.942000000000000000e+05	3.023474704615792916e+02
3.942000000000000000e+05	2.991772783404397273e+02
3.951000000000000000e+05	2.991772783404397273e+02
3.951000000000000000e+05	2.998091073437069554e+02
3.960000000000000000e+05	2.998091073437069554e+02
3.960000000000000000e+05	2.949477748330064060e+02
3.969000000000000000e+05	2.949477748330064060e+02
3.969000000000000000e+05	3.035376072989050726e+02
3.978000000000000000e+05	3.035376072989050726e+02
3.978000000000000000e+05	3.006365871907133283e+02
3.987000000000000000e+05	3.006365871907133283e+02
3.987000000000000000e+05	2.993936882800687727e+02
3.996000000000000000e+05	2.993936882800687727e+02
3.996000000000000000e+05	2.992899505151507356e+02
4.005000000000000000e+05	2.992899505151507356e+02
4.005000000000000000e+05	2.973376980022479188e+02
4.014000000000000000e+05	2.973376980022479188e+02
4.014000000000000000e+05	2.986176968849084687e+02
4.023000000000000000e+05	2.986176968849084687e+02
4.023000000000000000e+05	2.975735685257965883e+02
4.032000000000000000e+05	2.975735685257965883e+02
4.032000000000000000e+05	2.951194735787153149e+02
4.041000000000000000e+05	2.951194735787153149e+02
4.041000000000000000e+05	3.021105131915751372e+02
4.050000000000000000e+05	3.021105131915751372e+02
4.050000000000000000e+05	2.973735064914114332e+02
4.059000000000000000e+05	2.973735064914114332e+02
4.059000000000000000e+05	2.978678908783049337e+02
4.068000000000000000e+05	2.978678908783049337e+02
4.068000000000000000e+05	2.975661852162077139e+02
4.077000000000000000e+05	2.975661852162077139e+02
4.077000000000000000e+05	2.987260965539611561e+02
4.086000000000000000e+05	2.987260965539611561e+02
4.086000000000000000e+05	2.968730067298909034e+02
4.095000000000000000e+05	2.968730067298909034e+02
4.095000000000000000e+05	3.013463434925398587e+02
4.104000000000000000e+05	3.013463434925398587e+02
4.104000000000000000e+05	2.987346243579982570e+02
4.113000000000000000e+05	2.987346243579982570e+02
4.113000000000000000e+05	3.015444278484377492e+02
4.122000000000000000e+05	3.015444278484377492e+02
4.122000000000000000e+05	2.994731782398473001e+02
4.131000000000000000e+05	2.994731782398473001e+02
4.131000000000000000e+05	2.997119113351851638e+02
4.140000000000000000e+05	2.997119113351851638e+02
4.140000000000000000e+05	2.996088485231103391e+02
4.149000000000000000e+05	2.996088485231103391e+02
4.149000000000000000e+05	2.979443211433406304e+02
4.158000000000000000e+05	2.979443211433406304e+02
4.158000000000000000e+05	2.993429621617058842e+02
4.167000000000000000e+05	2.993429621617058842e+02
4.167000000000000000e+05	2.994724810826578505e+02
4.176000000000000000e+05	2.994724810826578505e+02
4.176000000000000000e+05	2.969544523706987320e+02
4.185000000000000000e+05	2.969544523706987320e+02
4.185000000000000000e+05	2.983890714268099487e+02
4.194000000000000000e+05	2.983890714268099487e+02
4.194000000000000000e+05	2.971958704727196050e+02
4.203000000000000000e+05	2.971958704727196050e+02
4.203000000000000000e+05	2.961086078739606364e+02
4.212000000000000000e+05	2.961086078739606364e+02
4.212000000000000000e+05	2.959673427251002522e+02
4.221000000000000000e+05	2.959673427251002522e+02
4.221000000000000000e+05	2.978613007689266396e+02
4.230000000000000000e+05	2.978613007689266396e+02
4.230000000000000000e+05	2.960644378783446768e+02
4.239000000000000000e+05	2.960644378783446768e+02
4.239000000000000000e+05	2.952633869448595760e+02
4.248000000000000000e+05	2.952633869448595760e+02
4.248000000000000000e+05	2.937417770171244342e+02
4.257000000000000000e+05	2.937417770171244342e+02
4.257000000000000000e+05	2.902973759658956396e+02
4.266000000000000000e+05	2.902973759658956396e+02
4.266000000000000000e+05	2.915458739955602141e+02
4.275000000000000000e+05	2.915458739955602141e+02
4.275000000000000000e+05	2.918797934723630760e+02
4.284000000000000000e+05	2.918797934723630760e+02
4.284000000000000000e+05	2.924821057242132269e+02
4.293000000000000000e+05	2.924821057242132269e+02
4.293000000000000000e+05	2.901502428363780268e+02
4.302000000000000000e+05	2.901502428363780268e+02
4.302000000000000000e+05	2.911765865308892103e+02
4.311000000000000000e+05	2.911765865308892103e+02
4.311000000000000000e+05	2.915000673315857398e+02
4.320000000000000000e+05	2.915000673315857398e+02
4.320000000000000000e+05	2.922350116102361994e+02
4.329000000000000000e+05	2.922350116102361994e+02
4.329000000000000000e+05	2.899727029251363888e+02
4.338000000000000000e+05	2.899727029251363888e+02
4.338000000000000000e+05	2.909766962780521453e+02
4.347000000000000000e+05	2.909766962780521453e+02
4.347000000000000000e+05	2.912960936147034658e+02
4.356000000000000000e+05	2.912960936147034658e+02
4.356000000000000000e+05	2.920382495912424474e+02
4.365000000000000000e+05	2.920382495912424474e+02
4.365000000000000000e+05	2.897958717689368200e+02
4.374000000000000000e+05	2.897958717689368200e+02
4.374000000000000000e+05	2.907902379683811205e+02
4.383000000000000000e+05	2.907902379683811205e+02
4.383000000000000000e+05	2.911064659976308349e+02
4.392000000000000000e+05	2.911064659976308349e+02
4.392000000000000000e+05	2.918468125028331883e+02
4.401000000000000000e+05	2.918468125028331883e+02
4.401000000000000000e+05	2.896151331681280112e+02
4.410000000000000000e+05	2.896151331681280112e+02
4.410000000000000000e+05	2.906034908981791887e+02
4.419000000000000000e+05	2.906034908981791887e+02
4.419000000000000000e+05	2.909175753853456285e+02
4.428000000000000000e+05	2.909175753853456285e+02
4.428000000000000000e+05	2.916567374432518136e+02
4.437000000000000000e+05	2.916567374432518136e+02
4.437000000000000000e+05	2.894314673183771447e+02
4.446000000000000000e+05	2.894314673183771447e+02
4.446000000000000000e+05	2.904164105742295874e+02
4.455000000000000000e+05	2.904164105742295874e+02
4.455000000000000000e+05	2.907293835911998485e+02
4.464000000000000000e+05	2.907293835911998485e+02
4.464000000000000000e+05	2.914690285892870065e+02
4.473000000000000000e+05	2.914690285892870065e+02
4.473000000000000000e+05	3.008932753203175707e+02
4.482000000000000000e+05	3.008932753203175707e+02
4.482000000000000000e+05	2.949706363384744918e+02
4.491000000000000000e+05	2.949706363384744918e+02
4.491000000000000000e+05	2.958226124983074214e+02
4.500000000000000000e+05	2.958226124983074214e+02
4.500000000000000000e+05	2.960035790389762838e+02
4.509000000000000000e+05	2.960035790389762838e+02
4.509000000000000000e+05	2.956936203672150896e+02
4.518000000000000000e+05	2.956936203672150896e+02
4.518000000000000000e+05	2.961745426314627707e+02
4.527000000000000000e+05	2.961745426314627707e+02
4.527000000000000000e+05	2.960211223286275413e+02
4.536000000000000000e+05	2.960211223286275413e+02
4.536000000000000000e+05	2.934565678019839083e+02
4.545000000000000000e+05	2.934565678019839083e+02
4.545000000000000000e+05	2.956179331829443981e+02
4.554000000000000000e+05	2.956179331829443981e+02
4.554000000000000000e+05	2.973900800682342265e+02
4.563000000000000000e+05	2.973900800682342265e+02
4.563000000000000000e+05	2.891502767643837046e+02
4.572000000000000000e+05	2.891502767643837046e+02
4.572000000000000000e+05	2.940916640301409188e+02
4.581000000000000000e+05	2.940916640301409188e+02
4.581000000000000000e+05	2.994353580573690579e+02
4.590000000000000000e+05	2.994353580573690579e+02
4.590000000000000000e+05	3.025657797388680024e+02
4.599000000000000000e+05	3.025657797388680024e+02
4.599000000000000000e+05	3.047529591922203167e+02
4.608000000000000000e+05	3.047529591922203167e+02
4.608000000000000000e+05	3.050483393798061229e+02
4.617000000000000000e+05	3.050483393798061229e+02
4.617000000000000000e+05	3.102077553648530852e+02
4.626000000000000000e+05	3.102077553648530852e+02
4.626000000000000000e+05	3.103281681578031908e+02
4.635000000000000000e+05	3.103281681578031908e+02
4.635000000000000000e+05	3.109105137531553851e+02
4.644000000000000000e+05	3.109105137531553851e+02
4.644000000000000000e+05	3.087960349354126492e+02
4.653000000000000000e+05	3.087960349354126492e+02
4.653000000000000000e+05	3.049775048018851749e+02
4.662000000000000000e+05	3.049775048018851749e+02
4.662000000000000000e+05	3.083023553515342883e+02
4.671000000000000000e+05	3.083023553515342883e+02
4.671000000000000000e+05	3.069638660586722949e+02
4.680000000000000000e+05	3.069638660586722949e+02
4.680000000000000000e+05	3.054469907966716846e+02
4.689000000000000000e+05	3.054469907966716846e+02
4.689000000000000000e+05	3.036999247045672519e+02
4.698000000000000000e+05	3.036999247045672519e+02
4.698000000000000000e+05	3.036204210899180680e+02
4.707000000000000000e+05	3.036204210899180680e+02
4.707000000000000000e+05	3.033877352725124865e+02
4.716000000000000000e+05	3.033877352725124865e+02
4.716000000000000000e+05	3.036645616292694285e+02
4.725000000000000000e+05	3.036645616292694285e+02
4.725000000000000000e+05	2.987135472290533471e+02
4.734000000000000000e+05	2.987135472290533471e+02
4.734000000000000000e+05	3.013971614874104716e+02
4.743000000000000000e+05	3.013971614874104716e+02
4.743000000000000000e+05	3.009744171479848660e+02
4.752000000000000000e+05	3.009744171479848660e+02
4.752000000000000000e+05	3.013114305762860567e+02
4.761000000000000000e+05	3.013114305762860567e+02
4.761000000000000000e+05	2.976036600681168807e+02
4.770000000000000000e+05	2.976036600681168807e+02
4.770000000000000000e+05	3.001756553973829114e+02
4.779000000000000000e+05	3.001756553973829114e+02
4.779000000000000000e+05	3.000238736688690437e+02
4.788000000000000000e+05	3.000238736688690437e+02
4.788000000000000000e+05	2.994098830570582095e+02
4.797000000000000000e+05	2.994098830570582095e+02
4.797000000000000000e+05	2.988054218940991404e+02
4.806000000000000000e+05	2.988054218940991404e+02
4.806000000000000000e+05	2.992237706921412723e+02
4.815000000000000000e+05	2.992237706921412723e+02
4.815000000000000000e+05	2.992767479591672668e+02
4.824000000000000000e+05	2.992767479591672668e+02
4.824000000000000000e+05	2.968217555266036243e+02
4.833000000000000000e+05	2.968217555266036243e+02
4.833000000000000000e+05	3.017395271855772876e+02
4.842000000000000000e+05	3.017395271855772876e+02
4.842000000000000000e+05	2.988619855878736757e+02
4.851000000000000000e+05	2.988619855878736757e+02
4.851000000000000000e+05	2.988885534379357409e+02
4.860000000000000000e+05	2.988885534379357409e+02
4.860000000000000000e+05	2.962342462190581500e+02
4.869000000000000000e+05	2.962342462190581500e+02
4.869000000000000000e+05	3.022895008115588666e+02
4.878000000000000000e+05	3.022895008115588666e+02
4.878000000000000000e+05	2.979378112552449807e+02
4.887000000000000000e+05	2.979378112552449807e+02
4.887000000000000000e+05	2.983492042228803598e+02
4.896000000000000000e+05	2.983492042228803598e+02
4.896000000000000000e+05	2.950131842783765705e+02
4.905000000000000000e+05	2.950131842783765705e+02
4.905000000000000000e+05	3.030075271534960848e+02
4.914000000000000000e+05	3.030075271534960848e+02
4.914000000000000000e+05	2.974437054224615053e+02
4.923000000000000000e+05	2.974437054224615053e+02
4.923000000000000000e+05	2.981603388949492910e+02
4.932000000000000000e+05	2.981603388949492910e+02
4.932000000000000000e+05	2.967443081001750329e+02
4.941000000000000000e+05	2.967443081001750329e+02
4.941000000000000000e+05	2.982938096628093945e+02
4.950000000000000000e+05	2.982938096628093945e+02
4.950000000000000000e+05	2.965209194811076827e+02
4.959000000000000000e+05	2.965209194811076827e+02
4.959000000000000000e+05	2.956913760583058775e+02
4.968000000000000000e+05	2.956913760583058775e+02
4.968000000000000000e+05	2.967780537235348675e+02
4.977000000000000000e+05	2.967780537235348675e+02
4.977000000000000000e+05	2.987854592905203504e+02
4.986000000000000000e+05	2.987854592905203504e+02
4.986000000000000000e+05	2.967480552761947479e+02
4.995000000000000000e+05	2.967480552761947479e+02
4.995000000000000000e+05	2.978848053255881609e+02
5.004000000000000000e+05	2.978848053255881609e+02
5.004000000000000000e+05	2.975684488059259252e+02
5.013000000000000000e+05	2.975684488059259252e+02
5.013000000000000000e+05	2.964367513709800050e+02
5.022000000000000000e+05	2.964367513709800050e+02
5.022000000000000000e+05	2.979236967903287905e+02
5.031000000000000000e+05	2.979236967903287905e+02
5.031000000000000000e+05	2.996279103967284527e+02
5.040000000000000000e+05	2.996279103967284527e+02
5.040000000000000000e+05	2.975753872439487395e+02
5.049000000000000000e+05	2.975753872439487395e+02
5.049000000000000000e+05	2.988073810985680439e+02
5.058000000000000000e+05	2.988073810985680439e+02
5.058000000000000000e+05	2.969236953154224352e+02
5.067000000000000000e+05	2.969236953154224352e+02
5.067000000000000000e+05	2.959924235730164810e+02
5.076000000000000000e+05	2.959924235730164810e+02
5.076000000000000000e+05	2.942674320768085749e+02
5.085000000000000000e+05	2.942674320768085749e+02
5.085000000000000000e+05	2.967366789815546895e+02
5.094000000000000000e+05	2.967366789815546895e+02
5.094000000000000000e+05	2.951497756668589432e+02
5.103000000000000000e+05	2.951497756668589432e+02
5.103000000000000000e+05	2.944482161166042147e+02
5.112000000000000000e+05	2.944482161166042147e+02
5.112000000000000000e+05	2.942432330178203301e+02
5.121000000000000000e+05	2.942432330178203301e+02
5.121000000000000000e+05	2.907427688815279794e+02
5.130000000000000000e+05	2.907427688815279794e+02
5.130000000000000000e+05	2.918624524574440215e+02
5.139000000000000000e+05	2.918624524574440215e+02
5.139000000000000000e+05	2.921227299832683002e+02
5.148000000000000000e+05	2.921227299832683002e+02
5.148000000000000000e+05	2.925114459242594762e+02
5.157000000000000000e+05	2.925114459242594762e+02
5.157000000000000000e+05	2.904949893459254326e+02
5.166000000000000000e+05	2.904949893459254326e+02
5.166000000000000000e+05	2.913605152528681970e+02
5.175000000000000000e+05	2.913605152528681970e+02
5.175000000000000000e+05	2.916268196786448925e+02
5.184000000000000000e+05	2.916268196786448925e+02
5.184000000000000000e+05	2.922395332615313919e+02
5.193000000000000000e+05	2.922395332615313919e+02
5.193000000000000000e+05	2.902720385968495975e+02
5.202000000000000000e+05	2.902720385968495975e+02
5.202000000000000000e+05	2.911310294433915828e+02
5.211000000000000000e+05	2.911310294433915828e+02
5.211000000000000000e+05	2.913998548311212744e+02
5.220000000000000000e+05	2.913998548311212744e+02
5.220000000000000000e+05	2.920350930524675164e+02
5.229000000000000000e+05	2.920350930524675164e+02
5.229000000000000000e+05	2.900561394659505368e+02
5.238000000000000000e+05	2.900561394659505368e+02
5.238000000000000000e+05	2.909205269625144297e+02
5.247000000000000000e+05	2.909205269625144297e+02
5.247000000000000000e+05	2.913364264478623227e+02
5.256000000000000000e+05	2.913364264478623227e+02
5.256000000000000000e+05	2.918357976618138991e+02
5.265000000000000000e+05	2.918357976618138991e+02
5.265000000000000000e+05	2.932655512888720750e+02
5.274000000000000000e+05	2.932655512888720750e+02
5.274000000000000000e+05	2.929668007199260273e+02
5.283000000000000000e+05	2.929668007199260273e+02
5.283000000000000000e+05	2.931437832510986254e+02
5.292000000000000000e+05	2.931437832510986254e+02
5.292000000000000000e+05	2.937320955733843562e+02
5.301000000000000000e+05	2.937320955733843562e+02
5.301000000000000000e+05	2.941635011587461577e+02
5.310000000000000000e+05	2.941635011587461577e+02
5.310000000000000000e+05	2.941779212580517537e+02
5.319000000000000000e+05	2.941779212580517537e+02
5.319000000000000000e+05	2.943363524410479499e+02
5.328000000000000000e+05	2.943363524410479499e+02
5.328000000000000000e+05	2.926101911299026597e+02
5.337000000000000000e+05	2.926101911299026597e+02
5.337000000000000000e+05	2.986528121436979859e+02
5.346000000000000000e+05	2.986528121436979859e+02
5.346000000000000000e+05	2.950769349535240167e+02
5.355000000000000000e+05	2.950769349535240167e+02
5.355000000000000000e+05	2.955844497479701545e+02
5.364000000000000000e+05	2.955844497479701545e+02
5.364000000000000000e+05	2.947448970158620227e+02
5.373000000000000000e+05	2.947448970158620227e+02
5.373000000000000000e+05	2.977466915981843272e+02
5.382000000000000000e+05	2.977466915981843272e+02
5.382000000000000000e+05	2.960943274113782877e+02
5.391000000000000000e+05	2.960943274113782877e+02
5.391000000000000000e+05	2.963652732931884088e+02
5.400000000000000000e+05	2.963652732931884088e+02
5.400000000000000000e+05	2.944048356310550503e+02
5.409000000000000000e+05	2.944048356310550503e+02
5.409000000000000000e+05	2.962159328859499965e+02
5.418000000000000000e+05	2.962159328859499965e+02
5.418000000000000000e+05	2.973384313005373656e+02
5.427000000000000000e+05	2.973384313005373656e+02
5.427000000000000000e+05	2.892613669223547959e+02
5.436000000000000000e+05	2.892613669223547959e+02
5.436000000000000000e+05	2.941116381490608092e+02
5.445000000000000000e+05	2.941116381490608092e+02
5.445000000000000000e+05	2.994249548920421375e+02
5.454000000000000000e+05	2.994249548920421375e+02
5.454000000000000000e+05	3.025693246829863483e+02
5.463000000000000000e+05	3.025693246829863483e+02
5.463000000000000000e+05	3.047605204253393367e+02
5.472000000000000000e+05	3.047605204253393367e+02
5.472000000000000000e+05	3.050564407122234911e+02
5.481000000000000000e+05	3.050564407122234911e+02
5.481000000000000000e+05	3.102050222471551137e+02
5.490000000000000000e+05	3.102050222471551137e+02
5.490000000000000000e+05	3.103322172003867081e+02
5.499000000000000000e+05	3.103322172003867081e+02
5.499000000000000000e+05	3.109176628831086759e+02
5.508000000000000000e+05	3.109176628831086759e+02
5.508000000000000000e+05	3.098927506011412447e+02
5.517000000000000000e+05	3.098927506011412447e+02
5.517000000000000000e+05	3.053574883991739171e+02
5.526000000000000000e+05	3.053574883991739171e+02
5.526000000000000000e+05	3.068308784592503002e+02
5.535000000000000000e+05	3.068308784592503002e+02
5.535000000000000000e+05	3.065693709103610445e+02
5.544000000000000000e+05	3.065693709103610445e+02
5.544000000000000000e+05	3.048521194073650804e+02
5.553000000000000000e+05	3.048521194073650804e+02
5.553000000000000000e+05	2.967144165451682625e+02
5.562000000000000000e+05	2.967144165451682625e+02
5.562000000000000000e+05	2.968578441772794463e+02
5.571000000000000000e+05	2.968578441772794463e+02
5.571000000000000000e+05	2.961888970267123113e+02
5.580000000000000000e+05	2.961888970267123113e+02
5.580000000000000000e+05	2.961556750197059955e+02
5.589000000000000000e+05	2.961556750197059955e+02
5.589000000000000000e+05	3.055037237385713524e+02
5.598000000000000000e+05	3.055037237385713524e+02
5.598000000000000000e+05	3.064391489571016791e+02
5.607000000000000000e+05	3.064391489571016791e+02
5.607000000000000000e+05	3.015412886533603114e+02
5.616000000000000000e+05	3.015412886533603114e+02
5.616000000000000000e+05	3.002209350748262864e+02
5.625000000000000000e+05	3.002209350748262864e+02
5.625000000000000000e+05	3.033415708978125167e+02
5.634000000000000000e+05	3.033415708978125167e+02
5.634000000000000000e+05	3.014002031087984506e+02
5.643000000000000000e+05	3.014002031087984506e+02
5.643000000000000000e+05	3.018218598959936116e+02
5.652000000000000000e+05	3.018218598959936116e+02
5.652000000000000000e+05	3.004605996604025222e+02
5.661000000000000000e+05	3.004605996604025222e+02
5.661000000000000000e+05	3.011547396231239304e+02
5.670000000000000000e+05	3.011547396231239304e+02
5.670000000000000000e+05	3.005856516179168239e+02
5.679000000000000000e+05	3.005856516179168239e+02
5.679000000000000000e+05	3.006637483191222486e+02
5.688000000000000000e+05	3.006637483191222486e+02
5.688000000000000000e+05	2.985241439760457069e+02
5.697000000000000000e+05	2.985241439760457069e+02
5.697000000000000000e+05	3.021754611861563262e+02
5.706000000000000000e+05	3.021754611861563262e+02
5.706000000000000000e+05	2.996381599536869089e+02
5.715000000000000000e+05	2.996381599536869089e+02
5.715000000000000000e+05	3.001462482309548250e+02
5.724000000000000000e+05	3.001462482309548250e+02
5.724000000000000000e+05	2.997513272767497483e+02
5.733000000000000000e+05	2.997513272767497483e+02
5.733000000000000000e+05	2.979524072631121498e+02
5.742000000000000000e+05	2.979524072631121498e+02
5.742000000000000000e+05	2.988866443744030903e+02
5.751000000000000000e+05	2.988866443744030903e+02
5.751000000000000000e+05	2.985731303087436004e+02
5.760000000000000000e+05	2.985731303087436004e+02
5.760000000000000000e+05	2.968287015311116193e+02
5.769000000000000000e+05	2.968287015311116193e+02
5.769000000000000000e+05	2.983749330061590399e+02
5.778000000000000000e+05	2.983749330061590399e+02
5.778000000000000000e+05	2.989626802199842928e+02
5.787000000000000000e+05	2.989626802199842928e+02
5.787000000000000000e+05	2.979856339976711297e+02
5.796000000000000000e+05	2.979856339976711297e+02
5.796000000000000000e+05	2.955056818926203164e+02
5.805000000000000000e+05	2.955056818926203164e+02
5.805000000000000000e+05	3.016060085088749361e+02
5.814000000000000000e+05	3.016060085088749361e+02
5.814000000000000000e+05	2.975438926781417877e+02
5.823000000000000000e+05	2.975438926781417877e+02
5.823000000000000000e+05	2.980629947141787852e+02
5.832000000000000000e+05	2.980629947141787852e+02
5.832000000000000000e+05	2.980372216020869587e+02
5.841000000000000000e+05	2.980372216020869587e+02
5.841000000000000000e+05	2.986614433000156623e+02
5.850000000000000000e+05	2.986614433000156623e+02
5.850000000000000000e+05	2.977976078989168514e+02
5.859000000000000000e+05	2.977976078989168514e+02
5.859000000000000000e+05	2.977886925368401876e+02
5.868000000000000000e+05	2.977886925368401876e+02
5.868000000000000000e+05	2.966392638394336245e+02
5.877000000000000000e+05	2.966392638394336245e+02
5.877000000000000000e+05	3.010723500442219347e+02
5.886000000000000000e+05	3.010723500442219347e+02
5.886000000000000000e+05	2.995575730537141226e+02
5.895000000000000000e+05	2.995575730537141226e+02
5.895000000000000000e+05	3.005693340304387675e+02
5.904000000000000000e+05	3.005693340304387675e+02
5.904000000000000000e+05	2.992386569335708373e+02
5.913000000000000000e+05	2.992386569335708373e+02
5.913000000000000000e+05	2.995492326090396773e+02
5.922000000000000000e+05	2.995492326090396773e+02
5.922000000000000000e+05	2.975386890699297169e+02
5.931000000000000000e+05	2.975386890699297169e+02
5.931000000000000000e+05	2.964893239199948312e+02
5.940000000000000000e+05	2.964893239199948312e+02
5.940000000000000000e+05	2.947469212340519675e+02
5.949000000000000000e+05	2.947469212340519675e+02
5.949000000000000000e+05	2.970290931213147587e+02
5.958000000000000000e+05	2.970290931213147587e+02
5.958000000000000000e+05	2.953890463796859081e+02
5.967000000000000000e+05	2.953890463796859081e+02
5.967000000000000000e+05	2.947038677460046756e+02
5.976000000000000000e+05	2.947038677460046756e+02
5.976000000000000000e+05	2.943250879017896864e+02
5.985000000000000000e+05	2.943250879017896864e+02
5.985000000000000000e+05	2.906942558568382537e+02
5.994000000000000000e+05	2.906942558568382537e+02
5.994000000000000000e+05	2.918376460469403355e+02
6.003000000000000000e+05	2.918376460469403355e+02
6.003000000000000000e+05	2.920958844076552055e+02
6.012000000000000000e+05	2.920958844076552055e+02
6.012000000000000000e+05	2.924366457901944614e+02
6.021000000000000000e+05	2.924366457901944614e+02
6.021000000000000000e+05	2.904438565995449721e+02
6.030000000000000000e+05	2.904438565995449721e+02
6.030000000000000000e+05	2.912942989472768431e+02
6.039000000000000000e+05	2.912942989472768431e+02
6.039000000000000000e+05	2.915530416278740518e+02
6.048000000000000000e+05	2.915530416278740518e+02
