# #1
# double dch_TES(1344, 2)
0.000000000000000000e+00	4.678808666574934250e+03
9.000000000000000000e+02	4.678808666574934250e+03
9.000000000000000000e+02	7.046778794041036917e+02
1.800000000000000000e+03	7.046778794041036917e+02
1.800000000000000000e+03	1.594194684819842223e+03
2.700000000000000000e+03	1.594194684819842223e+03
2.700000000000000000e+03	2.848228704456996638e+03
3.600000000000000000e+03	2.848228704456996638e+03
3.600000000000000000e+03	2.686528506584435490e+03
4.500000000000000000e+03	2.686528506584435490e+03
4.500000000000000000e+03	-6.921374435250082797e+02
5.400000000000000000e+03	-6.921374435250082797e+02
5.400000000000000000e+03	3.083582594849285670e+02
6.300000000000000000e+03	3.083582594849285670e+02
6.300000000000000000e+03	4.140732744122506119e+02
7.200000000000000000e+03	4.140732744122506119e+02
7.200000000000000000e+03	6.809606592334857851e+02
8.100000000000000000e+03	6.809606592334857851e+02
8.100000000000000000e+03	7.391187774326846920e+03
9.000000000000000000e+03	7.391187774326846920e+03
9.000000000000000000e+03	2.637741954166325741e+03
9.900000000000000000e+03	2.637741954166325741e+03
9.900000000000000000e+03	2.617733079100609757e+03
1.080000000000000000e+04	2.617733079100609757e+03
1.080000000000000000e+04	2.691003268332848165e+03
1.170000000000000000e+04	2.691003268332848165e+03
1.170000000000000000e+04	1.848312693595650671e+03
1.260000000000000000e+04	1.848312693595650671e+03
1.260000000000000000e+04	2.547821929692639969e+03
1.350000000000000000e+04	2.547821929692639969e+03
1.350000000000000000e+04	1.350798347684612963e+03
1.440000000000000000e+04	1.350798347684612963e+03
1.440000000000000000e+04	8.909752946894936940e+02
1.530000000000000000e+04	8.909752946894936940e+02
1.530000000000000000e+04	6.376668886656090763e+03
1.620000000000000000e+04	6.376668886656090763e+03
1.620000000000000000e+04	2.610437993036524858e+03
1.710000000000000000e+04	2.610437993036524858e+03
1.710000000000000000e+04	2.678332633141952101e+03
1.800000000000000000e+04	2.678332633141952101e+03
1.800000000000000000e+04	2.463650544204144353e+03
1.890000000000000000e+04	2.463650544204144353e+03
1.890000000000000000e+04	1.163654783647309159e+03
1.980000000000000000e+04	1.163654783647309159e+03
1.980000000000000000e+04	1.418593465925077908e+03
2.070000000000000000e+04	1.418593465925077908e+03
2.070000000000000000e+04	1.017409163815318607e+03
2.160000000000000000e+04	1.017409163815318607e+03
2.160000000000000000e+04	7.786388080814376735e+02
2.250000000000000000e+04	7.786388080814376735e+02
2.250000000000000000e+04	1.985853141704050358e+03
2.340000000000000000e+04	1.985853141704050358e+03
2.340000000000000000e+04	0.000000000000000000e+00
2.430000000000000000e+04	0.000000000000000000e+00
2.430000000000000000e+04	-2.518168636493443046e+03
2.520000000000000000e+04	-2.518168636493443046e+03
2.520000000000000000e+04	5.203594326759193791e+02
2.610000000000000000e+04	5.203594326759193791e+02
2.610000000000000000e+04	3.289874025192310455e+03
2.700000000000000000e+04	3.289874025192310455e+03
2.700000000000000000e+04	5.299082113829266746e+03
2.790000000000000000e+04	5.299082113829266746e+03
2.790000000000000000e+04	6.162885220502095763e+03
2.880000000000000000e+04	6.162885220502095763e+03
2.880000000000000000e+04	5.025270438464716790e+03
2.970000000000000000e+04	5.025270438464716790e+03
2.970000000000000000e+04	8.503561922955677801e+03
3.060000000000000000e+04	8.503561922955677801e+03
3.060000000000000000e+04	7.916073727963899728e+03
3.150000000000000000e+04	7.916073727963899728e+03
3.150000000000000000e+04	7.971612424343300518e+03
3.240000000000000000e+04	7.971612424343300518e+03
3.240000000000000000e+04	7.098250615802335233e+03
3.330000000000000000e+04	7.098250615802335233e+03
3.330000000000000000e+04	5.136778276806975555e+03
3.420000000000000000e+04	5.136778276806975555e+03
3.420000000000000000e+04	5.545487625779293012e+03
3.510000000000000000e+04	5.545487625779293012e+03
3.510000000000000000e+04	5.557166229332971852e+03
3.600000000000000000e+04	5.557166229332971852e+03
3.600000000000000000e+04	4.872864519471606400e+03
3.690000000000000000e+04	4.872864519471606400e+03
3.690000000000000000e+04	3.588278109043626500e+03
3.780000000000000000e+04	3.588278109043626500e+03
3.780000000000000000e+04	4.523436848537472542e+03
3.870000000000000000e+04	4.523436848537472542e+03
3.870000000000000000e+04	3.727549101417418569e+03
3.960000000000000000e+04	3.727549101417418569e+03
3.960000000000000000e+04	3.657654045082941593e+03
4.050000000000000000e+04	3.657654045082941593e+03
4.050000000000000000e+04	2.899957307518232938e+03
4.140000000000000000e+04	2.899957307518232938e+03
4.140000000000000000e+04	2.856998471391387284e+03
4.230000000000000000e+04	2.856998471391387284e+03
4.230000000000000000e+04	2.902209420805098489e+03
4.320000000000000000e+04	2.902209420805098489e+03
4.320000000000000000e+04	1.871614722689673727e+03
4.410000000000000000e+04	1.871614722689673727e+03
4.410000000000000000e+04	2.656665824030199929e+03
4.500000000000000000e+04	2.656665824030199929e+03
4.500000000000000000e+04	2.575469172776851337e+03
4.590000000000000000e+04	2.575469172776851337e+03
4.590000000000000000e+04	2.141428457931790035e+03
4.680000000000000000e+04	2.141428457931790035e+03
4.680000000000000000e+04	1.268736736270099755e+03
4.770000000000000000e+04	1.268736736270099755e+03
4.770000000000000000e+04	2.374208344361562922e+03
4.860000000000000000e+04	2.374208344361562922e+03
4.860000000000000000e+04	1.300594928745646030e+03
4.950000000000000000e+04	1.300594928745646030e+03
4.950000000000000000e+04	1.344041999713517725e+03
5.040000000000000000e+04	1.344041999713517725e+03
5.040000000000000000e+04	4.459643190851111285e+02
5.130000000000000000e+04	4.459643190851111285e+02
5.130000000000000000e+04	2.097745280577061294e+03
5.220000000000000000e+04	2.097745280577061294e+03
5.220000000000000000e+04	8.040812196584302001e+02
5.310000000000000000e+04	8.040812196584302001e+02
5.310000000000000000e+04	1.003062703792005777e+03
5.400000000000000000e+04	1.003062703792005777e+03
5.400000000000000000e+04	1.186364564971815525e+03
5.490000000000000000e+04	1.186364564971815525e+03
5.490000000000000000e+04	4.852786109859694079e+02
5.580000000000000000e+04	4.852786109859694079e+02
5.580000000000000000e+04	6.420872864797711372e+02
5.670000000000000000e+04	6.420872864797711372e+02
5.670000000000000000e+04	6.728335369690321386e+02
5.760000000000000000e+04	6.728335369690321386e+02
5.760000000000000000e+04	8.042218387342409187e+02
5.850000000000000000e+04	8.042218387342409187e+02
5.850000000000000000e+04	5.637717510797693876e+02
5.940000000000000000e+04	5.637717510797693876e+02
5.940000000000000000e+04	8.482887978972285055e+02
6.030000000000000000e+04	8.482887978972285055e+02
6.030000000000000000e+04	7.648330857593682595e+02
6.120000000000000000e+04	7.648330857593682595e+02
6.120000000000000000e+04	8.618795956607391417e+02
6.210000000000000000e+04	8.618795956607391417e+02
6.210000000000000000e+04	1.077882884446360094e+03
6.300000000000000000e+04	1.077882884446360094e+03
6.300000000000000000e+04	1.967478356434323359e+03
6.390000000000000000e+04	1.967478356434323359e+03
6.390000000000000000e+04	2.157446693512378260e+03
6.480000000000000000e+04	2.157446693512378260e+03
6.480000000000000000e+04	1.671901681564528189e+03
6.570000000000000000e+04	1.671901681564528189e+03
6.570000000000000000e+04	2.363233201195935180e+03
6.660000000000000000e+04	2.363233201195935180e+03
6.660000000000000000e+04	2.020275924560497515e+03
6.750000000000000000e+04	2.020275924560497515e+03
6.750000000000000000e+04	2.019283237388182897e+03
6.840000000000000000e+04	2.019283237388182897e+03
6.840000000000000000e+04	7.545125507485454364e+02
6.930000000000000000e+04	7.545125507485454364e+02
6.930000000000000000e+04	6.324338105069477024e+03
7.020000000000000000e+04	6.324338105069477024e+03
7.020000000000000000e+04	2.294575514263589866e+03
7.110000000000000000e+04	2.294575514263589866e+03
7.110000000000000000e+04	2.598405317528755404e+03
7.200000000000000000e+04	2.598405317528755404e+03
7.200000000000000000e+04	1.750309043644943813e+03
7.290000000000000000e+04	1.750309043644943813e+03
7.290000000000000000e+04	4.594350042019593275e+03
7.380000000000000000e+04	4.594350042019593275e+03
7.380000000000000000e+04	1.879973125305026770e+03
7.470000000000000000e+04	1.879973125305026770e+03
7.470000000000000000e+04	1.177163343671534676e+03
7.560000000000000000e+04	1.177163343671534676e+03
7.560000000000000000e+04	6.275678744232982353e+02
7.650000000000000000e+04	6.275678744232982353e+02
7.650000000000000000e+04	2.176625530457940840e+03
7.740000000000000000e+04	2.176625530457940840e+03
7.740000000000000000e+04	8.818259578514844179e+02
7.830000000000000000e+04	8.818259578514844179e+02
7.830000000000000000e+04	4.539589905397733673e+02
7.920000000000000000e+04	4.539589905397733673e+02
7.920000000000000000e+04	2.428077243183115570e+02
8.010000000000000000e+04	2.428077243183115570e+02
8.010000000000000000e+04	-1.816421558979018982e+03
8.100000000000000000e+04	-1.816421558979018982e+03
8.100000000000000000e+04	-5.361205869188997895e+02
8.190000000000000000e+04	-5.361205869188997895e+02
8.190000000000000000e+04	-2.514659415637142956e+02
8.280000000000000000e+04	-2.514659415637142956e+02
8.280000000000000000e+04	3.443297733805138705e+01
8.370000000000000000e+04	3.443297733805138705e+01
8.370000000000000000e+04	-1.591775902498556889e+03
8.460000000000000000e+04	-1.591775902498556889e+03
8.460000000000000000e+04	-5.086626000658143312e+02
8.550000000000000000e+04	-5.086626000658143312e+02
8.550000000000000000e+04	-2.593351045973249711e+02
8.640000000000000000e+04	-2.593351045973249711e+02
8.640000000000000000e+04	3.109784083328941051e+01
8.730000000000000000e+04	3.109784083328941051e+01
8.730000000000000000e+04	-1.538089275615604947e+03
8.820000000000000000e+04	-1.538089275615604947e+03
8.820000000000000000e+04	-4.929990224521607161e+02
8.910000000000000000e+04	-4.929990224521607161e+02
8.910000000000000000e+04	-2.025581186744384468e+02
9.000000000000000000e+04	-2.025581186744384468e+02
9.000000000000000000e+04	3.404221096509445488e+01
9.090000000000000000e+04	3.404221096509445488e+01
9.090000000000000000e+04	-1.498895894449184652e+03
9.180000000000000000e+04	-1.498895894449184652e+03
9.180000000000000000e+04	-4.790796863093855791e+02
9.270000000000000000e+04	-4.790796863093855791e+02
9.270000000000000000e+04	3.075299851290532388e+03
9.360000000000000000e+04	3.075299851290532388e+03
9.360000000000000000e+04	2.021393872613034546e+02
9.450000000000000000e+04	2.021393872613034546e+02
9.450000000000000000e+04	1.055007446149946190e+03
9.540000000000000000e+04	1.055007446149946190e+03
9.540000000000000000e+04	0.000000000000000000e+00
9.630000000000000000e+04	0.000000000000000000e+00
9.630000000000000000e+04	0.000000000000000000e+00
9.720000000000000000e+04	0.000000000000000000e+00
9.720000000000000000e+04	4.854422647779265390e+02
9.810000000000000000e+04	4.854422647779265390e+02
9.810000000000000000e+04	-6.324581443328083878e+02
9.900000000000000000e+04	-6.324581443328083878e+02
9.900000000000000000e+04	4.290293650896637700e+02
9.990000000000000000e+04	4.290293650896637700e+02
9.990000000000000000e+04	2.379567084477806929e+03
1.008000000000000000e+05	2.379567084477806929e+03
1.008000000000000000e+05	1.168731467061445073e+03
1.017000000000000000e+05	1.168731467061445073e+03
1.017000000000000000e+05	1.300820678722822095e+03
1.026000000000000000e+05	1.300820678722822095e+03
1.026000000000000000e+05	6.896671150662587024e+02
1.035000000000000000e+05	6.896671150662587024e+02
1.035000000000000000e+05	4.925798696792335249e+02
1.044000000000000000e+05	4.925798696792335249e+02
1.044000000000000000e+05	6.679029330387056689e+02
1.053000000000000000e+05	6.679029330387056689e+02
1.053000000000000000e+05	6.497191213188845722e+03
1.062000000000000000e+05	6.497191213188845722e+03
1.062000000000000000e+05	2.308777376117359381e+03
1.071000000000000000e+05	2.308777376117359381e+03
1.071000000000000000e+05	1.306048589089652523e+03
1.080000000000000000e+05	1.306048589089652523e+03
1.080000000000000000e+05	7.259276378529266367e+02
1.089000000000000000e+05	7.259276378529266367e+02
1.089000000000000000e+05	1.631751338699072221e+03
1.098000000000000000e+05	1.631751338699072221e+03
1.098000000000000000e+05	1.279681656918430235e+03
1.107000000000000000e+05	1.279681656918430235e+03
1.107000000000000000e+05	2.921951971539703663e+03
1.116000000000000000e+05	2.921951971539703663e+03
1.116000000000000000e+05	2.373643393246515188e+03
1.125000000000000000e+05	2.373643393246515188e+03
1.125000000000000000e+05	3.256383051234697632e+03
1.134000000000000000e+05	3.256383051234697632e+03
1.134000000000000000e+05	5.645443283120810520e+03
1.143000000000000000e+05	5.645443283120810520e+03
1.143000000000000000e+05	6.511961256882175803e+03
1.152000000000000000e+05	6.511961256882175803e+03
1.152000000000000000e+05	5.511105097606352501e+03
1.161000000000000000e+05	5.511105097606352501e+03
1.161000000000000000e+05	8.828397538776214788e+03
1.170000000000000000e+05	8.828397538776214788e+03
1.170000000000000000e+05	8.129057538077235222e+03
1.179000000000000000e+05	8.129057538077235222e+03
1.179000000000000000e+05	8.134296021215443034e+03
1.188000000000000000e+05	8.134296021215443034e+03
1.188000000000000000e+05	6.953034614542095369e+03
1.197000000000000000e+05	6.953034614542095369e+03
1.197000000000000000e+05	4.314327912974315950e+03
1.206000000000000000e+05	4.314327912974315950e+03
1.206000000000000000e+05	6.750322993909416255e+03
1.215000000000000000e+05	6.750322993909416255e+03
1.215000000000000000e+05	5.488827873524976894e+03
1.224000000000000000e+05	5.488827873524976894e+03
1.224000000000000000e+05	5.060273117890883441e+03
1.233000000000000000e+05	5.060273117890883441e+03
1.233000000000000000e+05	-1.391237259498544745e+02
1.242000000000000000e+05	-1.391237259498544745e+02
1.242000000000000000e+05	9.731521639316924848e+02
1.251000000000000000e+05	9.731521639316924848e+02
1.251000000000000000e+05	9.857339884054963477e+02
1.260000000000000000e+05	9.857339884054963477e+02
1.260000000000000000e+05	1.476888605967260446e+03
1.269000000000000000e+05	1.476888605967260446e+03
1.269000000000000000e+05	7.428011227785572373e+03
1.278000000000000000e+05	7.428011227785572373e+03
1.278000000000000000e+05	2.784477526278002188e+03
1.287000000000000000e+05	2.784477526278002188e+03
1.287000000000000000e+05	4.157957994668162428e+03
1.296000000000000000e+05	4.157957994668162428e+03
1.296000000000000000e+05	2.908448895944897231e+03
1.305000000000000000e+05	2.908448895944897231e+03
1.305000000000000000e+05	2.775752425408916679e+03
1.314000000000000000e+05	2.775752425408916679e+03
1.314000000000000000e+05	3.406936665295390412e+03
1.323000000000000000e+05	3.406936665295390412e+03
1.323000000000000000e+05	2.510424002169515006e+03
1.332000000000000000e+05	2.510424002169515006e+03
1.332000000000000000e+05	1.325242937855207856e+03
1.341000000000000000e+05	1.325242937855207856e+03
1.341000000000000000e+05	4.448023341147344581e+03
1.350000000000000000e+05	4.448023341147344581e+03
1.350000000000000000e+05	1.765151439987355843e+03
1.359000000000000000e+05	1.765151439987355843e+03
1.359000000000000000e+05	2.235872464863932692e+03
1.368000000000000000e+05	2.235872464863932692e+03
1.368000000000000000e+05	6.918535983685460451e+02
1.377000000000000000e+05	6.918535983685460451e+02
1.377000000000000000e+05	5.700481533356040927e+03
1.386000000000000000e+05	5.700481533356040927e+03
1.386000000000000000e+05	1.874696091946505476e+03
1.395000000000000000e+05	1.874696091946505476e+03
1.395000000000000000e+05	1.317067358974716626e+03
1.404000000000000000e+05	1.317067358974716626e+03
1.404000000000000000e+05	1.285717764497703683e+03
1.413000000000000000e+05	1.285717764497703683e+03
1.413000000000000000e+05	3.859521747385119397e+03
1.422000000000000000e+05	3.859521747385119397e+03
1.422000000000000000e+05	1.232035964344802778e+03
1.431000000000000000e+05	1.232035964344802778e+03
1.431000000000000000e+05	1.612078152568836231e+03
1.440000000000000000e+05	1.612078152568836231e+03
1.440000000000000000e+05	1.642368490534914599e+03
1.449000000000000000e+05	1.642368490534914599e+03
1.449000000000000000e+05	8.544107459721261648e+02
1.458000000000000000e+05	8.544107459721261648e+02
1.458000000000000000e+05	1.167146088898065500e+03
1.467000000000000000e+05	1.167146088898065500e+03
1.467000000000000000e+05	1.363566438785812352e+03
1.476000000000000000e+05	1.363566438785812352e+03
1.476000000000000000e+05	1.151384747701604283e+03
1.485000000000000000e+05	1.151384747701604283e+03
1.485000000000000000e+05	1.491627518109242146e+03
1.494000000000000000e+05	1.491627518109242146e+03
1.494000000000000000e+05	2.057243042066285852e+03
1.503000000000000000e+05	2.057243042066285852e+03
1.503000000000000000e+05	2.262935798806836829e+03
1.512000000000000000e+05	2.262935798806836829e+03
1.512000000000000000e+05	1.466358422286813948e+03
1.521000000000000000e+05	1.466358422286813948e+03
1.521000000000000000e+05	2.840490533848873838e+03
1.530000000000000000e+05	2.840490533848873838e+03
1.530000000000000000e+05	1.920159537492319942e+03
1.539000000000000000e+05	1.920159537492319942e+03
1.539000000000000000e+05	1.943592253978422377e+03
1.548000000000000000e+05	1.943592253978422377e+03
1.548000000000000000e+05	1.847406051677919095e+03
1.557000000000000000e+05	1.847406051677919095e+03
1.557000000000000000e+05	1.160615364139273993e+02
1.566000000000000000e+05	1.160615364139273993e+02
1.566000000000000000e+05	1.852940684951259755e+03
1.575000000000000000e+05	1.852940684951259755e+03
1.575000000000000000e+05	1.878688984079577494e+03
1.584000000000000000e+05	1.878688984079577494e+03
1.584000000000000000e+05	7.200463358705574137e+02
1.593000000000000000e+05	7.200463358705574137e+02
1.593000000000000000e+05	4.016942005683018124e+03
1.602000000000000000e+05	4.016942005683018124e+03
1.602000000000000000e+05	1.559177881728857756e+03
1.611000000000000000e+05	1.559177881728857756e+03
1.611000000000000000e+05	9.152677812316105701e+02
1.620000000000000000e+05	9.152677812316105701e+02
1.620000000000000000e+05	8.693846711241858429e+02
1.629000000000000000e+05	8.693846711241858429e+02
1.629000000000000000e+05	2.267278968178341074e+03
1.638000000000000000e+05	2.267278968178341074e+03
1.638000000000000000e+05	9.642631562608876266e+02
1.647000000000000000e+05	9.642631562608876266e+02
1.647000000000000000e+05	6.192475408818572760e+02
1.656000000000000000e+05	6.192475408818572760e+02
1.656000000000000000e+05	3.082701835514935738e+02
1.665000000000000000e+05	3.082701835514935738e+02
1.665000000000000000e+05	-1.793335263429110682e+03
1.674000000000000000e+05	-1.793335263429110682e+03
1.674000000000000000e+05	-5.162018691592384130e+02
1.683000000000000000e+05	-5.162018691592384130e+02
1.683000000000000000e+05	-2.361640027085086331e+02
1.692000000000000000e+05	-2.361640027085086331e+02
1.692000000000000000e+05	3.663060196092646947e+01
1.701000000000000000e+05	3.663060196092646947e+01
1.701000000000000000e+05	-1.554992847433097040e+03
1.710000000000000000e+05	-1.554992847433097040e+03
1.710000000000000000e+05	-4.983900313337217085e+02
1.719000000000000000e+05	-4.983900313337217085e+02
1.719000000000000000e+05	-2.558194775919546373e+02
1.728000000000000000e+05	-2.558194775919546373e+02
1.728000000000000000e+05	3.004691279927737924e+01
1.737000000000000000e+05	3.004691279927737924e+01
1.737000000000000000e+05	-1.524199552124176080e+03
1.746000000000000000e+05	-1.524199552124176080e+03
1.746000000000000000e+05	-4.914421299737296067e+02
1.755000000000000000e+05	-4.914421299737296067e+02
1.755000000000000000e+05	-2.536006035554455593e+02
1.764000000000000000e+05	-2.536006035554455593e+02
1.764000000000000000e+05	3.158932674034713273e+01
1.773000000000000000e+05	3.158932674034713273e+01
1.773000000000000000e+05	-1.507658914057289167e+03
1.782000000000000000e+05	-1.507658914057289167e+03
1.782000000000000000e+05	-4.857042924336856231e+02
1.791000000000000000e+05	-4.857042924336856231e+02
1.791000000000000000e+05	-2.504641341659589671e+02
1.800000000000000000e+05	-2.504641341659589671e+02
1.800000000000000000e+05	3.300649156313829735e+01
1.809000000000000000e+05	3.300649156313829735e+01
1.809000000000000000e+05	-1.440187509864884987e+03
1.818000000000000000e+05	-1.440187509864884987e+03
1.818000000000000000e+05	2.838004248461220413e+02
1.827000000000000000e+05	2.838004248461220413e+02
1.827000000000000000e+05	8.296999342506751418e+00
1.836000000000000000e+05	8.296999342506751418e+00
1.836000000000000000e+05	4.727117515183936121e+02
1.845000000000000000e+05	4.727117515183936121e+02
1.845000000000000000e+05	-5.772595118368947169e+02
1.854000000000000000e+05	-5.772595118368947169e+02
1.854000000000000000e+05	5.711715919538983144e+02
1.863000000000000000e+05	5.711715919538983144e+02
1.863000000000000000e+05	4.995203453745925799e+02
1.872000000000000000e+05	4.995203453745925799e+02
1.872000000000000000e+05	4.343133988359859359e+02
1.881000000000000000e+05	4.343133988359859359e+02
1.881000000000000000e+05	1.354192474577439043e+03
1.890000000000000000e+05	1.354192474577439043e+03
1.890000000000000000e+05	8.452322607159148902e+02
1.899000000000000000e+05	8.452322607159148902e+02
1.899000000000000000e+05	9.443783654137514532e+02
1.908000000000000000e+05	9.443783654137514532e+02
1.908000000000000000e+05	8.727451082052712081e+02
1.917000000000000000e+05	8.727451082052712081e+02
1.917000000000000000e+05	9.769515281686525441e+02
1.926000000000000000e+05	9.769515281686525441e+02
1.926000000000000000e+05	9.367401182180037722e+01
1.935000000000000000e+05	9.367401182180037722e+01
1.935000000000000000e+05	-8.682571612088941038e+01
1.944000000000000000e+05	-8.682571612088941038e+01
1.944000000000000000e+05	1.907779222292456325e+02
1.953000000000000000e+05	1.907779222292456325e+02
1.953000000000000000e+05	5.022573578346651857e+02
1.962000000000000000e+05	5.022573578346651857e+02
1.962000000000000000e+05	1.335018167878151871e+02
1.971000000000000000e+05	1.335018167878151871e+02
1.971000000000000000e+05	1.245817119633429684e+02
1.980000000000000000e+05	1.245817119633429684e+02
1.980000000000000000e+05	1.757771257364192934e+02
1.989000000000000000e+05	1.757771257364192934e+02
1.989000000000000000e+05	2.781635297235599410e+03
1.998000000000000000e+05	2.781635297235599410e+03
1.998000000000000000e+05	5.069095207326987293e+03
2.007000000000000000e+05	5.069095207326987293e+03
2.007000000000000000e+05	6.011904275142529514e+03
2.016000000000000000e+05	6.011904275142529514e+03
2.016000000000000000e+05	4.714133448826345557e+03
2.025000000000000000e+05	4.714133448826345557e+03
2.025000000000000000e+05	9.369074224244239304e+03
2.034000000000000000e+05	9.369074224244239304e+03
2.034000000000000000e+05	8.155180562090594321e+03
2.043000000000000000e+05	8.155180562090594321e+03
2.043000000000000000e+05	6.746271768852486275e+03
2.052000000000000000e+05	6.746271768852486275e+03
2.052000000000000000e+05	6.469122600642938778e+03
2.061000000000000000e+05	6.469122600642938778e+03
2.061000000000000000e+05	3.453704112846500266e+03
2.070000000000000000e+05	3.453704112846500266e+03
2.070000000000000000e+05	5.143231486055767164e+03
2.079000000000000000e+05	5.143231486055767164e+03
2.079000000000000000e+05	4.959761922419769689e+03
2.088000000000000000e+05	4.959761922419769689e+03
2.088000000000000000e+05	4.090890258082012224e+03
2.097000000000000000e+05	4.090890258082012224e+03
2.097000000000000000e+05	3.333057396920858082e+03
2.106000000000000000e+05	3.333057396920858082e+03
2.106000000000000000e+05	4.611169545731681865e+03
2.115000000000000000e+05	4.611169545731681865e+03
2.115000000000000000e+05	3.269515015207405668e+03
2.124000000000000000e+05	3.269515015207405668e+03
2.124000000000000000e+05	2.947169776702801755e+03
2.133000000000000000e+05	2.947169776702801755e+03
2.133000000000000000e+05	4.150636605646115640e+03
2.142000000000000000e+05	4.150636605646115640e+03
2.142000000000000000e+05	2.483844492400821764e+03
2.151000000000000000e+05	2.483844492400821764e+03
2.151000000000000000e+05	2.813302845150232315e+03
2.160000000000000000e+05	2.813302845150232315e+03
2.160000000000000000e+05	1.593626837918529418e+03
2.169000000000000000e+05	1.593626837918529418e+03
2.169000000000000000e+05	4.539355530287814872e+03
2.178000000000000000e+05	4.539355530287814872e+03
2.178000000000000000e+05	2.204421645699127112e+03
2.187000000000000000e+05	2.204421645699127112e+03
2.187000000000000000e+05	2.961570918826211710e+03
2.196000000000000000e+05	2.961570918826211710e+03
2.196000000000000000e+05	8.952343376297449140e+02
2.205000000000000000e+05	8.952343376297449140e+02
2.205000000000000000e+05	6.374329386880284801e+03
2.214000000000000000e+05	6.374329386880284801e+03
2.214000000000000000e+05	2.193083461891568732e+03
2.223000000000000000e+05	2.193083461891568732e+03
2.223000000000000000e+05	2.411494201625115238e+03
2.232000000000000000e+05	2.411494201625115238e+03
2.232000000000000000e+05	2.026555460366684201e+03
2.241000000000000000e+05	2.026555460366684201e+03
2.241000000000000000e+05	2.177366920622800990e+03
2.250000000000000000e+05	2.177366920622800990e+03
2.250000000000000000e+05	2.089673196836607531e+03
2.259000000000000000e+05	2.089673196836607531e+03
2.259000000000000000e+05	2.090685937626869418e+03
2.268000000000000000e+05	2.090685937626869418e+03
2.268000000000000000e+05	2.375153938500341610e+03
2.277000000000000000e+05	2.375153938500341610e+03
2.277000000000000000e+05	1.516384318033280579e+03
2.286000000000000000e+05	1.516384318033280579e+03
2.286000000000000000e+05	1.404220512525003869e+03
2.295000000000000000e+05	1.404220512525003869e+03
2.295000000000000000e+05	1.459062338078569155e+03
2.304000000000000000e+05	1.459062338078569155e+03
2.304000000000000000e+05	1.447763714452355998e+03
2.313000000000000000e+05	1.447763714452355998e+03
2.313000000000000000e+05	1.737627964821000660e+03
2.322000000000000000e+05	1.737627964821000660e+03
2.322000000000000000e+05	8.796606051759445108e+02
2.331000000000000000e+05	8.796606051759445108e+02
2.331000000000000000e+05	1.039732853184104897e+03
2.340000000000000000e+05	1.039732853184104897e+03
2.340000000000000000e+05	8.293783915965068445e+02
2.349000000000000000e+05	8.293783915965068445e+02
2.349000000000000000e+05	2.830483312637109520e+03
2.358000000000000000e+05	2.830483312637109520e+03
2.358000000000000000e+05	2.033444972537108697e+03
2.367000000000000000e+05	2.033444972537108697e+03
2.367000000000000000e+05	2.457589689306099899e+03
2.376000000000000000e+05	2.457589689306099899e+03
2.376000000000000000e+05	1.808574738947558217e+03
2.385000000000000000e+05	1.808574738947558217e+03
2.385000000000000000e+05	2.595056637874825810e+03
2.394000000000000000e+05	2.595056637874825810e+03
2.394000000000000000e+05	1.304843618341430556e+03
2.403000000000000000e+05	1.304843618341430556e+03
2.403000000000000000e+05	2.737514621832000557e+03
2.412000000000000000e+05	2.737514621832000557e+03
2.412000000000000000e+05	7.437772641669716904e+02
2.421000000000000000e+05	7.437772641669716904e+02
2.421000000000000000e+05	6.318646282114764290e+03
2.430000000000000000e+05	6.318646282114764290e+03
2.430000000000000000e+05	2.288329223479726352e+03
2.439000000000000000e+05	2.288329223479726352e+03
2.439000000000000000e+05	2.763952493416727521e+03
2.448000000000000000e+05	2.763952493416727521e+03
2.448000000000000000e+05	2.459066636412851949e+03
2.457000000000000000e+05	2.459066636412851949e+03
2.457000000000000000e+05	2.711713105977223677e+03
2.466000000000000000e+05	2.711713105977223677e+03
2.466000000000000000e+05	1.374191683652054053e+03
2.475000000000000000e+05	1.374191683652054053e+03
2.475000000000000000e+05	9.589238946873811074e+02
2.484000000000000000e+05	9.589238946873811074e+02
2.484000000000000000e+05	7.075834531021282601e+02
2.493000000000000000e+05	7.075834531021282601e+02
2.493000000000000000e+05	2.206307888931769412e+03
2.502000000000000000e+05	2.206307888931769412e+03
2.502000000000000000e+05	9.079543217824539170e+02
2.511000000000000000e+05	9.079543217824539170e+02
2.511000000000000000e+05	5.728910691483761184e+02
2.520000000000000000e+05	5.728910691483761184e+02
2.520000000000000000e+05	2.609856188582880350e+02
2.529000000000000000e+05	2.609856188582880350e+02
2.529000000000000000e+05	-1.811030900273360885e+03
2.538000000000000000e+05	-1.811030900273360885e+03
2.538000000000000000e+05	-5.319684566545183770e+02
2.547000000000000000e+05	-5.319684566545183770e+02
2.547000000000000000e+05	-2.487133612937177531e+02
2.556000000000000000e+05	-2.487133612937177531e+02
2.556000000000000000e+05	3.411624223802118649e+01
2.565000000000000000e+05	3.411624223802118649e+01
2.565000000000000000e+05	-1.588521477368164597e+03
2.574000000000000000e+05	-1.588521477368164597e+03
2.574000000000000000e+05	-5.089496657222043723e+02
2.583000000000000000e+05	-5.089496657222043723e+02
2.583000000000000000e+05	-2.606141680308501236e+02
2.592000000000000000e+05	-2.606141680308501236e+02
2.592000000000000000e+05	2.979726251776173740e+01
2.601000000000000000e+05	2.979726251776173740e+01
2.601000000000000000e+05	-1.545714443882814066e+03
2.610000000000000000e+05	-1.545714443882814066e+03
2.610000000000000000e+05	-4.974301159662427381e+02
2.619000000000000000e+05	-4.974301159662427381e+02
2.619000000000000000e+05	-2.558567412677803077e+02
2.628000000000000000e+05	-2.558567412677803077e+02
2.628000000000000000e+05	3.166647580790868233e+01
2.637000000000000000e+05	3.166647580790868233e+01
2.637000000000000000e+05	-1.518133140324780697e+03
2.646000000000000000e+05	-1.518133140324780697e+03
2.646000000000000000e+05	-4.880348114101798274e+02
2.655000000000000000e+05	-4.880348114101798274e+02
2.655000000000000000e+05	-2.506807156313443556e+02
2.664000000000000000e+05	-2.506807156313443556e+02
2.664000000000000000e+05	3.369059403394930996e+01
2.673000000000000000e+05	3.369059403394930996e+01
2.673000000000000000e+05	-1.496597525760565532e+03
2.682000000000000000e+05	-1.496597525760565532e+03
2.682000000000000000e+05	-4.805304521258221939e+02
2.691000000000000000e+05	-4.805304521258221939e+02
2.691000000000000000e+05	-2.465858753243810497e+02
2.700000000000000000e+05	-2.465858753243810497e+02
2.700000000000000000e+05	3.514365776987142453e+01
2.709000000000000000e+05	3.514365776987142453e+01
2.709000000000000000e+05	-1.479892560972052252e+03
2.718000000000000000e+05	-1.479892560972052252e+03
2.718000000000000000e+05	-4.749158993327873759e+02
2.727000000000000000e+05	-4.749158993327873759e+02
2.727000000000000000e+05	-2.436550273189204745e+02
2.736000000000000000e+05	-2.436550273189204745e+02
2.736000000000000000e+05	3.618360300008043851e+01
2.745000000000000000e+05	3.618360300008043851e+01
2.745000000000000000e+05	-1.424355889867631731e+03
2.754000000000000000e+05	-1.424355889867631731e+03
2.754000000000000000e+05	3.406424132595420815e+02
2.763000000000000000e+05	3.406424132595420815e+02
2.763000000000000000e+05	2.362264605321979616e+03
2.772000000000000000e+05	2.362264605321979616e+03
2.772000000000000000e+05	1.320972173297122936e+02
2.781000000000000000e+05	1.320972173297122936e+02
2.781000000000000000e+05	4.310387238582198734e+03
2.790000000000000000e+05	4.310387238582198734e+03
2.790000000000000000e+05	1.215741284076706506e+03
2.799000000000000000e+05	1.215741284076706506e+03
2.799000000000000000e+05	0.000000000000000000e+00
2.808000000000000000e+05	0.000000000000000000e+00
2.808000000000000000e+05	4.238611064742499366e+02
2.817000000000000000e+05	4.238611064742499366e+02
2.817000000000000000e+05	7.760424043392376916e+02
2.826000000000000000e+05	7.760424043392376916e+02
2.826000000000000000e+05	-2.110120007344172336e+03
2.835000000000000000e+05	-2.110120007344172336e+03
2.835000000000000000e+05	6.154626044360338710e+02
2.844000000000000000e+05	6.154626044360338710e+02
2.844000000000000000e+05	8.472254241599694069e+02
2.853000000000000000e+05	8.472254241599694069e+02
2.853000000000000000e+05	4.222393254627158967e+03
2.862000000000000000e+05	4.222393254627158967e+03
2.862000000000000000e+05	5.670094279716140591e+03
2.871000000000000000e+05	5.670094279716140591e+03
2.871000000000000000e+05	6.390397489722585306e+03
2.880000000000000000e+05	6.390397489722585306e+03
2.880000000000000000e+05	5.307382470831220417e+03
2.889000000000000000e+05	5.307382470831220417e+03
2.889000000000000000e+05	8.742453048588231468e+03
2.898000000000000000e+05	8.742453048588231468e+03
2.898000000000000000e+05	8.057759782960347366e+03
2.907000000000000000e+05	8.057759782960347366e+03
2.907000000000000000e+05	8.075907794479862787e+03
2.916000000000000000e+05	8.075907794479862787e+03
2.916000000000000000e+05	6.988791333682976983e+03
2.925000000000000000e+05	6.988791333682976983e+03
2.925000000000000000e+05	5.719454234823921070e+03
2.934000000000000000e+05	5.719454234823921070e+03
2.934000000000000000e+05	5.661016211397363804e+03
2.943000000000000000e+05	5.661016211397363804e+03
2.943000000000000000e+05	5.747780025975196622e+03
2.952000000000000000e+05	5.747780025975196622e+03
2.952000000000000000e+05	5.137791918157588952e+03
2.961000000000000000e+05	5.137791918157588952e+03
2.961000000000000000e+05	4.404969591367772409e+03
2.970000000000000000e+05	4.404969591367772409e+03
2.970000000000000000e+05	3.993975637704483233e+03
2.979000000000000000e+05	3.993975637704483233e+03
2.979000000000000000e+05	4.026133710649330169e+03
2.988000000000000000e+05	4.026133710649330169e+03
2.988000000000000000e+05	3.598002414120963294e+03
2.997000000000000000e+05	3.598002414120963294e+03
2.997000000000000000e+05	3.519215155880631301e+03
3.006000000000000000e+05	3.519215155880631301e+03
3.006000000000000000e+05	2.909944940171495546e+03
3.015000000000000000e+05	2.909944940171495546e+03
3.015000000000000000e+05	3.069845537372049876e+03
3.024000000000000000e+05	3.069845537372049876e+03
3.024000000000000000e+05	1.771731395671522478e+03
3.033000000000000000e+05	1.771731395671522478e+03
3.033000000000000000e+05	4.709173422971446598e+03
3.042000000000000000e+05	4.709173422971446598e+03
3.042000000000000000e+05	2.452898117703560274e+03
3.051000000000000000e+05	2.452898117703560274e+03
3.051000000000000000e+05	2.699453550406324212e+03
3.060000000000000000e+05	2.699453550406324212e+03
3.060000000000000000e+05	2.213075057999074488e+03
3.069000000000000000e+05	2.213075057999074488e+03
3.069000000000000000e+05	2.820212175150348230e+03
3.078000000000000000e+05	2.820212175150348230e+03
3.078000000000000000e+05	1.965438940112362616e+03
3.087000000000000000e+05	1.965438940112362616e+03
3.087000000000000000e+05	2.067491477980860509e+03
3.096000000000000000e+05	2.067491477980860509e+03
3.096000000000000000e+05	1.478802203970870323e+03
3.105000000000000000e+05	1.478802203970870323e+03
3.105000000000000000e+05	1.575981655390030710e+03
3.114000000000000000e+05	1.575981655390030710e+03
3.114000000000000000e+05	1.567802505762258079e+03
3.123000000000000000e+05	1.567802505762258079e+03
3.123000000000000000e+05	1.652837440265575424e+03
3.132000000000000000e+05	1.652837440265575424e+03
3.132000000000000000e+05	7.170385163339278733e+02
3.141000000000000000e+05	7.170385163339278733e+02
3.141000000000000000e+05	2.206538112314175578e+03
3.150000000000000000e+05	2.206538112314175578e+03
3.150000000000000000e+05	9.046934683004510589e+02
3.159000000000000000e+05	9.046934683004510589e+02
3.159000000000000000e+05	2.400777933491684962e+03
3.168000000000000000e+05	2.400777933491684962e+03
3.168000000000000000e+05	7.447831734093770137e+02
3.177000000000000000e+05	7.447831734093770137e+02
3.177000000000000000e+05	2.216576953252820203e+03
3.186000000000000000e+05	2.216576953252820203e+03
3.186000000000000000e+05	1.860622508587199263e+03
3.195000000000000000e+05	1.860622508587199263e+03
3.195000000000000000e+05	1.154051845651294570e+03
3.204000000000000000e+05	1.154051845651294570e+03
3.204000000000000000e+05	1.810302753487629161e+03
3.213000000000000000e+05	1.810302753487629161e+03
3.213000000000000000e+05	-5.872464215336702864e+01
3.222000000000000000e+05	-5.872464215336702864e+01
3.222000000000000000e+05	2.318167441870609764e+03
3.231000000000000000e+05	2.318167441870609764e+03
3.231000000000000000e+05	2.719401071579952259e+03
3.240000000000000000e+05	2.719401071579952259e+03
3.240000000000000000e+05	1.008870393298417184e+03
3.249000000000000000e+05	1.008870393298417184e+03
3.249000000000000000e+05	3.778101866885202071e+03
3.258000000000000000e+05	3.778101866885202071e+03
3.258000000000000000e+05	4.412476701979117934e+03
3.267000000000000000e+05	4.412476701979117934e+03
3.267000000000000000e+05	1.895814476517669391e+03
3.276000000000000000e+05	1.895814476517669391e+03
3.276000000000000000e+05	1.613997173469830159e+03
3.285000000000000000e+05	1.613997173469830159e+03
3.285000000000000000e+05	2.554397895782859450e+03
3.294000000000000000e+05	2.554397895782859450e+03
3.294000000000000000e+05	3.179601718153106049e+03
3.303000000000000000e+05	3.179601718153106049e+03
3.303000000000000000e+05	2.708847007852804381e+03
3.312000000000000000e+05	2.708847007852804381e+03
3.312000000000000000e+05	1.131628328497507027e+03
3.321000000000000000e+05	1.131628328497507027e+03
3.321000000000000000e+05	4.177713261055924704e+03
3.330000000000000000e+05	4.177713261055924704e+03
3.330000000000000000e+05	1.662183393452432938e+03
3.339000000000000000e+05	1.662183393452432938e+03
3.339000000000000000e+05	1.023567840566451196e+03
3.348000000000000000e+05	1.023567840566451196e+03
3.348000000000000000e+05	4.808622510158857040e+02
3.357000000000000000e+05	4.808622510158857040e+02
3.357000000000000000e+05	2.118086245754685024e+03
3.366000000000000000e+05	2.118086245754685024e+03
3.366000000000000000e+05	8.266494525024900213e+02
3.375000000000000000e+05	8.266494525024900213e+02
3.375000000000000000e+05	1.788335468032164499e+02
3.384000000000000000e+05	1.788335468032164499e+02
3.384000000000000000e+05	1.889066112222180891e+02
3.393000000000000000e+05	1.889066112222180891e+02
3.393000000000000000e+05	-1.839518699543701587e+03
3.402000000000000000e+05	-1.839518699543701587e+03
3.402000000000000000e+05	-5.584591829429264180e+02
3.411000000000000000e+05	-5.584591829429264180e+02
3.411000000000000000e+05	-2.709980646054609679e+02
3.420000000000000000e+05	-2.709980646054609679e+02
3.420000000000000000e+05	2.789822146454025642e+01
3.429000000000000000e+05	2.789822146454025642e+01
3.429000000000000000e+05	-1.655172860762406117e+03
3.438000000000000000e+05	-1.655172860762406117e+03
3.438000000000000000e+05	-5.334156259671435691e+02
3.447000000000000000e+05	-5.334156259671435691e+02
3.447000000000000000e+05	-2.751866540533374064e+02
3.456000000000000000e+05	-2.751866540533374064e+02
3.456000000000000000e+05	2.546091676206287957e+01
3.465000000000000000e+05	2.546091676206287957e+01
3.465000000000000000e+05	-1.609122994872012214e+03
3.474000000000000000e+05	-1.609122994872012214e+03
3.474000000000000000e+05	-5.202893605011049658e+02
3.483000000000000000e+05	-5.202893605011049658e+02
3.483000000000000000e+05	-2.693017935471143574e+02
3.492000000000000000e+05	-2.693017935471143574e+02
3.492000000000000000e+05	2.748102698061120464e+01
3.501000000000000000e+05	2.748102698061120464e+01
3.501000000000000000e+05	-1.578080453701490114e+03
3.510000000000000000e+05	-1.578080453701490114e+03
3.510000000000000000e+05	-5.095552049375837669e+02
3.519000000000000000e+05	-5.095552049375837669e+02
3.519000000000000000e+05	-2.631998691096086986e+02
3.528000000000000000e+05	-2.631998691096086986e+02
3.528000000000000000e+05	2.981475485619284882e+01
3.537000000000000000e+05	2.981475485619284882e+01
3.537000000000000000e+05	-1.552770195768779558e+03
3.546000000000000000e+05	-1.552770195768779558e+03
3.546000000000000000e+05	2.258842568363877945e+03
3.555000000000000000e+05	2.258842568363877945e+03
3.555000000000000000e+05	6.615380744743160903e+02
3.564000000000000000e+05	6.615380744743160903e+02
3.564000000000000000e+05	5.959527032444893848e+02
3.573000000000000000e+05	5.959527032444893848e+02
3.573000000000000000e+05	-1.314286231099154747e+03
3.582000000000000000e+05	-1.314286231099154747e+03
3.582000000000000000e+05	-2.971667560724890791e+02
3.591000000000000000e+05	-2.971667560724890791e+02
3.591000000000000000e+05	-9.257531490805558860e+01
3.600000000000000000e+05	-9.257531490805558860e+01
3.600000000000000000e+05	7.637827397683122399e+01
3.609000000000000000e+05	7.637827397683122399e+01
3.609000000000000000e+05	-1.080883448180051573e+03
3.618000000000000000e+05	-1.080883448180051573e+03
3.618000000000000000e+05	3.338765647880092729e+03
3.627000000000000000e+05	3.338765647880092729e+03
3.627000000000000000e+05	0.000000000000000000e+00
3.636000000000000000e+05	0.000000000000000000e+00
3.636000000000000000e+05	4.692713343879704553e+02
3.645000000000000000e+05	4.692713343879704553e+02
3.645000000000000000e+05	5.177979584477522621e+03
3.654000000000000000e+05	5.177979584477522621e+03
3.654000000000000000e+05	1.607203353731369134e+03
3.663000000000000000e+05	1.607203353731369134e+03
3.663000000000000000e+05	4.391717168552568182e+02
3.672000000000000000e+05	4.391717168552568182e+02
3.672000000000000000e+05	4.273336639249318978e+02
3.681000000000000000e+05	4.273336639249318978e+02
3.681000000000000000e+05	2.264553651293545954e+03
3.690000000000000000e+05	2.264553651293545954e+03
3.690000000000000000e+05	6.344761209161952138e+02
3.699000000000000000e+05	6.344761209161952138e+02
3.699000000000000000e+05	-1.894728602628398221e+03
3.708000000000000000e+05	-1.894728602628398221e+03
3.708000000000000000e+05	5.020958786136943672e+02
3.717000000000000000e+05	5.020958786136943672e+02
3.717000000000000000e+05	3.317109877309263538e+03
3.726000000000000000e+05	3.317109877309263538e+03
3.726000000000000000e+05	5.325257994296844117e+03
3.735000000000000000e+05	5.325257994296844117e+03
3.735000000000000000e+05	6.184735525437572505e+03
3.744000000000000000e+05	6.184735525437572505e+03
3.744000000000000000e+05	5.066895470255167311e+03
3.753000000000000000e+05	5.066895470255167311e+03
3.753000000000000000e+05	8.432549140080212965e+03
3.762000000000000000e+05	8.432549140080212965e+03
3.762000000000000000e+05	7.898655411200190429e+03
3.771000000000000000e+05	7.898655411200190429e+03
3.771000000000000000e+05	7.965042563583818264e+03
3.780000000000000000e+05	7.965042563583818264e+03
3.780000000000000000e+05	6.566874820008517418e+03
3.789000000000000000e+05	6.566874820008517418e+03
3.789000000000000000e+05	4.190468239789103791e+03
3.798000000000000000e+05	4.190468239789103791e+03
3.798000000000000000e+05	6.480558561002020724e+03
3.807000000000000000e+05	6.480558561002020724e+03
3.807000000000000000e+05	5.356824888431234285e+03
3.816000000000000000e+05	5.356824888431234285e+03
3.816000000000000000e+05	4.824245827029673819e+03
3.825000000000000000e+05	4.824245827029673819e+03
3.825000000000000000e+05	3.876634093604903228e+03
3.834000000000000000e+05	3.876634093604903228e+03
3.834000000000000000e+05	3.873051278002269100e+03
3.843000000000000000e+05	3.873051278002269100e+03
3.843000000000000000e+05	3.845374133062781766e+03
3.852000000000000000e+05	3.845374133062781766e+03
3.852000000000000000e+05	3.379217689138287824e+03
3.861000000000000000e+05	3.379217689138287824e+03
3.861000000000000000e+05	2.022611562372716662e+03
3.870000000000000000e+05	2.022611562372716662e+03
3.870000000000000000e+05	2.474152037269726861e+03
3.879000000000000000e+05	2.474152037269726861e+03
3.879000000000000000e+05	3.408753686669340823e+03
3.888000000000000000e+05	3.408753686669340823e+03
3.888000000000000000e+05	1.954880301503162627e+03
3.897000000000000000e+05	1.954880301503162627e+03
3.897000000000000000e+05	4.427438672652637251e+03
3.906000000000000000e+05	4.427438672652637251e+03
3.906000000000000000e+05	2.408338199067162350e+03
3.915000000000000000e+05	2.408338199067162350e+03
3.915000000000000000e+05	2.820690774939081166e+03
3.924000000000000000e+05	2.820690774939081166e+03
3.924000000000000000e+05	3.072714296900314366e+03
3.933000000000000000e+05	3.072714296900314366e+03
3.933000000000000000e+05	1.367515638480840835e+03
3.942000000000000000e+05	1.367515638480840835e+03
3.942000000000000000e+05	2.877120238166477066e+03
3.951000000000000000e+05	2.877120238166477066e+03
3.951000000000000000e+05	1.461940523434663191e+03
3.960000000000000000e+05	1.461940523434663191e+03
3.960000000000000000e+05	1.721753690944071423e+03
3.969000000000000000e+05	1.721753690944071423e+03
3.969000000000000000e+05	2.099650621947107084e+03
3.978000000000000000e+05	2.099650621947107084e+03
3.978000000000000000e+05	1.844932983513688669e+03
3.987000000000000000e+05	1.844932983513688669e+03
3.987000000000000000e+05	1.911649618168245070e+03
3.996000000000000000e+05	1.911649618168245070e+03
3.996000000000000000e+05	1.563927299582941487e+03
4.005000000000000000e+05	1.563927299582941487e+03
4.005000000000000000e+05	1.335987512519583106e+03
4.014000000000000000e+05	1.335987512519583106e+03
4.014000000000000000e+05	1.435755526336142793e+03
4.023000000000000000e+05	1.435755526336142793e+03
4.023000000000000000e+05	1.596652860462723766e+03
4.032000000000000000e+05	1.596652860462723766e+03
4.032000000000000000e+05	1.467644902522906705e+03
4.041000000000000000e+05	1.467644902522906705e+03
4.041000000000000000e+05	4.982402792596932386e+02
4.050000000000000000e+05	4.982402792596932386e+02
4.050000000000000000e+05	9.581427977695129812e+02
4.059000000000000000e+05	9.581427977695129812e+02
4.059000000000000000e+05	2.456032780592096969e+03
4.068000000000000000e+05	2.456032780592096969e+03
4.068000000000000000e+05	9.725496828021714464e+02
4.077000000000000000e+05	9.725496828021714464e+02
4.077000000000000000e+05	1.711347185733099423e+03
4.086000000000000000e+05	1.711347185733099423e+03
4.086000000000000000e+05	2.207494845642941073e+03
4.095000000000000000e+05	2.207494845642941073e+03
4.095000000000000000e+05	2.105070451587846037e+03
4.104000000000000000e+05	2.105070451587846037e+03
4.104000000000000000e+05	2.517609617318074015e+03
4.113000000000000000e+05	2.517609617318074015e+03
4.113000000000000000e+05	2.595019142173806813e+03
4.122000000000000000e+05	2.595019142173806813e+03
4.122000000000000000e+05	2.091705185043276288e+03
4.131000000000000000e+05	2.091705185043276288e+03
4.131000000000000000e+05	2.207372332927887328e+03
4.140000000000000000e+05	2.207372332927887328e+03
4.140000000000000000e+05	1.195680893406823088e+03
4.149000000000000000e+05	1.195680893406823088e+03
4.149000000000000000e+05	5.875649743628301621e+03
4.158000000000000000e+05	5.875649743628301621e+03
4.158000000000000000e+05	2.067229742723458912e+03
4.167000000000000000e+05	2.067229742723458912e+03
4.167000000000000000e+05	2.711999041539616883e+03
4.176000000000000000e+05	2.711999041539616883e+03
4.176000000000000000e+05	9.392151885953808232e+02
4.185000000000000000e+05	9.392151885953808232e+02
4.185000000000000000e+05	5.944945481502056282e+03
4.194000000000000000e+05	5.944945481502056282e+03
4.194000000000000000e+05	2.207784354796924163e+03
4.203000000000000000e+05	2.207784354796924163e+03
4.203000000000000000e+05	1.298259201787528582e+03
4.212000000000000000e+05	1.298259201787528582e+03
4.212000000000000000e+05	5.236936703174460490e+02
4.221000000000000000e+05	5.236936703174460490e+02
4.221000000000000000e+05	2.135093054589325220e+03
4.230000000000000000e+05	2.135093054589325220e+03
4.230000000000000000e+05	8.426337146245059557e+02
4.239000000000000000e+05	8.426337146245059557e+02
4.239000000000000000e+05	2.178646282057161443e+02
4.248000000000000000e+05	2.178646282057161443e+02
4.248000000000000000e+05	2.044896936665709291e+02
4.257000000000000000e+05	2.044896936665709291e+02
4.257000000000000000e+05	-1.832760003955618231e+03
4.266000000000000000e+05	-1.832760003955618231e+03
4.266000000000000000e+05	-5.518094089186633937e+02
4.275000000000000000e+05	-5.518094089186633937e+02
4.275000000000000000e+05	-2.650429044643533416e+02
4.284000000000000000e+05	-2.650429044643533416e+02
4.284000000000000000e+05	3.006800942839345225e+01
4.293000000000000000e+05	3.006800942839345225e+01
4.293000000000000000e+05	-1.635721192320480895e+03
4.302000000000000000e+05	-1.635721192320480895e+03
4.302000000000000000e+05	-5.254716548038995825e+02
4.311000000000000000e+05	-5.254716548038995825e+02
4.311000000000000000e+05	-2.698134076514397748e+02
4.320000000000000000e+05	-2.698134076514397748e+02
4.320000000000000000e+05	2.756135990186157869e+01
4.329000000000000000e+05	2.756135990186157869e+01
4.329000000000000000e+05	-1.585751836335608459e+03
4.338000000000000000e+05	-1.585751836335608459e+03
4.338000000000000000e+05	-5.110709839421324432e+02
4.347000000000000000e+05	-5.110709839421324432e+02
4.347000000000000000e+05	9.565336966864997521e+02
4.356000000000000000e+05	9.565336966864997521e+02
4.356000000000000000e+05	7.727502057987503576e+02
4.365000000000000000e+05	7.727502057987503576e+02
4.365000000000000000e+05	2.284168045662826501e+02
4.374000000000000000e+05	2.284168045662826501e+02
4.374000000000000000e+05	1.466434047277434729e+03
4.383000000000000000e+05	1.466434047277434729e+03
4.383000000000000000e+05	6.668754370579263195e+02
4.392000000000000000e+05	6.668754370579263195e+02
4.392000000000000000e+05	1.192450762392341858e+03
4.401000000000000000e+05	1.192450762392341858e+03
4.401000000000000000e+05	5.805747856780062648e+02
4.410000000000000000e+05	5.805747856780062648e+02
4.410000000000000000e+05	4.013841403796686791e+02
4.419000000000000000e+05	4.013841403796686791e+02
4.419000000000000000e+05	3.152102285646833479e+02
4.428000000000000000e+05	3.152102285646833479e+02
4.428000000000000000e+05	4.927001610881916349e+02
4.437000000000000000e+05	4.927001610881916349e+02
4.437000000000000000e+05	1.811425117040675303e+01
4.446000000000000000e+05	1.811425117040675303e+01
4.446000000000000000e+05	1.184407695804256946e+02
4.455000000000000000e+05	1.184407695804256946e+02
4.455000000000000000e+05	1.193512083427631296e+02
4.464000000000000000e+05	1.193512083427631296e+02
4.464000000000000000e+05	2.216708476081203116e+02
4.473000000000000000e+05	2.216708476081203116e+02
4.473000000000000000e+05	2.470950832318650100e+03
4.482000000000000000e+05	2.470950832318650100e+03
4.482000000000000000e+05	3.387457707271038089e+03
4.491000000000000000e+05	3.387457707271038089e+03
4.491000000000000000e+05	1.340503140776592772e+03
4.500000000000000000e+05	1.340503140776592772e+03
4.500000000000000000e+05	1.434038724137195459e+03
4.509000000000000000e+05	1.434038724137195459e+03
4.509000000000000000e+05	2.183516725491112538e+03
4.518000000000000000e+05	2.183516725491112538e+03
4.518000000000000000e+05	1.833612607307208236e+03
4.527000000000000000e+05	1.833612607307208236e+03
4.527000000000000000e+05	4.991667164341779426e+02
4.536000000000000000e+05	4.991667164341779426e+02
4.536000000000000000e+05	3.839134833199077548e+02
4.545000000000000000e+05	3.839134833199077548e+02
4.545000000000000000e+05	2.915588458985193029e+03
4.554000000000000000e+05	2.915588458985193029e+03
4.554000000000000000e+05	-2.597816431223123800e+03
4.563000000000000000e+05	-2.597816431223123800e+03
4.563000000000000000e+05	-7.132068645290564746e+02
4.572000000000000000e+05	-7.132068645290564746e+02
4.572000000000000000e+05	7.655038788113470218e+02
4.581000000000000000e+05	7.655038788113470218e+02
4.581000000000000000e+05	4.012637008360944492e+03
4.590000000000000000e+05	4.012637008360944492e+03
4.590000000000000000e+05	5.580833924688282423e+03
4.599000000000000000e+05	5.580833924688282423e+03
4.599000000000000000e+05	6.329371470505662728e+03
4.608000000000000000e+05	6.329371470505662728e+03
4.608000000000000000e+05	5.235745486060142866e+03
4.617000000000000000e+05	5.235745486060142866e+03
4.617000000000000000e+05	8.660803574596175167e+03
4.626000000000000000e+05	8.660803574596175167e+03
4.626000000000000000e+05	8.012825952017854434e+03
4.635000000000000000e+05	8.012825952017854434e+03
4.635000000000000000e+05	8.044688310359197203e+03
4.644000000000000000e+05	8.044688310359197203e+03
4.644000000000000000e+05	7.200038771946474299e+03
4.653000000000000000e+05	7.200038771946474299e+03
4.653000000000000000e+05	6.107696643110478362e+03
4.662000000000000000e+05	6.107696643110478362e+03
4.662000000000000000e+05	5.851715176543744747e+03
4.671000000000000000e+05	5.851715176543744747e+03
4.671000000000000000e+05	5.974489853896782734e+03
4.680000000000000000e+05	5.974489853896782734e+03
4.680000000000000000e+05	5.335007282016234967e+03
4.689000000000000000e+05	5.335007282016234967e+03
4.689000000000000000e+05	3.755388934376374891e+03
4.698000000000000000e+05	3.755388934376374891e+03
4.698000000000000000e+05	5.224739264097937848e+03
4.707000000000000000e+05	5.224739264097937848e+03
4.707000000000000000e+05	4.233293521724990569e+03
4.716000000000000000e+05	4.233293521724990569e+03
4.716000000000000000e+05	4.388786287895409259e+03
4.725000000000000000e+05	4.388786287895409259e+03
4.725000000000000000e+05	2.879304928010791627e+03
4.734000000000000000e+05	2.879304928010791627e+03
4.734000000000000000e+05	3.499712476743035950e+03
4.743000000000000000e+05	3.499712476743035950e+03
4.743000000000000000e+05	3.507944483405794017e+03
4.752000000000000000e+05	3.507944483405794017e+03
4.752000000000000000e+05	3.128300105951455407e+03
4.761000000000000000e+05	3.128300105951455407e+03
4.761000000000000000e+05	2.891359724962734617e+03
4.770000000000000000e+05	2.891359724962734617e+03
4.770000000000000000e+05	1.744570595084165689e+03
4.779000000000000000e+05	1.744570595084165689e+03
4.779000000000000000e+05	1.207843526197480969e+03
4.788000000000000000e+05	1.207843526197480969e+03
4.788000000000000000e+05	2.114985636633764443e+03
4.797000000000000000e+05	2.114985636633764443e+03
4.797000000000000000e+05	5.774247191556645703e+03
4.806000000000000000e+05	5.774247191556645703e+03
4.806000000000000000e+05	2.434223377607646398e+03
4.815000000000000000e+05	2.434223377607646398e+03
4.815000000000000000e+05	3.001465110238816123e+03
4.824000000000000000e+05	3.001465110238816123e+03
4.824000000000000000e+05	3.197511925557366339e+03
4.833000000000000000e+05	3.197511925557366339e+03
4.833000000000000000e+05	7.793625516683663363e+02
4.842000000000000000e+05	7.793625516683663363e+02
4.842000000000000000e+05	2.816589785857475363e+03
4.851000000000000000e+05	2.816589785857475363e+03
4.851000000000000000e+05	2.380744214991515037e+03
4.860000000000000000e+05	2.380744214991515037e+03
4.860000000000000000e+05	1.709633520588873580e+03
4.869000000000000000e+05	1.709633520588873580e+03
4.869000000000000000e+05	2.535593574151213033e+03
4.878000000000000000e+05	2.535593574151213033e+03
4.878000000000000000e+05	2.619796383875771426e+03
4.887000000000000000e+05	2.619796383875771426e+03
4.887000000000000000e+05	1.851313400145445485e+03
4.896000000000000000e+05	1.851313400145445485e+03
4.896000000000000000e+05	6.571212156707342729e+02
4.905000000000000000e+05	6.571212156707342729e+02
4.905000000000000000e+05	6.279476198333273715e+03
4.914000000000000000e+05	6.279476198333273715e+03
4.914000000000000000e+05	1.447229757584165782e+03
4.923000000000000000e+05	1.447229757584165782e+03
4.923000000000000000e+05	1.920128467001486570e+03
4.932000000000000000e+05	1.920128467001486570e+03
4.932000000000000000e+05	2.446113676759699956e+03
4.941000000000000000e+05	2.446113676759699956e+03
4.941000000000000000e+05	6.833582365947376047e+02
4.950000000000000000e+05	6.833582365947376047e+02
4.950000000000000000e+05	1.876428040547703858e+03
4.959000000000000000e+05	1.876428040547703858e+03
4.959000000000000000e+05	1.763137291509599891e+03
4.968000000000000000e+05	1.763137291509599891e+03
4.968000000000000000e+05	1.273280283704903923e+03
4.977000000000000000e+05	1.273280283704903923e+03
4.977000000000000000e+05	1.297698489163167778e+03
4.986000000000000000e+05	1.297698489163167778e+03
4.986000000000000000e+05	1.593726354757382069e+03
4.995000000000000000e+05	1.593726354757382069e+03
4.995000000000000000e+05	1.049494287624256685e+03
5.004000000000000000e+05	1.049494287624256685e+03
5.004000000000000000e+05	4.157585153608970359e+02
5.013000000000000000e+05	4.157585153608970359e+02
5.013000000000000000e+05	6.194099732212130220e+03
5.022000000000000000e+05	6.194099732212130220e+03
5.022000000000000000e+05	2.179792230571678374e+03
5.031000000000000000e+05	2.179792230571678374e+03
5.031000000000000000e+05	3.414028248421847820e+03
5.040000000000000000e+05	3.414028248421847820e+03
5.040000000000000000e+05	2.205068296722494779e+03
5.049000000000000000e+05	2.205068296722494779e+03
5.049000000000000000e+05	2.700673896384389536e+03
5.058000000000000000e+05	2.700673896384389536e+03
5.058000000000000000e+05	1.355721672017476521e+03
5.067000000000000000e+05	1.355721672017476521e+03
5.067000000000000000e+05	9.432654414561693557e+02
5.076000000000000000e+05	9.432654414561693557e+02
5.076000000000000000e+05	6.769526579320672681e+02
5.085000000000000000e+05	6.769526579320672681e+02
5.085000000000000000e+05	2.195162645453664936e+03
5.094000000000000000e+05	2.195162645453664936e+03
5.094000000000000000e+05	8.981065378870698623e+02
5.103000000000000000e+05	8.981065378870698623e+02
5.103000000000000000e+05	5.542098280318314210e+02
5.112000000000000000e+05	5.542098280318314210e+02
5.112000000000000000e+05	2.545153360009617245e+02
5.121000000000000000e+05	2.545153360009617245e+02
5.121000000000000000e+05	-1.813385790098331199e+03
5.130000000000000000e+05	-1.813385790098331199e+03
5.130000000000000000e+05	-5.341222298479406163e+02
5.139000000000000000e+05	-5.341222298479406163e+02
5.139000000000000000e+05	-2.505291846949839965e+02
5.148000000000000000e+05	-2.505291846949839965e+02
5.148000000000000000e+05	3.372162614875833242e+01
5.157000000000000000e+05	3.372162614875833242e+01
5.157000000000000000e+05	-1.590703465734592328e+03
5.166000000000000000e+05	-1.590703465734592328e+03
5.166000000000000000e+05	-5.094927158364444040e+02
5.175000000000000000e+05	-5.094927158364444040e+02
5.175000000000000000e+05	-2.605867633234593086e+02
5.184000000000000000e+05	-2.605867633234593086e+02
5.184000000000000000e+05	3.027235529395056801e+01
5.193000000000000000e+05	3.027235529395056801e+01
5.193000000000000000e+05	-1.543944991010699141e+03
5.202000000000000000e+05	-1.543944991010699141e+03
5.202000000000000000e+05	-4.959512762084486894e+02
5.211000000000000000e+05	-4.959512762084486894e+02
5.211000000000000000e+05	-2.542480746827786788e+02
5.220000000000000000e+05	-2.542480746827786788e+02
5.220000000000000000e+05	3.271715288454925030e+01
5.229000000000000000e+05	3.271715288454925030e+01
5.229000000000000000e+05	-1.511045117854404680e+03
5.238000000000000000e+05	-1.511045117854404680e+03
5.238000000000000000e+05	-4.846297188176540658e+02
5.247000000000000000e+05	-4.846297188176540658e+02
5.247000000000000000e+05	-2.480979045624262653e+02
5.256000000000000000e+05	-2.480979045624262653e+02
5.256000000000000000e+05	3.481955690984705143e+01
5.265000000000000000e+05	3.481955690984705143e+01
5.265000000000000000e+05	2.108827942720403371e+03
5.274000000000000000e+05	2.108827942720403371e+03
5.274000000000000000e+05	6.871244920158642344e+02
5.283000000000000000e+05	6.871244920158642344e+02
5.283000000000000000e+05	9.313817643605289049e+02
5.292000000000000000e+05	9.313817643605289049e+02
5.292000000000000000e+05	7.395970020703243790e+02
5.301000000000000000e+05	7.395970020703243790e+02
5.301000000000000000e+05	2.258494546219865242e+03
5.310000000000000000e+05	2.258494546219865242e+03
5.310000000000000000e+05	9.636501998200546950e+02
5.319000000000000000e+05	9.636501998200546950e+02
5.319000000000000000e+05	1.687979194376559462e+03
5.328000000000000000e+05	1.687979194376559462e+03
5.328000000000000000e+05	1.138705667191568864e+03
5.337000000000000000e+05	1.138705667191568864e+03
5.337000000000000000e+05	2.432453100156982600e+03
5.346000000000000000e+05	2.432453100156982600e+03
5.346000000000000000e+05	2.579663459199946374e+01
5.355000000000000000e+05	2.579663459199946374e+01
5.355000000000000000e+05	3.544088009918399621e+03
5.364000000000000000e+05	3.544088009918399621e+03
5.364000000000000000e+05	2.163114540404825675e+03
5.373000000000000000e+05	2.163114540404825675e+03
5.373000000000000000e+05	6.439613514144460851e+02
5.382000000000000000e+05	6.439613514144460851e+02
5.382000000000000000e+05	1.686183542358397972e+03
5.391000000000000000e+05	1.686183542358397972e+03
5.391000000000000000e+05	1.945539132441568654e+03
5.400000000000000000e+05	1.945539132441568654e+03
5.400000000000000000e+05	8.444323075935599263e+02
5.409000000000000000e+05	8.444323075935599263e+02
5.409000000000000000e+05	2.124674563529435545e+03
5.418000000000000000e+05	2.124674563529435545e+03
5.418000000000000000e+05	0.000000000000000000e+00
5.427000000000000000e+05	0.000000000000000000e+00
5.427000000000000000e+05	-2.527129490256949794e+03
5.436000000000000000e+05	-2.527129490256949794e+03
5.436000000000000000e+05	9.509870958224310016e+02
5.445000000000000000e+05	9.509870958224310016e+02
5.445000000000000000e+05	4.304576169311925696e+03
5.454000000000000000e+05	4.304576169311925696e+03
5.454000000000000000e+05	5.716751040783128701e+03
5.463000000000000000e+05	5.716751040783128701e+03
5.463000000000000000e+05	6.420011560301587451e+03
5.472000000000000000e+05	6.420011560301587451e+03
5.472000000000000000e+05	5.349850430538041110e+03
5.481000000000000000e+05	5.349850430538041110e+03
5.481000000000000000e+05	8.759462536063218067e+03
5.490000000000000000e+05	8.759462536063218067e+03
5.490000000000000000e+05	8.069769977259973530e+03
5.499000000000000000e+05	8.069769977259973530e+03
5.499000000000000000e+05	8.085929238809389062e+03
5.508000000000000000e+05	8.085929238809389062e+03
5.508000000000000000e+05	7.256113466254857485e+03
5.517000000000000000e+05	7.256113466254857485e+03
5.517000000000000000e+05	4.366371911411745714e+03
5.526000000000000000e+05	4.366371911411745714e+03
5.526000000000000000e+05	6.278053617515717633e+03
5.535000000000000000e+05	6.278053617515717633e+03
5.535000000000000000e+05	5.727725262442661915e+03
5.544000000000000000e+05	5.727725262442661915e+03
5.544000000000000000e+05	5.194080966449328116e+03
5.553000000000000000e+05	5.194080966449328116e+03
5.553000000000000000e+05	3.701860725068956981e+03
5.562000000000000000e+05	3.701860725068956981e+03
5.562000000000000000e+05	4.911778961787698790e+03
5.571000000000000000e+05	4.911778961787698790e+03
5.571000000000000000e+05	4.123928156411624514e+03
5.580000000000000000e+05	4.123928156411624514e+03
5.580000000000000000e+05	3.610746254154340932e+03
5.589000000000000000e+05	3.610746254154340932e+03
5.589000000000000000e+05	4.357084203767978579e+03
5.598000000000000000e+05	4.357084203767978579e+03
5.598000000000000000e+05	3.203522240490769036e+03
5.607000000000000000e+05	3.203522240490769036e+03
5.607000000000000000e+05	3.439401351221953519e+03
5.616000000000000000e+05	3.439401351221953519e+03
5.616000000000000000e+05	3.037106218904706111e+03
5.625000000000000000e+05	3.037106218904706111e+03
5.625000000000000000e+05	2.103858030622248407e+03
5.634000000000000000e+05	2.103858030622248407e+03
5.634000000000000000e+05	3.244018299138464499e+03
5.643000000000000000e+05	3.244018299138464499e+03
5.643000000000000000e+05	3.141680603081476875e+03
5.652000000000000000e+05	3.141680603081476875e+03
5.652000000000000000e+05	2.833383919282290663e+03
5.661000000000000000e+05	2.833383919282290663e+03
5.661000000000000000e+05	2.850566898228948048e+03
5.670000000000000000e+05	2.850566898228948048e+03
5.670000000000000000e+05	2.782299233908299357e+03
5.679000000000000000e+05	2.782299233908299357e+03
5.679000000000000000e+05	2.316309506522200536e+03
5.688000000000000000e+05	2.316309506522200536e+03
5.688000000000000000e+05	3.050412749701215944e+03
5.697000000000000000e+05	3.050412749701215944e+03
5.697000000000000000e+05	7.256252148785710006e+02
5.706000000000000000e+05	7.256252148785710006e+02
5.706000000000000000e+05	2.556644846727605909e+03
5.715000000000000000e+05	2.556644846727605909e+03
5.715000000000000000e+05	2.360830764122656547e+03
5.724000000000000000e+05	2.360830764122656547e+03
5.724000000000000000e+05	2.907730677874995308e+03
5.733000000000000000e+05	2.907730677874995308e+03
5.733000000000000000e+05	1.398337286779883698e+03
5.742000000000000000e+05	1.398337286779883698e+03
5.742000000000000000e+05	1.578992082631099038e+03
5.751000000000000000e+05	1.578992082631099038e+03
5.751000000000000000e+05	1.830836097198480275e+03
5.760000000000000000e+05	1.830836097198480275e+03
5.760000000000000000e+05	1.744546486780698615e+03
5.769000000000000000e+05	1.744546486780698615e+03
5.769000000000000000e+05	1.347587582905357976e+03
5.778000000000000000e+05	1.347587582905357976e+03
5.778000000000000000e+05	1.615419145832245704e+03
5.787000000000000000e+05	1.615419145832245704e+03
5.787000000000000000e+05	1.598270997170184273e+03
5.796000000000000000e+05	1.598270997170184273e+03
5.796000000000000000e+05	1.596517158900274808e+03
5.805000000000000000e+05	1.596517158900274808e+03
5.805000000000000000e+05	1.174008621743814501e+03
5.814000000000000000e+05	1.174008621743814501e+03
5.814000000000000000e+05	1.769886137317575049e+03
5.823000000000000000e+05	1.769886137317575049e+03
5.823000000000000000e+05	1.300497048528282903e+03
5.832000000000000000e+05	1.300497048528282903e+03
5.832000000000000000e+05	1.079657216977318967e+03
5.841000000000000000e+05	1.079657216977318967e+03
5.841000000000000000e+05	2.060553395961640945e+03
5.850000000000000000e+05	2.060553395961640945e+03
5.850000000000000000e+05	1.251672211988596246e+03
5.859000000000000000e+05	1.251672211988596246e+03
5.859000000000000000e+05	1.427475077930255793e+03
5.868000000000000000e+05	1.427475077930255793e+03
5.868000000000000000e+05	6.248427004936720550e+02
5.877000000000000000e+05	6.248427004936720550e+02
5.877000000000000000e+05	5.147255072196229776e+03
5.886000000000000000e+05	5.147255072196229776e+03
5.886000000000000000e+05	2.170961469762783963e+03
5.895000000000000000e+05	2.170961469762783963e+03
5.895000000000000000e+05	3.216801121649798006e+03
5.904000000000000000e+05	3.216801121649798006e+03
5.904000000000000000e+05	2.324104037750814314e+03
5.913000000000000000e+05	2.324104037750814314e+03
5.913000000000000000e+05	2.651782701625069876e+03
5.922000000000000000e+05	2.651782701625069876e+03
5.922000000000000000e+05	1.326883096117933746e+03
5.931000000000000000e+05	1.326883096117933746e+03
5.931000000000000000e+05	9.228647973105544224e+02
5.940000000000000000e+05	9.228647973105544224e+02
5.940000000000000000e+05	6.760918852056374817e+02
5.949000000000000000e+05	6.760918852056374817e+02
5.949000000000000000e+05	2.196711770157973660e+03
5.958000000000000000e+05	2.196711770157973660e+03
5.958000000000000000e+05	9.007645542805548757e+02
5.967000000000000000e+05	9.007645542805548757e+02
5.967000000000000000e+05	5.580633404530817643e+02
5.976000000000000000e+05	5.580633404530817643e+02
5.976000000000000000e+05	2.613058268259537726e+02
5.985000000000000000e+05	2.613058268259537726e+02
5.985000000000000000e+05	-1.808808369357105676e+03
5.994000000000000000e+05	-1.808808369357105676e+03
5.994000000000000000e+05	-5.286918944183271378e+02
6.003000000000000000e+05	-5.286918944183271378e+02
6.003000000000000000e+05	-2.448064478831365705e+02
6.012000000000000000e+05	-2.448064478831365705e+02
6.012000000000000000e+05	3.683714597098060040e+01
6.021000000000000000e+05	3.683714597098060040e+01
6.021000000000000000e+05	-1.568447638989314100e+03
6.030000000000000000e+05	-1.568447638989314100e+03
6.030000000000000000e+05	-4.987565746108302847e+02
6.039000000000000000e+05	-4.987565746108302847e+02
6.039000000000000000e+05	-2.521740117273293436e+02
6.048000000000000000e+05	-2.521740117273293436e+02
