# #1
# double t_DHW(1344, 2)
0.000000000000000000e+00	3.231499999999999773e+02
9.000000000000000000e+02	3.231499999999999773e+02
9.000000000000000000e+02	3.231380000000000337e+02
1.800000000000000000e+03	3.231380000000000337e+02
1.800000000000000000e+03	3.231260044999999081e+02
2.700000000000000000e+03	3.231260044999999081e+02
2.700000000000000000e+03	3.231140134983124312e+02
3.600000000000000000e+03	3.231140134983124312e+02
3.600000000000000000e+03	3.230506284580425813e+02
4.500000000000000000e+03	3.230506284580425813e+02
4.500000000000000000e+03	3.231097183539493471e+02
5.400000000000000000e+03	3.231097183539493471e+02
5.400000000000000000e+03	3.231687860911453640e+02
6.300000000000000000e+03	3.231687860911453640e+02
6.300000000000000000e+03	3.232278316779399461e+02
7.200000000000000000e+03	3.232278316779399461e+02
7.200000000000000000e+03	3.244125288373276135e+02
8.100000000000000000e+03	3.244125288373276135e+02
8.100000000000000000e+03	3.244000553890136302e+02
9.000000000000000000e+03	3.244000553890136302e+02
9.000000000000000000e+03	3.243875866182427785e+02
9.900000000000000000e+03	3.243875866182427785e+02
9.900000000000000000e+03	3.243751225232609272e+02
1.080000000000000000e+04	3.243751225232609272e+02
1.080000000000000000e+04	3.243149589239663442e+02
1.170000000000000000e+04	3.243149589239663442e+02
1.170000000000000000e+04	3.244764595768265849e+02
1.260000000000000000e+04	3.244764595768265849e+02
1.260000000000000000e+04	3.244639621544848751e+02
1.350000000000000000e+04	3.244639621544848751e+02
1.350000000000000000e+04	3.244514694186765951e+02
1.440000000000000000e+04	3.244514694186765951e+02
1.440000000000000000e+04	3.238668162309651848e+02
1.530000000000000000e+04	3.238668162309651848e+02
1.530000000000000000e+04	3.238545474248785467e+02
1.620000000000000000e+04	3.238545474248785467e+02
1.620000000000000000e+04	3.238422832195940941e+02
1.710000000000000000e+04	3.238422832195940941e+02
1.710000000000000000e+04	3.238300236133866292e+02
1.800000000000000000e+04	3.238300236133866292e+02
1.800000000000000000e+04	3.237652281261119924e+02
1.890000000000000000e+04	3.237652281261119924e+02
1.890000000000000000e+04	3.237529974155647210e+02
1.980000000000000000e+04	3.237529974155647210e+02
1.980000000000000000e+04	3.237407712915337470e+02
2.070000000000000000e+04	3.237407712915337470e+02
2.070000000000000000e+04	3.237285497522993296e+02
2.160000000000000000e+04	3.237285497522993296e+02
2.160000000000000000e+04	3.236639653470514872e+02
2.250000000000000000e+04	3.236639653470514872e+02
2.250000000000000000e+04	3.236517726100463506e+02
2.340000000000000000e+04	3.236517726100463506e+02
2.340000000000000000e+04	3.236395844453174391e+02
2.430000000000000000e+04	3.236395844453174391e+02
2.430000000000000000e+04	3.236274008511502984e+02
2.520000000000000000e+04	3.236274008511502984e+02
2.520000000000000000e+04	3.235630267020972042e+02
2.610000000000000000e+04	3.235630267020972042e+02
2.610000000000000000e+04	3.159008717720839172e+02
2.700000000000000000e+04	3.159008717720839172e+02
2.700000000000000000e+04	3.158915901951693854e+02
2.790000000000000000e+04	3.158915901951693854e+02
2.790000000000000000e+04	3.157923120988459686e+02
2.880000000000000000e+04	3.157923120988459686e+02
2.880000000000000000e+04	3.166200766063334413e+02
2.970000000000000000e+04	3.166200766063334413e+02
2.970000000000000000e+04	3.165205253276060944e+02
3.060000000000000000e+04	3.165205253276060944e+02
3.060000000000000000e+04	3.164210113806082063e+02
3.150000000000000000e+04	3.164210113806082063e+02
3.150000000000000000e+04	3.163215347513404936e+02
3.240000000000000000e+04	3.163215347513404936e+02
3.240000000000000000e+04	3.161816074973986588e+02
3.330000000000000000e+04	3.161816074973986588e+02
3.330000000000000000e+04	3.160822206445870961e+02
3.420000000000000000e+04	3.160822206445870961e+02
3.420000000000000000e+04	3.160728710618453761e+02
3.510000000000000000e+04	3.160728710618453761e+02
3.510000000000000000e+04	3.159735249851969456e+02
3.600000000000000000e+04	3.159735249851969456e+02
3.600000000000000000e+04	3.159220058338911485e+02
3.690000000000000000e+04	3.159220058338911485e+02
3.690000000000000000e+04	3.159127163317033933e+02
3.780000000000000000e+04	3.159127163317033933e+02
3.780000000000000000e+04	3.159034303130790136e+02
3.870000000000000000e+04	3.159034303130790136e+02
3.870000000000000000e+04	3.158741477787116310e+02
3.960000000000000000e+04	3.158741477787116310e+02
3.960000000000000000e+04	3.158213006689747999e+02
4.050000000000000000e+04	3.158213006689747999e+02
4.050000000000000000e+04	3.158120489312239556e+02
4.140000000000000000e+04	3.158120489312239556e+02
4.140000000000000000e+04	3.158028006628747448e+02
4.230000000000000000e+04	3.158028006628747448e+02
4.230000000000000000e+04	3.157746084942046991e+02
4.320000000000000000e+04	3.157746084942046991e+02
4.320000000000000000e+04	3.168746731440691065e+02
4.410000000000000000e+04	3.168746731440691065e+02
4.410000000000000000e+04	3.169360790232187810e+02
4.500000000000000000e+04	3.169360790232187810e+02
4.500000000000000000e+04	3.169264092435850557e+02
4.590000000000000000e+04	3.169264092435850557e+02
4.590000000000000000e+04	3.169167430901183593e+02
4.680000000000000000e+04	3.169167430901183593e+02
4.680000000000000000e+04	3.170411095215625323e+02
4.770000000000000000e+04	3.170411095215625323e+02
4.770000000000000000e+04	3.170314003554919395e+02
4.860000000000000000e+04	3.170314003554919395e+02
4.860000000000000000e+04	3.170216948303586264e+02
4.950000000000000000e+04	3.170216948303586264e+02
4.950000000000000000e+04	3.170119929447972709e+02
5.040000000000000000e+04	3.170119929447972709e+02
5.040000000000000000e+04	3.169615211543641067e+02
5.130000000000000000e+04	3.169615211543641067e+02
5.130000000000000000e+04	3.169518418339312120e+02
5.220000000000000000e+04	3.169518418339312120e+02
5.220000000000000000e+04	3.169421661432434689e+02
5.310000000000000000e+04	3.169421661432434689e+02
5.310000000000000000e+04	3.168424940809395594e+02
5.400000000000000000e+04	3.168424940809395594e+02
5.400000000000000000e+04	3.167909464467169300e+02
5.490000000000000000e+04	3.167909464467169300e+02
5.490000000000000000e+04	3.167813310917994158e+02
5.580000000000000000e+04	3.167813310917994158e+02
5.580000000000000000e+04	3.167717193426399831e+02
5.670000000000000000e+04	3.167717193426399831e+02
5.670000000000000000e+04	3.166721111978862382e+02
5.760000000000000000e+04	3.166721111978862382e+02
5.760000000000000000e+04	3.166208519481702979e+02
5.850000000000000000e+04	3.166208519481702979e+02
5.850000000000000000e+04	3.166113003786896911e+02
5.940000000000000000e+04	3.166113003786896911e+02
5.940000000000000000e+04	3.166728050226266191e+02
6.030000000000000000e+04	3.166728050226266191e+02
6.030000000000000000e+04	3.166442866023220972e+02
6.120000000000000000e+04	3.166442866023220972e+02
6.120000000000000000e+04	3.173620468417201437e+02
6.210000000000000000e+04	3.173620468417201437e+02
6.210000000000000000e+04	3.174232699557331898e+02
6.300000000000000000e+04	3.174232699557331898e+02
6.300000000000000000e+04	3.174134174794997989e+02
6.390000000000000000e+04	3.174134174794997989e+02
6.390000000000000000e+04	3.174035686979449906e+02
6.480000000000000000e+04	3.174035686979449906e+02
6.480000000000000000e+04	3.169940796512775023e+02
6.570000000000000000e+04	3.169940796512775023e+02
6.570000000000000000e+04	3.167188881214082699e+02
6.660000000000000000e+04	3.167188881214082699e+02
6.660000000000000000e+04	3.166892997903627247e+02
6.750000000000000000e+04	3.166892997903627247e+02
6.750000000000000000e+04	3.166597225549413679e+02
6.840000000000000000e+04	3.166597225549413679e+02
6.840000000000000000e+04	3.166139468124775362e+02
6.930000000000000000e+04	3.166139468124775362e+02
6.930000000000000000e+04	3.165143978324228442e+02
7.020000000000000000e+04	3.165143978324228442e+02
7.020000000000000000e+04	3.165048861832356693e+02
7.110000000000000000e+04	3.165048861832356693e+02
7.110000000000000000e+04	3.164953781009167528e+02
7.200000000000000000e+04	3.164953781009167528e+02
7.200000000000000000e+04	3.164461000973749378e+02
7.290000000000000000e+04	3.164461000973749378e+02
7.290000000000000000e+04	3.164366140598384618e+02
7.380000000000000000e+04	3.164366140598384618e+02
7.380000000000000000e+04	3.164271315795660371e+02
7.470000000000000000e+04	3.164271315795660371e+02
7.470000000000000000e+04	3.157776526112234023e+02
7.560000000000000000e+04	3.157776526112234023e+02
7.560000000000000000e+04	3.157354221167821038e+02
7.650000000000000000e+04	3.157354221167821038e+02
7.650000000000000000e+04	3.157262025834883730e+02
7.740000000000000000e+04	3.157262025834883730e+02
7.740000000000000000e+04	3.156269865075195185e+02
7.830000000000000000e+04	3.156269865075195185e+02
7.830000000000000000e+04	3.136578076235786625e+02
7.920000000000000000e+04	3.136578076235786625e+02
7.920000000000000000e+04	3.136353030928956400e+02
8.010000000000000000e+04	3.136353030928956400e+02
8.010000000000000000e+04	3.136268711042357040e+02
8.100000000000000000e+04	3.136268711042357040e+02
8.100000000000000000e+04	3.136184422775716030e+02
8.190000000000000000e+04	3.136184422775716030e+02
8.190000000000000000e+04	3.136100166117175263e+02
8.280000000000000000e+04	3.136100166117175263e+02
8.280000000000000000e+04	3.135666754868500448e+02
8.370000000000000000e+04	3.135666754868500448e+02
8.370000000000000000e+04	3.135582692335424895e+02
8.460000000000000000e+04	3.135582692335424895e+02
8.460000000000000000e+04	3.135498661325798935e+02
8.550000000000000000e+04	3.135498661325798935e+02
8.550000000000000000e+04	3.135414661827801979e+02
8.640000000000000000e+04	3.135414661827801979e+02
8.640000000000000000e+04	3.134982496031581150e+02
8.730000000000000000e+04	3.134982496031581150e+02
8.730000000000000000e+04	3.134898690095568554e+02
8.820000000000000000e+04	3.134898690095568554e+02
8.820000000000000000e+04	3.134814915586782718e+02
8.910000000000000000e+04	3.134814915586782718e+02
8.910000000000000000e+04	3.134731172493437157e+02
9.000000000000000000e+04	3.134731172493437157e+02
9.000000000000000000e+04	3.134300249709667128e+02
9.090000000000000000e+04	3.134300249709667128e+02
9.090000000000000000e+04	3.134216699616025608e+02
9.180000000000000000e+04	3.134216699616025608e+02
9.180000000000000000e+04	3.134133180853669387e+02
9.270000000000000000e+04	3.134133180853669387e+02
9.270000000000000000e+04	3.134049693410848931e+02
9.360000000000000000e+04	3.134049693410848931e+02
9.360000000000000000e+04	3.133620011114408044e+02
9.450000000000000000e+04	3.133620011114408044e+02
9.450000000000000000e+04	3.133536716110240832e+02
9.540000000000000000e+04	3.133536716110240832e+02
9.540000000000000000e+04	3.133453452341699403e+02
9.630000000000000000e+04	3.133453452341699403e+02
9.630000000000000000e+04	3.133370219797071172e+02
9.720000000000000000e+04	3.133370219797071172e+02
9.720000000000000000e+04	3.132941775497054095e+02
9.810000000000000000e+04	3.132941775497054095e+02
9.810000000000000000e+04	3.132858734831243055e+02
9.900000000000000000e+04	3.132858734831243055e+02
9.900000000000000000e+04	3.182512567410944371e+02
9.990000000000000000e+04	3.182512567410944371e+02
9.990000000000000000e+04	3.182410937698165299e+02
1.008000000000000000e+05	3.182410937698165299e+02
1.008000000000000000e+05	3.130263598126046531e+02
1.017000000000000000e+05	3.130263598126046531e+02
1.017000000000000000e+05	3.130181561776749390e+02
1.026000000000000000e+05	3.130181561776749390e+02
1.026000000000000000e+05	3.130810082506872618e+02
1.035000000000000000e+05	3.130810082506872618e+02
1.035000000000000000e+05	3.131438367541721846e+02
1.044000000000000000e+05	3.131438367541721846e+02
1.044000000000000000e+05	3.140548348279854167e+02
1.053000000000000000e+05	3.140548348279854167e+02
1.053000000000000000e+05	3.140462455149248626e+02
1.062000000000000000e+05	3.140462455149248626e+02
1.062000000000000000e+05	3.188436263078371553e+02
1.071000000000000000e+05	3.188436263078371553e+02
1.071000000000000000e+05	3.188332411979717449e+02
1.080000000000000000e+05	3.188332411979717449e+02
1.080000000000000000e+05	3.138356672527160640e+02
1.089000000000000000e+05	3.138356672527160640e+02
1.089000000000000000e+05	3.188008443380225003e+02
1.098000000000000000e+05	3.188008443380225003e+02
1.098000000000000000e+05	3.219968086167869501e+02
1.107000000000000000e+05	3.219968086167869501e+02
1.107000000000000000e+05	3.219852410635556339e+02
1.116000000000000000e+05	3.219852410635556339e+02
1.116000000000000000e+05	3.178417629598187659e+02
1.125000000000000000e+05	3.178417629598187659e+02
1.125000000000000000e+05	3.149417535317087982e+02
1.134000000000000000e+05	3.149417535317087982e+02
1.134000000000000000e+05	3.149328316241343941e+02
1.143000000000000000e+05	3.149328316241343941e+02
1.143000000000000000e+05	3.148339130622753714e+02
1.152000000000000000e+05	3.148339130622753714e+02
1.152000000000000000e+05	3.148386663533264027e+02
1.161000000000000000e+05	3.148386663533264027e+02
1.161000000000000000e+05	3.147397831034439264e+02
1.170000000000000000e+05	3.147397831034439264e+02
1.170000000000000000e+05	3.146409369347800862e+02
1.179000000000000000e+05	3.146409369347800862e+02
1.179000000000000000e+05	3.145421278334295607e+02
1.188000000000000000e+05	3.145421278334295607e+02
1.188000000000000000e+05	3.144078319645665829e+02
1.197000000000000000e+05	3.144078319645665829e+02
1.197000000000000000e+05	3.143091102775798618e+02
1.206000000000000000e+05	3.143091102775798618e+02
1.206000000000000000e+05	3.143004256112257622e+02
1.215000000000000000e+05	3.143004256112257622e+02
1.215000000000000000e+05	3.142017442016215796e+02
1.224000000000000000e+05	3.142017442016215796e+02
1.224000000000000000e+05	3.141558033160402488e+02
1.233000000000000000e+05	3.141558033160402488e+02
1.233000000000000000e+05	3.142182287713756068e+02
1.242000000000000000e+05	3.142182287713756068e+02
1.242000000000000000e+05	3.142806308171652745e+02
1.251000000000000000e+05	3.142806308171652745e+02
1.251000000000000000e+05	3.143230094641878054e+02
1.260000000000000000e+05	3.143230094641878054e+02
1.260000000000000000e+05	3.147840117334408774e+02
1.269000000000000000e+05	3.147840117334408774e+02
1.269000000000000000e+05	3.147751489790408073e+02
1.278000000000000000e+05	3.147751489790408073e+02
1.278000000000000000e+05	3.147662895481736882e+02
1.287000000000000000e+05	3.147662895481736882e+02
1.287000000000000000e+05	3.146674334395930828e+02
1.296000000000000000e+05	3.146674334395930828e+02
1.296000000000000000e+05	3.145381740121262055e+02
1.305000000000000000e+05	3.145381740121262055e+02
1.305000000000000000e+05	3.168987328241786940e+02
1.314000000000000000e+05	3.168987328241786940e+02
1.314000000000000000e+05	3.168890770493696323e+02
1.323000000000000000e+05	3.168890770493696323e+02
1.323000000000000000e+05	3.168794248954761201e+02
1.332000000000000000e+05	3.168794248954761201e+02
1.332000000000000000e+05	3.143268155600706564e+02
1.341000000000000000e+05	3.143268155600706564e+02
1.341000000000000000e+05	3.143181242542356699e+02
1.350000000000000000e+05	3.143181242542356699e+02
1.350000000000000000e+05	3.143094362076403172e+02
1.359000000000000000e+05	3.143094362076403172e+02
1.359000000000000000e+05	3.143007514190624647e+02
1.368000000000000000e+05	3.143007514190624647e+02
1.368000000000000000e+05	3.142551453359803304e+02
1.377000000000000000e+05	3.142551453359803304e+02
1.377000000000000000e+05	3.142464809064793485e+02
1.386000000000000000e+05	3.142464809064793485e+02
1.386000000000000000e+05	3.142378197261394348e+02
1.395000000000000000e+05	3.142378197261394348e+02
1.395000000000000000e+05	3.164583986358474021e+02
1.404000000000000000e+05	3.164583986358474021e+02
1.404000000000000000e+05	3.136394684906820203e+02
1.413000000000000000e+05	3.136394684906820203e+02
1.413000000000000000e+05	3.136310349399980169e+02
1.422000000000000000e+05	3.136310349399980169e+02
1.422000000000000000e+05	3.136226045518955061e+02
1.431000000000000000e+05	3.136226045518955061e+02
1.431000000000000000e+05	3.135241773251885320e+02
1.440000000000000000e+05	3.135241773251885320e+02
1.440000000000000000e+05	3.142623162606344636e+02
1.449000000000000000e+05	3.142623162606344636e+02
1.449000000000000000e+05	3.142536491420368066e+02
1.458000000000000000e+05	3.142536491420368066e+02
1.458000000000000000e+05	3.192186694841348640e+02
1.467000000000000000e+05	3.192186694841348640e+02
1.467000000000000000e+05	3.191181437330783410e+02
1.476000000000000000e+05	3.191181437330783410e+02
1.476000000000000000e+05	3.176409808440862435e+02
1.485000000000000000e+05	3.176409808440862435e+02
1.485000000000000000e+05	3.176310467262697443e+02
1.494000000000000000e+05	3.176310467262697443e+02
1.494000000000000000e+05	3.176211163337474090e+02
1.503000000000000000e+05	3.176211163337474090e+02
1.503000000000000000e+05	3.204959265072275230e+02
1.512000000000000000e+05	3.204959265072275230e+02
1.512000000000000000e+05	3.178578253782314960e+02
1.521000000000000000e+05	3.178578253782314960e+02
1.521000000000000000e+05	3.177578099437146193e+02
1.530000000000000000e+05	3.177578099437146193e+02
1.530000000000000000e+05	3.177278320169857011e+02
1.539000000000000000e+05	3.177278320169857011e+02
1.539000000000000000e+05	3.176978653319793580e+02
1.548000000000000000e+05	3.176978653319793580e+02
1.548000000000000000e+05	3.176467542956938246e+02
1.557000000000000000e+05	3.176467542956938246e+02
1.557000000000000000e+05	3.176178706444117097e+02
1.566000000000000000e+05	3.176178706444117097e+02
1.566000000000000000e+05	3.176789978244989925e+02
1.575000000000000000e+05	3.176789978244989925e+02
1.575000000000000000e+05	3.177401020818937809e+02
1.584000000000000000e+05	3.177401020818937809e+02
1.584000000000000000e+05	3.186387103079736676e+02
1.593000000000000000e+05	3.186387103079736676e+02
1.593000000000000000e+05	3.186284020416081830e+02
1.602000000000000000e+05	3.186284020416081830e+02
1.602000000000000000e+05	3.186180976408425636e+02
1.611000000000000000e+05	3.186180976408425636e+02
1.611000000000000000e+05	3.179677970602272694e+02
1.620000000000000000e+05	3.179677970602272694e+02
1.620000000000000000e+05	3.179274527890632953e+02
1.629000000000000000e+05	3.179274527890632953e+02
1.629000000000000000e+05	3.179174112442673277e+02
1.638000000000000000e+05	3.179174112442673277e+02
1.638000000000000000e+05	3.221499999999999773e+02
1.647000000000000000e+05	3.221499999999999773e+02
1.647000000000000000e+05	3.158383749550000061e+02
1.656000000000000000e+05	3.158383749550000061e+02
1.656000000000000000e+05	3.127444308135488882e+02
1.665000000000000000e+05	3.127444308135488882e+02
1.665000000000000000e+05	3.127363329019938192e+02
1.674000000000000000e+05	3.127363329019938192e+02
1.674000000000000000e+05	3.127282380271555553e+02
1.683000000000000000e+05	3.127282380271555553e+02
1.683000000000000000e+05	3.127201461878951250e+02
1.692000000000000000e+05	3.127201461878951250e+02
1.692000000000000000e+05	3.126788415455903873e+02
1.701000000000000000e+05	3.126788415455903873e+02
1.701000000000000000e+05	3.126707682300108218e+02
1.710000000000000000e+05	3.126707682300108218e+02
1.710000000000000000e+05	3.126626979419245913e+02
1.719000000000000000e+05	3.126626979419245913e+02
1.719000000000000000e+05	3.126546306801963624e+02
1.728000000000000000e+05	3.126546306801963624e+02
1.728000000000000000e+05	3.126134401500975741e+02
1.737000000000000000e+05	3.126134401500975741e+02
1.737000000000000000e+05	3.126053913600412102e+02
1.746000000000000000e+05	3.126053913600412102e+02
1.746000000000000000e+05	3.125973455882812004e+02
1.755000000000000000e+05	3.125973455882812004e+02
1.755000000000000000e+05	3.125893028336855650e+02
1.764000000000000000e+05	3.125893028336855650e+02
1.764000000000000000e+05	3.125482262554967861e+02
1.773000000000000000e+05	3.125482262554967861e+02
1.773000000000000000e+05	3.125402019206509863e+02
1.782000000000000000e+05	3.125402019206509863e+02
1.782000000000000000e+05	3.125321805949307645e+02
1.791000000000000000e+05	3.125321805949307645e+02
1.791000000000000000e+05	3.125241622772076653e+02
1.800000000000000000e+05	3.125241622772076653e+02
1.800000000000000000e+05	3.124831995073234339e+02
1.809000000000000000e+05	3.124831995073234339e+02
1.809000000000000000e+05	3.125462521890871130e+02
1.818000000000000000e+05	3.125462521890871130e+02
1.818000000000000000e+05	3.168440180682004552e+02
1.827000000000000000e+05	3.168440180682004552e+02
1.827000000000000000e+05	3.168343828114248595e+02
1.836000000000000000e+05	3.168343828114248595e+02
1.836000000000000000e+05	3.149502460735512273e+02
1.845000000000000000e+05	3.149502460735512273e+02
1.845000000000000000e+05	3.149413209812736341e+02
1.854000000000000000e+05	3.149413209812736341e+02
1.854000000000000000e+05	3.192381887095899060e+02
1.863000000000000000e+05	3.192381887095899060e+02
1.863000000000000000e+05	3.233526590638054472e+02
1.872000000000000000e+05	3.233526590638054472e+02
1.872000000000000000e+05	3.249399787132961137e+02
1.881000000000000000e+05	3.249399787132961137e+02
1.881000000000000000e+05	3.249273074712785956e+02
1.890000000000000000e+05	3.249273074712785956e+02
1.890000000000000000e+05	3.249146409809769125e+02
1.899000000000000000e+05	3.249146409809769125e+02
1.899000000000000000e+05	3.262610790900848201e+02
1.908000000000000000e+05	3.262610790900848201e+02
1.908000000000000000e+05	3.246747826998916935e+02
1.917000000000000000e+05	3.246747826998916935e+02
1.917000000000000000e+05	3.268929357993895337e+02
1.926000000000000000e+05	3.268929357993895337e+02
1.926000000000000000e+05	3.268795321984648012e+02
1.935000000000000000e+05	3.268795321984648012e+02
1.935000000000000000e+05	3.268661336238903345e+02
1.944000000000000000e+05	3.268661336238903345e+02
1.944000000000000000e+05	3.256617710172948819e+02
1.953000000000000000e+05	3.256617710172948819e+02
1.953000000000000000e+05	3.256488291032069355e+02
1.962000000000000000e+05	3.256488291032069355e+02
1.962000000000000000e+05	3.285807045342299375e+02
1.971000000000000000e+05	3.285807045342299375e+02
1.971000000000000000e+05	3.285666680200296241e+02
1.980000000000000000e+05	3.285666680200296241e+02
1.980000000000000000e+05	3.269941954801125803e+02
1.989000000000000000e+05	3.269941954801125803e+02
1.989000000000000000e+05	3.240907538898075586e+02
1.998000000000000000e+05	3.240907538898075586e+02
1.998000000000000000e+05	3.240784011070987845e+02
2.007000000000000000e+05	3.240784011070987845e+02
2.007000000000000000e+05	3.239760529566835885e+02
2.016000000000000000e+05	3.239760529566835885e+02
2.016000000000000000e+05	3.239629131718888289e+02
2.025000000000000000e+05	3.239629131718888289e+02
2.025000000000000000e+05	3.238606083294493487e+02
2.034000000000000000e+05	3.238606083294493487e+02
2.034000000000000000e+05	3.237583418513257811e+02
2.043000000000000000e+05	3.237583418513257811e+02
2.043000000000000000e+05	3.236561137231315115e+02
2.052000000000000000e+05	3.236561137231315115e+02
2.052000000000000000e+05	3.235038389859116705e+02
2.061000000000000000e+05	3.235038389859116705e+02
2.061000000000000000e+05	3.234017062962919340e+02
2.070000000000000000e+05	3.234017062962919340e+02
2.070000000000000000e+05	3.233896119064308436e+02
2.079000000000000000e+05	3.233896119064308436e+02
2.079000000000000000e+05	3.232875220519658797e+02
2.088000000000000000e+05	3.232875220519658797e+02
2.088000000000000000e+05	3.232236412158952135e+02
2.097000000000000000e+05	3.232236412158952135e+02
2.097000000000000000e+05	3.251599346635522352e+02
2.106000000000000000e+05	3.251599346635522352e+02
2.106000000000000000e+05	3.251471809380533955e+02
2.115000000000000000e+05	3.251471809380533955e+02
2.115000000000000000e+05	3.251144319972016206e+02
2.124000000000000000e+05	3.251144319972016206e+02
2.124000000000000000e+05	3.229418423909275475e+02
2.133000000000000000e+05	3.229418423909275475e+02
2.133000000000000000e+05	3.229299204500309202e+02
2.142000000000000000e+05	3.229299204500309202e+02
2.142000000000000000e+05	3.229180029798621945e+02
2.151000000000000000e+05	3.229180029798621945e+02
2.151000000000000000e+05	3.228160899787447420e+02
2.160000000000000000e+05	3.228160899787447420e+02
2.160000000000000000e+05	3.226639215071808167e+02
2.169000000000000000e+05	3.226639215071808167e+02
2.169000000000000000e+05	3.226521037866156121e+02
2.178000000000000000e+05	3.226521037866156121e+02
2.178000000000000000e+05	3.245437084207834459e+02
2.187000000000000000e+05	3.245437084207834459e+02
2.187000000000000000e+05	3.245311857801256679e+02
2.196000000000000000e+05	3.245311857801256679e+02
2.196000000000000000e+05	3.251979315918431439e+02
2.205000000000000000e+05	3.251979315918431439e+02
2.205000000000000000e+05	3.251851636174961868e+02
2.214000000000000000e+05	3.251851636174961868e+02
2.214000000000000000e+05	3.258890846109508175e+02
2.223000000000000000e+05	3.258890846109508175e+02
2.223000000000000000e+05	3.258760574542217228e+02
2.232000000000000000e+05	3.258760574542217228e+02
2.232000000000000000e+05	3.251574123377034766e+02
2.241000000000000000e+05	3.251574123377034766e+02
2.241000000000000000e+05	3.251446595580768530e+02
2.250000000000000000e+05	3.251446595580768530e+02
2.250000000000000000e+05	3.251319115607425942e+02
2.259000000000000000e+05	3.251319115607425942e+02
2.259000000000000000e+05	3.250291683439073154e+02
2.268000000000000000e+05	3.250291683439073154e+02
2.268000000000000000e+05	3.249620391511583080e+02
2.277000000000000000e+05	3.249620391511583080e+02
2.277000000000000000e+05	3.249493596364766859e+02
2.286000000000000000e+05	3.249493596364766859e+02
2.286000000000000000e+05	3.249366848766130147e+02
2.295000000000000000e+05	3.249366848766130147e+02
2.295000000000000000e+05	3.248340148697842551e+02
2.304000000000000000e+05	3.248340148697842551e+02
2.304000000000000000e+05	3.247672233695270734e+02
2.313000000000000000e+05	3.247672233695270734e+02
2.313000000000000000e+05	3.247546169107635023e+02
2.322000000000000000e+05	3.247546169107635023e+02
2.322000000000000000e+05	3.247420151794218555e+02
2.331000000000000000e+05	3.247420151794218555e+02
2.331000000000000000e+05	3.250797106727138157e+02
2.340000000000000000e+05	3.250797106727138157e+02
2.340000000000000000e+05	3.243940024327266087e+02
2.349000000000000000e+05	3.243940024327266087e+02
2.349000000000000000e+05	3.243815359318143123e+02
2.358000000000000000e+05	3.243815359318143123e+02
2.358000000000000000e+05	3.245845356980912015e+02
2.367000000000000000e+05	3.245845356980912015e+02
2.367000000000000000e+05	3.245719977472044206e+02
2.376000000000000000e+05	3.245719977472044206e+02
2.376000000000000000e+05	3.240384281924877996e+02
2.385000000000000000e+05	3.240384281924877996e+02
2.385000000000000000e+05	3.239360950319156132e+02
2.394000000000000000e+05	3.239360950319156132e+02
2.394000000000000000e+05	3.239038002482784577e+02
2.403000000000000000e+05	3.239038002482784577e+02
2.403000000000000000e+05	3.235415176081852451e+02
2.412000000000000000e+05	3.235415176081852451e+02
2.412000000000000000e+05	3.234826991154423581e+02
2.421000000000000000e+05	3.234826991154423581e+02
2.421000000000000000e+05	3.233805743532740280e+02
2.430000000000000000e+05	3.233805743532740280e+02
2.430000000000000000e+05	3.234395405194703130e+02
2.439000000000000000e+05	3.234395405194703130e+02
2.439000000000000000e+05	3.234274319417751826e+02
2.448000000000000000e+05	3.234274319417751826e+02
2.448000000000000000e+05	3.228677904278409869e+02
2.457000000000000000e+05	3.228677904278409869e+02
2.457000000000000000e+05	3.228558962564305261e+02
2.466000000000000000e+05	3.228558962564305261e+02
2.466000000000000000e+05	3.228440065453342527e+02
2.475000000000000000e+05	3.228440065453342527e+02
2.475000000000000000e+05	3.204321211278796682e+02
2.484000000000000000e+05	3.204321211278796682e+02
2.484000000000000000e+05	3.206459592353594985e+02
2.493000000000000000e+05	3.206459592353594985e+02
2.493000000000000000e+05	3.206348982506461880e+02
2.502000000000000000e+05	3.206348982506461880e+02
2.502000000000000000e+05	3.205338414138020653e+02
2.511000000000000000e+05	3.205338414138020653e+02
2.511000000000000000e+05	3.185628224592717288e+02
2.520000000000000000e+05	3.185628224592717288e+02
2.520000000000000000e+05	3.185296676179952442e+02
2.529000000000000000e+05	3.185296676179952442e+02
2.529000000000000000e+05	3.185194002426384827e+02
2.538000000000000000e+05	3.185194002426384827e+02
2.538000000000000000e+05	3.185091367175475057e+02
2.547000000000000000e+05	3.185091367175475057e+02
2.547000000000000000e+05	3.184988770412782060e+02
2.556000000000000000e+05	3.184988770412782060e+02
2.556000000000000000e+05	3.184461593100540426e+02
2.565000000000000000e+05	3.184461593100540426e+02
2.565000000000000000e+05	3.184359232503127828e+02
2.574000000000000000e+05	3.184359232503127828e+02
2.574000000000000000e+05	3.184256910290939118e+02
2.583000000000000000e+05	3.184256910290939118e+02
2.583000000000000000e+05	3.184154626449577563e+02
2.592000000000000000e+05	3.184154626449577563e+02
2.592000000000000000e+05	3.183628955723197578e+02
2.601000000000000000e+05	3.183628955723197578e+02
2.601000000000000000e+05	3.183526907364801559e+02
2.610000000000000000e+05	3.183526907364801559e+02
2.610000000000000000e+05	3.183424897274539944e+02
2.619000000000000000e+05	3.183424897274539944e+02
2.619000000000000000e+05	3.183322925438059769e+02
2.628000000000000000e+05	3.183322925438059769e+02
2.628000000000000000e+05	3.182798758566298716e+02
2.637000000000000000e+05	3.182798758566298716e+02
2.637000000000000000e+05	3.182697021531836299e+02
2.646000000000000000e+05	3.182697021531836299e+02
2.646000000000000000e+05	3.182595322648762135e+02
2.655000000000000000e+05	3.182595322648762135e+02
2.655000000000000000e+05	3.182493661902766462e+02
2.664000000000000000e+05	3.182493661902766462e+02
2.664000000000000000e+05	3.181970995950659926e+02
2.673000000000000000e+05	3.181970995950659926e+02
2.673000000000000000e+05	3.181869569327178056e+02
2.682000000000000000e+05	3.181869569327178056e+02
2.682000000000000000e+05	3.181768180738680485e+02
2.691000000000000000e+05	3.181768180738680485e+02
2.691000000000000000e+05	3.181666830170901221e+02
2.700000000000000000e+05	3.181666830170901221e+02
2.700000000000000000e+05	3.181145662269088348e+02
2.709000000000000000e+05	3.181145662269088348e+02
2.709000000000000000e+05	3.181044545145737175e+02
2.718000000000000000e+05	3.181044545145737175e+02
2.718000000000000000e+05	3.180943465941307409e+02
2.727000000000000000e+05	3.180943465941307409e+02
2.727000000000000000e+05	3.180842424641579669e+02
2.736000000000000000e+05	3.180842424641579669e+02
2.736000000000000000e+05	3.180322751804731070e+02
2.745000000000000000e+05	3.180322751804731070e+02
2.745000000000000000e+05	3.180221943272804310e+02
2.754000000000000000e+05	3.180221943272804310e+02
2.754000000000000000e+05	3.180121172544077126e+02
2.763000000000000000e+05	3.180121172544077126e+02
2.763000000000000000e+05	3.180020439604373337e+02
2.772000000000000000e+05	3.180020439604373337e+02
2.772000000000000000e+05	3.179502258986532297e+02
2.781000000000000000e+05	3.179502258986532297e+02
2.781000000000000000e+05	3.179401758139412095e+02
2.790000000000000000e+05	3.179401758139412095e+02
2.790000000000000000e+05	3.179301294980109560e+02
2.799000000000000000e+05	3.179301294980109560e+02
2.799000000000000000e+05	3.179200869494490007e+02
2.808000000000000000e+05	3.179200869494490007e+02
2.808000000000000000e+05	3.178684178159101066e+02
2.817000000000000000e+05	3.178684178159101066e+02
2.817000000000000000e+05	3.179294510408079191e+02
2.826000000000000000e+05	3.179294510408079191e+02
2.826000000000000000e+05	3.179194087466676137e+02
2.835000000000000000e+05	3.179194087466676137e+02
2.835000000000000000e+05	3.179093702183872097e+02
2.844000000000000000e+05	3.179093702183872097e+02
2.844000000000000000e+05	3.173636734952448251e+02
2.853000000000000000e+05	3.173636734952448251e+02
2.853000000000000000e+05	3.144638433506841011e+02
2.862000000000000000e+05	3.144638433506841011e+02
2.862000000000000000e+05	3.144551006594276146e+02
2.871000000000000000e+05	3.144551006594276146e+02
2.871000000000000000e+05	3.143563612466800805e+02
2.880000000000000000e+05	3.143563612466800805e+02
2.880000000000000000e+05	3.143607238209404500e+02
2.889000000000000000e+05	3.143607238209404500e+02
2.889000000000000000e+05	3.142620197995075841e+02
2.898000000000000000e+05	3.142620197995075841e+02
2.898000000000000000e+05	3.141633527920827191e+02
2.907000000000000000e+05	3.141633527920827191e+02
2.907000000000000000e+05	3.140647227847853742e+02
2.916000000000000000e+05	3.140647227847853742e+02
2.916000000000000000e+05	3.139304293561676218e+02
2.925000000000000000e+05	3.139304293561676218e+02
2.925000000000000000e+05	3.138318866951590280e+02
2.934000000000000000e+05	3.138318866951590280e+02
2.934000000000000000e+05	3.138233809876483633e+02
2.943000000000000000e+05	3.138233809876483633e+02
2.943000000000000000e+05	3.137248784697779911e+02
2.952000000000000000e+05	3.137248784697779911e+02
2.952000000000000000e+05	3.136789553889123567e+02
2.961000000000000000e+05	3.136789553889123567e+02
2.961000000000000000e+05	3.136705070306414882e+02
2.970000000000000000e+05	3.136705070306414882e+02
2.970000000000000000e+05	3.136620618405049754e+02
2.979000000000000000e+05	3.136620618405049754e+02
2.979000000000000000e+05	3.136336198193148448e+02
2.988000000000000000e+05	3.136336198193148448e+02
2.988000000000000000e+05	3.135860558005927032e+02
2.997000000000000000e+05	3.135860558005927032e+02
2.997000000000000000e+05	3.135776422796674865e+02
3.006000000000000000e+05	3.135776422796674865e+02
3.006000000000000000e+05	3.135692319138125868e+02
3.015000000000000000e+05	3.135692319138125868e+02
3.015000000000000000e+05	3.134708247018449470e+02
3.024000000000000000e+05	3.134708247018449470e+02
3.024000000000000000e+05	3.133348023990562297e+02
3.033000000000000000e+05	3.133348023990562297e+02
3.033000000000000000e+05	3.133264830981565865e+02
3.042000000000000000e+05	3.133264830981565865e+02
3.042000000000000000e+05	3.144774440427885338e+02
3.051000000000000000e+05	3.144774440427885338e+02
3.051000000000000000e+05	3.144686962512724904e+02
3.060000000000000000e+05	3.144686962512724904e+02
3.060000000000000000e+05	3.129723052154544689e+02
3.069000000000000000e+05	3.129723052154544689e+02
3.069000000000000000e+05	3.129641218509986516e+02
3.078000000000000000e+05	3.129641218509986516e+02
3.078000000000000000e+05	3.129559415553045483e+02
3.087000000000000000e+05	3.129559415553045483e+02
3.087000000000000000e+05	3.129477643272212504e+02
3.096000000000000000e+05	3.129477643272212504e+02
3.096000000000000000e+05	3.129055444801355179e+02
3.105000000000000000e+05	3.129055444801355179e+02
3.105000000000000000e+05	3.128973861509554695e+02
3.114000000000000000e+05	3.128973861509554695e+02
3.114000000000000000e+05	3.128892308811488761e+02
3.123000000000000000e+05	3.128892308811488761e+02
3.123000000000000000e+05	3.127910786695684919e+02
3.132000000000000000e+05	3.127910786695684919e+02
3.132000000000000000e+05	3.127470580081266007e+02
3.141000000000000000e+05	3.127470580081266007e+02
3.141000000000000000e+05	3.127389591113735037e+02
3.150000000000000000e+05	3.127389591113735037e+02
3.150000000000000000e+05	3.141133279759742436e+02
3.159000000000000000e+05	3.141133279759742436e+02
3.159000000000000000e+05	3.140147167279832274e+02
3.168000000000000000e+05	3.140147167279832274e+02
3.168000000000000000e+05	3.124079836549461788e+02
3.177000000000000000e+05	3.124079836549461788e+02
3.177000000000000000e+05	3.124000119110755804e+02
3.186000000000000000e+05	3.124000119110755804e+02
3.186000000000000000e+05	3.123920431566089064e+02
3.195000000000000000e+05	3.123920431566089064e+02
3.195000000000000000e+05	3.122940773904252296e+02
3.204000000000000000e+05	3.122940773904252296e+02
3.204000000000000000e+05	3.122519456728366549e+02
3.213000000000000000e+05	3.122519456728366549e+02
3.213000000000000000e+05	3.122440324432093348e+02
3.222000000000000000e+05	3.122440324432093348e+02
3.222000000000000000e+05	3.122361221810431289e+02
3.231000000000000000e+05	3.122361221810431289e+02
3.231000000000000000e+05	3.122282148852252703e+02
3.240000000000000000e+05	3.122282148852252703e+02
3.240000000000000000e+05	3.121870423074534528e+02
3.249000000000000000e+05	3.121870423074534528e+02
3.249000000000000000e+05	3.120891534165881467e+02
3.258000000000000000e+05	3.120891534165881467e+02
3.258000000000000000e+05	3.120613012360569201e+02
3.267000000000000000e+05	3.120613012360569201e+02
3.267000000000000000e+05	3.120334595000933859e+02
3.276000000000000000e+05	3.120334595000933859e+02
3.276000000000000000e+05	3.119928453798980854e+02
3.285000000000000000e+05	3.119928453798980854e+02
3.285000000000000000e+05	3.118950293128805811e+02
3.294000000000000000e+05	3.118950293128805811e+02
3.294000000000000000e+05	3.118872499268882734e+02
3.303000000000000000e+05	3.118872499268882734e+02
3.303000000000000000e+05	3.118794734581656485e+02
3.312000000000000000e+05	3.118794734581656485e+02
3.312000000000000000e+05	3.118386100315071303e+02
3.321000000000000000e+05	3.118386100315071303e+02
3.321000000000000000e+05	3.118308518027453147e+02
3.330000000000000000e+05	3.118308518027453147e+02
3.330000000000000000e+05	3.118230964833192616e+02
3.339000000000000000e+05	3.118230964833192616e+02
3.339000000000000000e+05	3.111753440281380563e+02
3.348000000000000000e+05	3.111753440281380563e+02
3.348000000000000000e+05	3.111414803974288361e+02
3.357000000000000000e+05	3.111414803974288361e+02
3.357000000000000000e+05	3.111339835922797192e+02
3.366000000000000000e+05	3.111339835922797192e+02
3.366000000000000000e+05	3.139212264405378505e+02
3.375000000000000000e+05	3.139212264405378505e+02
3.375000000000000000e+05	3.119526872166226781e+02
3.384000000000000000e+05	3.119526872166226781e+02
3.384000000000000000e+05	3.089148327062295039e+02
3.393000000000000000e+05	3.089148327062295039e+02
3.393000000000000000e+05	3.089081708939646091e+02
3.402000000000000000e+05	3.089081708939646091e+02
3.402000000000000000e+05	3.089015115798793545e+02
3.411000000000000000e+05	3.089015115798793545e+02
3.411000000000000000e+05	3.088948547630369035e+02
3.420000000000000000e+05	3.088948547630369035e+02
3.420000000000000000e+05	3.088607064427658315e+02
3.429000000000000000e+05	3.088607064427658315e+02
3.429000000000000000e+05	3.088540649278497767e+02
3.438000000000000000e+05	3.088540649278497767e+02
3.438000000000000000e+05	3.088474259035018576e+02
3.447000000000000000e+05	3.088474259035018576e+02
3.447000000000000000e+05	3.088407893687880232e+02
3.456000000000000000e+05	3.088407893687880232e+02
3.456000000000000000e+05	3.088067378297428149e+02
3.465000000000000000e+05	3.088067378297428149e+02
3.465000000000000000e+05	3.088001165530566254e+02
3.474000000000000000e+05	3.088001165530566254e+02
3.474000000000000000e+05	3.087934977593492363e+02
3.483000000000000000e+05	3.087934977593492363e+02
3.483000000000000000e+05	3.087868814476894386e+02
3.492000000000000000e+05	3.087868814476894386e+02
3.492000000000000000e+05	3.087529265211521192e+02
3.501000000000000000e+05	3.087529265211521192e+02
3.501000000000000000e+05	3.113849071167181819e+02
3.510000000000000000e+05	3.113849071167181819e+02
3.510000000000000000e+05	3.113773190265494009e+02
3.519000000000000000e+05	3.113773190265494009e+02
3.519000000000000000e+05	3.113697337819144764e+02
3.528000000000000000e+05	3.113697337819144764e+02
3.528000000000000000e+05	3.094603152753739437e+02
3.537000000000000000e+05	3.094603152753739437e+02
3.537000000000000000e+05	3.094534489071456278e+02
3.546000000000000000e+05	3.094534489071456278e+02
3.546000000000000000e+05	3.094465851138054404e+02
3.555000000000000000e+05	3.094465851138054404e+02
3.555000000000000000e+05	3.094397238943877255e+02
3.564000000000000000e+05	3.094397238943877255e+02
3.564000000000000000e+05	3.093239165136196220e+02
3.573000000000000000e+05	3.093239165136196220e+02
3.573000000000000000e+05	3.142907855054533570e+02
3.582000000000000000e+05	3.142907855054533570e+02
3.582000000000000000e+05	3.199538117322693438e+02
3.591000000000000000e+05	3.199538117322693438e+02
3.591000000000000000e+05	3.261755686188358254e+02
3.600000000000000000e+05	3.261755686188358254e+02
3.600000000000000000e+05	3.194797413325503612e+02
3.609000000000000000e+05	3.194797413325503612e+02
3.609000000000000000e+05	3.236535684668795056e+02
3.618000000000000000e+05	3.236535684668795056e+02
3.618000000000000000e+05	3.261361796287044399e+02
3.627000000000000000e+05	3.261361796287044399e+02
3.627000000000000000e+05	3.261230598113436940e+02
3.636000000000000000e+05	3.261230598113436940e+02
3.636000000000000000e+05	3.238745839197181340e+02
3.645000000000000000e+05	3.238745839197181340e+02
3.645000000000000000e+05	3.238623122007482493e+02
3.654000000000000000e+05	3.238623122007482493e+02
3.654000000000000000e+05	3.260837298714712915e+02
3.663000000000000000e+05	3.260837298714712915e+02
3.663000000000000000e+05	3.260706297227695245e+02
3.672000000000000000e+05	3.260706297227695245e+02
3.672000000000000000e+05	3.234147117003140579e+02
3.681000000000000000e+05	3.234147117003140579e+02
3.681000000000000000e+05	3.260444441611910520e+02
3.690000000000000000e+05	3.260444441611910520e+02
3.690000000000000000e+05	3.260313587446306087e+02
3.699000000000000000e+05	3.260313587446306087e+02
3.699000000000000000e+05	3.260182782351014339e+02
3.708000000000000000e+05	3.260182782351014339e+02
3.708000000000000000e+05	3.241672202647341123e+02
3.717000000000000000e+05	3.241672202647341123e+02
3.717000000000000000e+05	3.212648387901348315e+02
3.726000000000000000e+05	3.212648387901348315e+02
3.726000000000000000e+05	3.212535457255885376e+02
3.735000000000000000e+05	3.212535457255885376e+02
3.735000000000000000e+05	3.211522568959414343e+02
3.744000000000000000e+05	3.211522568959414343e+02
3.744000000000000000e+05	3.211448262282746100e+02
3.753000000000000000e+05	3.211448262282746100e+02
3.753000000000000000e+05	3.210435781684390122e+02
3.762000000000000000e+05	3.210435781684390122e+02
3.762000000000000000e+05	3.209423680766258258e+02
3.771000000000000000e+05	3.209423680766258258e+02
3.771000000000000000e+05	3.208411959385970817e+02
3.780000000000000000e+05	3.208411959385970817e+02
3.780000000000000000e+05	3.206946112530725372e+02
3.789000000000000000e+05	3.206946112530725372e+02
3.789000000000000000e+05	3.224669409179547301e+02
3.798000000000000000e+05	3.224669409179547301e+02
3.798000000000000000e+05	3.224551970651104966e+02
3.807000000000000000e+05	3.224551970651104966e+02
3.807000000000000000e+05	3.223534576162110739e+02
3.816000000000000000e+05	3.223534576162110739e+02
3.816000000000000000e+05	3.205850450711366193e+02
3.825000000000000000e+05	3.205850450711366193e+02
3.825000000000000000e+05	3.205740069292349403e+02
3.834000000000000000e+05	3.205740069292349403e+02
3.834000000000000000e+05	3.205629729266364620e+02
3.843000000000000000e+05	3.205629729266364620e+02
3.843000000000000000e+05	3.205319430637889582e+02
3.852000000000000000e+05	3.205319430637889582e+02
3.852000000000000000e+05	3.221522070213917459e+02
3.861000000000000000e+05	3.221522070213917459e+02
3.861000000000000000e+05	3.222633306226547916e+02
3.870000000000000000e+05	3.222633306226547916e+02
3.870000000000000000e+05	3.222516631236713351e+02
3.879000000000000000e+05	3.222516631236713351e+02
3.879000000000000000e+05	3.221499999999999773e+02
3.888000000000000000e+05	3.221499999999999773e+02
3.888000000000000000e+05	3.213226034143101515e+02
3.897000000000000000e+05	3.213226034143101515e+02
3.897000000000000000e+05	3.213112886880298333e+02
3.906000000000000000e+05	3.213112886880298333e+02
3.906000000000000000e+05	3.212999782047718327e+02
3.915000000000000000e+05	3.212999782047718327e+02
3.915000000000000000e+05	3.212886719629450454e+02
3.924000000000000000e+05	3.212886719629450454e+02
3.924000000000000000e+05	3.210697997578111540e+02
3.933000000000000000e+05	3.210697997578111540e+02
3.933000000000000000e+05	3.210585798329019553e+02
3.942000000000000000e+05	3.210585798329019553e+02
3.942000000000000000e+05	3.210473641154646316e+02
3.951000000000000000e+05	3.210473641154646316e+02
3.951000000000000000e+05	3.210361526039213231e+02
3.960000000000000000e+05	3.210361526039213231e+02
3.960000000000000000e+05	3.209778495356205212e+02
3.969000000000000000e+05	3.209778495356205212e+02
3.969000000000000000e+05	3.209666640920446525e+02
3.978000000000000000e+05	3.209666640920446525e+02
3.978000000000000000e+05	3.209554828430101452e+02
3.987000000000000000e+05	3.209554828430101452e+02
3.987000000000000000e+05	3.208543057869439963e+02
3.996000000000000000e+05	3.208543057869439963e+02
3.996000000000000000e+05	3.207947998847457711e+02
4.005000000000000000e+05	3.207947998847457711e+02
4.005000000000000000e+05	3.207836830847890042e+02
4.014000000000000000e+05	3.207836830847890042e+02
4.014000000000000000e+05	3.236573072957374961e+02
4.023000000000000000e+05	3.236573072957374961e+02
4.023000000000000000e+05	3.235551170555015688e+02
4.032000000000000000e+05	3.235551170555015688e+02
4.032000000000000000e+05	3.204740797304838225e+02
4.041000000000000000e+05	3.204740797304838225e+02
4.041000000000000000e+05	3.204630832005848902e+02
4.050000000000000000e+05	3.204630832005848902e+02
4.050000000000000000e+05	3.204520907943846737e+02
4.059000000000000000e+05	3.204520907943846737e+02
4.059000000000000000e+05	3.203511025103368297e+02
4.068000000000000000e+05	3.203511025103368297e+02
4.068000000000000000e+05	3.202932605271689681e+02
4.077000000000000000e+05	3.202932605271689681e+02
4.077000000000000000e+05	3.202823318044712551e+02
4.086000000000000000e+05	3.202823318044712551e+02
4.086000000000000000e+05	3.202714071800446050e+02
4.095000000000000000e+05	3.202714071800446050e+02
4.095000000000000000e+05	3.202604866523520855e+02
4.104000000000000000e+05	3.202604866523520855e+02
4.104000000000000000e+05	3.202033733085017957e+02
4.113000000000000000e+05	3.202033733085017957e+02
4.113000000000000000e+05	3.201024782935110693e+02
4.122000000000000000e+05	3.201024782935110693e+02
4.122000000000000000e+05	3.200716211161509932e+02
4.131000000000000000e+05	3.200716211161509932e+02
4.131000000000000000e+05	3.200407755102324927e+02
4.140000000000000000e+05	3.200407755102324927e+02
4.140000000000000000e+05	3.199845466621973742e+02
4.149000000000000000e+05	3.199845466621973742e+02
4.149000000000000000e+05	3.198837337071990419e+02
4.158000000000000000e+05	3.198837337071990419e+02
4.158000000000000000e+05	3.198729585570588370e+02
4.167000000000000000e+05	3.198729585570588370e+02
4.167000000000000000e+05	3.198621874475999221e+02
4.176000000000000000e+05	3.198621874475999221e+02
4.176000000000000000e+05	3.198057496516717038e+02
4.185000000000000000e+05	3.198057496516717038e+02
4.185000000000000000e+05	3.197950037455523216e+02
4.194000000000000000e+05	3.197950037455523216e+02
4.194000000000000000e+05	3.197842618691477128e+02
4.203000000000000000e+05	3.197842618691477128e+02
4.203000000000000000e+05	3.191335239769468330e+02
4.212000000000000000e+05	3.191335239769468330e+02
4.212000000000000000e+05	3.190841396711645643e+02
4.221000000000000000e+05	3.190841396711645643e+02
4.221000000000000000e+05	3.190736643687878882e+02
4.230000000000000000e+05	3.190736643687878882e+02
4.230000000000000000e+05	3.189731929946495370e+02
4.239000000000000000e+05	3.189731929946495370e+02
4.239000000000000000e+05	3.170027592832765890e+02
4.248000000000000000e+05	3.170027592832765890e+02
4.248000000000000000e+05	3.169731130186796690e+02
4.257000000000000000e+05	3.169731130186796690e+02
4.257000000000000000e+05	3.169634293512976342e+02
4.266000000000000000e+05	3.169634293512976342e+02
4.266000000000000000e+05	3.169537493152909065e+02
4.275000000000000000e+05	3.169537493152909065e+02
4.275000000000000000e+05	3.169440729092976881e+02
4.284000000000000000e+05	3.169440729092976881e+02
4.284000000000000000e+05	3.168943230223779324e+02
4.293000000000000000e+05	3.168943230223779324e+02
4.293000000000000000e+05	3.168846689012445950e+02
4.302000000000000000e+05	3.168846689012445950e+02
4.302000000000000000e+05	3.168750184004066455e+02
4.311000000000000000e+05	3.168750184004066455e+02
4.311000000000000000e+05	3.197501083606117049e+02
4.320000000000000000e+05	3.197501083606117049e+02
4.320000000000000000e+05	3.165671598441984997e+02
4.329000000000000000e+05	3.165671598441984997e+02
4.329000000000000000e+05	3.215214561871936780e+02
4.338000000000000000e+05	3.215214561871936780e+02
4.338000000000000000e+05	3.258348197370695516e+02
4.347000000000000000e+05	3.258348197370695516e+02
4.347000000000000000e+05	3.258218129296681695e+02
4.356000000000000000e+05	3.258218129296681695e+02
4.356000000000000000e+05	3.207137366343519602e+02
4.365000000000000000e+05	3.207137366343519602e+02
4.365000000000000000e+05	3.251863528315055305e+02
4.374000000000000000e+05	3.251863528315055305e+02
4.374000000000000000e+05	3.251735891991937137e+02
4.383000000000000000e+05	3.251735891991937137e+02
4.383000000000000000e+05	3.251608303532440232e+02
4.392000000000000000e+05	3.251608303532440232e+02
4.392000000000000000e+05	3.202176103616939145e+02
4.401000000000000000e+05	3.202176103616939145e+02
4.401000000000000000e+05	3.235248006379584922e+02
4.410000000000000000e+05	3.235248006379584922e+02
4.410000000000000000e+05	3.276342825580454132e+02
4.419000000000000000e+05	3.276342825580454132e+02
4.419000000000000000e+05	3.276206009520861357e+02
4.428000000000000000e+05	3.276206009520861357e+02
4.428000000000000000e+05	3.245796894103971226e+02
4.437000000000000000e+05	3.245796894103971226e+02
4.437000000000000000e+05	3.275932531300458663e+02
4.446000000000000000e+05	3.275932531300458663e+02
4.446000000000000000e+05	3.275795869101221456e+02
4.455000000000000000e+05	3.275795869101221456e+02
4.455000000000000000e+05	3.275659258150308233e+02
4.464000000000000000e+05	3.275659258150308233e+02
4.464000000000000000e+05	3.261377325041823951e+02
4.473000000000000000e+05	3.261377325041823951e+02
4.473000000000000000e+05	3.261246121044933375e+02
4.482000000000000000e+05	3.261246121044933375e+02
4.482000000000000000e+05	3.261114966249541567e+02
4.491000000000000000e+05	3.261114966249541567e+02
4.491000000000000000e+05	3.283458459800338005e+02
4.500000000000000000e+05	3.283458459800338005e+02
4.500000000000000000e+05	3.271640298692007036e+02
4.509000000000000000e+05	3.271640298692007036e+02
4.509000000000000000e+05	3.271505246079997846e+02
4.518000000000000000e+05	3.271505246079997846e+02
4.518000000000000000e+05	3.271370244112717955e+02
4.527000000000000000e+05	3.271370244112717955e+02
4.527000000000000000e+05	3.271235292771175409e+02
4.536000000000000000e+05	3.271235292771175409e+02
4.536000000000000000e+05	3.270522381197224604e+02
4.545000000000000000e+05	3.270522381197224604e+02
4.545000000000000000e+05	3.270387747804275591e+02
4.554000000000000000e+05	3.270387747804275591e+02
4.554000000000000000e+05	3.270253164898849150e+02
4.563000000000000000e+05	3.270253164898849150e+02
4.563000000000000000e+05	3.270118632462011874e+02
4.572000000000000000e+05	3.270118632462011874e+02
4.572000000000000000e+05	3.269408038498978613e+02
4.581000000000000000e+05	3.269408038498978613e+02
4.581000000000000000e+05	3.240373822814541427e+02
4.590000000000000000e+05	3.240373822814541427e+02
4.590000000000000000e+05	3.240250495130985087e+02
4.599000000000000000e+05	3.240250495130985087e+02
4.599000000000000000e+05	3.239227213695310752e+02
4.608000000000000000e+05	3.239227213695310752e+02
4.608000000000000000e+05	3.239095996692033168e+02
4.617000000000000000e+05	3.239095996692033168e+02
4.617000000000000000e+05	3.238073148193273596e+02
4.626000000000000000e+05	3.238073148193273596e+02
4.626000000000000000e+05	3.237050683262701227e+02
4.635000000000000000e+05	3.237050683262701227e+02
4.635000000000000000e+05	3.236028601756477769e+02
4.644000000000000000e+05	3.236028601756477769e+02
4.644000000000000000e+05	3.234506219618986052e+02
4.653000000000000000e+05	3.234506219618986052e+02
4.653000000000000000e+05	3.233485092286628628e+02
4.662000000000000000e+05	3.233485092286628628e+02
4.662000000000000000e+05	3.233364347877021601e+02
4.671000000000000000e+05	3.233364347877021601e+02
4.671000000000000000e+05	3.232343648746567624e+02
4.680000000000000000e+05	3.232343648746567624e+02
4.680000000000000000e+05	3.231705223817176602e+02
4.689000000000000000e+05	3.231705223817176602e+02
4.689000000000000000e+05	3.231585146858245139e+02
4.698000000000000000e+05	3.231585146858245139e+02
4.698000000000000000e+05	3.231465114928173534e+02
4.707000000000000000e+05	3.231465114928173534e+02
4.707000000000000000e+05	3.231145128030075284e+02
4.716000000000000000e+05	3.231145128030075284e+02
4.716000000000000000e+05	3.230492503314924875e+02
4.725000000000000000e+05	3.230492503314924875e+02
4.725000000000000000e+05	3.230372881126291418e+02
4.734000000000000000e+05	3.230372881126291418e+02
4.734000000000000000e+05	3.246669502448245908e+02
4.743000000000000000e+05	3.246669502448245908e+02
4.743000000000000000e+05	3.245643813884827864e+02
4.752000000000000000e+05	3.245643813884827864e+02
4.752000000000000000e+05	3.216061274311363718e+02
4.761000000000000000e+05	3.216061274311363718e+02
4.761000000000000000e+05	3.221499999999999773e+02
4.770000000000000000e+05	3.221499999999999773e+02
4.770000000000000000e+05	3.222094276315789330e+02
4.779000000000000000e+05	3.222094276315789330e+02
4.779000000000000000e+05	3.231658061832767430e+02
4.788000000000000000e+05	3.231658061832767430e+02
4.788000000000000000e+05	3.229654911051425756e+02
4.797000000000000000e+05	3.229654911051425756e+02
4.797000000000000000e+05	3.229535602959781500e+02
4.806000000000000000e+05	3.229535602959781500e+02
4.806000000000000000e+05	3.229416339608671933e+02
4.815000000000000000e+05	3.229416339608671933e+02
4.815000000000000000e+05	3.229297120981318585e+02
4.824000000000000000e+05	3.229297120981318585e+02
4.824000000000000000e+05	3.228671186492506990e+02
4.833000000000000000e+05	3.228671186492506990e+02
4.833000000000000000e+05	3.228552247297571398e+02
4.842000000000000000e+05	3.228552247297571398e+02
4.842000000000000000e+05	3.228433352704835215e+02
4.851000000000000000e+05	3.228433352704835215e+02
4.851000000000000000e+05	3.227414502697570811e+02
4.860000000000000000e+05	3.227414502697570811e+02
4.860000000000000000e+05	3.226792228034283312e+02
4.869000000000000000e+05	3.226792228034283312e+02
4.869000000000000000e+05	3.226673993448770261e+02
4.878000000000000000e+05	3.226673993448770261e+02
4.878000000000000000e+05	3.226555803201227377e+02
4.887000000000000000e+05	3.226555803201227377e+02
4.887000000000000000e+05	3.225537657275026504e+02
4.896000000000000000e+05	3.225537657275026504e+02
4.896000000000000000e+05	3.224918481320741535e+02
4.905000000000000000e+05	3.224918481320741535e+02
4.905000000000000000e+05	3.224800949390246387e+02
4.914000000000000000e+05	3.224800949390246387e+02
4.914000000000000000e+05	3.224683461534224875e+02
4.923000000000000000e+05	3.224683461534224875e+02
4.923000000000000000e+05	3.223666017736149456e+02
4.932000000000000000e+05	3.223666017736149456e+02
4.932000000000000000e+05	3.223049924025650057e+02
4.941000000000000000e+05	3.223049924025650057e+02
4.941000000000000000e+05	3.222933092804140642e+02
4.950000000000000000e+05	3.222933092804140642e+02
4.950000000000000000e+05	3.222816305394339338e+02
4.959000000000000000e+05	3.222816305394339338e+02
4.959000000000000000e+05	3.222699561779816690e+02
4.968000000000000000e+05	3.222699561779816690e+02
4.968000000000000000e+05	3.222087295810801493e+02
4.977000000000000000e+05	3.222087295810801493e+02
4.977000000000000000e+05	3.221070825574872174e+02
4.986000000000000000e+05	3.221070825574872174e+02
4.986000000000000000e+05	3.220754736535281495e+02
4.995000000000000000e+05	3.220754736535281495e+02
4.995000000000000000e+05	3.220438766029080853e+02
5.004000000000000000e+05	3.220438766029080853e+02
5.004000000000000000e+05	3.222335341984771730e+02
5.013000000000000000e+05	3.222335341984771730e+02
5.013000000000000000e+05	3.221318778731526891e+02
5.022000000000000000e+05	3.221318778731526891e+02
5.022000000000000000e+05	3.250074859440315436e+02
5.031000000000000000e+05	3.250074859440315436e+02
5.031000000000000000e+05	3.249947893868025517e+02
5.040000000000000000e+05	3.249947893868025517e+02
5.040000000000000000e+05	3.218132156887495512e+02
5.049000000000000000e+05	3.218132156887495512e+02
5.049000000000000000e+05	3.218017169828663100e+02
5.058000000000000000e+05	3.218017169828663100e+02
5.058000000000000000e+05	3.249533153501308789e+02
5.067000000000000000e+05	3.249533153501308789e+02
5.067000000000000000e+05	3.225406389418745903e+02
5.076000000000000000e+05	3.225406389418745903e+02
5.076000000000000000e+05	3.195363050438579648e+02
5.085000000000000000e+05	3.195363050438579648e+02
5.085000000000000000e+05	3.195256601794664562e+02
5.094000000000000000e+05	3.195256601794664562e+02
5.094000000000000000e+05	3.194250193068991166e+02
5.103000000000000000e+05	3.194250193068991166e+02
5.103000000000000000e+05	3.174544161606590933e+02
5.112000000000000000e+05	3.174544161606590933e+02
5.112000000000000000e+05	3.174237184396192220e+02
5.121000000000000000e+05	3.174237184396192220e+02
5.121000000000000000e+05	3.174138657952043445e+02
5.130000000000000000e+05	3.174138657952043445e+02
5.130000000000000000e+05	3.174040168455311459e+02
5.139000000000000000e+05	3.174040168455311459e+02
5.139000000000000000e+05	3.173941715892140678e+02
5.148000000000000000e+05	3.173941715892140678e+02
5.148000000000000000e+05	3.173435592616399390e+02
5.157000000000000000e+05	3.173435592616399390e+02
5.157000000000000000e+05	3.173337366769168852e+02
5.166000000000000000e+05	3.173337366769168852e+02
5.166000000000000000e+05	3.173239177756630625e+02
5.175000000000000000e+05	3.173239177756630625e+02
5.175000000000000000e+05	3.173141025564971187e+02
5.184000000000000000e+05	3.173141025564971187e+02
5.184000000000000000e+05	3.172636352242738553e+02
5.193000000000000000e+05	3.172636352242738553e+02
5.193000000000000000e+05	3.172538426110647265e+02
5.202000000000000000e+05	3.172538426110647265e+02
5.202000000000000000e+05	3.172440536700855773e+02
5.211000000000000000e+05	3.172440536700855773e+02
5.211000000000000000e+05	3.172342683999593191e+02
5.220000000000000000e+05	3.172342683999593191e+02
5.220000000000000000e+05	3.171839457814224943e+02
5.229000000000000000e+05	3.171839457814224943e+02
5.229000000000000000e+05	3.171741830517544827e+02
5.238000000000000000e+05	3.171741830517544827e+02
5.238000000000000000e+05	3.171644239831100549e+02
5.247000000000000000e+05	3.171644239831100549e+02
5.247000000000000000e+05	3.171546685741164424e+02
5.256000000000000000e+05	3.171546685741164424e+02
5.256000000000000000e+05	3.171044903881918344e+02
5.265000000000000000e+05	3.171044903881918344e+02
5.265000000000000000e+05	3.199794942964015263e+02
5.274000000000000000e+05	3.199794942964015263e+02
5.274000000000000000e+05	3.199686832360403628e+02
5.283000000000000000e+05	3.199686832360403628e+02
5.283000000000000000e+05	3.199578762298268657e+02
5.292000000000000000e+05	3.199578762298268657e+02
5.292000000000000000e+05	3.181632405741156617e+02
5.301000000000000000e+05	3.181632405741156617e+02
5.301000000000000000e+05	3.206479106089003039e+02
5.310000000000000000e+05	3.206479106089003039e+02
5.310000000000000000e+05	3.234400848783347442e+02
5.319000000000000000e+05	3.234400848783347442e+02
5.319000000000000000e+05	3.234279760965054038e+02
5.328000000000000000e+05	3.234279760965054038e+02
5.328000000000000000e+05	3.224380805514493886e+02
5.337000000000000000e+05	3.224380805514493886e+02
5.337000000000000000e+05	3.224263475212450771e+02
5.346000000000000000e+05	3.224263475212450771e+02
5.346000000000000000e+05	3.262742506841056525e+02
5.355000000000000000e+05	3.262742506841056525e+02
5.355000000000000000e+05	3.262610790900991447e+02
5.364000000000000000e+05	3.262610790900991447e+02
5.364000000000000000e+05	3.221860980634185694e+02
5.373000000000000000e+05	3.221860980634185694e+02
5.373000000000000000e+05	3.221744595266447959e+02
5.382000000000000000e+05	3.221744595266447959e+02
5.382000000000000000e+05	3.221628253543223650e+02
5.391000000000000000e+05	3.221628253543223650e+02
5.391000000000000000e+05	3.221511955448144704e+02
5.400000000000000000e+05	3.221511955448144704e+02
5.400000000000000000e+05	3.220375521701309935e+02
5.409000000000000000e+05	3.220375521701309935e+02
5.409000000000000000e+05	3.241499999999999773e+02
5.418000000000000000e+05	3.241499999999999773e+02
5.418000000000000000e+05	3.261690161301129365e+02
5.427000000000000000e+05	3.261690161301129365e+02
5.427000000000000000e+05	3.261558839990642014e+02
5.436000000000000000e+05	3.261558839990642014e+02
5.436000000000000000e+05	3.242978983608255135e+02
5.445000000000000000e+05	3.242978983608255135e+02
5.445000000000000000e+05	3.213954678819401920e+02
5.454000000000000000e+05	3.213954678819401920e+02
5.454000000000000000e+05	3.213841258314844822e+02
5.463000000000000000e+05	3.213841258314844822e+02
5.463000000000000000e+05	3.212827880342976528e+02
5.472000000000000000e+05	3.212827880342976528e+02
5.472000000000000000e+05	3.212751301553930716e+02
5.481000000000000000e+05	3.212751301553930716e+02
5.481000000000000000e+05	3.211738332315847515e+02
5.490000000000000000e+05	3.211738332315847515e+02
5.490000000000000000e+05	3.210725742941229441e+02
5.499000000000000000e+05	3.210725742941229441e+02
5.499000000000000000e+05	3.209713533287626319e+02
5.508000000000000000e+05	3.209713533287626319e+02
5.508000000000000000e+05	3.208245338454798912e+02
5.517000000000000000e+05	3.208245338454798912e+02
5.517000000000000000e+05	3.226040315302115573e+02
5.526000000000000000e+05	3.226040315302115573e+02
5.526000000000000000e+05	3.225922362683877509e+02
5.535000000000000000e+05	3.225922362683877509e+02
5.535000000000000000e+05	3.224904454297870871e+02
5.544000000000000000e+05	3.224904454297870871e+02
5.544000000000000000e+05	3.208820648468449690e+02
5.553000000000000000e+05	3.208820648468449690e+02
5.553000000000000000e+05	3.251156438456288811e+02
5.562000000000000000e+05	3.251156438456288811e+02
5.562000000000000000e+05	3.251029067291868273e+02
5.571000000000000000e+05	3.251029067291868273e+02
5.571000000000000000e+05	3.250701743911633912e+02
5.580000000000000000e+05	3.250701743911633912e+02
5.580000000000000000e+05	3.215617942294975933e+02
5.589000000000000000e+05	3.215617942294975933e+02
5.589000000000000000e+05	3.215503898066615420e+02
5.598000000000000000e+05	3.215503898066615420e+02
5.598000000000000000e+05	3.215389896604840487e+02
5.607000000000000000e+05	3.215389896604840487e+02
5.607000000000000000e+05	3.214375937893613582e+02
5.616000000000000000e+05	3.214375937893613582e+02
5.616000000000000000e+05	3.228362184607777294e+02
5.625000000000000000e+05	3.228362184607777294e+02
5.625000000000000000e+05	3.228243361288549522e+02
5.634000000000000000e+05	3.228243361288549522e+02
5.634000000000000000e+05	3.228124582528066639e+02
5.643000000000000000e+05	3.228124582528066639e+02
5.643000000000000000e+05	3.228005848309618386e+02
5.652000000000000000e+05	3.228005848309618386e+02
5.652000000000000000e+05	3.217117972330424891e+02
5.661000000000000000e+05	3.217117972330424891e+02
5.661000000000000000e+05	3.217003365590800854e+02
5.670000000000000000e+05	3.217003365590800854e+02
5.670000000000000000e+05	3.216888801828704345e+02
5.679000000000000000e+05	3.216888801828704345e+02
5.679000000000000000e+05	3.216774281028019118e+02
5.688000000000000000e+05	3.216774281028019118e+02
5.688000000000000000e+05	3.216181366067859244e+02
5.697000000000000000e+05	3.216181366067859244e+02
5.697000000000000000e+05	3.216067110555583781e+02
5.706000000000000000e+05	3.216067110555583781e+02
5.706000000000000000e+05	3.215952897889125097e+02
5.715000000000000000e+05	3.215952897889125097e+02
5.715000000000000000e+05	3.214938728052417218e+02
5.724000000000000000e+05	3.214938728052417218e+02
5.724000000000000000e+05	3.214331298905292442e+02
5.733000000000000000e+05	3.214331298905292442e+02
5.733000000000000000e+05	3.214217737168202689e+02
5.742000000000000000e+05	3.214217737168202689e+02
5.742000000000000000e+05	3.214104218016764776e+02
5.751000000000000000e+05	3.214104218016764776e+02
5.751000000000000000e+05	3.213090741435008795e+02
5.760000000000000000e+05	3.213090741435008795e+02
5.760000000000000000e+05	3.212486511076143074e+02
5.769000000000000000e+05	3.212486511076143074e+02
5.769000000000000000e+05	3.212373641134489617e+02
5.778000000000000000e+05	3.212373641134489617e+02
5.778000000000000000e+05	3.212260813519064300e+02
5.787000000000000000e+05	3.212260813519064300e+02
5.787000000000000000e+05	3.211248028213994417e+02
5.796000000000000000e+05	3.211248028213994417e+02
5.796000000000000000e+05	3.210646987444563365e+02
5.805000000000000000e+05	3.210646987444563365e+02
5.805000000000000000e+05	3.210534807324271469e+02
5.814000000000000000e+05	3.210534807324271469e+02
5.814000000000000000e+05	3.210422669271525251e+02
5.823000000000000000e+05	3.210422669271525251e+02
5.823000000000000000e+05	3.210310573270548389e+02
5.832000000000000000e+05	3.210310573270548389e+02
5.832000000000000000e+05	3.209726775758827557e+02
5.841000000000000000e+05	3.209726775758827557e+02
5.841000000000000000e+05	3.206059940717918266e+02
5.850000000000000000e+05	3.206059940717918266e+02
5.850000000000000000e+05	3.205749480760148913e+02
5.859000000000000000e+05	3.205749480760148913e+02
5.859000000000000000e+05	3.205439137224864226e+02
5.868000000000000000e+05	3.205439137224864226e+02
5.868000000000000000e+05	3.204906810096556455e+02
5.877000000000000000e+05	3.204906810096556455e+02
5.877000000000000000e+05	3.203896782542769870e+02
5.886000000000000000e+05	3.203896782542769870e+02
5.886000000000000000e+05	3.204497660065105720e+02
5.895000000000000000e+05	3.204497660065105720e+02
5.895000000000000000e+05	3.204387785942581104e+02
5.904000000000000000e+05	3.204387785942581104e+02
5.904000000000000000e+05	3.198830615220513209e+02
5.913000000000000000e+05	3.198830615220513209e+02
5.913000000000000000e+05	3.224174481767674934e+02
5.922000000000000000e+05	3.224174481767674934e+02
5.922000000000000000e+05	3.224057228837012303e+02
5.931000000000000000e+05	3.224057228837012303e+02
5.931000000000000000e+05	3.217540019436198691e+02
5.940000000000000000e+05	3.217540019436198691e+02
5.940000000000000000e+05	3.189632469587703554e+02
5.949000000000000000e+05	3.189632469587703554e+02
5.949000000000000000e+05	3.189528169911607733e+02
5.958000000000000000e+05	3.189528169911607733e+02
5.958000000000000000e+05	3.188523909347890708e+02
5.967000000000000000e+05	3.188523909347890708e+02
5.967000000000000000e+05	3.168820025241885219e+02
5.976000000000000000e+05	3.168820025241885219e+02
5.976000000000000000e+05	3.168531854118012916e+02
5.985000000000000000e+05	3.168531854118012916e+02
5.985000000000000000e+05	3.168435467172718063e+02
5.994000000000000000e+05	3.168435467172718063e+02
5.994000000000000000e+05	3.168339116372528110e+02
6.003000000000000000e+05	3.168339116372528110e+02
6.003000000000000000e+05	3.168242801703888745e+02
6.012000000000000000e+05	3.168242801703888745e+02
6.012000000000000000e+05	3.167746052644381507e+02
6.021000000000000000e+05	3.167746052644381507e+02
6.021000000000000000e+05	3.217194935028228997e+02
6.030000000000000000e+05	3.217194935028228997e+02
6.030000000000000000e+05	3.217080299427593673e+02
6.039000000000000000e+05	3.217080299427593673e+02
6.039000000000000000e+05	3.216965706815308295e+02
6.048000000000000000e+05	3.216965706815308295e+02
