# #1
# double T_supply_UFH(1344, 2)
0.000000000000000000e+00	3.031499999999999773e+02
9.000000000000000000e+02	3.031499999999999773e+02
9.000000000000000000e+02	2.967875033493592127e+02
1.800000000000000000e+03	2.967875033493592127e+02
1.800000000000000000e+03	2.968251806458940791e+02
2.700000000000000000e+03	2.968251806458940791e+02
2.700000000000000000e+03	2.981810868395733110e+02
3.600000000000000000e+03	2.981810868395733110e+02
3.600000000000000000e+03	2.977925949063957773e+02
4.500000000000000000e+03	2.977925949063957773e+02
4.500000000000000000e+03	2.925508874622313442e+02
5.400000000000000000e+03	2.925508874622313442e+02
5.400000000000000000e+03	2.930459864908100940e+02
6.300000000000000000e+03	2.930459864908100940e+02
6.300000000000000000e+03	2.928228407402649509e+02
7.200000000000000000e+03	2.928228407402649509e+02
7.200000000000000000e+03	2.928243382615632981e+02
8.100000000000000000e+03	2.928243382615632981e+02
8.100000000000000000e+03	3.032779121602191026e+02
9.000000000000000000e+03	3.032779121602191026e+02
9.000000000000000000e+03	2.980046094711208866e+02
9.900000000000000000e+03	2.980046094711208866e+02
9.900000000000000000e+03	2.978675045362534775e+02
1.080000000000000000e+04	2.978675045362534775e+02
1.080000000000000000e+04	2.979506954131493330e+02
1.170000000000000000e+04	2.979506954131493330e+02
1.170000000000000000e+04	2.966178386886590488e+02
1.260000000000000000e+04	2.966178386886590488e+02
1.260000000000000000e+04	2.974273843811173492e+02
1.350000000000000000e+04	2.974273843811173492e+02
1.350000000000000000e+04	2.955975750296591968e+02
1.440000000000000000e+04	2.955975750296591968e+02
1.440000000000000000e+04	2.935123330195239078e+02
1.530000000000000000e+04	2.935123330195239078e+02
1.530000000000000000e+04	3.020092682326867930e+02
1.620000000000000000e+04	3.020092682326867930e+02
1.620000000000000000e+04	2.978522146349272361e+02
1.710000000000000000e+04	2.978522146349272361e+02
1.710000000000000000e+04	2.978881869106320437e+02
1.800000000000000000e+04	2.978881869106320437e+02
1.800000000000000000e+04	2.975158123083783153e+02
1.890000000000000000e+04	2.975158123083783153e+02
1.890000000000000000e+04	2.954371882109076068e+02
1.980000000000000000e+04	2.954371882109076068e+02
1.980000000000000000e+04	2.953958963061543841e+02
2.070000000000000000e+04	2.953958963061543841e+02
2.070000000000000000e+04	2.945731774147988062e+02
2.160000000000000000e+04	2.945731774147988062e+02
2.160000000000000000e+04	2.933613466829892786e+02
2.250000000000000000e+04	2.933613466829892786e+02
2.250000000000000000e+04	2.952071932915341677e+02
2.340000000000000000e+04	2.952071932915341677e+02
2.340000000000000000e+04	2.924741610467124815e+02
2.430000000000000000e+04	2.924741610467124815e+02
2.430000000000000000e+04	2.881499999999999773e+02
2.520000000000000000e+04	2.881499999999999773e+02
2.520000000000000000e+04	2.925526209097830019e+02
2.610000000000000000e+04	2.925526209097830019e+02
2.610000000000000000e+04	2.968855368029216493e+02
2.700000000000000000e+04	2.968855368029216493e+02
2.700000000000000000e+04	3.009158442121494090e+02
2.790000000000000000e+04	3.009158442121494090e+02
2.790000000000000000e+04	3.035026248814579617e+02
2.880000000000000000e+04	3.035026248814579617e+02
2.880000000000000000e+04	3.038469132474199910e+02
2.970000000000000000e+04	3.038469132474199910e+02
2.970000000000000000e+04	3.093821494283764082e+02
3.060000000000000000e+04	3.093821494283764082e+02
3.060000000000000000e+04	3.096681393414963281e+02
3.150000000000000000e+04	3.096681393414963281e+02
3.150000000000000000e+04	3.103756642536231993e+02
3.240000000000000000e+04	3.103756642536231993e+02
3.240000000000000000e+04	3.093700889594467185e+02
3.330000000000000000e+04	3.093700889594467185e+02
3.330000000000000000e+04	3.064759962399166398e+02
3.420000000000000000e+04	3.064759962399166398e+02
3.420000000000000000e+04	3.066114974564072213e+02
3.510000000000000000e+04	3.066114974564072213e+02
3.510000000000000000e+04	3.064412239360025865e+02
3.600000000000000000e+04	3.064412239360025865e+02
3.600000000000000000e+04	3.044147392561972083e+02
3.690000000000000000e+04	3.044147392561972083e+02
3.690000000000000000e+04	3.024920347966354939e+02
3.780000000000000000e+04	3.024920347966354939e+02
3.780000000000000000e+04	3.036065003435707013e+02
3.870000000000000000e+04	3.036065003435707013e+02
3.870000000000000000e+04	3.024480423525675974e+02
3.960000000000000000e+04	3.024480423525675974e+02
3.960000000000000000e+04	3.016116556819537777e+02
4.050000000000000000e+04	3.016116556819537777e+02
4.050000000000000000e+04	3.005196666076197971e+02
4.140000000000000000e+04	3.005196666076197971e+02
4.140000000000000000e+04	3.002773596364272066e+02
4.230000000000000000e+04	3.002773596364272066e+02
4.230000000000000000e+04	3.002240744296644834e+02
4.320000000000000000e+04	3.002240744296644834e+02
4.320000000000000000e+04	2.979070152444048745e+02
4.410000000000000000e+04	2.979070152444048745e+02
4.410000000000000000e+04	2.990254569851417159e+02
4.500000000000000000e+04	2.990254569851417159e+02
4.500000000000000000e+04	2.990838262649876356e+02
4.590000000000000000e+04	2.990838262649876356e+02
4.590000000000000000e+04	2.985078423812919937e+02
4.680000000000000000e+04	2.985078423812919937e+02
4.680000000000000000e+04	2.962479296476503237e+02
4.770000000000000000e+04	2.962479296476503237e+02
4.770000000000000000e+04	2.979760956399786096e+02
4.860000000000000000e+04	2.979760956399786096e+02
4.860000000000000000e+04	2.966638101751366321e+02
4.950000000000000000e+04	2.966638101751366321e+02
4.950000000000000000e+04	2.966317633528551596e+02
5.040000000000000000e+04	2.966317633528551596e+02
5.040000000000000000e+04	2.944102745247360531e+02
5.130000000000000000e+04	2.944102745247360531e+02
5.130000000000000000e+04	2.969601243791572642e+02
5.220000000000000000e+04	2.969601243791572642e+02
5.220000000000000000e+04	2.954535117687449315e+02
5.310000000000000000e+04	2.954535117687449315e+02
5.310000000000000000e+04	2.956864531172691386e+02
5.400000000000000000e+04	2.956864531172691386e+02
5.400000000000000000e+04	2.958503142035339692e+02
5.490000000000000000e+04	2.958503142035339692e+02
5.490000000000000000e+04	2.948756794984056455e+02
5.580000000000000000e+04	2.948756794984056455e+02
5.580000000000000000e+04	2.949741348353394415e+02
5.670000000000000000e+04	2.949741348353394415e+02
5.670000000000000000e+04	2.949752278314434193e+02
5.760000000000000000e+04	2.949752278314434193e+02
5.760000000000000000e+04	2.950745196650696585e+02
5.850000000000000000e+04	2.950745196650696585e+02
5.850000000000000000e+04	2.947539112209677796e+02
5.940000000000000000e+04	2.947539112209677796e+02
5.940000000000000000e+04	2.951519689937780981e+02
6.030000000000000000e+04	2.951519689937780981e+02
6.030000000000000000e+04	2.950776025590175209e+02
6.120000000000000000e+04	2.950776025590175209e+02
6.120000000000000000e+04	2.953833745184675195e+02
6.210000000000000000e+04	2.953833745184675195e+02
6.210000000000000000e+04	2.956924667378100366e+02
6.300000000000000000e+04	2.956924667378100366e+02
6.300000000000000000e+04	2.971162878384561736e+02
6.390000000000000000e+04	2.971162878384561736e+02
6.390000000000000000e+04	2.977067102715008673e+02
6.480000000000000000e+04	2.977067102715008673e+02
6.480000000000000000e+04	2.972587238834414052e+02
6.570000000000000000e+04	2.972587238834414052e+02
6.570000000000000000e+04	2.983123887087182879e+02
6.660000000000000000e+04	2.983123887087182879e+02
6.660000000000000000e+04	2.979771078917842146e+02
6.750000000000000000e+04	2.979771078917842146e+02
6.750000000000000000e+04	2.979940408652981887e+02
6.840000000000000000e+04	2.979940408652981887e+02
6.840000000000000000e+04	2.949118858730164447e+02
6.930000000000000000e+04	2.949118858730164447e+02
6.930000000000000000e+04	3.035458324424297416e+02
7.020000000000000000e+04	3.035458324424297416e+02
7.020000000000000000e+04	2.990033103652789919e+02
7.110000000000000000e+04	2.990033103652789919e+02
7.110000000000000000e+04	2.993344331102655360e+02
7.200000000000000000e+04	2.993344331102655360e+02
7.200000000000000000e+04	2.970152551500782465e+02
7.290000000000000000e+04	2.970152551500782465e+02
7.290000000000000000e+04	3.014886342258300260e+02
7.380000000000000000e+04	3.014886342258300260e+02
7.380000000000000000e+04	2.981885018250720236e+02
7.470000000000000000e+04	2.981885018250720236e+02
7.470000000000000000e+04	2.968377243782954906e+02
7.560000000000000000e+04	2.968377243782954906e+02
7.560000000000000000e+04	2.943049530722654481e+02
7.650000000000000000e+04	2.943049530722654481e+02
7.650000000000000000e+04	2.966722965419254479e+02
7.740000000000000000e+04	2.966722965419254479e+02
7.740000000000000000e+04	2.951091792473908413e+02
7.830000000000000000e+04	2.951091792473908413e+02
7.830000000000000000e+04	2.943221493355018197e+02
7.920000000000000000e+04	2.943221493355018197e+02
7.920000000000000000e+04	2.930769391220121065e+02
8.010000000000000000e+04	2.930769391220121065e+02
8.010000000000000000e+04	2.898322983242639452e+02
8.100000000000000000e+04	2.898322983242639452e+02
8.100000000000000000e+04	2.911353192989616332e+02
8.190000000000000000e+04	2.911353192989616332e+02
8.190000000000000000e+04	2.915189753450754324e+02
8.280000000000000000e+04	2.915189753450754324e+02
8.280000000000000000e+04	2.922873062744596950e+02
8.370000000000000000e+04	2.922873062744596950e+02
8.370000000000000000e+04	2.897275991317899866e+02
8.460000000000000000e+04	2.897275991317899866e+02
8.460000000000000000e+04	2.908694304286439092e+02
8.550000000000000000e+04	2.908694304286439092e+02
8.550000000000000000e+04	2.912334794939552012e+02
8.640000000000000000e+04	2.912334794939552012e+02
8.640000000000000000e+04	2.920468557495798336e+02
8.730000000000000000e+04	2.920468557495798336e+02
8.730000000000000000e+04	2.895795069863594904e+02
8.820000000000000000e+04	2.895795069863594904e+02
8.820000000000000000e+04	2.906828627458235701e+02
8.910000000000000000e+04	2.906828627458235701e+02
8.910000000000000000e+04	2.911126121795344375e+02
9.000000000000000000e+04	2.911126121795344375e+02
9.000000000000000000e+04	2.918347009652322868e+02
9.090000000000000000e+04	2.918347009652322868e+02
9.090000000000000000e+04	2.894236421977979603e+02
9.180000000000000000e+04	2.894236421977979603e+02
9.180000000000000000e+04	2.904989271856471760e+02
9.270000000000000000e+04	2.904989271856471760e+02
9.270000000000000000e+04	2.960210805581550630e+02
9.360000000000000000e+04	2.960210805581550630e+02
9.360000000000000000e+04	2.921034184618416134e+02
9.450000000000000000e+04	2.921034184618416134e+02
9.450000000000000000e+04	2.933984351683561727e+02
9.540000000000000000e+04	2.933984351683561727e+02
9.540000000000000000e+04	2.919943926889345107e+02
9.630000000000000000e+04	2.919943926889345107e+02
9.630000000000000000e+04	2.918089782354999215e+02
9.720000000000000000e+04	2.918089782354999215e+02
9.720000000000000000e+04	2.918526865354728557e+02
9.810000000000000000e+04	2.918526865354728557e+02
9.810000000000000000e+04	2.903264408058774393e+02
9.900000000000000000e+04	2.903264408058774393e+02
9.900000000000000000e+04	2.917580496137861132e+02
9.990000000000000000e+04	2.917580496137861132e+02
9.990000000000000000e+04	2.949858053570281982e+02
1.008000000000000000e+05	2.949858053570281982e+02
1.008000000000000000e+05	2.941767511328887394e+02
1.017000000000000000e+05	2.941767511328887394e+02
1.017000000000000000e+05	2.943528001964980945e+02
1.026000000000000000e+05	2.943528001964980945e+02
1.026000000000000000e+05	2.934168707884902005e+02
1.035000000000000000e+05	2.934168707884902005e+02
1.035000000000000000e+05	2.929199193135717110e+02
1.044000000000000000e+05	2.929199193135717110e+02
1.044000000000000000e+05	2.927872453947330200e+02
1.053000000000000000e+05	2.927872453947330200e+02
1.053000000000000000e+05	3.018626684541728764e+02
1.062000000000000000e+05	3.018626684541728764e+02
1.062000000000000000e+05	2.971967203088843235e+02
1.071000000000000000e+05	2.971967203088843235e+02
1.071000000000000000e+05	2.955385605331818510e+02
1.080000000000000000e+05	2.955385605331818510e+02
1.080000000000000000e+05	2.930532998623887693e+02
1.089000000000000000e+05	2.930532998623887693e+02
1.089000000000000000e+05	2.944306528834751475e+02
1.098000000000000000e+05	2.944306528834751475e+02
1.098000000000000000e+05	2.941499999999999204e+02
1.107000000000000000e+05	2.941499999999999204e+02
1.107000000000000000e+05	2.967783431145263648e+02
1.116000000000000000e+05	2.967783431145263648e+02
1.116000000000000000e+05	2.969883042451668302e+02
1.125000000000000000e+05	2.969883042451668302e+02
1.125000000000000000e+05	2.984271717733178093e+02
1.134000000000000000e+05	2.984271717733178093e+02
1.134000000000000000e+05	3.024809376535845900e+02
1.143000000000000000e+05	3.024809376535845900e+02
1.143000000000000000e+05	3.048185468415906598e+02
1.152000000000000000e+05	3.048185468415906598e+02
1.152000000000000000e+05	3.050635775162979826e+02
1.161000000000000000e+05	3.050635775162979826e+02
1.161000000000000000e+05	3.103361667308403185e+02
1.170000000000000000e+05	3.103361667308403185e+02
1.170000000000000000e+05	3.103886632780443620e+02
1.179000000000000000e+05	3.103886632780443620e+02
1.179000000000000000e+05	3.109430587998338638e+02
1.188000000000000000e+05	3.109430587998338638e+02
1.188000000000000000e+05	3.091521871633307228e+02
1.197000000000000000e+05	3.091521871633307228e+02
1.197000000000000000e+05	3.051364039627120519e+02
1.206000000000000000e+05	3.051364039627120519e+02
1.206000000000000000e+05	3.081731280296341993e+02
1.215000000000000000e+05	3.081731280296341993e+02
1.215000000000000000e+05	3.064943482887611026e+02
1.224000000000000000e+05	3.064943482887611026e+02
1.224000000000000000e+05	3.050373995489587173e+02
1.233000000000000000e+05	3.050373995489587173e+02
1.233000000000000000e+05	2.969526034584455374e+02
1.242000000000000000e+05	2.969526034584455374e+02
1.242000000000000000e+05	2.970491520462318249e+02
1.251000000000000000e+05	2.970491520462318249e+02
1.251000000000000000e+05	2.963473802967993720e+02
1.260000000000000000e+05	2.963473802967993720e+02
1.260000000000000000e+05	2.963084062349770420e+02
1.269000000000000000e+05	2.963084062349770420e+02
1.269000000000000000e+05	3.055832805682701405e+02
1.278000000000000000e+05	3.055832805682701405e+02
1.278000000000000000e+05	3.002478845513686565e+02
1.287000000000000000e+05	3.002478845513686565e+02
1.287000000000000000e+05	3.021715620798590862e+02
1.296000000000000000e+05	3.021715620798590862e+02
1.296000000000000000e+05	2.994793220944181940e+02
1.305000000000000000e+05	2.994793220944181940e+02
1.305000000000000000e+05	2.994623003345143388e+02
1.314000000000000000e+05	2.994623003345143388e+02
1.314000000000000000e+05	3.005368075513140411e+02
1.323000000000000000e+05	3.005368075513140411e+02
1.323000000000000000e+05	2.994042638854861025e+02
1.332000000000000000e+05	2.994042638854861025e+02
1.332000000000000000e+05	2.964220348885808676e+02
1.341000000000000000e+05	2.964220348885808676e+02
1.341000000000000000e+05	3.012189576348341689e+02
1.350000000000000000e+05	3.012189576348341689e+02
1.350000000000000000e+05	2.979872426061351689e+02
1.359000000000000000e+05	2.979872426061351689e+02
1.359000000000000000e+05	2.984940468034182004e+02
1.368000000000000000e+05	2.984940468034182004e+02
1.368000000000000000e+05	2.947577966792708253e+02
1.377000000000000000e+05	2.947577966792708253e+02
1.377000000000000000e+05	3.025283740561559398e+02
1.386000000000000000e+05	3.025283740561559398e+02
1.386000000000000000e+05	2.981384282260289638e+02
1.395000000000000000e+05	2.981384282260289638e+02
1.395000000000000000e+05	2.970868953212337829e+02
1.404000000000000000e+05	2.970868953212337829e+02
1.404000000000000000e+05	2.961911779606363666e+02
1.413000000000000000e+05	2.961911779606363666e+02
1.413000000000000000e+05	3.001862179344155948e+02
1.422000000000000000e+05	3.001862179344155948e+02
1.422000000000000000e+05	2.969030606985762120e+02
1.431000000000000000e+05	2.969030606985762120e+02
1.431000000000000000e+05	2.971961401733267394e+02
1.440000000000000000e+05	2.971961401733267394e+02
1.440000000000000000e+05	2.971976885364492773e+02
1.449000000000000000e+05	2.971976885364492773e+02
1.449000000000000000e+05	2.959386320864998083e+02
1.458000000000000000e+05	2.959386320864998083e+02
1.458000000000000000e+05	2.961540464185291057e+02
1.467000000000000000e+05	2.961540464185291057e+02
1.467000000000000000e+05	2.963796416854610811e+02
1.476000000000000000e+05	2.963796416854610811e+02
1.476000000000000000e+05	2.959549905889478509e+02
1.485000000000000000e+05	2.959549905889478509e+02
1.485000000000000000e+05	2.964579340862337631e+02
1.494000000000000000e+05	2.964579340862337631e+02
1.494000000000000000e+05	2.974193725620256146e+02
1.503000000000000000e+05	2.974193725620256146e+02
1.503000000000000000e+05	2.979617410263837769e+02
1.512000000000000000e+05	2.979617410263837769e+02
1.512000000000000000e+05	2.967898325096995222e+02
1.521000000000000000e+05	2.967898325096995222e+02
1.521000000000000000e+05	2.988548054061724883e+02
1.530000000000000000e+05	2.988548054061724883e+02
1.530000000000000000e+05	2.978033596217998138e+02
1.539000000000000000e+05	2.978033596217998138e+02
1.539000000000000000e+05	2.977966320945484426e+02
1.548000000000000000e+05	2.977966320945484426e+02
1.548000000000000000e+05	2.975967316234479654e+02
1.557000000000000000e+05	2.975967316234479654e+02
1.557000000000000000e+05	2.948592711212854169e+02
1.566000000000000000e+05	2.948592711212854169e+02
1.566000000000000000e+05	2.969837112715473495e+02
1.575000000000000000e+05	2.969837112715473495e+02
1.575000000000000000e+05	2.971881815316102120e+02
1.584000000000000000e+05	2.971881815316102120e+02
1.584000000000000000e+05	2.946913144740739767e+02
1.593000000000000000e+05	2.946913144740739767e+02
1.593000000000000000e+05	2.997838467274502818e+02
1.602000000000000000e+05	2.997838467274502818e+02
1.602000000000000000e+05	2.969698139351678492e+02
1.611000000000000000e+05	2.969698139351678492e+02
1.611000000000000000e+05	2.958497293170984790e+02
1.620000000000000000e+05	2.958497293170984790e+02
1.620000000000000000e+05	2.950049925475914279e+02
1.629000000000000000e+05	2.950049925475914279e+02
1.629000000000000000e+05	2.971263804694277155e+02
1.638000000000000000e+05	2.971263804694277155e+02
1.638000000000000000e+05	2.954980306175233977e+02
1.647000000000000000e+05	2.954980306175233977e+02
1.647000000000000000e+05	2.948054702092039747e+02
1.656000000000000000e+05	2.948054702092039747e+02
1.656000000000000000e+05	2.933615204256603874e+02
1.665000000000000000e+05	2.933615204256603874e+02
1.665000000000000000e+05	2.900507046027708498e+02
1.674000000000000000e+05	2.900507046027708498e+02
1.674000000000000000e+05	2.913370745634866807e+02
1.683000000000000000e+05	2.913370745634866807e+02
1.683000000000000000e+05	2.917063592209267995e+02
1.692000000000000000e+05	2.917063592209267995e+02
1.692000000000000000e+05	2.924488796272320883e+02
1.701000000000000000e+05	2.924488796272320883e+02
1.701000000000000000e+05	2.899459151154227925e+02
1.710000000000000000e+05	2.899459151154227925e+02
1.710000000000000000e+05	2.910612652219726328e+02
1.719000000000000000e+05	2.910612652219726328e+02
1.719000000000000000e+05	2.914178696922515428e+02
1.728000000000000000e+05	2.914178696922515428e+02
1.728000000000000000e+05	2.922437972781016811e+02
1.737000000000000000e+05	2.922437972781016811e+02
1.737000000000000000e+05	2.898032776596768372e+02
1.746000000000000000e+05	2.898032776596768372e+02
1.746000000000000000e+05	2.908965808040709931e+02
1.755000000000000000e+05	2.908965808040709931e+02
1.755000000000000000e+05	2.912482604989301080e+02
1.764000000000000000e+05	2.912482604989301080e+02
1.764000000000000000e+05	2.920756893937643781e+02
1.773000000000000000e+05	2.920756893937643781e+02
1.773000000000000000e+05	2.896587178815953507e+02
1.782000000000000000e+05	2.896587178815953507e+02
1.782000000000000000e+05	2.907402039645486980e+02
1.791000000000000000e+05	2.907402039645486980e+02
1.791000000000000000e+05	2.910878242355025236e+02
1.800000000000000000e+05	2.910878242355025236e+02
1.800000000000000000e+05	2.919104577904547568e+02
1.809000000000000000e+05	2.919104577904547568e+02
1.809000000000000000e+05	2.895969739404218330e+02
1.818000000000000000e+05	2.895969739404218330e+02
1.818000000000000000e+05	2.917958812228526995e+02
1.827000000000000000e+05	2.917958812228526995e+02
1.827000000000000000e+05	2.915877326666546878e+02
1.836000000000000000e+05	2.915877326666546878e+02
1.836000000000000000e+05	2.928896831359329553e+02
1.845000000000000000e+05	2.928896831359329553e+02
1.845000000000000000e+05	2.912360369414369075e+02
1.854000000000000000e+05	2.912360369414369075e+02
1.854000000000000000e+05	2.926740454910568019e+02
1.863000000000000000e+05	2.926740454910568019e+02
1.863000000000000000e+05	2.926910244709131916e+02
1.872000000000000000e+05	2.926910244709131916e+02
1.872000000000000000e+05	2.926542883137788635e+02
1.881000000000000000e+05	2.926542883137788635e+02
1.881000000000000000e+05	2.940779837627580378e+02
1.890000000000000000e+05	2.940779837627580378e+02
1.890000000000000000e+05	2.935661264348074724e+02
1.899000000000000000e+05	2.935661264348074724e+02
1.899000000000000000e+05	2.937398459880168957e+02
1.908000000000000000e+05	2.937398459880168957e+02
1.908000000000000000e+05	2.936512357767660433e+02
1.917000000000000000e+05	2.936512357767660433e+02
1.917000000000000000e+05	2.938160932031596531e+02
1.926000000000000000e+05	2.938160932031596531e+02
1.926000000000000000e+05	2.924804288167125605e+02
1.935000000000000000e+05	2.924804288167125605e+02
1.935000000000000000e+05	2.919519307782564397e+02
1.944000000000000000e+05	2.919519307782564397e+02
1.944000000000000000e+05	2.920135360751674511e+02
1.953000000000000000e+05	2.920135360751674511e+02
1.953000000000000000e+05	2.924910291883223863e+02
1.962000000000000000e+05	2.924910291883223863e+02
1.962000000000000000e+05	2.920100529677384316e+02
1.971000000000000000e+05	2.920100529677384316e+02
1.971000000000000000e+05	2.919391135617623263e+02
1.980000000000000000e+05	2.919391135617623263e+02
1.980000000000000000e+05	2.919403043306909353e+02
1.989000000000000000e+05	2.919403043306909353e+02
1.989000000000000000e+05	2.959963014093008269e+02
1.998000000000000000e+05	2.959963014093008269e+02
1.998000000000000000e+05	3.003917069190772509e+02
2.007000000000000000e+05	3.003917069190772509e+02
2.007000000000000000e+05	3.031437465129585007e+02
2.016000000000000000e+05	3.031437465129585007e+02
2.016000000000000000e+05	3.033267747480619505e+02
2.025000000000000000e+05	3.033267747480619505e+02
2.025000000000000000e+05	3.106643710839173878e+02
2.034000000000000000e+05	3.106643710839173878e+02
2.034000000000000000e+05	3.103286990864617678e+02
2.043000000000000000e+05	3.103286990864617678e+02
2.043000000000000000e+05	3.087867500833331178e+02
2.052000000000000000e+05	3.087867500833331178e+02
2.052000000000000000e+05	3.081988643745556260e+02
2.061000000000000000e+05	3.081988643745556260e+02
2.061000000000000000e+05	3.035736526026180968e+02
2.070000000000000000e+05	3.035736526026180968e+02
2.070000000000000000e+05	3.053089282828901219e+02
2.079000000000000000e+05	3.053089282828901219e+02
2.079000000000000000e+05	3.049786694134196523e+02
2.088000000000000000e+05	3.049786694134196523e+02
2.088000000000000000e+05	3.026128463857169208e+02
2.097000000000000000e+05	3.026128463857169208e+02
2.097000000000000000e+05	3.014862709705063253e+02
2.106000000000000000e+05	3.014862709705063253e+02
2.106000000000000000e+05	3.032844018932054837e+02
2.115000000000000000e+05	3.032844018932054837e+02
2.115000000000000000e+05	3.014807909730313327e+02
2.124000000000000000e+05	3.014807909730313327e+02
2.124000000000000000e+05	2.998868488186353716e+02
2.133000000000000000e+05	2.998868488186353716e+02
2.133000000000000000e+05	3.018409618419930212e+02
2.142000000000000000e+05	3.018409618419930212e+02
2.142000000000000000e+05	2.996842594601844780e+02
2.151000000000000000e+05	2.996842594601844780e+02
2.151000000000000000e+05	2.999618685645384062e+02
2.160000000000000000e+05	2.999618685645384062e+02
2.160000000000000000e+05	2.971009497173513410e+02
2.169000000000000000e+05	2.971009497173513410e+02
2.169000000000000000e+05	3.016074123555736719e+02
2.178000000000000000e+05	3.016074123555736719e+02
2.178000000000000000e+05	2.988501771283237645e+02
2.187000000000000000e+05	2.988501771283237645e+02
2.187000000000000000e+05	2.998681623767904512e+02
2.196000000000000000e+05	2.998681623767904512e+02
2.196000000000000000e+05	2.952494490346225575e+02
2.205000000000000000e+05	2.952494490346225575e+02
2.205000000000000000e+05	3.037414387309391373e+02
2.214000000000000000e+05	3.037414387309391373e+02
2.214000000000000000e+05	2.989397490082440640e+02
2.223000000000000000e+05	2.989397490082440640e+02
2.223000000000000000e+05	2.990801976532665662e+02
2.232000000000000000e+05	2.990801976532665662e+02
2.232000000000000000e+05	2.981850762962795329e+02
2.241000000000000000e+05	2.981850762962795329e+02
2.241000000000000000e+05	2.983627066311246949e+02
2.250000000000000000e+05	2.983627066311246949e+02
2.250000000000000000e+05	2.982365377158491810e+02
2.259000000000000000e+05	2.982365377158491810e+02
2.259000000000000000e+05	2.982171729411707020e+02
2.268000000000000000e+05	2.982171729411707020e+02
2.268000000000000000e+05	2.983820348984629049e+02
2.277000000000000000e+05	2.983820348984629049e+02
2.277000000000000000e+05	2.972261707871863905e+02
2.286000000000000000e+05	2.972261707871863905e+02
2.286000000000000000e+05	2.969020321952907011e+02
2.295000000000000000e+05	2.969020321952907011e+02
2.295000000000000000e+05	2.968552478894412729e+02
2.304000000000000000e+05	2.968552478894412729e+02
2.304000000000000000e+05	2.966801656873362276e+02
2.313000000000000000e+05	2.966801656873362276e+02
2.313000000000000000e+05	2.971252209217008158e+02
2.322000000000000000e+05	2.971252209217008158e+02
2.322000000000000000e+05	2.958747538036931815e+02
2.331000000000000000e+05	2.958747538036931815e+02
2.331000000000000000e+05	2.959062968341555120e+02
2.340000000000000000e+05	2.959062968341555120e+02
2.340000000000000000e+05	2.952044388345131551e+02
2.349000000000000000e+05	2.952044388345131551e+02
2.349000000000000000e+05	2.982813863043468245e+02
2.358000000000000000e+05	2.982813863043468245e+02
2.358000000000000000e+05	2.976377722117561007e+02
2.367000000000000000e+05	2.976377722117561007e+02
2.367000000000000000e+05	2.984282211282018125e+02
2.376000000000000000e+05	2.984282211282018125e+02
2.376000000000000000e+05	2.976294334130943753e+02
2.385000000000000000e+05	2.976294334130943753e+02
2.385000000000000000e+05	2.987888400953390828e+02
2.394000000000000000e+05	2.987888400953390828e+02
2.394000000000000000e+05	2.969791515982860233e+02
2.403000000000000000e+05	2.969791515982860233e+02
2.403000000000000000e+05	2.989320657262650798e+02
2.412000000000000000e+05	2.989320657262650798e+02
2.412000000000000000e+05	2.947966554761838438e+02
2.421000000000000000e+05	2.947966554761838438e+02
2.421000000000000000e+05	3.034410295402693123e+02
2.430000000000000000e+05	3.034410295402693123e+02
2.430000000000000000e+05	2.989026318045590642e+02
2.439000000000000000e+05	2.989026318045590642e+02
2.439000000000000000e+05	2.995066186762835514e+02
2.448000000000000000e+05	2.995066186762835514e+02
2.448000000000000000e+05	2.986368472873222686e+02
2.457000000000000000e+05	2.986368472873222686e+02
2.457000000000000000e+05	2.991192531328266568e+02
2.466000000000000000e+05	2.991192531328266568e+02
2.466000000000000000e+05	2.971711840844566268e+02
2.475000000000000000e+05	2.971711840844566268e+02
2.475000000000000000e+05	2.961837891665121560e+02
2.484000000000000000e+05	2.961837891665121560e+02
2.484000000000000000e+05	2.945478023986883045e+02
2.493000000000000000e+05	2.945478023986883045e+02
2.493000000000000000e+05	2.968343899583541088e+02
2.502000000000000000e+05	2.968343899583541088e+02
2.502000000000000000e+05	2.952499087506808451e+02
2.511000000000000000e+05	2.952499087506808451e+02
2.511000000000000000e+05	2.945978544271608826e+02
2.520000000000000000e+05	2.945978544271608826e+02
2.520000000000000000e+05	2.931892240355623471e+02
2.529000000000000000e+05	2.931892240355623471e+02
2.529000000000000000e+05	2.899261334552509766e+02
2.538000000000000000e+05	2.899261334552509766e+02
2.538000000000000000e+05	2.912252503480202108e+02
2.547000000000000000e+05	2.912252503480202108e+02
2.547000000000000000e+05	2.916058926721930789e+02
2.556000000000000000e+05	2.916058926721930789e+02
2.556000000000000000e+05	2.923793187718312083e+02
2.565000000000000000e+05	2.923793187718312083e+02
2.565000000000000000e+05	2.898268256609961782e+02
2.574000000000000000e+05	2.898268256609961782e+02
2.574000000000000000e+05	2.909662840360834934e+02
2.583000000000000000e+05	2.909662840360834934e+02
2.583000000000000000e+05	2.913305028092749467e+02
2.592000000000000000e+05	2.913305028092749467e+02
2.592000000000000000e+05	2.921607988315020066e+02
2.601000000000000000e+05	2.921607988315020066e+02
2.601000000000000000e+05	2.896854588880815982e+02
2.610000000000000000e+05	2.896854588880815982e+02
2.610000000000000000e+05	2.907942475244171305e+02
2.619000000000000000e+05	2.907942475244171305e+02
2.619000000000000000e+05	2.911502631918584711e+02
2.628000000000000000e+05	2.911502631918584711e+02
2.628000000000000000e+05	2.919741738205661363e+02
2.637000000000000000e+05	2.919741738205661363e+02
2.637000000000000000e+05	2.895393979742405008e+02
2.646000000000000000e+05	2.895393979742405008e+02
2.646000000000000000e+05	2.906284461894362607e+02
2.655000000000000000e+05	2.906284461894362607e+02
2.655000000000000000e+05	2.909777809908306949e+02
2.664000000000000000e+05	2.909777809908306949e+02
2.664000000000000000e+05	2.917912687653187049e+02
2.673000000000000000e+05	2.917912687653187049e+02
2.673000000000000000e+05	2.893870222295813051e+02
2.682000000000000000e+05	2.893870222295813051e+02
2.682000000000000000e+05	2.904606714030185799e+02
2.691000000000000000e+05	2.904606714030185799e+02
2.691000000000000000e+05	2.908046832161653015e+02
2.700000000000000000e+05	2.908046832161653015e+02
2.700000000000000000e+05	2.916098070988545601e+02
2.709000000000000000e+05	2.916098070988545601e+02
2.709000000000000000e+05	2.892297307858053159e+02
2.718000000000000000e+05	2.892297307858053159e+02
2.718000000000000000e+05	2.902914497343091398e+02
2.727000000000000000e+05	2.902914497343091398e+02
2.727000000000000000e+05	2.906314954222373217e+02
2.736000000000000000e+05	2.906314954222373217e+02
2.736000000000000000e+05	2.914313134293840903e+02
2.745000000000000000e+05	2.914313134293840903e+02
2.745000000000000000e+05	2.891365483339518505e+02
2.754000000000000000e+05	2.891365483339518505e+02
2.754000000000000000e+05	2.914019502954823224e+02
2.763000000000000000e+05	2.914019502954823224e+02
2.763000000000000000e+05	2.947922115852733782e+02
2.772000000000000000e+05	2.947922115852733782e+02
2.772000000000000000e+05	2.916521960008858514e+02
2.781000000000000000e+05	2.916521960008858514e+02
2.781000000000000000e+05	2.981179362512033890e+02
2.790000000000000000e+05	2.981179362512033890e+02
2.790000000000000000e+05	2.946041302173439931e+02
2.799000000000000000e+05	2.946041302173439931e+02
2.799000000000000000e+05	2.925952495958920281e+02
2.808000000000000000e+05	2.925952495958920281e+02
2.808000000000000000e+05	2.916621016690701254e+02
2.817000000000000000e+05	2.916621016690701254e+02
2.817000000000000000e+05	2.924096864037559271e+02
2.826000000000000000e+05	2.924096864037559271e+02
2.826000000000000000e+05	2.881499999999999773e+02
2.835000000000000000e+05	2.881499999999999773e+02
2.835000000000000000e+05	2.916347365896500037e+02
2.844000000000000000e+05	2.916347365896500037e+02
2.844000000000000000e+05	2.932285665476844656e+02
2.853000000000000000e+05	2.932285665476844656e+02
2.853000000000000000e+05	2.985225175066254906e+02
2.862000000000000000e+05	2.985225175066254906e+02
2.862000000000000000e+05	3.018829388738238890e+02
2.871000000000000000e+05	3.018829388738238890e+02
2.871000000000000000e+05	3.042030802085528194e+02
2.880000000000000000e+05	3.042030802085528194e+02
2.880000000000000000e+05	3.045159071759284188e+02
2.889000000000000000e+05	3.045159071759284188e+02
2.889000000000000000e+05	3.099732080313313531e+02
2.898000000000000000e+05	3.099732080313313531e+02
2.898000000000000000e+05	3.100875233365086956e+02
2.907000000000000000e+05	3.100875233365086956e+02
2.907000000000000000e+05	3.106932024234199616e+02
2.916000000000000000e+05	3.106932024234199616e+02
2.916000000000000000e+05	3.091607421805662739e+02
2.925000000000000000e+05	3.091607421805662739e+02
2.925000000000000000e+05	3.073032951751030168e+02
2.934000000000000000e+05	3.073032951751030168e+02
2.934000000000000000e+05	3.069028596590540587e+02
2.943000000000000000e+05	3.069028596590540587e+02
2.943000000000000000e+05	3.068269590099485526e+02
2.952000000000000000e+05	3.068269590099485526e+02
2.952000000000000000e+05	3.049852059279558034e+02
2.961000000000000000e+05	3.049852059279558034e+02
2.961000000000000000e+05	3.039342067238447385e+02
2.970000000000000000e+05	3.039342067238447385e+02
2.970000000000000000e+05	3.031327263050096121e+02
2.979000000000000000e+05	3.031327263050096121e+02
2.979000000000000000e+05	3.029558408649904777e+02
2.988000000000000000e+05	3.029558408649904777e+02
2.988000000000000000e+05	3.014535016520687236e+02
2.997000000000000000e+05	3.014535016520687236e+02
2.997000000000000000e+05	3.014034333399661705e+02
3.006000000000000000e+05	3.014034333399661705e+02
3.006000000000000000e+05	3.004841585930538486e+02
3.015000000000000000e+05	3.004841585930538486e+02
3.015000000000000000e+05	3.005645331592159550e+02
3.024000000000000000e+05	3.005645331592159550e+02
3.024000000000000000e+05	2.975250259991732378e+02
3.033000000000000000e+05	2.975250259991732378e+02
3.033000000000000000e+05	3.020098786018397732e+02
3.042000000000000000e+05	3.020098786018397732e+02
3.042000000000000000e+05	2.993672380169468283e+02
3.051000000000000000e+05	2.993672380169468283e+02
3.051000000000000000e+05	2.996093285873436685e+02
3.060000000000000000e+05	2.996093285873436685e+02
3.060000000000000000e+05	2.983711867306442969e+02
3.069000000000000000e+05	2.983711867306442969e+02
3.069000000000000000e+05	2.993440459396429105e+02
3.078000000000000000e+05	2.993440459396429105e+02
3.078000000000000000e+05	2.982280382980467834e+02
3.087000000000000000e+05	2.982280382980467834e+02
3.087000000000000000e+05	2.982602358525473960e+02
3.096000000000000000e+05	2.982602358525473960e+02
3.096000000000000000e+05	2.969944514299287448e+02
3.105000000000000000e+05	2.969944514299287448e+02
3.105000000000000000e+05	2.970616970434276709e+02
3.114000000000000000e+05	2.970616970434276709e+02
3.114000000000000000e+05	2.970228444996254780e+02
3.123000000000000000e+05	2.970228444996254780e+02
3.123000000000000000e+05	2.971341047749583026e+02
3.132000000000000000e+05	2.971341047749583026e+02
3.132000000000000000e+05	2.949568374684319565e+02
3.141000000000000000e+05	2.949568374684319565e+02
3.141000000000000000e+05	2.972343940441186874e+02
3.150000000000000000e+05	2.972343940441186874e+02
3.150000000000000000e+05	2.956495976028276118e+02
3.159000000000000000e+05	2.956495976028276118e+02
3.159000000000000000e+05	2.978617332488936995e+02
3.168000000000000000e+05	2.978617332488936995e+02
3.168000000000000000e+05	2.950039585722490187e+02
3.177000000000000000e+05	2.950039585722490187e+02
3.177000000000000000e+05	2.972547985938231250e+02
3.186000000000000000e+05	2.972547985938231250e+02
3.186000000000000000e+05	2.971402654476143539e+02
3.195000000000000000e+05	2.971402654476143539e+02
3.195000000000000000e+05	2.962145160580912489e+02
3.204000000000000000e+05	2.962145160580912489e+02
3.204000000000000000e+05	2.975839523272309748e+02
3.213000000000000000e+05	2.975839523272309748e+02
3.213000000000000000e+05	2.946551598945845285e+02
3.222000000000000000e+05	2.946551598945845285e+02
3.222000000000000000e+05	2.977434224598904962e+02
3.231000000000000000e+05	2.977434224598904962e+02
3.231000000000000000e+05	2.987083674883999720e+02
3.240000000000000000e+05	2.987083674883999720e+02
3.240000000000000000e+05	2.955989614573198310e+02
3.249000000000000000e+05	2.955989614573198310e+02
3.249000000000000000e+05	2.998446290581698008e+02
3.258000000000000000e+05	2.998446290581698008e+02
3.258000000000000000e+05	3.016683360017586892e+02
3.267000000000000000e+05	3.016683360017586892e+02
3.267000000000000000e+05	2.984964173181175511e+02
3.276000000000000000e+05	2.984964173181175511e+02
3.276000000000000000e+05	2.971582857418847539e+02
3.285000000000000000e+05	2.971582857418847539e+02
3.285000000000000000e+05	2.985244098820562044e+02
3.294000000000000000e+05	2.985244098820562044e+02
3.294000000000000000e+05	2.997288517023399663e+02
3.303000000000000000e+05	2.997288517023399663e+02
3.303000000000000000e+05	2.993421622622711311e+02
3.312000000000000000e+05	2.993421622622711311e+02
3.312000000000000000e+05	2.957652752609060940e+02
3.321000000000000000e+05	2.957652752609060940e+02
3.321000000000000000e+05	3.004419649936033352e+02
3.330000000000000000e+05	3.004419649936033352e+02
3.330000000000000000e+05	2.974412467069016657e+02
3.339000000000000000e+05	2.974412467069016657e+02
3.339000000000000000e+05	2.962470579007844549e+02
3.348000000000000000e+05	2.962470579007844549e+02
3.348000000000000000e+05	2.938777585539875190e+02
3.357000000000000000e+05	2.938777585539875190e+02
3.357000000000000000e+05	2.963929561005635378e+02
3.366000000000000000e+05	2.963929561005635378e+02
3.366000000000000000e+05	2.948719573993669769e+02
3.375000000000000000e+05	2.948719573993669769e+02
3.375000000000000000e+05	2.937690775493811088e+02
3.384000000000000000e+05	2.937690775493811088e+02
3.384000000000000000e+05	2.929277851983341634e+02
3.393000000000000000e+05	2.929277851983341634e+02
3.393000000000000000e+05	2.897373717211812618e+02
3.402000000000000000e+05	2.897373717211812618e+02
3.402000000000000000e+05	2.910570051885133012e+02
3.411000000000000000e+05	2.910570051885133012e+02
3.411000000000000000e+05	2.914567230876031090e+02
3.420000000000000000e+05	2.914567230876031090e+02
3.420000000000000000e+05	2.922998479915640928e+02
3.429000000000000000e+05	2.922998479915640928e+02
3.429000000000000000e+05	2.896545299441060024e+02
3.438000000000000000e+05	2.896545299441060024e+02
3.438000000000000000e+05	2.908418888512228477e+02
3.447000000000000000e+05	2.908418888512228477e+02
3.447000000000000000e+05	2.912237135742198575e+02
3.456000000000000000e+05	2.912237135742198575e+02
3.456000000000000000e+05	2.920972099355961404e+02
3.465000000000000000e+05	2.920972099355961404e+02
3.465000000000000000e+05	2.895308292821969189e+02
3.474000000000000000e+05	2.895308292821969189e+02
3.474000000000000000e+05	2.906851844340416164e+02
3.483000000000000000e+05	2.906851844340416164e+02
3.483000000000000000e+05	2.910576471565065049e+02
3.492000000000000000e+05	2.910576471565065049e+02
3.492000000000000000e+05	2.919220962018650880e+02
3.501000000000000000e+05	2.919220962018650880e+02
3.501000000000000000e+05	2.894012909591297102e+02
3.510000000000000000e+05	2.894012909591297102e+02
3.510000000000000000e+05	2.905334153521053508e+02
3.519000000000000000e+05	2.905334153521053508e+02
3.519000000000000000e+05	2.908982310485762923e+02
3.528000000000000000e+05	2.908982310485762923e+02
3.528000000000000000e+05	2.917496155443834596e+02
3.537000000000000000e+05	2.917496155443834596e+02
3.537000000000000000e+05	2.892644622156847731e+02
3.546000000000000000e+05	2.892644622156847731e+02
3.546000000000000000e+05	2.946842621362146133e+02
3.555000000000000000e+05	2.946842621362146133e+02
3.555000000000000000e+05	2.930606329110974571e+02
3.564000000000000000e+05	2.930606329110974571e+02
3.564000000000000000e+05	2.931105936555263725e+02
3.573000000000000000e+05	2.931105936555263725e+02
3.573000000000000000e+05	2.900944790483977727e+02
3.582000000000000000e+05	2.900944790483977727e+02
3.582000000000000000e+05	2.910370174987498899e+02
3.591000000000000000e+05	2.910370174987498899e+02
3.591000000000000000e+05	2.912492124433165372e+02
3.600000000000000000e+05	2.912492124433165372e+02
3.600000000000000000e+05	2.915974833616612614e+02
3.609000000000000000e+05	2.915974833616612614e+02
3.609000000000000000e+05	2.897719967941463892e+02
3.618000000000000000e+05	2.897719967941463892e+02
3.618000000000000000e+05	2.962753022202609259e+02
3.627000000000000000e+05	2.962753022202609259e+02
3.627000000000000000e+05	2.922203232246831135e+02
3.636000000000000000e+05	2.922203232246831135e+02
3.636000000000000000e+05	2.917835175036981354e+02
3.645000000000000000e+05	2.917835175036981354e+02
3.645000000000000000e+05	2.993375581189211516e+02
3.654000000000000000e+05	2.993375581189211516e+02
3.654000000000000000e+05	2.954236459791187599e+02
3.663000000000000000e+05	2.954236459791187599e+02
3.663000000000000000e+05	2.935641608892779004e+02
3.672000000000000000e+05	2.935641608892779004e+02
3.672000000000000000e+05	2.927813067695074096e+02
3.681000000000000000e+05	2.927813067695074096e+02
3.681000000000000000e+05	2.955127393361162831e+02
3.690000000000000000e+05	2.955127393361162831e+02
3.690000000000000000e+05	2.934727370553661672e+02
3.699000000000000000e+05	2.934727370553661672e+02
3.699000000000000000e+05	2.893374098652449788e+02
3.708000000000000000e+05	2.893374098652449788e+02
3.708000000000000000e+05	2.926891425169728791e+02
3.717000000000000000e+05	2.926891425169728791e+02
3.717000000000000000e+05	2.970447645519688535e+02
3.726000000000000000e+05	2.970447645519688535e+02
3.726000000000000000e+05	3.010554649884986702e+02
3.735000000000000000e+05	3.010554649884986702e+02
3.735000000000000000e+05	3.036234067829342393e+02
3.744000000000000000e+05	3.036234067829342393e+02
3.744000000000000000e+05	3.039742151878023719e+02
3.753000000000000000e+05	3.039742151878023719e+02
3.753000000000000000e+05	3.093390916691404868e+02
3.762000000000000000e+05	3.093390916691404868e+02
3.762000000000000000e+05	3.096760638410296451e+02
3.771000000000000000e+05	3.096760638410296451e+02
3.771000000000000000e+05	3.103960869657494186e+02
3.780000000000000000e+05	3.103960869657494186e+02
3.780000000000000000e+05	3.082939174124758210e+02
3.789000000000000000e+05	3.082939174124758210e+02
3.789000000000000000e+05	3.046720150257855266e+02
3.798000000000000000e+05	3.046720150257855266e+02
3.798000000000000000e+05	3.075538648553791177e+02
3.807000000000000000e+05	3.075538648553791177e+02
3.807000000000000000e+05	3.060896214588516386e+02
3.816000000000000000e+05	3.060896214588516386e+02
3.816000000000000000e+05	3.044519657204223222e+02
3.825000000000000000e+05	3.044519657204223222e+02
3.825000000000000000e+05	3.030045638335271292e+02
3.834000000000000000e+05	3.030045638335271292e+02
3.834000000000000000e+05	3.027278833648417731e+02
3.843000000000000000e+05	3.027278833648417731e+02
3.843000000000000000e+05	3.025138090504805746e+02
3.852000000000000000e+05	3.025138090504805746e+02
3.852000000000000000e+05	3.015164567839381107e+02
3.861000000000000000e+05	3.015164567839381107e+02
3.861000000000000000e+05	2.992962016972643369e+02
3.870000000000000000e+05	2.992962016972643369e+02
3.870000000000000000e+05	2.995010966230467488e+02
3.879000000000000000e+05	2.995010966230467488e+02
3.879000000000000000e+05	3.007764820895952198e+02
3.888000000000000000e+05	3.007764820895952198e+02
3.888000000000000000e+05	2.978310862717042937e+02
3.897000000000000000e+05	2.978310862717042937e+02
3.897000000000000000e+05	3.016574422819151096e+02
3.906000000000000000e+05	3.016574422819151096e+02
3.906000000000000000e+05	2.992797896963502353e+02
3.915000000000000000e+05	2.992797896963502353e+02
3.915000000000000000e+05	2.997859599289729431e+02
3.924000000000000000e+05	2.997859599289729431e+02
3.924000000000000000e+05	3.005689363697213707e+02
3.933000000000000000e+05	3.005689363697213707e+02
3.933000000000000000e+05	2.979412726102818851e+02
3.942000000000000000e+05	2.979412726102818851e+02
3.942000000000000000e+05	2.997730995028493908e+02
3.951000000000000000e+05	2.997730995028493908e+02
3.951000000000000000e+05	2.977038220093159566e+02
3.960000000000000000e+05	2.977038220093159566e+02
3.960000000000000000e+05	2.974395425780464279e+02
3.969000000000000000e+05	2.974395425780464279e+02
3.969000000000000000e+05	2.979951453739046201e+02
3.978000000000000000e+05	2.979951453739046201e+02
3.978000000000000000e+05	2.976953207484341419e+02
3.987000000000000000e+05	2.976953207484341419e+02
3.987000000000000000e+05	2.977811991913003453e+02
3.996000000000000000e+05	2.977811991913003453e+02
3.996000000000000000e+05	2.971825930845185439e+02
4.005000000000000000e+05	2.971825930845185439e+02
4.005000000000000000e+05	2.967565323367819587e+02
4.014000000000000000e+05	2.967565323367819587e+02
4.014000000000000000e+05	2.967927130363298147e+02
4.023000000000000000e+05	2.967927130363298147e+02
4.023000000000000000e+05	2.969971822103631212e+02
4.032000000000000000e+05	2.969971822103631212e+02
4.032000000000000000e+05	2.968875159895938509e+02
4.041000000000000000e+05	2.968875159895938509e+02
4.041000000000000000e+05	2.953333682266805909e+02
4.050000000000000000e+05	2.953333682266805909e+02
4.050000000000000000e+05	2.957102478999976825e+02
4.059000000000000000e+05	2.957102478999976825e+02
4.059000000000000000e+05	2.979670164980276468e+02
4.068000000000000000e+05	2.979670164980276468e+02
4.068000000000000000e+05	2.957246965616341186e+02
4.077000000000000000e+05	2.957246965616341186e+02
4.077000000000000000e+05	2.967948887699176339e+02
4.086000000000000000e+05	2.967948887699176339e+02
4.086000000000000000e+05	2.977377526953172833e+02
4.095000000000000000e+05	2.977377526953172833e+02
4.095000000000000000e+05	2.978351229318629976e+02
4.104000000000000000e+05	2.978351229318629976e+02
4.104000000000000000e+05	2.986963739593373930e+02
4.113000000000000000e+05	2.986963739593373930e+02
4.113000000000000000e+05	2.989924484149917703e+02
4.122000000000000000e+05	2.989924484149917703e+02
4.122000000000000000e+05	2.983465219161917048e+02
4.131000000000000000e+05	2.983465219161917048e+02
4.131000000000000000e+05	2.984556454381556705e+02
4.140000000000000000e+05	2.984556454381556705e+02
4.140000000000000000e+05	2.959698315310394037e+02
4.149000000000000000e+05	2.959698315310394037e+02
4.149000000000000000e+05	3.032202564676258021e+02
4.158000000000000000e+05	3.032202564676258021e+02
4.158000000000000000e+05	2.987421160793006152e+02
4.167000000000000000e+05	2.987421160793006152e+02
4.167000000000000000e+05	2.994911879539575352e+02
4.176000000000000000e+05	2.994911879539575352e+02
4.176000000000000000e+05	2.952320768429806890e+02
4.185000000000000000e+05	2.952320768429806890e+02
4.185000000000000000e+05	3.029764429711258344e+02
4.194000000000000000e+05	3.029764429711258344e+02
4.194000000000000000e+05	2.987064257716253906e+02
4.203000000000000000e+05	2.987064257716253906e+02
4.203000000000000000e+05	2.971201828860302498e+02
4.212000000000000000e+05	2.971201828860302498e+02
4.212000000000000000e+05	2.939726423380690790e+02
4.221000000000000000e+05	2.939726423380690790e+02
4.221000000000000000e+05	2.964446913662389420e+02
4.230000000000000000e+05	2.964446913662389420e+02
4.230000000000000000e+05	2.949114674206518316e+02
4.239000000000000000e+05	2.949114674206518316e+02
4.239000000000000000e+05	2.938366771328858249e+02
4.248000000000000000e+05	2.938366771328858249e+02
4.248000000000000000e+05	2.929423611809349950e+02
4.257000000000000000e+05	2.929423611809349950e+02
4.257000000000000000e+05	2.897362801946780451e+02
4.266000000000000000e+05	2.897362801946780451e+02
4.266000000000000000e+05	2.910510633328705126e+02
4.275000000000000000e+05	2.910510633328705126e+02
4.275000000000000000e+05	2.914460108950672179e+02
4.284000000000000000e+05	2.914460108950672179e+02
4.284000000000000000e+05	2.922665291934433185e+02
4.293000000000000000e+05	2.922665291934433185e+02
4.293000000000000000e+05	2.896468661429462941e+02
4.302000000000000000e+05	2.896468661429462941e+02
4.302000000000000000e+05	2.908202673963826328e+02
4.311000000000000000e+05	2.908202673963826328e+02
4.311000000000000000e+05	2.911963988127147900e+02
4.320000000000000000e+05	2.911963988127147900e+02
4.320000000000000000e+05	2.920491864079182847e+02
4.329000000000000000e+05	2.920491864079182847e+02
4.329000000000000000e+05	2.895146990220541170e+02
4.338000000000000000e+05	2.895146990220541170e+02
4.338000000000000000e+05	2.906522866639901963e+02
4.347000000000000000e+05	2.906522866639901963e+02
4.347000000000000000e+05	2.929215635864752585e+02
4.356000000000000000e+05	2.929215635864752585e+02
4.356000000000000000e+05	2.937890332199582986e+02
4.365000000000000000e+05	2.937890332199582986e+02
4.365000000000000000e+05	2.929206539969513301e+02
4.374000000000000000e+05	2.929206539969513301e+02
4.374000000000000000e+05	2.946583474191682512e+02
4.383000000000000000e+05	2.946583474191682512e+02
4.383000000000000000e+05	2.936744947932323271e+02
4.392000000000000000e+05	2.936744947932323271e+02
4.392000000000000000e+05	2.943942067303595422e+02
4.401000000000000000e+05	2.943942067303595422e+02
4.401000000000000000e+05	2.935360392467556494e+02
4.410000000000000000e+05	2.935360392467556494e+02
4.410000000000000000e+05	2.931173390139049957e+02
4.419000000000000000e+05	2.931173390139049957e+02
4.419000000000000000e+05	2.928274015198754228e+02
4.428000000000000000e+05	2.928274015198754228e+02
4.428000000000000000e+05	2.928227406286000587e+02
4.437000000000000000e+05	2.928227406286000587e+02
4.437000000000000000e+05	2.920656713541002318e+02
4.446000000000000000e+05	2.920656713541002318e+02
4.446000000000000000e+05	2.920512023185953012e+02
4.455000000000000000e+05	2.920512023185953012e+02
4.455000000000000000e+05	2.919647340307064383e+02
4.464000000000000000e+05	2.919647340307064383e+02
4.464000000000000000e+05	2.919621530684115669e+02
4.473000000000000000e+05	2.919621530684115669e+02
4.473000000000000000e+05	2.954567495981229968e+02
4.482000000000000000e+05	2.954567495981229968e+02
4.482000000000000000e+05	2.975931761118926602e+02
4.491000000000000000e+05	2.975931761118926602e+02
4.491000000000000000e+05	2.951584451787900889e+02
4.500000000000000000e+05	2.951584451787900889e+02
4.500000000000000000e+05	2.950366854914587975e+02
4.509000000000000000e+05	2.950366854914587975e+02
4.509000000000000000e+05	2.961630657614293227e+02
4.518000000000000000e+05	2.961630657614293227e+02
4.518000000000000000e+05	2.958250060565641206e+02
4.527000000000000000e+05	2.958250060565641206e+02
4.527000000000000000e+05	2.937648387027819012e+02
4.536000000000000000e+05	2.937648387027819012e+02
4.536000000000000000e+05	2.925601392769706308e+02
4.545000000000000000e+05	2.925601392769706308e+02
4.545000000000000000e+05	2.963740929962762038e+02
4.554000000000000000e+05	2.963740929962762038e+02
4.554000000000000000e+05	2.884953742035614255e+02
4.563000000000000000e+05	2.884953742035614255e+02
4.563000000000000000e+05	2.901451438884845402e+02
4.572000000000000000e+05	2.901451438884845402e+02
4.572000000000000000e+05	2.930162129400785602e+02
4.581000000000000000e+05	2.930162129400785602e+02
4.581000000000000000e+05	2.981081130115208566e+02
4.590000000000000000e+05	2.981081130115208566e+02
4.590000000000000000e+05	3.016192325408757142e+02
4.599000000000000000e+05	3.016192325408757142e+02
4.599000000000000000e+05	3.040035352212411794e+02
4.608000000000000000e+05	3.040035352212411794e+02
4.608000000000000000e+05	3.043266056068748071e+02
4.617000000000000000e+05	3.043266056068748071e+02
4.617000000000000000e+05	3.097763036980885545e+02
4.626000000000000000e+05	3.097763036980885545e+02
4.626000000000000000e+05	3.099492929433286008e+02
4.635000000000000000e+05	3.099492929433286008e+02
4.635000000000000000e+05	3.105872730276008724e+02
4.644000000000000000e+05	3.105872730276008724e+02
4.644000000000000000e+05	3.095731578289144181e+02
4.653000000000000000e+05	3.095731578289144181e+02
4.653000000000000000e+05	3.080282968136097566e+02
4.662000000000000000e+05	3.080282968136097566e+02
4.662000000000000000e+05	3.073998015507680179e+02
4.671000000000000000e+05	3.073998015507680179e+02
4.671000000000000000e+05	3.073688562551865289e+02
4.680000000000000000e+05	3.073688562551865289e+02
4.680000000000000000e+05	3.054958661106753652e+02
4.689000000000000000e+05	3.054958661106753652e+02
4.689000000000000000e+05	3.031107221369251192e+02
4.698000000000000000e+05	3.031107221369251192e+02
4.698000000000000000e+05	3.049607599965292479e+02
4.707000000000000000e+05	3.049607599965292479e+02
4.707000000000000000e+05	3.036024059133893616e+02
4.716000000000000000e+05	3.036024059133893616e+02
4.716000000000000000e+05	3.033210320755299563e+02
4.725000000000000000e+05	3.033210320755299563e+02
4.725000000000000000e+05	3.010682975108054507e+02
4.734000000000000000e+05	3.010682975108054507e+02
4.734000000000000000e+05	3.016271568833340666e+02
4.743000000000000000e+05	3.016271568833340666e+02
4.743000000000000000e+05	3.015726857638715046e+02
4.752000000000000000e+05	3.015726857638715046e+02
4.752000000000000000e+05	3.005917455043609152e+02
4.761000000000000000e+05	3.005917455043609152e+02
4.761000000000000000e+05	3.002340207276579918e+02
4.770000000000000000e+05	3.002340207276579918e+02
4.770000000000000000e+05	2.983761380239988057e+02
4.779000000000000000e+05	2.983761380239988057e+02
4.779000000000000000e+05	2.971224690630884311e+02
4.788000000000000000e+05	2.971224690630884311e+02
4.788000000000000000e+05	2.980795396965235682e+02
4.797000000000000000e+05	2.980795396965235682e+02
4.797000000000000000e+05	3.037933181570311376e+02
4.806000000000000000e+05	3.037933181570311376e+02
4.806000000000000000e+05	2.997614455266437403e+02
4.815000000000000000e+05	2.997614455266437403e+02
4.815000000000000000e+05	3.003562421019656199e+02
4.824000000000000000e+05	3.003562421019656199e+02
4.824000000000000000e+05	3.008607709833231070e+02
4.833000000000000000e+05	3.008607709833231070e+02
4.833000000000000000e+05	2.971083795997103039e+02
4.842000000000000000e+05	2.971083795997103039e+02
4.842000000000000000e+05	2.995252674829574744e+02
4.851000000000000000e+05	2.995252674829574744e+02
4.851000000000000000e+05	2.989947722773772512e+02
4.860000000000000000e+05	2.989947722773772512e+02
4.860000000000000000e+05	2.974756015388259698e+02
4.869000000000000000e+05	2.974756015388259698e+02
4.869000000000000000e+05	2.986800941007151664e+02
4.878000000000000000e+05	2.986800941007151664e+02
4.878000000000000000e+05	2.990221629311928950e+02
4.887000000000000000e+05	2.990221629311928950e+02
4.887000000000000000e+05	2.979919601481242921e+02
4.896000000000000000e+05	2.979919601481242921e+02
4.896000000000000000e+05	2.946654341853705432e+02
4.905000000000000000e+05	2.946654341853705432e+02
4.905000000000000000e+05	3.033973826645151348e+02
4.914000000000000000e+05	3.033973826645151348e+02
4.914000000000000000e+05	2.976370966099463544e+02
4.923000000000000000e+05	2.976370966099463544e+02
4.923000000000000000e+05	2.980028972284445103e+02
4.932000000000000000e+05	2.980028972284445103e+02
4.932000000000000000e+05	2.989041336233614174e+02
4.941000000000000000e+05	2.989041336233614174e+02
4.941000000000000000e+05	2.962178980810002145e+02
4.950000000000000000e+05	2.962178980810002145e+02
4.950000000000000000e+05	2.975572484038778498e+02
4.959000000000000000e+05	2.975572484038778498e+02
4.959000000000000000e+05	2.974172234437755833e+02
4.968000000000000000e+05	2.974172234437755833e+02
4.968000000000000000e+05	2.963455837877438626e+02
4.977000000000000000e+05	2.963455837877438626e+02
4.977000000000000000e+05	2.963243126544766142e+02
4.986000000000000000e+05	2.963243126544766142e+02
4.986000000000000000e+05	2.967527953771691500e+02
4.995000000000000000e+05	2.967527953771691500e+02
4.995000000000000000e+05	2.959749683259079234e+02
5.004000000000000000e+05	2.959749683259079234e+02
5.004000000000000000e+05	2.940388618188936221e+02
5.013000000000000000e+05	2.940388618188936221e+02
5.013000000000000000e+05	3.030141394214660409e+02
5.022000000000000000e+05	3.030141394214660409e+02
5.022000000000000000e+05	2.985652892455919414e+02
5.031000000000000000e+05	2.985652892455919414e+02
5.031000000000000000e+05	3.003898633427690470e+02
5.040000000000000000e+05	3.003898633427690470e+02
5.040000000000000000e+05	2.982632146212887392e+02
5.049000000000000000e+05	2.982632146212887392e+02
5.049000000000000000e+05	2.990425255386584809e+02
5.058000000000000000e+05	2.990425255386584809e+02
5.058000000000000000e+05	2.971024081408213533e+02
5.067000000000000000e+05	2.971024081408213533e+02
5.067000000000000000e+05	2.961282950030670804e+02
5.076000000000000000e+05	2.961282950030670804e+02
5.076000000000000000e+05	2.944517909833667204e+02
5.085000000000000000e+05	2.944517909833667204e+02
5.085000000000000000e+05	2.967693304443479860e+02
5.094000000000000000e+05	2.967693304443479860e+02
5.094000000000000000e+05	2.951928726125664753e+02
5.103000000000000000e+05	2.951928726125664753e+02
5.103000000000000000e+05	2.945309476665291868e+02
5.112000000000000000e+05	2.945309476665291868e+02
5.112000000000000000e+05	2.931385713338071923e+02
5.121000000000000000e+05	2.931385713338071923e+02
5.121000000000000000e+05	2.898820534413723635e+02
5.130000000000000000e+05	2.898820534413723635e+02
5.130000000000000000e+05	2.911828769764255185e+02
5.139000000000000000e+05	2.911828769764255185e+02
5.139000000000000000e+05	2.915650809608473537e+02
5.148000000000000000e+05	2.915650809608473537e+02
5.148000000000000000e+05	2.923365430706592747e+02
5.157000000000000000e+05	2.923365430706592747e+02
5.157000000000000000e+05	2.897811649533666696e+02
5.166000000000000000e+05	2.897811649533666696e+02
5.166000000000000000e+05	2.909222064715707461e+02
5.175000000000000000e+05	2.909222064715707461e+02
5.175000000000000000e+05	2.912868315227346443e+02
5.184000000000000000e+05	2.912868315227346443e+02
5.184000000000000000e+05	2.921120424610109012e+02
5.193000000000000000e+05	2.921120424610109012e+02
5.193000000000000000e+05	2.896378305143957164e+02
5.202000000000000000e+05	2.896378305143957164e+02
5.202000000000000000e+05	2.907453670691584762e+02
5.211000000000000000e+05	2.907453670691584762e+02
5.211000000000000000e+05	2.911003396985232712e+02
5.220000000000000000e+05	2.911003396985232712e+02
5.220000000000000000e+05	2.919142114861074333e+02
5.229000000000000000e+05	2.919142114861074333e+02
5.229000000000000000e+05	2.894877053782618077e+02
5.238000000000000000e+05	2.894877053782618077e+02
5.238000000000000000e+05	2.905716858807626863e+02
5.247000000000000000e+05	2.905716858807626863e+02
5.247000000000000000e+05	2.909185981209146803e+02
5.256000000000000000e+05	2.909185981209146803e+02
5.256000000000000000e+05	2.917191027750379817e+02
5.265000000000000000e+05	2.917191027750379817e+02
5.265000000000000000e+05	2.949379844343654895e+02
5.274000000000000000e+05	2.949379844343654895e+02
5.274000000000000000e+05	2.933670356814155298e+02
5.283000000000000000e+05	2.933670356814155298e+02
5.283000000000000000e+05	2.937145192259115447e+02
5.292000000000000000e+05	2.937145192259115447e+02
5.292000000000000000e+05	2.933705471265017763e+02
5.301000000000000000e+05	2.933705471265017763e+02
5.301000000000000000e+05	2.957169905073201903e+02
5.310000000000000000e+05	2.957169905073201903e+02
5.310000000000000000e+05	2.941632016724851155e+02
5.319000000000000000e+05	2.941632016724851155e+02
5.319000000000000000e+05	2.951818422892983449e+02
5.328000000000000000e+05	2.951818422892983449e+02
5.328000000000000000e+05	2.944133971599796951e+02
5.337000000000000000e+05	2.944133971599796951e+02
5.337000000000000000e+05	2.963623693349949804e+02
5.346000000000000000e+05	2.963623693349949804e+02
5.346000000000000000e+05	2.929716237932657350e+02
5.355000000000000000e+05	2.929716237932657350e+02
5.355000000000000000e+05	2.979249855638226450e+02
5.364000000000000000e+05	2.979249855638226450e+02
5.364000000000000000e+05	2.969274958343490880e+02
5.373000000000000000e+05	2.969274958343490880e+02
5.373000000000000000e+05	2.944994168400185686e+02
5.382000000000000000e+05	2.944994168400185686e+02
5.382000000000000000e+05	2.955965970235411646e+02
5.391000000000000000e+05	2.955965970235411646e+02
5.391000000000000000e+05	2.959822842219634254e+02
5.400000000000000000e+05	2.959822842219634254e+02
5.400000000000000000e+05	2.935233568537328779e+02
5.409000000000000000e+05	2.935233568537328779e+02
5.409000000000000000e+05	2.954648179835405699e+02
5.418000000000000000e+05	2.954648179835405699e+02
5.418000000000000000e+05	2.925248634206860174e+02
5.427000000000000000e+05	2.925248634206860174e+02
5.427000000000000000e+05	2.881499999999999773e+02
5.436000000000000000e+05	2.881499999999999773e+02
5.436000000000000000e+05	2.935256058602492999e+02
5.445000000000000000e+05	2.935256058602492999e+02
5.445000000000000000e+05	2.987807234025309526e+02
5.454000000000000000e+05	2.987807234025309526e+02
5.454000000000000000e+05	3.020820649894133680e+02
5.463000000000000000e+05	3.020820649894133680e+02
5.463000000000000000e+05	3.043686459381646046e+02
5.472000000000000000e+05	3.043686459381646046e+02
5.472000000000000000e+05	3.046712833387524597e+02
5.481000000000000000e+05	3.046712833387524597e+02
5.481000000000000000e+05	3.100944116145406042e+02
5.490000000000000000e+05	3.100944116145406042e+02
5.490000000000000000e+05	3.101964737022809686e+02
5.499000000000000000e+05	3.101964737022809686e+02
5.499000000000000000e+05	3.107934921761306555e+02
5.508000000000000000e+05	3.107934921761306555e+02
5.508000000000000000e+05	3.097784731110184566e+02
5.517000000000000000e+05	3.097784731110184566e+02
5.517000000000000000e+05	3.054289506290156169e+02
5.526000000000000000e+05	3.054289506290156169e+02
5.526000000000000000e+05	3.076045263462403341e+02
5.535000000000000000e+05	3.076045263462403341e+02
5.535000000000000000e+05	3.068359007905953604e+02
5.544000000000000000e+05	3.068359007905953604e+02
5.544000000000000000e+05	3.051864652221145775e+02
5.553000000000000000e+05	3.051864652221145775e+02
5.553000000000000000e+05	3.029369596167219356e+02
5.562000000000000000e+05	3.029369596167219356e+02
5.562000000000000000e+05	3.044098342500495846e+02
5.571000000000000000e+05	3.044098342500495846e+02
5.571000000000000000e+05	3.033039847121700632e+02
5.580000000000000000e+05	3.033039847121700632e+02
5.580000000000000000e+05	3.015928829807216971e+02
5.589000000000000000e+05	3.015928829807216971e+02
5.589000000000000000e+05	3.027881839561079005e+02
5.598000000000000000e+05	3.027881839561079005e+02
5.598000000000000000e+05	3.012552951047841248e+02
5.607000000000000000e+05	3.012552951047841248e+02
5.607000000000000000e+05	3.014345790378683319e+02
5.616000000000000000e+05	3.014345790378683319e+02
5.616000000000000000e+05	3.007152478419470754e+02
5.625000000000000000e+05	3.007152478419470754e+02
5.625000000000000000e+05	2.991646899052346953e+02
5.634000000000000000e+05	2.991646899052346953e+02
5.634000000000000000e+05	3.005807052151066046e+02
5.643000000000000000e+05	3.005807052151066046e+02
5.643000000000000000e+05	3.005452176217605142e+02
5.652000000000000000e+05	3.005452176217605142e+02
5.652000000000000000e+05	2.997439356227645817e+02
5.661000000000000000e+05	2.997439356227645817e+02
5.661000000000000000e+05	2.998551100349961871e+02
5.670000000000000000e+05	2.998551100349961871e+02
5.670000000000000000e+05	2.998112516729407275e+02
5.679000000000000000e+05	2.998112516729407275e+02
5.679000000000000000e+05	2.991041590821096747e+02
5.688000000000000000e+05	2.991041590821096747e+02
5.688000000000000000e+05	3.004818101685985994e+02
5.697000000000000000e+05	3.004818101685985994e+02
5.697000000000000000e+05	2.969043697615491624e+02
5.706000000000000000e+05	2.969043697615491624e+02
5.706000000000000000e+05	2.990484896256495517e+02
5.715000000000000000e+05	2.990484896256495517e+02
5.715000000000000000e+05	2.988576750080309807e+02
5.724000000000000000e+05	2.988576750080309807e+02
5.724000000000000000e+05	2.995504005907132523e+02
5.733000000000000000e+05	2.995504005907132523e+02
5.733000000000000000e+05	2.974592373941907226e+02
5.742000000000000000e+05	2.974592373941907226e+02
5.742000000000000000e+05	2.974322224456634558e+02
5.751000000000000000e+05	2.974322224456634558e+02
5.751000000000000000e+05	2.976793851866170257e+02
5.760000000000000000e+05	2.976793851866170257e+02
5.760000000000000000e+05	2.974442690337390331e+02
5.769000000000000000e+05	2.974442690337390331e+02
5.769000000000000000e+05	2.968244427014041094e+02
5.778000000000000000e+05	2.968244427014041094e+02
5.778000000000000000e+05	2.971137202870259557e+02
5.787000000000000000e+05	2.971137202870259557e+02
5.787000000000000000e+05	2.970863434141787138e+02
5.796000000000000000e+05	2.970863434141787138e+02
5.796000000000000000e+05	2.971001931483962721e+02
5.805000000000000000e+05	2.971001931483962721e+02
5.805000000000000000e+05	2.964339513223374638e+02
5.814000000000000000e+05	2.964339513223374638e+02
5.814000000000000000e+05	2.972219369403393330e+02
5.823000000000000000e+05	2.972219369403393330e+02
5.823000000000000000e+05	2.965854344341376532e+02
5.832000000000000000e+05	2.965854344341376532e+02
5.832000000000000000e+05	2.958917638151392566e+02
5.841000000000000000e+05	2.958917638151392566e+02
5.841000000000000000e+05	2.973794702774792427e+02
5.850000000000000000e+05	2.973794702774792427e+02
5.850000000000000000e+05	2.964016893032277835e+02
5.859000000000000000e+05	2.964016893032277835e+02
5.859000000000000000e+05	2.966024484194895194e+02
5.868000000000000000e+05	2.966024484194895194e+02
5.868000000000000000e+05	2.946116766894328975e+02
5.877000000000000000e+05	2.946116766894328975e+02
5.877000000000000000e+05	3.016377805234814673e+02
5.886000000000000000e+05	3.016377805234814673e+02
5.886000000000000000e+05	2.984108974418269327e+02
5.895000000000000000e+05	2.984108974418269327e+02
5.895000000000000000e+05	3.000099318907210204e+02
5.904000000000000000e+05	3.000099318907210204e+02
5.904000000000000000e+05	2.983258430389430487e+02
5.913000000000000000e+05	2.983258430389430487e+02
5.913000000000000000e+05	2.989313822076537122e+02
5.922000000000000000e+05	2.989313822076537122e+02
5.922000000000000000e+05	2.970263958628094656e+02
5.931000000000000000e+05	2.970263958628094656e+02
5.931000000000000000e+05	2.960730087721709651e+02
5.940000000000000000e+05	2.960730087721709651e+02
5.940000000000000000e+05	2.944566361757255777e+02
5.949000000000000000e+05	2.944566361757255777e+02
5.949000000000000000e+05	2.967751205647234656e+02
5.958000000000000000e+05	2.967751205647234656e+02
5.958000000000000000e+05	2.951975487496758319e+02
5.967000000000000000e+05	2.951975487496758319e+02
5.967000000000000000e+05	2.945343279689220140e+02
5.976000000000000000e+05	2.945343279689220140e+02
5.976000000000000000e+05	2.931296738888568143e+02
5.985000000000000000e+05	2.931296738888568143e+02
5.985000000000000000e+05	2.898664159094977322e+02
5.994000000000000000e+05	2.898664159094977322e+02
5.994000000000000000e+05	2.911639600784168351e+02
6.003000000000000000e+05	2.911639600784168351e+02
6.003000000000000000e+05	2.915422737867498313e+02
6.012000000000000000e+05	2.915422737867498313e+02
6.012000000000000000e+05	2.922817207374192776e+02
6.021000000000000000e+05	2.922817207374192776e+02
6.021000000000000000e+05	2.897527641207405509e+02
6.030000000000000000e+05	2.897527641207405509e+02
6.030000000000000000e+05	2.908778432078464675e+02
6.039000000000000000e+05	2.908778432078464675e+02
6.039000000000000000e+05	2.912347795307182992e+02
6.048000000000000000e+05	2.912347795307182992e+02
