# #1
# double dch_TES(1304, 2)
0.000000000000000000e+00	4.678808666574934250e+03
9.000000000000000000e+02	4.678808666574934250e+03
9.000000000000000000e+02	7.046778794041036917e+02
1.800000000000000000e+03	7.046778794041036917e+02
1.800000000000000000e+03	1.653447213494509924e+03
2.700000000000000000e+03	1.653447213494509924e+03
2.700000000000000000e+03	2.857485551874444354e+03
3.600000000000000000e+03	2.857485551874444354e+03
3.600000000000000000e+03	2.446319328958925325e+03
4.500000000000000000e+03	2.446319328958925325e+03
4.500000000000000000e+03	2.235985501661547460e+03
5.400000000000000000e+03	2.235985501661547460e+03
5.400000000000000000e+03	2.470495546549267601e+03
6.300000000000000000e+03	2.470495546549267601e+03
6.300000000000000000e+03	2.478191228494921234e+03
7.200000000000000000e+03	2.478191228494921234e+03
7.200000000000000000e+03	2.130130099148547743e+03
8.100000000000000000e+03	2.130130099148547743e+03
8.100000000000000000e+03	2.068129721682345007e+03
9.000000000000000000e+03	2.068129721682345007e+03
9.000000000000000000e+03	1.862097140677389689e+03
9.900000000000000000e+03	1.862097140677389689e+03
9.900000000000000000e+03	1.076662650582671631e+03
1.080000000000000000e+04	1.076662650582671631e+03
1.080000000000000000e+04	1.831903839252943726e+03
1.170000000000000000e+04	1.831903839252943726e+03
1.170000000000000000e+04	3.438853481522580751e+03
1.260000000000000000e+04	3.438853481522580751e+03
1.260000000000000000e+04	1.655781448128400370e+03
1.350000000000000000e+04	1.655781448128400370e+03
1.350000000000000000e+04	1.051738334833527915e+03
1.440000000000000000e+04	1.051738334833527915e+03
1.440000000000000000e+04	1.858185367264901288e+03
1.530000000000000000e+04	1.858185367264901288e+03
1.530000000000000000e+04	3.969431788043635606e+03
1.620000000000000000e+04	3.969431788043635606e+03
1.620000000000000000e+04	1.720837743856362067e+03
1.710000000000000000e+04	1.720837743856362067e+03
1.710000000000000000e+04	2.250848692067840602e+03
1.800000000000000000e+04	2.250848692067840602e+03
1.800000000000000000e+04	1.073405913930511815e+03
1.890000000000000000e+04	1.073405913930511815e+03
1.890000000000000000e+04	4.886305048798341886e+03
1.980000000000000000e+04	4.886305048798341886e+03
1.980000000000000000e+04	7.148529003303265199e+02
2.070000000000000000e+04	7.148529003303265199e+02
2.070000000000000000e+04	1.001415544650051743e+03
2.160000000000000000e+04	1.001415544650051743e+03
2.160000000000000000e+04	7.987138487976117176e+02
2.250000000000000000e+04	7.987138487976117176e+02
2.250000000000000000e+04	2.023930287389841396e+03
2.340000000000000000e+04	2.023930287389841396e+03
2.340000000000000000e+04	0.000000000000000000e+00
2.430000000000000000e+04	0.000000000000000000e+00
2.430000000000000000e+04	-2.523724441847647540e+03
2.520000000000000000e+04	-2.523724441847647540e+03
2.520000000000000000e+04	4.816734393181600353e+02
2.610000000000000000e+04	4.816734393181600353e+02
2.610000000000000000e+04	2.867295740674081117e+03
2.700000000000000000e+04	2.867295740674081117e+03
2.700000000000000000e+04	5.141935172193858307e+03
2.790000000000000000e+04	5.141935172193858307e+03
2.790000000000000000e+04	6.070698419479187578e+03
2.880000000000000000e+04	6.070698419479187578e+03
2.880000000000000000e+04	4.819054768373838670e+03
2.970000000000000000e+04	4.819054768373838670e+03
2.970000000000000000e+04	8.925871185572596005e+03
3.060000000000000000e+04	8.925871185572596005e+03
3.060000000000000000e+04	8.027637933580030221e+03
3.150000000000000000e+04	8.027637933580030221e+03
3.150000000000000000e+04	8.018582256635301746e+03
3.240000000000000000e+04	8.018582256635301746e+03
3.240000000000000000e+04	7.315991168311349611e+03
3.330000000000000000e+04	7.315991168311349611e+03
3.330000000000000000e+04	3.873171565886270400e+03
3.420000000000000000e+04	3.873171565886270400e+03
3.420000000000000000e+04	5.925339745487028267e+03
3.510000000000000000e+04	5.925339745487028267e+03
3.510000000000000000e+04	5.436362312821613159e+03
3.600000000000000000e+04	5.436362312821613159e+03
3.600000000000000000e+04	5.593077368820780976e+03
3.690000000000000000e+04	5.593077368820780976e+03
3.690000000000000000e+04	2.203810807585607108e+03
3.780000000000000000e+04	2.203810807585607108e+03
3.780000000000000000e+04	3.971168839526304509e+03
3.870000000000000000e+04	3.971168839526304509e+03
3.870000000000000000e+04	3.701920806154899765e+03
3.960000000000000000e+04	3.701920806154899765e+03
3.960000000000000000e+04	4.030927213995133570e+03
4.050000000000000000e+04	4.030927213995133570e+03
4.050000000000000000e+04	3.954252460435894250e+02
4.140000000000000000e+04	3.954252460435894250e+02
4.140000000000000000e+04	3.079129827953001950e+03
4.230000000000000000e+04	3.079129827953001950e+03
4.230000000000000000e+04	2.490041066223522648e+03
4.320000000000000000e+04	2.490041066223522648e+03
4.320000000000000000e+04	2.005275243133408367e+03
4.410000000000000000e+04	2.005275243133408367e+03
4.410000000000000000e+04	2.016760795483730817e+03
4.500000000000000000e+04	2.016760795483730817e+03
4.500000000000000000e+04	1.820903548249450978e+03
4.590000000000000000e+04	1.820903548249450978e+03
4.590000000000000000e+04	2.123297045325336512e+03
4.680000000000000000e+04	2.123297045325336512e+03
4.680000000000000000e+04	1.140721742460014866e+03
4.770000000000000000e+04	1.140721742460014866e+03
4.770000000000000000e+04	1.390808413596413857e+03
4.860000000000000000e+04	1.390808413596413857e+03
4.860000000000000000e+04	1.115754212432017084e+03
4.950000000000000000e+04	1.115754212432017084e+03
4.950000000000000000e+04	1.126841020761930849e+03
5.040000000000000000e+04	1.126841020761930849e+03
5.040000000000000000e+04	4.230803924155061395e+02
5.130000000000000000e+04	4.230803924155061395e+02
5.130000000000000000e+04	1.166532363259254453e+03
5.220000000000000000e+04	1.166532363259254453e+03
5.220000000000000000e+04	6.308401804535533302e+02
5.310000000000000000e+04	6.308401804535533302e+02
5.310000000000000000e+04	7.509741822010255419e+02
5.400000000000000000e+04	7.509741822010255419e+02
5.400000000000000000e+04	2.292203658800553967e+02
5.490000000000000000e+04	2.292203658800553967e+02
5.490000000000000000e+04	1.619848654494438051e+03
5.580000000000000000e+04	1.619848654494438051e+03
5.580000000000000000e+04	4.178064487287192605e+02
5.670000000000000000e+04	4.178064487287192605e+02
5.670000000000000000e+04	5.006430466192541644e+02
5.760000000000000000e+04	5.006430466192541644e+02
5.760000000000000000e+04	2.212569712797931061e+02
5.850000000000000000e+04	2.212569712797931061e+02
5.850000000000000000e+04	1.969989906601526627e+03
5.940000000000000000e+04	1.969989906601526627e+03
5.940000000000000000e+04	7.424384936281130649e+02
6.030000000000000000e+04	7.424384936281130649e+02
6.030000000000000000e+04	8.814301930712535977e+02
6.120000000000000000e+04	8.814301930712535977e+02
6.120000000000000000e+04	3.424576086622637376e+02
6.210000000000000000e+04	3.424576086622637376e+02
6.210000000000000000e+04	2.067600598161261132e+03
6.300000000000000000e+04	2.067600598161261132e+03
6.300000000000000000e+04	7.869634092011838220e+02
6.390000000000000000e+04	7.869634092011838220e+02
6.390000000000000000e+04	4.808373555181897245e+02
6.480000000000000000e+04	4.808373555181897245e+02
6.480000000000000000e+04	1.102384272001493628e+03
6.570000000000000000e+04	1.102384272001493628e+03
6.570000000000000000e+04	6.137306650430258742e+03
6.660000000000000000e+04	6.137306650430258742e+03
6.660000000000000000e+04	1.950341148024366703e+03
6.750000000000000000e+04	1.950341148024366703e+03
6.750000000000000000e+04	2.496745295824017376e+03
6.840000000000000000e+04	2.496745295824017376e+03
6.840000000000000000e+04	2.178615052460276274e+03
6.930000000000000000e+04	2.178615052460276274e+03
6.930000000000000000e+04	2.775726337005805362e+03
7.020000000000000000e+04	2.775726337005805362e+03
7.020000000000000000e+04	1.408228264184552245e+03
7.110000000000000000e+04	1.408228264184552245e+03
7.110000000000000000e+04	9.857530537698767148e+02
7.200000000000000000e+04	9.857530537698767148e+02
7.200000000000000000e+04	1.601889666237977508e+03
7.290000000000000000e+04	1.601889666237977508e+03
7.290000000000000000e+04	2.723782844959388967e+03
7.380000000000000000e+04	2.723782844959388967e+03
7.380000000000000000e+04	1.257885083372355439e+03
7.470000000000000000e+04	1.257885083372355439e+03
7.470000000000000000e+04	8.424326737218070775e+02
7.560000000000000000e+04	8.424326737218070775e+02
7.560000000000000000e+04	5.586031763636692631e+02
7.650000000000000000e+04	5.586031763636692631e+02
7.650000000000000000e+04	2.149955474802636672e+03
7.740000000000000000e+04	2.149955474802636672e+03
7.740000000000000000e+04	8.573752367586130276e+02
7.830000000000000000e+04	8.573752367586130276e+02
7.830000000000000000e+04	3.534004011965589598e+02
7.920000000000000000e+04	3.534004011965589598e+02
7.920000000000000000e+04	2.214686681159237196e+02
8.010000000000000000e+04	2.214686681159237196e+02
8.010000000000000000e+04	-1.824686902105104764e+03
8.100000000000000000e+04	-1.824686902105104764e+03
8.100000000000000000e+04	-5.436921196358161978e+02
8.190000000000000000e+04	-5.436921196358161978e+02
8.190000000000000000e+04	-2.577187118895817548e+02
8.280000000000000000e+04	-2.577187118895817548e+02
8.280000000000000000e+04	3.280777980313905573e+01
8.370000000000000000e+04	3.280777980313905573e+01
8.370000000000000000e+04	-1.610166388978329906e+03
8.460000000000000000e+04	-1.610166388978329906e+03
8.460000000000000000e+04	-5.151722961770137772e+02
8.550000000000000000e+04	-5.151722961770137772e+02
8.550000000000000000e+04	-2.630109160134452395e+02
8.640000000000000000e+04	-2.630109160134452395e+02
8.640000000000000000e+04	3.013569474903488299e+01
8.730000000000000000e+04	3.013569474903488299e+01
8.730000000000000000e+04	-1.554294094982535171e+03
8.820000000000000000e+04	-1.554294094982535171e+03
8.820000000000000000e+04	-4.985912819216609932e+02
8.910000000000000000e+04	-4.985912819216609932e+02
8.910000000000000000e+04	-1.991763559688115492e+02
9.000000000000000000e+04	-1.991763559688115492e+02
9.000000000000000000e+04	3.318528612109821552e+01
9.090000000000000000e+04	3.318528612109821552e+01
9.090000000000000000e+04	-1.512932309733009106e+03
9.180000000000000000e+04	-1.512932309733009106e+03
9.180000000000000000e+04	-4.839289792876807041e+02
9.270000000000000000e+04	-4.839289792876807041e+02
9.270000000000000000e+04	-2.465352898794226348e+02
9.360000000000000000e+04	-2.465352898794226348e+02
9.360000000000000000e+04	3.606381889120984852e+01
9.450000000000000000e+04	3.606381889120984852e+01
9.450000000000000000e+04	-1.478066913734042600e+03
9.540000000000000000e+04	-1.478066913734042600e+03
9.540000000000000000e+04	-4.721834440326201729e+02
9.630000000000000000e+04	-4.721834440326201729e+02
9.630000000000000000e+04	-2.406215231012320146e+02
9.720000000000000000e+04	-2.406215231012320146e+02
9.720000000000000000e+04	3.751828921699052444e+01
9.810000000000000000e+04	3.751828921699052444e+01
9.810000000000000000e+04	-7.337723563308003349e+02
9.900000000000000000e+04	-7.337723563308003349e+02
9.900000000000000000e+04	4.455731878241058439e+02
9.990000000000000000e+04	4.455731878241058439e+02
9.990000000000000000e+04	2.684925274984561838e+02
1.008000000000000000e+05	2.684925274984561838e+02
1.008000000000000000e+05	1.854434928632454103e+02
1.017000000000000000e+05	1.854434928632454103e+02
1.017000000000000000e+05	6.213306262006074576e+03
1.026000000000000000e+05	6.213306262006074576e+03
1.026000000000000000e+05	4.872060670678736642e+03
1.035000000000000000e+05	4.872060670678736642e+03
1.035000000000000000e+05	2.254229110629414208e+03
1.044000000000000000e+05	2.254229110629414208e+03
1.044000000000000000e+05	2.803105509642220568e+03
1.053000000000000000e+05	2.803105509642220568e+03
1.053000000000000000e+05	8.610351425297919832e+02
1.062000000000000000e+05	8.610351425297919832e+02
1.062000000000000000e+05	1.663656074107857421e+03
1.071000000000000000e+05	1.663656074107857421e+03
1.071000000000000000e+05	1.165394168924307451e+03
1.080000000000000000e+05	1.165394168924307451e+03
1.080000000000000000e+05	1.120733240503368506e+03
1.089000000000000000e+05	1.120733240503368506e+03
1.089000000000000000e+05	1.944312729578734661e+03
1.098000000000000000e+05	1.944312729578734661e+03
1.098000000000000000e+05	-2.513471150160708930e+03
1.107000000000000000e+05	-2.513471150160708930e+03
1.107000000000000000e+05	-5.413486837607342750e+02
1.116000000000000000e+05	-5.413486837607342750e+02
1.116000000000000000e+05	7.409939912563449980e+02
1.125000000000000000e+05	7.409939912563449980e+02
1.125000000000000000e+05	3.125721867963882687e+03
1.134000000000000000e+05	3.125721867963882687e+03
1.134000000000000000e+05	5.269725199002830777e+03
1.143000000000000000e+05	5.269725199002830777e+03
1.143000000000000000e+05	6.159023309478070587e+03
1.152000000000000000e+05	6.159023309478070587e+03
1.152000000000000000e+05	4.946669940420750208e+03
1.161000000000000000e+05	4.946669940420750208e+03
1.161000000000000000e+05	8.984916716726453160e+03
1.170000000000000000e+05	8.984916716726453160e+03
1.170000000000000000e+05	8.074718348588212393e+03
1.179000000000000000e+05	8.074718348588212393e+03
1.179000000000000000e+05	8.056707264951197430e+03
1.188000000000000000e+05	8.056707264951197430e+03
1.188000000000000000e+05	7.361813558302113961e+03
1.197000000000000000e+05	7.361813558302113961e+03
1.197000000000000000e+05	4.862447512445305620e+03
1.206000000000000000e+05	4.862447512445305620e+03
1.206000000000000000e+05	5.826650847223121673e+03
1.215000000000000000e+05	5.826650847223121673e+03
1.215000000000000000e+05	5.697418578053475358e+03
1.224000000000000000e+05	5.697418578053475358e+03
1.224000000000000000e+05	5.304182968228673417e+03
1.233000000000000000e+05	5.304182968228673417e+03
1.233000000000000000e+05	2.939384748204442985e+03
1.242000000000000000e+05	2.939384748204442985e+03
1.242000000000000000e+05	3.933067216903087683e+03
1.251000000000000000e+05	3.933067216903087683e+03
1.251000000000000000e+05	3.751910634356259834e+03
1.260000000000000000e+05	3.751910634356259834e+03
1.260000000000000000e+05	3.063278465886241975e+03
1.269000000000000000e+05	3.063278465886241975e+03
1.269000000000000000e+05	4.602266665037263920e+03
1.278000000000000000e+05	4.602266665037263920e+03
1.278000000000000000e+05	2.514654421628685668e+03
1.287000000000000000e+05	2.514654421628685668e+03
1.287000000000000000e+05	2.854514376394916326e+03
1.296000000000000000e+05	2.854514376394916326e+03
1.296000000000000000e+05	2.959454752206245757e+03
1.305000000000000000e+05	2.959454752206245757e+03
1.305000000000000000e+05	6.171781797443521782e+02
1.314000000000000000e+05	6.171781797443521782e+02
1.314000000000000000e+05	2.314524980308779050e+03
1.323000000000000000e+05	2.314524980308779050e+03
1.323000000000000000e+05	2.187757638307870366e+03
1.332000000000000000e+05	2.187757638307870366e+03
1.332000000000000000e+05	1.948198679516386619e+03
1.341000000000000000e+05	1.948198679516386619e+03
1.341000000000000000e+05	6.376800597706363760e+02
1.350000000000000000e+05	6.376800597706363760e+02
1.350000000000000000e+05	1.749447435227280948e+03
1.359000000000000000e+05	1.749447435227280948e+03
1.359000000000000000e+05	1.577077539659570903e+03
1.368000000000000000e+05	1.577077539659570903e+03
1.368000000000000000e+05	1.046199968793644075e+03
1.377000000000000000e+05	1.046199968793644075e+03
1.377000000000000000e+05	1.873643382628192512e+03
1.386000000000000000e+05	1.873643382628192512e+03
1.386000000000000000e+05	1.323416384708369151e+03
1.395000000000000000e+05	1.323416384708369151e+03
1.395000000000000000e+05	1.015817538244009484e+03
1.404000000000000000e+05	1.015817538244009484e+03
1.404000000000000000e+05	1.693995394932373529e+03
1.413000000000000000e+05	1.693995394932373529e+03
1.413000000000000000e+05	2.064689993373490893e+02
1.422000000000000000e+05	2.064689993373490893e+02
1.422000000000000000e+05	7.724841039186576381e+02
1.431000000000000000e+05	7.724841039186576381e+02
1.431000000000000000e+05	8.394698933486943133e+02
1.440000000000000000e+05	8.394698933486943133e+02
1.440000000000000000e+05	8.550563026355030161e+02
1.449000000000000000e+05	8.550563026355030161e+02
1.449000000000000000e+05	4.710587665261714960e+02
1.458000000000000000e+05	4.710587665261714960e+02
1.458000000000000000e+05	7.372969156716717407e+02
1.467000000000000000e+05	7.372969156716717407e+02
1.467000000000000000e+05	7.062341826870688237e+02
1.476000000000000000e+05	7.062341826870688237e+02
1.476000000000000000e+05	9.022014085229493503e+02
1.485000000000000000e+05	9.022014085229493503e+02
1.485000000000000000e+05	9.128919379556959939e+02
1.494000000000000000e+05	9.128919379556959939e+02
1.494000000000000000e+05	1.701840135070553515e+03
1.503000000000000000e+05	1.701840135070553515e+03
1.503000000000000000e+05	1.856347829760459717e+03
1.512000000000000000e+05	1.856347829760459717e+03
1.512000000000000000e+05	8.384162435259577251e+02
1.521000000000000000e+05	8.384162435259577251e+02
1.521000000000000000e+05	4.217394225402092161e+03
1.530000000000000000e+05	4.217394225402092161e+03
1.530000000000000000e+05	1.474995282145624515e+03
1.539000000000000000e+05	1.474995282145624515e+03
1.539000000000000000e+05	1.759062168689735699e+03
1.548000000000000000e+05	1.759062168689735699e+03
1.548000000000000000e+05	1.561768979028982358e+03
1.557000000000000000e+05	1.561768979028982358e+03
1.557000000000000000e+05	2.872881197722287538e+02
1.566000000000000000e+05	2.872881197722287538e+02
1.566000000000000000e+05	1.631663570598466322e+03
1.575000000000000000e+05	1.631663570598466322e+03
1.575000000000000000e+05	1.714706136323977262e+03
1.584000000000000000e+05	1.714706136323977262e+03
1.584000000000000000e+05	5.552588761729548423e+02
1.593000000000000000e+05	5.552588761729548423e+02
1.593000000000000000e+05	4.194745964525361160e+03
1.602000000000000000e+05	4.194745964525361160e+03
1.602000000000000000e+05	1.535721959247719496e+03
1.611000000000000000e+05	1.535721959247719496e+03
1.611000000000000000e+05	8.950644189230515622e+02
1.620000000000000000e+05	8.950644189230515622e+02
1.620000000000000000e+05	5.014028475089962740e+02
1.629000000000000000e+05	5.014028475089962740e+02
1.629000000000000000e+05	2.125421349431242106e+03
1.638000000000000000e+05	2.125421349431242106e+03
1.638000000000000000e+05	8.331139637003652751e+02
1.647000000000000000e+05	8.331139637003652751e+02
1.647000000000000000e+05	2.629644043240114115e+02
1.656000000000000000e+05	2.629644043240114115e+02
1.656000000000000000e+05	1.930190687569247530e+02
1.665000000000000000e+05	1.930190687569247530e+02
1.665000000000000000e+05	-1.838249770734790218e+03
1.674000000000000000e+05	-1.838249770734790218e+03
1.674000000000000000e+05	-5.575585078389849514e+02
1.683000000000000000e+05	-5.575585078389849514e+02
1.683000000000000000e+05	-2.705175894380663522e+02
1.692000000000000000e+05	-2.705175894380663522e+02
1.692000000000000000e+05	2.746957940961056011e+01
1.701000000000000000e+05	2.746957940961056011e+01
1.701000000000000000e+05	-1.656922891557826006e+03
1.710000000000000000e+05	-1.656922891557826006e+03
1.710000000000000000e+05	-5.347121803986956365e+02
1.719000000000000000e+05	-5.347121803986956365e+02
1.719000000000000000e+05	-2.765428714510053396e+02
1.728000000000000000e+05	-2.765428714510053396e+02
1.728000000000000000e+05	2.449259922001601808e+01
1.737000000000000000e+05	2.449259922001601808e+01
1.737000000000000000e+05	-1.616106859039286064e+03
1.746000000000000000e+05	-1.616106859039286064e+03
1.746000000000000000e+05	-5.233261384145589545e+02
1.755000000000000000e+05	-5.233261384145589545e+02
1.755000000000000000e+05	-2.714111403778661042e+02
1.764000000000000000e+05	-2.714111403778661042e+02
1.764000000000000000e+05	2.658817692029242608e+01
1.773000000000000000e+05	2.658817692029242608e+01
1.773000000000000000e+05	-1.588609093957924642e+03
1.782000000000000000e+05	-1.588609093957924642e+03
1.782000000000000000e+05	-5.137758460865006782e+02
1.791000000000000000e+05	-5.137758460865006782e+02
1.791000000000000000e+05	-2.661326142805628479e+02
1.800000000000000000e+05	-2.661326142805628479e+02
1.800000000000000000e+05	2.842981072315524216e+01
1.809000000000000000e+05	2.842981072315524216e+01
1.809000000000000000e+05	-1.521483549008446971e+03
1.818000000000000000e+05	-1.521483549008446971e+03
1.818000000000000000e+05	-4.458754719260614365e+02
1.827000000000000000e+05	-4.458754719260614365e+02
1.827000000000000000e+05	6.012717830681358464e+02
1.836000000000000000e+05	6.012717830681358464e+02
1.836000000000000000e+05	2.395787740419473266e+02
1.845000000000000000e+05	2.395787740419473266e+02
1.845000000000000000e+05	-1.036571106546422470e+03
1.854000000000000000e+05	-1.036571106546422470e+03
1.854000000000000000e+05	1.914546604839735664e+03
1.863000000000000000e+05	1.914546604839735664e+03
1.863000000000000000e+05	4.679311021810863167e+02
1.872000000000000000e+05	4.679311021810863167e+02
1.872000000000000000e+05	3.659665668962743439e+02
1.881000000000000000e+05	3.659665668962743439e+02
1.881000000000000000e+05	-1.752709170281916840e+03
1.890000000000000000e+05	-1.752709170281916840e+03
1.890000000000000000e+05	-4.933349389985087328e+02
1.899000000000000000e+05	-4.933349389985087328e+02
1.899000000000000000e+05	-2.209866490667336620e+02
1.908000000000000000e+05	-2.209866490667336620e+02
1.908000000000000000e+05	3.958336802322082804e+01
1.917000000000000000e+05	3.958336802322082804e+01
1.917000000000000000e+05	1.230324989750741224e+03
1.926000000000000000e+05	1.230324989750741224e+03
1.926000000000000000e+05	-1.164153218269348145e-10
1.935000000000000000e+05	-1.164153218269348145e-10
1.935000000000000000e+05	0.000000000000000000e+00
1.944000000000000000e+05	0.000000000000000000e+00
1.944000000000000000e+05	2.526267496699265394e+02
1.953000000000000000e+05	2.526267496699265394e+02
1.953000000000000000e+05	3.383061240965027537e+03
1.962000000000000000e+05	3.383061240965027537e+03
1.962000000000000000e+05	7.560133468138519675e+01
1.971000000000000000e+05	7.560133468138519675e+01
1.971000000000000000e+05	-2.529558550946356263e+03
1.980000000000000000e+05	-2.529558550946356263e+03
1.980000000000000000e+05	1.427167243714104188e+03
1.989000000000000000e+05	1.427167243714104188e+03
1.989000000000000000e+05	3.354111541701634906e+03
1.998000000000000000e+05	3.354111541701634906e+03
1.998000000000000000e+05	5.443633097760728560e+03
2.007000000000000000e+05	5.443633097760728560e+03
2.007000000000000000e+05	6.296746877445548307e+03
2.016000000000000000e+05	6.296746877445548307e+03
2.016000000000000000e+05	5.129415696642976400e+03
2.025000000000000000e+05	5.129415696642976400e+03
2.025000000000000000e+05	9.223609187906791703e+03
2.034000000000000000e+05	9.223609187906791703e+03
2.034000000000000000e+05	8.190422999219445046e+03
2.043000000000000000e+05	8.190422999219445046e+03
2.043000000000000000e+05	6.673382568082422949e+03
2.052000000000000000e+05	6.673382568082422949e+03
2.052000000000000000e+05	6.617724615903767699e+03
2.061000000000000000e+05	6.617724615903767699e+03
2.061000000000000000e+05	3.207018603259426982e+03
2.070000000000000000e+05	3.207018603259426982e+03
2.070000000000000000e+05	5.293369711370789446e+03
2.079000000000000000e+05	5.293369711370789446e+03
2.079000000000000000e+05	5.035244120243471116e+03
2.088000000000000000e+05	5.035244120243471116e+03
2.088000000000000000e+05	4.572290465208163369e+03
2.097000000000000000e+05	4.572290465208163369e+03
2.097000000000000000e+05	3.052457658828790500e+03
2.106000000000000000e+05	3.052457658828790500e+03
2.106000000000000000e+05	3.599323124628863297e+03
2.115000000000000000e+05	3.599323124628863297e+03
2.115000000000000000e+05	3.457644907875917852e+03
2.124000000000000000e+05	3.457644907875917852e+03
2.124000000000000000e+05	3.543642249294043722e+03
2.133000000000000000e+05	3.543642249294043722e+03
2.133000000000000000e+05	1.871656339470403054e+03
2.142000000000000000e+05	1.871656339470403054e+03
2.142000000000000000e+05	2.660987463635916356e+03
2.151000000000000000e+05	2.660987463635916356e+03
2.151000000000000000e+05	2.630000987928593531e+03
2.160000000000000000e+05	2.630000987928593531e+03
2.160000000000000000e+05	2.152823839139990014e+03
2.169000000000000000e+05	2.152823839139990014e+03
2.169000000000000000e+05	1.772486396594984853e+03
2.178000000000000000e+05	1.772486396594984853e+03
2.178000000000000000e+05	2.395091904058237560e+03
2.187000000000000000e+05	2.395091904058237560e+03
2.187000000000000000e+05	2.345493221293494571e+03
2.196000000000000000e+05	2.345493221293494571e+03
2.196000000000000000e+05	2.113347412880682896e+03
2.205000000000000000e+05	2.113347412880682896e+03
2.205000000000000000e+05	6.120548935846837821e+02
2.214000000000000000e+05	6.120548935846837821e+02
2.214000000000000000e+05	2.007224934609781485e+03
2.223000000000000000e+05	2.007224934609781485e+03
2.223000000000000000e+05	2.146705889291537460e+03
2.232000000000000000e+05	2.146705889291537460e+03
2.232000000000000000e+05	8.003841571788398142e+02
2.241000000000000000e+05	8.003841571788398142e+02
2.241000000000000000e+05	4.338214942378480373e+03
2.250000000000000000e+05	4.338214942378480373e+03
2.250000000000000000e+05	1.521523725629202090e+03
2.259000000000000000e+05	1.521523725629202090e+03
2.259000000000000000e+05	1.648505073639156763e+03
2.268000000000000000e+05	1.648505073639156763e+03
2.268000000000000000e+05	1.153391669699749400e+03
2.277000000000000000e+05	1.153391669699749400e+03
2.277000000000000000e+05	2.326284767018632465e+03
2.286000000000000000e+05	2.326284767018632465e+03
2.286000000000000000e+05	1.085182354803197086e+03
2.295000000000000000e+05	1.085182354803197086e+03
2.295000000000000000e+05	7.001490689677884802e+02
2.304000000000000000e+05	7.001490689677884802e+02
2.304000000000000000e+05	3.775973700694630679e+02
2.313000000000000000e+05	3.775973700694630679e+02
2.313000000000000000e+05	4.912095454037866148e+03
2.322000000000000000e+05	4.912095454037866148e+03
2.322000000000000000e+05	8.572970820588525385e+02
2.331000000000000000e+05	8.572970820588525385e+02
2.331000000000000000e+05	1.517198940466216300e+03
2.340000000000000000e+05	1.517198940466216300e+03
2.340000000000000000e+05	6.464471565501253281e+02
2.349000000000000000e+05	6.464471565501253281e+02
2.349000000000000000e+05	4.883907260686838526e+03
2.358000000000000000e+05	4.883907260686838526e+03
2.358000000000000000e+05	2.014450005392602179e+03
2.367000000000000000e+05	2.014450005392602179e+03
2.367000000000000000e+05	2.786681257343036123e+03
2.376000000000000000e+05	2.786681257343036123e+03
2.376000000000000000e+05	2.005460477365033512e+03
2.385000000000000000e+05	2.005460477365033512e+03
2.385000000000000000e+05	-1.650471638089061798e+03
2.394000000000000000e+05	-1.650471638089061798e+03
2.394000000000000000e+05	1.133555555768427439e+03
2.403000000000000000e+05	1.133555555768427439e+03
2.403000000000000000e+05	8.688788462194497697e+02
2.412000000000000000e+05	8.688788462194497697e+02
2.412000000000000000e+05	5.766942403836146696e+02
2.421000000000000000e+05	5.766942403836146696e+02
2.421000000000000000e+05	6.269159589226331263e+03
2.430000000000000000e+05	6.269159589226331263e+03
2.430000000000000000e+05	5.556882785229943693e+03
2.439000000000000000e+05	5.556882785229943693e+03
2.439000000000000000e+05	2.678583997219975572e+03
2.448000000000000000e+05	2.678583997219975572e+03
2.448000000000000000e+05	2.629387941999288159e+03
2.457000000000000000e+05	2.629387941999288159e+03
2.457000000000000000e+05	2.908386736203881810e+03
2.466000000000000000e+05	2.908386736203881810e+03
2.466000000000000000e+05	1.559412744910106994e+03
2.475000000000000000e+05	1.559412744910106994e+03
2.475000000000000000e+05	1.113386165500443894e+03
2.484000000000000000e+05	1.113386165500443894e+03
2.484000000000000000e+05	8.290187437113290798e+02
2.493000000000000000e+05	8.290187437113290798e+02
2.493000000000000000e+05	2.253406224393177126e+03
2.502000000000000000e+05	2.253406224393177126e+03
2.502000000000000000e+05	9.512393742743879557e+02
2.511000000000000000e+05	9.512393742743879557e+02
2.511000000000000000e+05	6.087704297053860500e+02
2.520000000000000000e+05	6.087704297053860500e+02
2.520000000000000000e+05	2.988724464402685044e+02
2.529000000000000000e+05	2.988724464402685044e+02
2.529000000000000000e+05	-1.796257615594819526e+03
2.538000000000000000e+05	-1.796257615594819526e+03
2.538000000000000000e+05	-5.183671770435175858e+02
2.547000000000000000e+05	-5.183671770435175858e+02
2.547000000000000000e+05	-2.374179865636979230e+02
2.556000000000000000e+05	-2.374179865636979230e+02
2.556000000000000000e+05	3.709734795570329879e+01
2.565000000000000000e+05	3.709734795570329879e+01
2.565000000000000000e+05	-1.555450313540425668e+03
2.574000000000000000e+05	-1.555450313540425668e+03
2.574000000000000000e+05	-4.971491921701817773e+02
2.583000000000000000e+05	-4.971491921701817773e+02
2.583000000000000000e+05	-2.538789826472639106e+02
2.592000000000000000e+05	-2.538789826472639106e+02
2.592000000000000000e+05	3.158004875297592662e+01
2.601000000000000000e+05	3.158004875297592662e+01
2.601000000000000000e+05	-1.515882363809713297e+03
2.610000000000000000e+05	-1.515882363809713297e+03
2.610000000000000000e+05	-4.870856617774115875e+02
2.619000000000000000e+05	-4.870856617774115875e+02
2.619000000000000000e+05	-2.500855584241799079e+02
2.628000000000000000e+05	-2.500855584241799079e+02
2.628000000000000000e+05	3.326482219286481268e+01
2.637000000000000000e+05	3.326482219286481268e+01
2.637000000000000000e+05	-1.491882554853190413e+03
2.646000000000000000e+05	-1.491882554853190413e+03
2.646000000000000000e+05	-2.783859519747784361e+01
2.655000000000000000e+05	-2.783859519747784361e+01
2.655000000000000000e+05	4.051205194561043754e+01
2.664000000000000000e+05	4.051205194561043754e+01
2.664000000000000000e+05	3.514838398397478159e+01
2.673000000000000000e+05	3.514838398397478159e+01
2.673000000000000000e+05	-1.473663784994890193e+03
2.682000000000000000e+05	-1.473663784994890193e+03
2.682000000000000000e+05	-4.725794424230116419e+02
2.691000000000000000e+05	-4.725794424230116419e+02
2.691000000000000000e+05	-1.966214365511550568e+02
2.700000000000000000e+05	-1.966214365511550568e+02
2.700000000000000000e+05	3.144361691800768313e+02
2.709000000000000000e+05	3.144361691800768313e+02
2.709000000000000000e+05	-3.116972856091617814e+02
2.718000000000000000e+05	-3.116972856091617814e+02
2.718000000000000000e+05	-6.059839512279722840e+00
2.727000000000000000e+05	-6.059839512279722840e+00
2.727000000000000000e+05	4.534357602609088644e+01
2.736000000000000000e+05	4.534357602609088644e+01
2.736000000000000000e+05	1.214135297421898940e+02
2.745000000000000000e+05	1.214135297421898940e+02
2.745000000000000000e+05	3.532715575670033559e+03
2.754000000000000000e+05	3.532715575670033559e+03
2.754000000000000000e+05	1.214545436912972946e+03
2.763000000000000000e+05	1.214545436912972946e+03
2.763000000000000000e+05	3.092837984995334409e+03
2.772000000000000000e+05	3.092837984995334409e+03
2.772000000000000000e+05	1.527505450242306324e+03
2.781000000000000000e+05	1.527505450242306324e+03
2.781000000000000000e+05	2.207594080164886236e+03
2.790000000000000000e+05	2.207594080164886236e+03
2.790000000000000000e+05	6.745821520566823892e+02
2.799000000000000000e+05	6.745821520566823892e+02
2.799000000000000000e+05	5.918243755683652125e+02
2.808000000000000000e+05	5.918243755683652125e+02
2.808000000000000000e+05	9.810602875735194175e+02
2.817000000000000000e+05	9.810602875735194175e+02
2.817000000000000000e+05	4.142679631872841810e+02
2.826000000000000000e+05	4.142679631872841810e+02
2.826000000000000000e+05	7.908386450272519141e+02
2.835000000000000000e+05	7.908386450272519141e+02
2.835000000000000000e+05	-1.599354658672411460e+03
2.844000000000000000e+05	-1.599354658672411460e+03
2.844000000000000000e+05	1.541652948758403909e+03
2.853000000000000000e+05	1.541652948758403909e+03
2.853000000000000000e+05	-4.832600318105689752e+01
2.862000000000000000e+05	-4.832600318105689752e+01
2.862000000000000000e+05	4.325224699861661065e+03
2.871000000000000000e+05	4.325224699861661065e+03
2.871000000000000000e+05	5.700531870216131210e+03
2.880000000000000000e+05	5.700531870216131210e+03
2.880000000000000000e+05	4.336064241431336995e+03
2.889000000000000000e+05	4.336064241431336995e+03
2.889000000000000000e+05	9.974340109206561465e+03
2.898000000000000000e+05	9.974340109206561465e+03
2.898000000000000000e+05	4.186309697267424781e+03
2.907000000000000000e+05	4.186309697267424781e+03
2.907000000000000000e+05	6.749100077093520667e+03
2.916000000000000000e+05	6.749100077093520667e+03
2.916000000000000000e+05	5.877473497675167891e+03
2.925000000000000000e+05	5.877473497675167891e+03
2.925000000000000000e+05	7.214559223804592875e+03
2.934000000000000000e+05	7.214559223804592875e+03
2.934000000000000000e+05	6.747132335472851992e+03
2.943000000000000000e+05	6.747132335472851992e+03
2.943000000000000000e+05	5.489695857234473806e+03
2.952000000000000000e+05	5.489695857234473806e+03
2.952000000000000000e+05	5.315291916606274754e+03
2.961000000000000000e+05	5.315291916606274754e+03
2.961000000000000000e+05	2.602781937375672442e+03
2.970000000000000000e+05	2.602781937375672442e+03
2.970000000000000000e+05	4.227147284382197540e+03
2.979000000000000000e+05	4.227147284382197540e+03
2.979000000000000000e+05	3.882778738379071001e+03
2.988000000000000000e+05	3.882778738379071001e+03
2.988000000000000000e+05	2.491667613654779416e+03
2.997000000000000000e+05	2.491667613654779416e+03
2.997000000000000000e+05	5.051627354991263019e+03
3.006000000000000000e+05	5.051627354991263019e+03
3.006000000000000000e+05	2.749659893034258857e+03
3.015000000000000000e+05	2.749659893034258857e+03
3.015000000000000000e+05	3.050188229114864953e+03
3.024000000000000000e+05	3.050188229114864953e+03
3.024000000000000000e+05	3.290048698488852096e+03
3.033000000000000000e+05	3.290048698488852096e+03
3.033000000000000000e+05	2.892240749793993473e+02
3.042000000000000000e+05	2.892240749793993473e+02
3.042000000000000000e+05	2.721503247348882724e+03
3.051000000000000000e+05	2.721503247348882724e+03
3.051000000000000000e+05	2.525004938033642247e+03
3.060000000000000000e+05	2.525004938033642247e+03
3.060000000000000000e+05	1.700326028572282667e+03
3.069000000000000000e+05	1.700326028572282667e+03
3.069000000000000000e+05	2.339468859789362341e+03
3.078000000000000000e+05	2.339468859789362341e+03
3.078000000000000000e+05	1.730444521617842838e+03
3.087000000000000000e+05	1.730444521617842838e+03
3.087000000000000000e+05	1.877098866970452946e+03
3.096000000000000000e+05	1.877098866970452946e+03
3.096000000000000000e+05	1.491445688132183932e+03
3.105000000000000000e+05	1.491445688132183932e+03
3.105000000000000000e+05	2.753034187057657505e+02
3.114000000000000000e+05	2.753034187057657505e+02
3.114000000000000000e+05	1.516668700966169126e+03
3.123000000000000000e+05	1.516668700966169126e+03
3.123000000000000000e+05	1.474707909144170117e+03
3.132000000000000000e+05	1.474707909144170117e+03
3.132000000000000000e+05	5.105659224458986500e+02
3.141000000000000000e+05	5.105659224458986500e+02
3.141000000000000000e+05	2.126190580734125888e+03
3.150000000000000000e+05	2.126190580734125888e+03
3.150000000000000000e+05	8.311080404250533320e+02
3.159000000000000000e+05	8.311080404250533320e+02
3.159000000000000000e+05	2.153524036655901000e+03
3.168000000000000000e+05	2.153524036655901000e+03
3.168000000000000000e+05	1.031720123616074488e+03
3.177000000000000000e+05	1.031720123616074488e+03
3.177000000000000000e+05	1.019832689731789969e+03
3.186000000000000000e+05	1.019832689731789969e+03
3.186000000000000000e+05	1.064350853293901309e+03
3.195000000000000000e+05	1.064350853293901309e+03
3.195000000000000000e+05	1.097081779247964732e+03
3.204000000000000000e+05	1.097081779247964732e+03
3.204000000000000000e+05	6.142071273273959378e+02
3.213000000000000000e+05	6.142071273273959378e+02
3.213000000000000000e+05	2.163639134536684196e+03
3.222000000000000000e+05	2.163639134536684196e+03
3.222000000000000000e+05	2.659155238259292673e+03
3.231000000000000000e+05	2.659155238259292673e+03
3.231000000000000000e+05	2.249575794440228492e+03
3.240000000000000000e+05	2.249575794440228492e+03
3.240000000000000000e+05	1.177905484066548524e+03
3.249000000000000000e+05	1.177905484066548524e+03
3.249000000000000000e+05	4.694094137769463487e+03
3.258000000000000000e+05	4.694094137769463487e+03
3.258000000000000000e+05	1.966013649056374561e+03
3.267000000000000000e+05	1.966013649056374561e+03
3.267000000000000000e+05	2.240907477722212207e+03
3.276000000000000000e+05	2.240907477722212207e+03
3.276000000000000000e+05	1.771246819182832041e+03
3.285000000000000000e+05	1.771246819182832041e+03
3.285000000000000000e+05	2.541934351415734454e+03
3.294000000000000000e+05	2.541934351415734454e+03
3.294000000000000000e+05	3.400430537619919050e+03
3.303000000000000000e+05	3.400430537619919050e+03
3.303000000000000000e+05	2.621474332496931311e+03
3.312000000000000000e+05	2.621474332496931311e+03
3.312000000000000000e+05	8.607198916025472499e+02
3.321000000000000000e+05	8.607198916025472499e+02
3.321000000000000000e+05	4.840045376527071312e+03
3.330000000000000000e+05	4.840045376527071312e+03
3.330000000000000000e+05	1.821575316879723687e+03
3.339000000000000000e+05	1.821575316879723687e+03
3.339000000000000000e+05	1.081687568547262345e+03
3.348000000000000000e+05	1.081687568547262345e+03
3.348000000000000000e+05	7.129028712732806525e+02
3.357000000000000000e+05	7.129028712732806525e+02
3.357000000000000000e+05	2.207999408187891731e+03
3.366000000000000000e+05	2.207999408187891731e+03
3.366000000000000000e+05	9.091792491946252994e+02
3.375000000000000000e+05	9.091792491946252994e+02
3.375000000000000000e+05	5.334391732901567593e+02
3.384000000000000000e+05	5.334391732901567593e+02
3.384000000000000000e+05	2.611772245621177717e+02
3.393000000000000000e+05	2.611772245621177717e+02
3.393000000000000000e+05	-1.811428365738666571e+03
3.402000000000000000e+05	-1.811428365738666571e+03
3.402000000000000000e+05	-5.326574065362801775e+02
3.411000000000000000e+05	-5.326574065362801775e+02
3.411000000000000000e+05	-2.496270884633413516e+02
3.420000000000000000e+05	-2.496270884633413516e+02
3.420000000000000000e+05	3.349702226468980371e+01
3.429000000000000000e+05	3.349702226468980371e+01
3.429000000000000000e+05	-1.591776177274365182e+03
3.438000000000000000e+05	-1.591776177274365182e+03
3.438000000000000000e+05	-5.109138300684280694e+02
3.447000000000000000e+05	-5.109138300684280694e+02
3.447000000000000000e+05	-2.624206274120369926e+02
3.456000000000000000e+05	-2.624206274120369926e+02
3.456000000000000000e+05	2.883471527424444503e+01
3.465000000000000000e+05	2.883471527424444503e+01
3.465000000000000000e+05	-1.507239015082221158e+03
3.474000000000000000e+05	-1.507239015082221158e+03
3.474000000000000000e+05	-4.856171876724110916e+02
3.483000000000000000e+05	-4.856171876724110916e+02
3.483000000000000000e+05	-2.502720825051655993e+02
3.492000000000000000e+05	-2.502720825051655993e+02
3.492000000000000000e+05	1.120718333809390970e+02
3.501000000000000000e+05	1.120718333809390970e+02
3.501000000000000000e+05	-4.064623862792625459e+02
3.510000000000000000e+05	-4.064623862792625459e+02
3.510000000000000000e+05	-9.824146635085344315e+01
3.519000000000000000e+05	-9.824146635085344315e+01
3.519000000000000000e+05	-3.189142110367538407e+01
3.528000000000000000e+05	-3.189142110367538407e+01
3.528000000000000000e+05	8.229698456764890580e+01
3.537000000000000000e+05	8.229698456764890580e+01
3.537000000000000000e+05	-4.680076224468328974e+02
3.546000000000000000e+05	-4.680076224468328974e+02
3.546000000000000000e+05	-1.280717348374892026e+02
3.555000000000000000e+05	-1.280717348374892026e+02
3.555000000000000000e+05	-5.230735233012819663e+01
3.564000000000000000e+05	-5.230735233012819663e+01
3.564000000000000000e+05	8.173495911298050487e+01
3.573000000000000000e+05	8.173495911298050487e+01
3.573000000000000000e+05	-5.512179300951308960e+02
3.582000000000000000e+05	-5.512179300951308960e+02
3.582000000000000000e+05	-1.565216419089701958e+02
3.591000000000000000e+05	-1.565216419089701958e+02
3.591000000000000000e+05	-6.826864658331032842e+01
3.600000000000000000e+05	-6.826864658331032842e+01
3.600000000000000000e+05	8.105974278267603950e+01
3.609000000000000000e+05	8.105974278267603950e+01
3.609000000000000000e+05	5.706940619680039163e+03
3.618000000000000000e+05	5.706940619680039163e+03
3.618000000000000000e+05	9.430058043692260981e+02
3.627000000000000000e+05	9.430058043692260981e+02
3.627000000000000000e+05	1.724885950524709187e+03
3.636000000000000000e+05	1.724885950524709187e+03
3.636000000000000000e+05	1.019064470729533241e+03
3.645000000000000000e+05	1.019064470729533241e+03
3.645000000000000000e+05	2.324895754925975780e+03
3.654000000000000000e+05	2.324895754925975780e+03
3.654000000000000000e+05	2.882103502249228768e+02
3.663000000000000000e+05	2.882103502249228768e+02
3.663000000000000000e+05	0.000000000000000000e+00
3.672000000000000000e+05	0.000000000000000000e+00
3.672000000000000000e+05	5.192560886597129866e+02
3.681000000000000000e+05	5.192560886597129866e+02
3.681000000000000000e+05	1.142219037098519038e+03
3.690000000000000000e+05	1.142219037098519038e+03
3.690000000000000000e+05	0.000000000000000000e+00
3.699000000000000000e+05	0.000000000000000000e+00
3.699000000000000000e+05	-2.196916027440980542e+03
3.708000000000000000e+05	-2.196916027440980542e+03
3.708000000000000000e+05	1.034914857704973656e+03
3.717000000000000000e+05	1.034914857704973656e+03
3.717000000000000000e+05	3.477452896890925786e+03
3.726000000000000000e+05	3.477452896890925786e+03
3.726000000000000000e+05	5.412180572881421540e+03
3.735000000000000000e+05	5.412180572881421540e+03
3.735000000000000000e+05	6.246386452072358225e+03
3.744000000000000000e+05	6.246386452072358225e+03
3.744000000000000000e+05	5.055729622106187890e+03
3.753000000000000000e+05	5.055729622106187890e+03
3.753000000000000000e+05	9.070988904709221970e+03
3.762000000000000000e+05	9.070988904709221970e+03
3.762000000000000000e+05	8.124400775842193980e+03
3.771000000000000000e+05	8.124400775842193980e+03
3.771000000000000000e+05	8.092733017380931415e+03
3.780000000000000000e+05	8.092733017380931415e+03
3.780000000000000000e+05	4.491674183943196113e+03
3.789000000000000000e+05	4.491674183943196113e+03
3.789000000000000000e+05	6.430633575642052165e+03
3.798000000000000000e+05	6.430633575642052165e+03
3.798000000000000000e+05	5.917732811024237890e+03
3.807000000000000000e+05	5.917732811024237890e+03
3.807000000000000000e+05	7.098635093078308273e+03
3.816000000000000000e+05	7.098635093078308273e+03
3.816000000000000000e+05	5.953001209605070471e+03
3.825000000000000000e+05	5.953001209605070471e+03
3.825000000000000000e+05	1.989161298324405152e+03
3.834000000000000000e+05	1.989161298324405152e+03
3.834000000000000000e+05	3.146454531644121744e+03
3.843000000000000000e+05	3.146454531644121744e+03
3.843000000000000000e+05	4.643784516895597335e+03
3.852000000000000000e+05	4.643784516895597335e+03
3.852000000000000000e+05	3.506916919277749912e+03
3.861000000000000000e+05	3.506916919277749912e+03
3.861000000000000000e+05	-1.057798961942691221e+03
3.870000000000000000e+05	-1.057798961942691221e+03
3.870000000000000000e+05	3.228663649084046483e+02
3.879000000000000000e+05	3.228663649084046483e+02
3.879000000000000000e+05	4.820218999914941378e+02
3.888000000000000000e+05	4.820218999914941378e+02
3.888000000000000000e+05	7.937953026607328866e+02
3.897000000000000000e+05	7.937953026607328866e+02
3.897000000000000000e+05	7.281903998582908571e+03
3.906000000000000000e+05	7.281903998582908571e+03
3.906000000000000000e+05	4.456831291634414811e+03
3.915000000000000000e+05	4.456831291634414811e+03
3.915000000000000000e+05	2.990682674552896060e+03
3.924000000000000000e+05	2.990682674552896060e+03
3.924000000000000000e+05	1.982269222347476898e+03
3.933000000000000000e+05	1.982269222347476898e+03
3.933000000000000000e+05	4.176566935678207301e+03
3.942000000000000000e+05	4.176566935678207301e+03
3.942000000000000000e+05	2.415357726597459987e+03
3.951000000000000000e+05	2.415357726597459987e+03
3.951000000000000000e+05	3.102625705047510564e+03
3.960000000000000000e+05	3.102625705047510564e+03
3.960000000000000000e+05	1.280327401740967616e+03
3.969000000000000000e+05	1.280327401740967616e+03
3.969000000000000000e+05	6.031896336960973713e+03
3.978000000000000000e+05	6.031896336960973713e+03
3.978000000000000000e+05	2.112112357656471431e+03
3.987000000000000000e+05	2.112112357656471431e+03
3.987000000000000000e+05	2.005188352002005558e+03
3.996000000000000000e+05	2.005188352002005558e+03
3.996000000000000000e+05	1.288069622863213226e+03
4.005000000000000000e+05	1.288069622863213226e+03
4.005000000000000000e+05	-1.362995074145998615e+03
4.014000000000000000e+05	-1.362995074145998615e+03
4.014000000000000000e+05	-1.692891644648625515e+02
4.023000000000000000e+05	-1.692891644648625515e+02
4.023000000000000000e+05	3.941628694481914863e+01
4.032000000000000000e+05	3.941628694481914863e+01
4.032000000000000000e+05	1.477457188779790158e+02
4.041000000000000000e+05	1.477457188779790158e+02
4.041000000000000000e+05	7.094621784889061928e+03
4.050000000000000000e+05	7.094621784889061928e+03
4.050000000000000000e+05	3.576705113338597585e+03
4.059000000000000000e+05	3.576705113338597585e+03
4.059000000000000000e+05	2.132132349078601692e+03
4.068000000000000000e+05	2.132132349078601692e+03
4.068000000000000000e+05	2.484210587934852811e+03
4.077000000000000000e+05	2.484210587934852811e+03
4.077000000000000000e+05	1.123960729953831560e+03
4.086000000000000000e+05	1.123960729953831560e+03
4.086000000000000000e+05	3.262469300872064196e+03
4.095000000000000000e+05	3.262469300872064196e+03
4.095000000000000000e+05	3.227334933152713347e+03
4.104000000000000000e+05	3.227334933152713347e+03
4.104000000000000000e+05	1.658064370318899819e+03
4.113000000000000000e+05	1.658064370318899819e+03
4.113000000000000000e+05	5.804315440307083009e+03
4.122000000000000000e+05	5.804315440307083009e+03
4.122000000000000000e+05	2.743861009509419091e+03
4.131000000000000000e+05	2.743861009509419091e+03
4.131000000000000000e+05	2.784288882013293914e+03
4.140000000000000000e+05	2.784288882013293914e+03
4.140000000000000000e+05	1.625462249773070653e+03
4.149000000000000000e+05	1.625462249773070653e+03
4.149000000000000000e+05	6.469196124067490928e+03
4.158000000000000000e+05	6.469196124067490928e+03
4.158000000000000000e+05	2.538688440878060646e+03
4.167000000000000000e+05	2.538688440878060646e+03
4.167000000000000000e+05	3.261984420966240577e+03
4.176000000000000000e+05	3.261984420966240577e+03
4.176000000000000000e+05	2.845685132348658954e+03
4.185000000000000000e+05	2.845685132348658954e+03
4.185000000000000000e+05	2.629831631054926675e+03
4.194000000000000000e+05	2.629831631054926675e+03
4.194000000000000000e+05	1.438242867162218317e+03
4.203000000000000000e+05	1.438242867162218317e+03
4.203000000000000000e+05	1.034940207667474169e+03
4.212000000000000000e+05	1.034940207667474169e+03
4.212000000000000000e+05	7.721987311959674116e+02
4.221000000000000000e+05	7.721987311959674116e+02
4.221000000000000000e+05	2.231650093168884268e+03
4.230000000000000000e+05	2.231650093168884268e+03
4.230000000000000000e+05	9.315277318822918460e+02
4.239000000000000000e+05	9.315277318822918460e+02
4.239000000000000000e+05	5.927346609747619368e+02
4.248000000000000000e+05	5.927346609747619368e+02
4.248000000000000000e+05	2.832613340234029238e+02
4.257000000000000000e+05	2.832613340234029238e+02
4.257000000000000000e+05	-1.801908259597967344e+03
4.266000000000000000e+05	-1.801908259597967344e+03
4.266000000000000000e+05	-5.233061143658705987e+02
4.275000000000000000e+05	-5.233061143658705987e+02
4.275000000000000000e+05	-2.412749772419920191e+02
4.284000000000000000e+05	-2.412749772419920191e+02
4.284000000000000000e+05	3.645451521404174855e+01
4.293000000000000000e+05	3.645451521404174855e+01
4.293000000000000000e+05	-1.564617284540046285e+03
4.302000000000000000e+05	-1.564617284540046285e+03
4.302000000000000000e+05	-4.999669898265856318e+02
4.311000000000000000e+05	-4.999669898265856318e+02
4.311000000000000000e+05	-2.551436891744378954e+02
4.320000000000000000e+05	-2.551436891744378954e+02
4.320000000000000000e+05	3.153214317650963494e+01
4.329000000000000000e+05	3.153214317650963494e+01
4.329000000000000000e+05	-1.520784607903877941e+03
4.338000000000000000e+05	-1.520784607903877941e+03
4.338000000000000000e+05	-4.884096654197783209e+02
4.347000000000000000e+05	-4.884096654197783209e+02
4.347000000000000000e+05	-2.505496362264966592e+02
4.356000000000000000e+05	-2.505496362264966592e+02
4.356000000000000000e+05	3.334126306258440309e+01
4.365000000000000000e+05	3.334126306258440309e+01
4.365000000000000000e+05	-1.493368748022916179e+03
4.374000000000000000e+05	-1.493368748022916179e+03
4.374000000000000000e+05	-4.790733311125077307e+02
4.383000000000000000e+05	-4.790733311125077307e+02
4.383000000000000000e+05	-2.453564080390497111e+02
4.392000000000000000e+05	-2.453564080390497111e+02
4.392000000000000000e+05	3.546505459170839458e+01
4.401000000000000000e+05	3.546505459170839458e+01
4.401000000000000000e+05	-1.472086080981763871e+03
4.410000000000000000e+05	-1.472086080981763871e+03
4.410000000000000000e+05	-4.716005776043166406e+02
4.419000000000000000e+05	-4.716005776043166406e+02
4.419000000000000000e+05	-2.412670927155995741e+02
4.428000000000000000e+05	-2.412670927155995741e+02
4.428000000000000000e+05	3.693135535580313444e+01
4.437000000000000000e+05	3.693135535580313444e+01
4.437000000000000000e+05	1.470975573628089478e+03
4.446000000000000000e+05	1.470975573628089478e+03
4.446000000000000000e+05	1.429170327860105317e+03
4.455000000000000000e+05	1.429170327860105317e+03
4.455000000000000000e+05	3.150484790850838181e+03
4.464000000000000000e+05	3.150484790850838181e+03
4.464000000000000000e+05	9.446877158130064345e+02
4.473000000000000000e+05	9.446877158130064345e+02
4.473000000000000000e+05	3.362650574526052424e+03
4.482000000000000000e+05	3.362650574526052424e+03
4.482000000000000000e+05	1.602262847507488914e+03
4.491000000000000000e+05	1.602262847507488914e+03
4.491000000000000000e+05	1.869760807305923663e+03
4.500000000000000000e+05	1.869760807305923663e+03
4.500000000000000000e+05	4.013298853238120500e+02
4.509000000000000000e+05	4.013298853238120500e+02
4.509000000000000000e+05	6.186939069587107042e+03
4.518000000000000000e+05	6.186939069587107042e+03
4.518000000000000000e+05	2.702076936501602177e+03
4.527000000000000000e+05	2.702076936501602177e+03
4.527000000000000000e+05	2.264252572347118985e+03
4.536000000000000000e+05	2.264252572347118985e+03
4.536000000000000000e+05	2.135112719497099533e+03
4.545000000000000000e+05	2.135112719497099533e+03
4.545000000000000000e+05	1.884262174062638678e+03
4.554000000000000000e+05	1.884262174062638678e+03
4.554000000000000000e+05	1.729387742184451781e+03
4.563000000000000000e+05	1.729387742184451781e+03
4.563000000000000000e+05	-2.497911863123299554e+03
4.572000000000000000e+05	-2.497911863123299554e+03
4.572000000000000000e+05	1.620450082878029207e+03
4.581000000000000000e+05	1.620450082878029207e+03
4.581000000000000000e+05	4.070263747108170719e+03
4.590000000000000000e+05	4.070263747108170719e+03
4.590000000000000000e+05	5.722846135215426330e+03
4.599000000000000000e+05	5.722846135215426330e+03
4.599000000000000000e+05	6.461447395280527417e+03
4.608000000000000000e+05	6.461447395280527417e+03
4.608000000000000000e+05	5.357458624985771166e+03
4.617000000000000000e+05	5.357458624985771166e+03
4.617000000000000000e+05	9.174630888122992474e+03
4.626000000000000000e+05	9.174630888122992474e+03
4.626000000000000000e+05	8.218939688492449932e+03
4.635000000000000000e+05	8.218939688492449932e+03
4.635000000000000000e+05	8.171785212069691624e+03
4.644000000000000000e+05	8.171785212069691624e+03
4.644000000000000000e+05	7.503789085557076760e+03
4.653000000000000000e+05	7.503789085557076760e+03
4.653000000000000000e+05	3.377401843140532037e+03
4.662000000000000000e+05	3.377401843140532037e+03
4.662000000000000000e+05	5.997850794541882351e+03
4.671000000000000000e+05	5.997850794541882351e+03
4.671000000000000000e+05	5.681460722635383718e+03
4.680000000000000000e+05	5.681460722635383718e+03
4.680000000000000000e+05	5.359269406740397244e+03
4.689000000000000000e+05	5.359269406740397244e+03
4.689000000000000000e+05	3.601554384362889778e+03
4.698000000000000000e+05	3.601554384362889778e+03
4.698000000000000000e+05	4.204945792485901620e+03
4.707000000000000000e+05	4.204945792485901620e+03
4.707000000000000000e+05	4.116360580200795084e+03
4.716000000000000000e+05	4.116360580200795084e+03
4.716000000000000000e+05	2.534342056337949543e+03
4.725000000000000000e+05	2.534342056337949543e+03
4.725000000000000000e+05	6.334994723587811677e+03
4.734000000000000000e+05	6.334994723587811677e+03
4.734000000000000000e+05	2.673818650231231004e+03
4.743000000000000000e+05	2.673818650231231004e+03
4.743000000000000000e+05	5.302303950904402882e+03
4.752000000000000000e+05	5.302303950904402882e+03
4.752000000000000000e+05	3.564501662029679210e+03
4.761000000000000000e+05	3.564501662029679210e+03
4.761000000000000000e+05	-5.116841030240580039e+02
4.770000000000000000e+05	-5.116841030240580039e+02
4.770000000000000000e+05	3.586628455554426182e+03
4.779000000000000000e+05	3.586628455554426182e+03
4.779000000000000000e+05	3.010953212589200120e+03
4.788000000000000000e+05	3.010953212589200120e+03
4.788000000000000000e+05	2.810531776927966348e+03
4.797000000000000000e+05	2.810531776927966348e+03
4.797000000000000000e+05	8.342741505324636364e+02
4.806000000000000000e+05	8.342741505324636364e+02
4.806000000000000000e+05	2.957989449326647446e+03
4.815000000000000000e+05	2.957989449326647446e+03
4.815000000000000000e+05	1.417007359054870903e+03
4.824000000000000000e+05	1.417007359054870903e+03
4.824000000000000000e+05	8.558070417813050881e+02
4.833000000000000000e+05	8.558070417813050881e+02
4.833000000000000000e+05	6.359577908460639264e+03
4.842000000000000000e+05	6.359577908460639264e+03
4.842000000000000000e+05	2.900316987176600378e+03
4.851000000000000000e+05	2.900316987176600378e+03
4.851000000000000000e+05	2.476362218622001819e+03
4.860000000000000000e+05	2.476362218622001819e+03
4.860000000000000000e+05	1.620946686205137667e+03
4.869000000000000000e+05	1.620946686205137667e+03
4.869000000000000000e+05	4.427397279778504526e+03
4.878000000000000000e+05	4.427397279778504526e+03
4.878000000000000000e+05	1.881839184414828196e+03
4.887000000000000000e+05	1.881839184414828196e+03
4.887000000000000000e+05	2.165101479358971119e+03
4.896000000000000000e+05	2.165101479358971119e+03
4.896000000000000000e+05	9.469821573081262613e+02
4.905000000000000000e+05	9.469821573081262613e+02
4.905000000000000000e+05	5.826806366011272075e+03
4.914000000000000000e+05	5.826806366011272075e+03
4.914000000000000000e+05	1.541067772515525576e+03
4.923000000000000000e+05	1.541067772515525576e+03
4.923000000000000000e+05	2.155454491923272144e+03
4.932000000000000000e+05	2.155454491923272144e+03
4.932000000000000000e+05	9.877743575400600093e+02
4.941000000000000000e+05	9.877743575400600093e+02
4.941000000000000000e+05	5.338419726063058079e+03
4.950000000000000000e+05	5.338419726063058079e+03
4.950000000000000000e+05	1.546533901722053997e+03
4.959000000000000000e+05	1.546533901722053997e+03
4.959000000000000000e+05	2.126467852871399373e+03
4.968000000000000000e+05	2.126467852871399373e+03
4.968000000000000000e+05	2.034751172324773506e+03
4.977000000000000000e+05	2.034751172324773506e+03
4.977000000000000000e+05	1.794011802462696323e+03
4.986000000000000000e+05	1.794011802462696323e+03
4.986000000000000000e+05	1.756834209554188419e+03
4.995000000000000000e+05	1.756834209554188419e+03
4.995000000000000000e+05	1.780227110822394025e+03
5.004000000000000000e+05	1.780227110822394025e+03
5.004000000000000000e+05	2.105484935350626984e+03
5.013000000000000000e+05	2.105484935350626984e+03
5.013000000000000000e+05	1.675862388354443056e+03
5.022000000000000000e+05	1.675862388354443056e+03
5.022000000000000000e+05	2.705949878859857563e+03
5.031000000000000000e+05	2.705949878859857563e+03
5.031000000000000000e+05	3.233869304163265042e+03
5.040000000000000000e+05	3.233869304163265042e+03
5.040000000000000000e+05	1.384387345147582892e+03
5.049000000000000000e+05	1.384387345147582892e+03
5.049000000000000000e+05	2.480646361438335589e+03
5.058000000000000000e+05	2.480646361438335589e+03
5.058000000000000000e+05	1.159546761329227593e+03
5.067000000000000000e+05	1.159546761329227593e+03
5.067000000000000000e+05	7.820927167392801493e+02
5.076000000000000000e+05	7.820927167392801493e+02
5.076000000000000000e+05	4.812952452886283936e+02
5.085000000000000000e+05	4.812952452886283936e+02
5.085000000000000000e+05	2.119348961641575443e+03
5.094000000000000000e+05	2.119348961641575443e+03
5.094000000000000000e+05	8.284870422488311306e+02
5.103000000000000000e+05	8.284870422488311306e+02
5.103000000000000000e+05	2.250481088660890236e+02
5.112000000000000000e+05	2.250481088660890236e+02
5.112000000000000000e+05	1.933567715535336902e+02
5.121000000000000000e+05	1.933567715535336902e+02
5.121000000000000000e+05	-1.837177440837516087e+03
5.130000000000000000e+05	-1.837177440837516087e+03
5.130000000000000000e+05	-5.559951761490083300e+02
5.139000000000000000e+05	-5.559951761490083300e+02
5.139000000000000000e+05	-2.686649841928156093e+02
5.148000000000000000e+05	-2.686649841928156093e+02
5.148000000000000000e+05	2.896823270694858365e+01
5.157000000000000000e+05	2.896823270694858365e+01
5.157000000000000000e+05	-1.644621137408220875e+03
5.166000000000000000e+05	-1.644621137408220875e+03
5.166000000000000000e+05	-5.286723275806289166e+02
5.175000000000000000e+05	-5.286723275806289166e+02
5.175000000000000000e+05	-2.714967631763429381e+02
5.184000000000000000e+05	-2.714967631763429381e+02
5.184000000000000000e+05	2.738917328064326284e+01
5.193000000000000000e+05	2.738917328064326284e+01
5.193000000000000000e+05	-1.592067046563046461e+03
5.202000000000000000e+05	-1.592067046563046461e+03
5.202000000000000000e+05	-5.126328450642758980e+02
5.211000000000000000e+05	-5.126328450642758980e+02
5.211000000000000000e+05	-2.635490977726294659e+02
5.220000000000000000e+05	-2.635490977726294659e+02
5.220000000000000000e+05	3.013265131333992031e+01
5.229000000000000000e+05	3.013265131333992031e+01
5.229000000000000000e+05	-1.553115182534277437e+03
5.238000000000000000e+05	-1.553115182534277437e+03
5.238000000000000000e+05	8.678855781831662171e+02
5.247000000000000000e+05	8.678855781831662171e+02
5.247000000000000000e+05	4.955706465379917063e+02
5.256000000000000000e+05	4.955706465379917063e+02
5.256000000000000000e+05	1.619037943401281154e+02
5.265000000000000000e+05	1.619037943401281154e+02
5.265000000000000000e+05	1.054286394129969267e+03
5.274000000000000000e+05	1.054286394129969267e+03
5.274000000000000000e+05	1.356711237024399452e+03
5.283000000000000000e+05	1.356711237024399452e+03
5.283000000000000000e+05	1.002137396182632074e+03
5.292000000000000000e+05	1.002137396182632074e+03
5.292000000000000000e+05	8.480179165767140148e+02
5.301000000000000000e+05	8.480179165767140148e+02
5.301000000000000000e+05	2.131150027456801581e+03
5.310000000000000000e+05	2.131150027456801581e+03
5.310000000000000000e+05	1.356331565981265157e+03
5.319000000000000000e+05	1.356331565981265157e+03
5.319000000000000000e+05	1.490077147408796009e+03
5.328000000000000000e+05	1.490077147408796009e+03
5.328000000000000000e+05	1.632516172360134078e+03
5.337000000000000000e+05	1.632516172360134078e+03
5.337000000000000000e+05	1.406374047812153549e+03
5.346000000000000000e+05	1.406374047812153549e+03
5.346000000000000000e+05	1.739133877339714672e+03
5.355000000000000000e+05	1.739133877339714672e+03
5.355000000000000000e+05	1.152673335620318539e+03
5.364000000000000000e+05	1.152673335620318539e+03
5.364000000000000000e+05	5.703892262624967771e+02
5.373000000000000000e+05	5.703892262624967771e+02
5.373000000000000000e+05	6.070472412953676212e+03
5.382000000000000000e+05	6.070472412953676212e+03
5.382000000000000000e+05	1.569213715344027150e+03
5.391000000000000000e+05	1.569213715344027150e+03
5.391000000000000000e+05	2.229620423295942601e+03
5.400000000000000000e+05	2.229620423295942601e+03
5.400000000000000000e+05	1.162155903327658962e+03
5.409000000000000000e+05	1.162155903327658962e+03
5.409000000000000000e+05	2.383362245527616778e+03
5.418000000000000000e+05	2.383362245527616778e+03
5.418000000000000000e+05	3.814050586275989190e+02
5.427000000000000000e+05	3.814050586275989190e+02
5.427000000000000000e+05	-2.691801911642716732e+03
5.436000000000000000e+05	-2.691801911642716732e+03
5.436000000000000000e+05	1.502455013279862214e+03
5.445000000000000000e+05	1.502455013279862214e+03
5.445000000000000000e+05	4.332917161498679889e+03
5.454000000000000000e+05	4.332917161498679889e+03
5.454000000000000000e+05	5.763602178961737081e+03
5.463000000000000000e+05	5.763602178961737081e+03
5.463000000000000000e+05	6.462003116061561741e+03
5.472000000000000000e+05	6.462003116061561741e+03
5.472000000000000000e+05	5.349897466226819233e+03
5.481000000000000000e+05	5.349897466226819233e+03
5.481000000000000000e+05	9.177411832607209362e+03
5.490000000000000000e+05	9.177411832607209362e+03
5.490000000000000000e+05	8.218272531406430062e+03
5.499000000000000000e+05	8.218272531406430062e+03
5.499000000000000000e+05	8.170225465490948409e+03
5.508000000000000000e+05	8.170225465490948409e+03
5.508000000000000000e+05	7.500390528653126239e+03
5.517000000000000000e+05	7.500390528653126239e+03
5.517000000000000000e+05	3.986579452262436462e+03
5.526000000000000000e+05	3.986579452262436462e+03
5.526000000000000000e+05	6.011371846443624236e+03
5.535000000000000000e+05	6.011371846443624236e+03
5.535000000000000000e+05	5.901828147383115720e+03
5.544000000000000000e+05	5.901828147383115720e+03
5.544000000000000000e+05	6.087733725365855207e+03
5.553000000000000000e+05	6.087733725365855207e+03
5.553000000000000000e+05	1.525512190861491717e+03
5.562000000000000000e+05	1.525512190861491717e+03
5.562000000000000000e+05	4.510321262206183746e+03
5.571000000000000000e+05	4.510321262206183746e+03
5.571000000000000000e+05	4.050019635531643871e+03
5.580000000000000000e+05	4.050019635531643871e+03
5.580000000000000000e+05	4.265254086570146683e+03
5.589000000000000000e+05	4.265254086570146683e+03
5.589000000000000000e+05	1.323595539782788592e+03
5.598000000000000000e+05	1.323595539782788592e+03
5.598000000000000000e+05	3.456725775614206214e+03
5.607000000000000000e+05	3.456725775614206214e+03
5.607000000000000000e+05	3.174272532886709087e+03
5.616000000000000000e+05	3.174272532886709087e+03
5.616000000000000000e+05	3.279344777883115967e+03
5.625000000000000000e+05	3.279344777883115967e+03
5.625000000000000000e+05	9.613060567557736249e+02
5.634000000000000000e+05	9.613060567557736249e+02
5.634000000000000000e+05	3.038303455937537365e+03
5.643000000000000000e+05	3.038303455937537365e+03
5.643000000000000000e+05	2.846384267638088204e+03
5.652000000000000000e+05	2.846384267638088204e+03
5.652000000000000000e+05	2.774163197868947464e+03
5.661000000000000000e+05	2.774163197868947464e+03
5.661000000000000000e+05	1.116660140495139331e+03
5.670000000000000000e+05	1.116660140495139331e+03
5.670000000000000000e+05	2.537980656417203136e+03
5.679000000000000000e+05	2.537980656417203136e+03
5.679000000000000000e+05	2.370768814957526047e+03
5.688000000000000000e+05	2.370768814957526047e+03
5.688000000000000000e+05	2.168448722887733311e+03
5.697000000000000000e+05	2.168448722887733311e+03
5.697000000000000000e+05	2.525714844016673396e+03
5.706000000000000000e+05	2.525714844016673396e+03
5.706000000000000000e+05	1.275792845067917369e+03
5.715000000000000000e+05	1.275792845067917369e+03
5.715000000000000000e+05	2.915470735330251046e+03
5.724000000000000000e+05	2.915470735330251046e+03
5.724000000000000000e+05	1.332576994206496238e+03
5.733000000000000000e+05	1.332576994206496238e+03
5.733000000000000000e+05	2.451198915784244491e+03
5.742000000000000000e+05	2.451198915784244491e+03
5.742000000000000000e+05	1.128347930827178061e+03
5.751000000000000000e+05	1.128347930827178061e+03
5.751000000000000000e+05	7.523597001254092902e+02
5.760000000000000000e+05	7.523597001254092902e+02
5.760000000000000000e+05	1.448807741370586882e+03
5.769000000000000000e+05	1.448807741370586882e+03
5.769000000000000000e+05	3.001690708688679933e+03
5.778000000000000000e+05	3.001690708688679933e+03
5.778000000000000000e+05	1.306370045700576156e+03
5.787000000000000000e+05	1.306370045700576156e+03
5.787000000000000000e+05	8.466215165267349221e+02
5.796000000000000000e+05	8.466215165267349221e+02
5.796000000000000000e+05	5.653058147487863607e+02
5.805000000000000000e+05	5.653058147487863607e+02
5.805000000000000000e+05	6.245515520203768574e+03
5.814000000000000000e+05	6.245515520203768574e+03
5.814000000000000000e+05	1.540986130794452038e+03
5.823000000000000000e+05	1.540986130794452038e+03
5.823000000000000000e+05	2.069402037030202337e+03
5.832000000000000000e+05	2.069402037030202337e+03
5.832000000000000000e+05	1.631109040544173695e+03
5.841000000000000000e+05	1.631109040544173695e+03
5.841000000000000000e+05	2.073149661664152063e+03
5.850000000000000000e+05	2.073149661664152063e+03
5.850000000000000000e+05	1.513330172855698038e+03
5.859000000000000000e+05	1.513330172855698038e+03
5.859000000000000000e+05	2.007822280170104932e+03
5.868000000000000000e+05	2.007822280170104932e+03
