# #1
# double dem_elec(1304, 2)
0.000000000000000000e+00	6.077633999999999048e+01
9.000000000000000000e+02	6.077633999999999048e+01
9.000000000000000000e+02	6.118705599999999833e+01
1.800000000000000000e+03	6.118705599999999833e+01
1.800000000000000000e+03	6.020451200000000114e+01
2.700000000000000000e+03	6.020451200000000114e+01
2.700000000000000000e+03	6.053639200000000642e+01
3.600000000000000000e+03	6.053639200000000642e+01
3.600000000000000000e+03	5.954356000000000648e+01
4.500000000000000000e+03	5.954356000000000648e+01
4.500000000000000000e+03	6.157927600000000012e+01
5.400000000000000000e+03	6.157927600000000012e+01
5.400000000000000000e+03	6.069409199999999771e+01
6.300000000000000000e+03	6.069409199999999771e+01
6.300000000000000000e+03	6.204884400000000255e+01
7.200000000000000000e+03	6.204884400000000255e+01
7.200000000000000000e+03	6.359370399999999535e+01
8.100000000000000000e+03	6.359370399999999535e+01
8.100000000000000000e+03	6.298557999999999879e+01
9.000000000000000000e+03	6.298557999999999879e+01
9.000000000000000000e+03	6.424318399999998519e+01
9.900000000000000000e+03	6.424318399999998519e+01
9.900000000000000000e+03	1.016677400000000091e+02
1.080000000000000000e+04	1.016677400000000091e+02
1.080000000000000000e+04	2.057621800000000007e+02
1.170000000000000000e+04	2.057621800000000007e+02
1.170000000000000000e+04	2.219869040000000098e+02
1.260000000000000000e+04	2.219869040000000098e+02
1.260000000000000000e+04	2.177532840000000078e+02
1.350000000000000000e+04	2.177532840000000078e+02
1.350000000000000000e+04	1.372252839999999878e+02
1.440000000000000000e+04	1.372252839999999878e+02
1.440000000000000000e+04	9.621907199999996863e+01
1.530000000000000000e+04	9.621907199999996863e+01
1.530000000000000000e+04	6.146442400000000816e+01
1.620000000000000000e+04	6.146442400000000816e+01
1.620000000000000000e+04	6.098516400000000459e+01
1.710000000000000000e+04	6.098516400000000459e+01
1.710000000000000000e+04	6.168720799999999116e+01
1.800000000000000000e+04	6.168720799999999116e+01
1.800000000000000000e+04	6.047089200000000631e+01
1.890000000000000000e+04	6.047089200000000631e+01
1.890000000000000000e+04	6.066691199999999640e+01
1.980000000000000000e+04	6.066691199999999640e+01
1.980000000000000000e+04	6.073194000000000159e+01
2.070000000000000000e+04	6.073194000000000159e+01
2.070000000000000000e+04	6.208812799999998333e+01
2.160000000000000000e+04	6.208812799999998333e+01
2.160000000000000000e+04	6.165587600000000634e+01
2.250000000000000000e+04	6.165587600000000634e+01
2.250000000000000000e+04	1.972396719999999846e+02
2.340000000000000000e+04	1.972396719999999846e+02
2.340000000000000000e+04	3.528844519999999534e+02
2.430000000000000000e+04	3.528844519999999534e+02
2.430000000000000000e+04	2.039406123999999863e+03
2.520000000000000000e+04	2.039406123999999863e+03
2.520000000000000000e+04	2.012286119999999755e+03
2.610000000000000000e+04	2.012286119999999755e+03
2.610000000000000000e+04	9.909092160000000149e+02
2.700000000000000000e+04	9.909092160000000149e+02
2.700000000000000000e+04	1.710257163999999875e+03
2.790000000000000000e+04	1.710257163999999875e+03
2.790000000000000000e+04	2.158905255999999554e+03
2.880000000000000000e+04	2.158905255999999554e+03
2.880000000000000000e+04	1.787058708000000024e+03
2.970000000000000000e+04	1.787058708000000024e+03
2.970000000000000000e+04	3.209299159999999915e+02
3.060000000000000000e+04	3.209299159999999915e+02
3.060000000000000000e+04	2.526629140000000007e+03
3.150000000000000000e+04	2.526629140000000007e+03
3.150000000000000000e+04	1.738854980000000069e+03
3.240000000000000000e+04	1.738854980000000069e+03
3.240000000000000000e+04	8.440667799999999943e+02
3.330000000000000000e+04	8.440667799999999943e+02
3.330000000000000000e+04	2.371794276000000082e+03
3.420000000000000000e+04	2.371794276000000082e+03
3.420000000000000000e+04	8.896038919999999735e+02
3.510000000000000000e+04	8.896038919999999735e+02
3.510000000000000000e+04	3.967281639999999925e+02
3.600000000000000000e+04	3.967281639999999925e+02
3.600000000000000000e+04	4.136772799999999393e+02
3.690000000000000000e+04	4.136772799999999393e+02
3.690000000000000000e+04	2.241049680000000137e+02
3.780000000000000000e+04	2.241049680000000137e+02
3.780000000000000000e+04	1.800133159999999748e+02
3.870000000000000000e+04	1.800133159999999748e+02
3.870000000000000000e+04	1.692964400000000182e+02
3.960000000000000000e+04	1.692964400000000182e+02
3.960000000000000000e+04	5.910159600000000637e+02
4.050000000000000000e+04	5.910159600000000637e+02
4.050000000000000000e+04	2.575984779999999773e+03
4.140000000000000000e+04	2.575984779999999773e+03
4.140000000000000000e+04	4.125720696000000316e+03
4.230000000000000000e+04	4.125720696000000316e+03
4.230000000000000000e+04	5.426345884000000297e+03
4.320000000000000000e+04	5.426345884000000297e+03
4.320000000000000000e+04	4.210548292000000401e+03
4.410000000000000000e+04	4.210548292000000401e+03
4.410000000000000000e+04	2.227814332000000377e+03
4.500000000000000000e+04	2.227814332000000377e+03
4.500000000000000000e+04	2.244441920000000209e+03
4.590000000000000000e+04	2.244441920000000209e+03
4.590000000000000000e+04	2.348387239999999565e+03
4.680000000000000000e+04	2.348387239999999565e+03
4.680000000000000000e+04	6.047925599999999804e+02
4.770000000000000000e+04	6.047925599999999804e+02
4.770000000000000000e+04	2.524904600000000130e+02
4.860000000000000000e+04	2.524904600000000130e+02
4.860000000000000000e+04	1.792813971999999922e+03
4.950000000000000000e+04	1.792813971999999922e+03
4.950000000000000000e+04	2.095739904000000024e+03
5.040000000000000000e+04	2.095739904000000024e+03
5.040000000000000000e+04	2.026013820000000123e+03
5.130000000000000000e+04	2.026013820000000123e+03
5.130000000000000000e+04	1.461997303999999986e+03
5.220000000000000000e+04	1.461997303999999986e+03
5.220000000000000000e+04	6.147674400000000361e+01
5.310000000000000000e+04	6.147674400000000361e+01
5.310000000000000000e+04	6.893846800000000030e+01
5.400000000000000000e+04	6.893846800000000030e+01
5.400000000000000000e+04	1.483560560000000237e+02
5.490000000000000000e+04	1.483560560000000237e+02
5.490000000000000000e+04	1.461747399999999857e+02
5.580000000000000000e+04	1.461747399999999857e+02
5.580000000000000000e+04	1.412506600000000105e+02
5.670000000000000000e+04	1.412506600000000105e+02
5.670000000000000000e+04	1.365763919999999985e+02
5.760000000000000000e+04	1.365763919999999985e+02
5.760000000000000000e+04	2.710756439999999543e+02
5.850000000000000000e+04	2.710756439999999543e+02
5.850000000000000000e+04	3.064766119999999887e+02
5.940000000000000000e+04	3.064766119999999887e+02
5.940000000000000000e+04	3.036786000000000172e+02
6.030000000000000000e+04	3.036786000000000172e+02
6.030000000000000000e+04	3.322265120000000138e+02
6.120000000000000000e+04	3.322265120000000138e+02
6.120000000000000000e+04	3.190514440000000036e+02
6.210000000000000000e+04	3.190514440000000036e+02
6.210000000000000000e+04	3.989864959999999314e+02
6.300000000000000000e+04	3.989864959999999314e+02
6.300000000000000000e+04	4.841174120000000016e+02
6.390000000000000000e+04	4.841174120000000016e+02
6.390000000000000000e+04	4.804704799999999523e+02
6.480000000000000000e+04	4.804704799999999523e+02
6.480000000000000000e+04	4.023426680000000601e+02
6.570000000000000000e+04	4.023426680000000601e+02
6.570000000000000000e+04	3.420654680000000099e+02
6.660000000000000000e+04	3.420654680000000099e+02
6.660000000000000000e+04	4.295902159999999412e+02
6.750000000000000000e+04	4.295902159999999412e+02
6.750000000000000000e+04	8.433283880000000181e+02
6.840000000000000000e+04	8.433283880000000181e+02
6.840000000000000000e+04	1.466672075999999834e+03
6.930000000000000000e+04	1.466672075999999834e+03
6.930000000000000000e+04	1.512406899999999723e+03
7.020000000000000000e+04	1.512406899999999723e+03
7.020000000000000000e+04	1.453326712000000271e+03
7.110000000000000000e+04	1.453326712000000271e+03
7.110000000000000000e+04	8.179121039999997720e+02
7.200000000000000000e+04	8.179121039999997720e+02
7.200000000000000000e+04	4.157693600000000060e+02
7.290000000000000000e+04	4.157693600000000060e+02
7.290000000000000000e+04	3.123144720000000234e+02
7.380000000000000000e+04	3.123144720000000234e+02
7.380000000000000000e+04	2.241390039999999715e+02
7.470000000000000000e+04	2.241390039999999715e+02
7.470000000000000000e+04	2.246609799999999950e+02
7.560000000000000000e+04	2.246609799999999950e+02
7.560000000000000000e+04	2.634410919999999692e+02
7.650000000000000000e+04	2.634410919999999692e+02
7.650000000000000000e+04	6.751361439999999448e+02
7.740000000000000000e+04	6.751361439999999448e+02
7.740000000000000000e+04	4.812920999999999481e+02
7.830000000000000000e+04	4.812920999999999481e+02
7.830000000000000000e+04	4.531202000000000112e+02
7.920000000000000000e+04	4.531202000000000112e+02
7.920000000000000000e+04	2.961719640000000595e+02
8.010000000000000000e+04	2.961719640000000595e+02
8.010000000000000000e+04	4.082114520000000653e+02
8.100000000000000000e+04	4.082114520000000653e+02
8.100000000000000000e+04	4.199943239999999491e+02
8.190000000000000000e+04	4.199943239999999491e+02
8.190000000000000000e+04	2.854476039999999557e+02
8.280000000000000000e+04	2.854476039999999557e+02
8.280000000000000000e+04	2.185696959999999933e+02
8.370000000000000000e+04	2.185696959999999933e+02
8.370000000000000000e+04	1.016606799999999851e+02
8.460000000000000000e+04	1.016606799999999851e+02
8.460000000000000000e+04	6.198293599999999515e+01
8.550000000000000000e+04	6.198293599999999515e+01
8.550000000000000000e+04	6.072051600000000349e+01
8.640000000000000000e+04	6.072051600000000349e+01
8.640000000000000000e+04	6.074596400000000074e+01
8.730000000000000000e+04	6.074596400000000074e+01
8.730000000000000000e+04	6.031436399999999054e+01
8.820000000000000000e+04	6.031436399999999054e+01
8.820000000000000000e+04	6.135329600000000028e+01
8.910000000000000000e+04	6.135329600000000028e+01
8.910000000000000000e+04	6.142703599999999398e+01
9.000000000000000000e+04	6.142703599999999398e+01
9.000000000000000000e+04	6.156673600000001301e+01
9.090000000000000000e+04	6.156673600000001301e+01
9.090000000000000000e+04	6.126333199999999835e+01
9.180000000000000000e+04	6.126333199999999835e+01
9.180000000000000000e+04	6.064225599999999616e+01
9.270000000000000000e+04	6.064225599999999616e+01
9.270000000000000000e+04	6.115677999999999770e+01
9.360000000000000000e+04	6.115677999999999770e+01
9.360000000000000000e+04	6.152765999999999735e+01
9.450000000000000000e+04	6.152765999999999735e+01
9.450000000000000000e+04	6.059616400000000169e+01
9.540000000000000000e+04	6.059616400000000169e+01
9.540000000000000000e+04	6.116470400000000751e+01
9.630000000000000000e+04	6.116470400000000751e+01
9.630000000000000000e+04	5.889548400000000328e+01
9.720000000000000000e+04	5.889548400000000328e+01
9.720000000000000000e+04	9.718137200000001030e+01
9.810000000000000000e+04	9.718137200000001030e+01
9.810000000000000000e+04	1.302588000000000079e+02
9.900000000000000000e+04	1.302588000000000079e+02
9.900000000000000000e+04	1.257014160000000089e+02
9.990000000000000000e+04	1.257014160000000089e+02
9.990000000000000000e+04	2.163533600000000092e+02
1.008000000000000000e+05	2.163533600000000092e+02
1.008000000000000000e+05	1.667693319999999915e+02
1.017000000000000000e+05	1.667693319999999915e+02
1.017000000000000000e+05	1.527656360000000006e+02
1.026000000000000000e+05	1.527656360000000006e+02
1.026000000000000000e+05	1.448467559999999708e+02
1.035000000000000000e+05	1.448467559999999708e+02
1.035000000000000000e+05	6.358293199999999956e+01
1.044000000000000000e+05	6.358293199999999956e+01
1.044000000000000000e+05	6.165177200000000113e+01
1.053000000000000000e+05	6.165177200000000113e+01
1.053000000000000000e+05	6.245157199999999165e+01
1.062000000000000000e+05	6.245157199999999165e+01
1.062000000000000000e+05	6.279809999999999803e+01
1.071000000000000000e+05	6.279809999999999803e+01
1.071000000000000000e+05	1.256102083999999877e+03
1.080000000000000000e+05	1.256102083999999877e+03
1.080000000000000000e+05	1.905458467999999812e+03
1.089000000000000000e+05	1.905458467999999812e+03
1.089000000000000000e+05	1.357020119999999906e+03
1.098000000000000000e+05	1.357020119999999906e+03
1.098000000000000000e+05	2.901836480000000051e+02
1.107000000000000000e+05	2.901836480000000051e+02
1.107000000000000000e+05	1.606964560000000404e+02
1.116000000000000000e+05	1.606964560000000404e+02
1.116000000000000000e+05	3.510571319999999105e+02
1.125000000000000000e+05	3.510571319999999105e+02
1.125000000000000000e+05	3.933587239999999952e+02
1.134000000000000000e+05	3.933587239999999952e+02
1.134000000000000000e+05	1.419608623999999963e+03
1.143000000000000000e+05	1.419608623999999963e+03
1.143000000000000000e+05	2.251663907999999992e+03
1.152000000000000000e+05	2.251663907999999992e+03
1.152000000000000000e+05	1.268126324000000068e+03
1.161000000000000000e+05	1.268126324000000068e+03
1.161000000000000000e+05	3.301013960000000225e+02
1.170000000000000000e+05	3.301013960000000225e+02
1.170000000000000000e+05	3.000655840000000012e+02
1.179000000000000000e+05	3.000655840000000012e+02
1.179000000000000000e+05	1.918192628000000013e+03
1.188000000000000000e+05	1.918192628000000013e+03
1.188000000000000000e+05	1.978701632000000018e+03
1.197000000000000000e+05	1.978701632000000018e+03
1.197000000000000000e+05	1.413689315999999963e+03
1.206000000000000000e+05	1.413689315999999963e+03
1.206000000000000000e+05	1.823648680000000297e+02
1.215000000000000000e+05	1.823648680000000297e+02
1.215000000000000000e+05	3.140808360000000334e+02
1.224000000000000000e+05	3.140808360000000334e+02
1.224000000000000000e+05	3.209250279999999407e+02
1.233000000000000000e+05	3.209250279999999407e+02
1.233000000000000000e+05	3.178469840000000204e+02
1.242000000000000000e+05	3.178469840000000204e+02
1.242000000000000000e+05	2.764167759999999703e+02
1.251000000000000000e+05	2.764167759999999703e+02
1.251000000000000000e+05	3.722340599999999995e+02
1.260000000000000000e+05	3.722340599999999995e+02
1.260000000000000000e+05	2.063612159999999562e+02
1.269000000000000000e+05	2.063612159999999562e+02
1.269000000000000000e+05	6.459415599999999813e+01
1.278000000000000000e+05	6.459415599999999813e+01
1.278000000000000000e+05	3.780847799999999665e+02
1.287000000000000000e+05	3.780847799999999665e+02
1.287000000000000000e+05	6.775684000000001106e+02
1.296000000000000000e+05	6.775684000000001106e+02
1.296000000000000000e+05	1.251976360000000028e+02
1.305000000000000000e+05	1.251976360000000028e+02
1.305000000000000000e+05	1.952330999999999790e+02
1.314000000000000000e+05	1.952330999999999790e+02
1.314000000000000000e+05	2.361520160000000033e+02
1.323000000000000000e+05	2.361520160000000033e+02
1.323000000000000000e+05	2.864228919999999903e+02
1.332000000000000000e+05	2.864228919999999903e+02
1.332000000000000000e+05	3.178635279999999739e+02
1.341000000000000000e+05	3.178635279999999739e+02
1.341000000000000000e+05	3.916282520000000886e+02
1.350000000000000000e+05	3.916282520000000886e+02
1.350000000000000000e+05	3.533286959999999794e+02
1.359000000000000000e+05	3.533286959999999794e+02
1.359000000000000000e+05	3.176216000000000577e+02
1.368000000000000000e+05	3.176216000000000577e+02
1.368000000000000000e+05	2.888926480000000083e+02
1.377000000000000000e+05	2.888926480000000083e+02
1.377000000000000000e+05	1.635601639999999861e+02
1.386000000000000000e+05	1.635601639999999861e+02
1.386000000000000000e+05	2.007002079999999467e+02
1.395000000000000000e+05	2.007002079999999467e+02
1.395000000000000000e+05	2.001309919999999920e+02
1.404000000000000000e+05	2.001309919999999920e+02
1.404000000000000000e+05	1.954992480000000228e+02
1.413000000000000000e+05	1.954992480000000228e+02
1.413000000000000000e+05	1.970442559999999901e+02
1.422000000000000000e+05	1.970442559999999901e+02
1.422000000000000000e+05	1.890047120000000405e+02
1.431000000000000000e+05	1.890047120000000405e+02
1.431000000000000000e+05	1.975208159999999964e+02
1.440000000000000000e+05	1.975208159999999964e+02
1.440000000000000000e+05	4.253090279999999552e+02
1.449000000000000000e+05	4.253090279999999552e+02
1.449000000000000000e+05	4.664528879999999731e+02
1.458000000000000000e+05	4.664528879999999731e+02
1.458000000000000000e+05	4.943135520000000156e+02
1.467000000000000000e+05	4.943135520000000156e+02
1.467000000000000000e+05	5.437559279999999262e+02
1.476000000000000000e+05	5.437559279999999262e+02
1.476000000000000000e+05	5.569380200000000514e+02
1.485000000000000000e+05	5.569380200000000514e+02
1.485000000000000000e+05	6.037185839999999644e+02
1.494000000000000000e+05	6.037185839999999644e+02
1.494000000000000000e+05	6.005081559999999854e+02
1.503000000000000000e+05	6.005081559999999854e+02
1.503000000000000000e+05	5.412525360000000774e+02
1.512000000000000000e+05	5.412525360000000774e+02
1.512000000000000000e+05	5.206656160000000000e+02
1.521000000000000000e+05	5.206656160000000000e+02
1.521000000000000000e+05	6.804230599999999640e+02
1.530000000000000000e+05	6.804230599999999640e+02
1.530000000000000000e+05	1.411819428000000016e+03
1.539000000000000000e+05	1.411819428000000016e+03
1.539000000000000000e+05	1.689080339999999978e+03
1.548000000000000000e+05	1.689080339999999978e+03
1.548000000000000000e+05	1.580301871999999776e+03
1.557000000000000000e+05	1.580301871999999776e+03
1.557000000000000000e+05	1.603311036000000058e+03
1.566000000000000000e+05	1.603311036000000058e+03
1.566000000000000000e+05	1.315594895999999835e+03
1.575000000000000000e+05	1.315594895999999835e+03
1.575000000000000000e+05	5.679889600000001337e+02
1.584000000000000000e+05	5.679889600000001337e+02
1.584000000000000000e+05	5.793241279999999733e+02
1.593000000000000000e+05	5.793241279999999733e+02
1.593000000000000000e+05	5.550259760000001279e+02
1.602000000000000000e+05	5.550259760000001279e+02
1.602000000000000000e+05	3.047580360000000610e+02
1.611000000000000000e+05	3.047580360000000610e+02
1.611000000000000000e+05	2.633761759999999867e+02
1.620000000000000000e+05	2.633761759999999867e+02
1.620000000000000000e+05	3.041278720000000249e+02
1.629000000000000000e+05	3.041278720000000249e+02
1.629000000000000000e+05	3.692498720000000390e+02
1.638000000000000000e+05	3.692498720000000390e+02
1.638000000000000000e+05	4.253620199999999727e+02
1.647000000000000000e+05	4.253620199999999727e+02
1.647000000000000000e+05	4.001829000000000178e+02
1.656000000000000000e+05	4.001829000000000178e+02
1.656000000000000000e+05	3.701684039999999527e+02
1.665000000000000000e+05	3.701684039999999527e+02
1.665000000000000000e+05	2.300095839999999612e+02
1.674000000000000000e+05	2.300095839999999612e+02
1.674000000000000000e+05	2.478374000000000024e+02
1.683000000000000000e+05	2.478374000000000024e+02
1.683000000000000000e+05	2.141110920000000135e+02
1.692000000000000000e+05	2.141110920000000135e+02
1.692000000000000000e+05	1.507798439999999971e+02
1.701000000000000000e+05	1.507798439999999971e+02
1.701000000000000000e+05	1.514458879999999965e+02
1.710000000000000000e+05	1.514458879999999965e+02
1.710000000000000000e+05	7.990397199999999600e+01
1.719000000000000000e+05	7.990397199999999600e+01
1.719000000000000000e+05	6.115779200000000060e+01
1.728000000000000000e+05	6.115779200000000060e+01
1.728000000000000000e+05	6.075785999999998666e+01
1.737000000000000000e+05	6.075785999999998666e+01
1.737000000000000000e+05	6.182266400000000317e+01
1.746000000000000000e+05	6.182266400000000317e+01
1.746000000000000000e+05	6.064484800000000320e+01
1.755000000000000000e+05	6.064484800000000320e+01
1.755000000000000000e+05	6.160494399999999615e+01
1.764000000000000000e+05	6.160494399999999615e+01
1.764000000000000000e+05	6.152839600000000075e+01
1.773000000000000000e+05	6.152839600000000075e+01
1.773000000000000000e+05	6.167918800000000346e+01
1.782000000000000000e+05	6.167918800000000346e+01
1.782000000000000000e+05	6.089936000000000860e+01
1.791000000000000000e+05	6.089936000000000860e+01
1.791000000000000000e+05	5.998873200000001304e+01
1.800000000000000000e+05	5.998873200000001304e+01
1.800000000000000000e+05	6.018127200000000698e+01
1.809000000000000000e+05	6.018127200000000698e+01
1.809000000000000000e+05	6.007910000000000394e+01
1.818000000000000000e+05	6.007910000000000394e+01
1.818000000000000000e+05	6.189127199999998652e+01
1.827000000000000000e+05	6.189127199999998652e+01
1.827000000000000000e+05	1.114452160000000163e+02
1.836000000000000000e+05	1.114452160000000163e+02
1.836000000000000000e+05	1.338040440000000331e+02
1.845000000000000000e+05	1.338040440000000331e+02
1.845000000000000000e+05	1.812431279999999845e+02
1.854000000000000000e+05	1.812431279999999845e+02
1.854000000000000000e+05	2.232542880000000309e+02
1.863000000000000000e+05	2.232542880000000309e+02
1.863000000000000000e+05	1.707714959999999564e+02
1.872000000000000000e+05	1.707714959999999564e+02
1.872000000000000000e+05	1.473636600000000101e+02
1.881000000000000000e+05	1.473636600000000101e+02
1.881000000000000000e+05	8.816312799999997196e+01
1.890000000000000000e+05	8.816312799999997196e+01
1.890000000000000000e+05	6.107221599999999739e+01
1.899000000000000000e+05	6.107221599999999739e+01
1.899000000000000000e+05	6.216781999999999897e+01
1.908000000000000000e+05	6.216781999999999897e+01
1.908000000000000000e+05	6.332548799999999289e+01
1.917000000000000000e+05	6.332548799999999289e+01
1.917000000000000000e+05	6.420408799999999871e+01
1.926000000000000000e+05	6.420408799999999871e+01
1.926000000000000000e+05	6.561777600000000632e+01
1.935000000000000000e+05	6.561777600000000632e+01
1.935000000000000000e+05	6.496697999999999240e+01
1.944000000000000000e+05	6.496697999999999240e+01
1.944000000000000000e+05	1.882684599999999477e+02
1.953000000000000000e+05	1.882684599999999477e+02
1.953000000000000000e+05	3.180541759999999840e+02
1.962000000000000000e+05	3.180541759999999840e+02
1.962000000000000000e+05	2.435599912000000131e+03
1.971000000000000000e+05	2.435599912000000131e+03
1.971000000000000000e+05	1.407671004000000039e+03
1.980000000000000000e+05	1.407671004000000039e+03
1.980000000000000000e+05	1.392796288000000004e+03
1.989000000000000000e+05	1.392796288000000004e+03
1.989000000000000000e+05	7.002358799999999519e+02
1.998000000000000000e+05	7.002358799999999519e+02
1.998000000000000000e+05	2.146168343999999706e+03
2.007000000000000000e+05	2.146168343999999706e+03
2.007000000000000000e+05	2.324278584000000137e+03
2.016000000000000000e+05	2.324278584000000137e+03
2.016000000000000000e+05	2.480781535999999960e+03
2.025000000000000000e+05	2.480781535999999960e+03
2.025000000000000000e+05	1.065539663999999902e+03
2.034000000000000000e+05	1.065539663999999902e+03
2.034000000000000000e+05	4.114490479999998911e+02
2.043000000000000000e+05	4.114490479999998911e+02
2.043000000000000000e+05	2.253426519999999982e+03
2.052000000000000000e+05	2.253426519999999982e+03
2.052000000000000000e+05	2.556169911999999840e+03
2.061000000000000000e+05	2.556169911999999840e+03
2.061000000000000000e+05	4.203483307999999852e+03
2.070000000000000000e+05	4.203483307999999852e+03
2.070000000000000000e+05	2.727037091999999575e+03
2.079000000000000000e+05	2.727037091999999575e+03
2.079000000000000000e+05	1.090542520000000195e+03
2.088000000000000000e+05	1.090542520000000195e+03
2.088000000000000000e+05	1.918698604000000159e+03
2.097000000000000000e+05	1.918698604000000159e+03
2.097000000000000000e+05	4.426702359999999885e+02
2.106000000000000000e+05	4.426702359999999885e+02
2.106000000000000000e+05	2.471627320000000338e+02
2.115000000000000000e+05	2.471627320000000338e+02
2.115000000000000000e+05	2.463781959999999458e+02
2.124000000000000000e+05	2.463781959999999458e+02
2.124000000000000000e+05	2.224413679999999260e+02
2.133000000000000000e+05	2.224413679999999260e+02
2.133000000000000000e+05	1.566618560000000002e+02
2.142000000000000000e+05	1.566618560000000002e+02
2.142000000000000000e+05	1.802244296000000077e+03
2.151000000000000000e+05	1.802244296000000077e+03
2.151000000000000000e+05	3.104094107999999324e+03
2.160000000000000000e+05	3.104094107999999324e+03
2.160000000000000000e+05	1.677574859999999717e+03
2.169000000000000000e+05	1.677574859999999717e+03
2.169000000000000000e+05	3.011352039999999874e+02
2.178000000000000000e+05	3.011352039999999874e+02
2.178000000000000000e+05	2.072502399999999909e+02
2.187000000000000000e+05	2.072502399999999909e+02
2.187000000000000000e+05	2.753119080000000167e+02
2.196000000000000000e+05	2.753119080000000167e+02
2.196000000000000000e+05	3.451827359999999771e+02
2.205000000000000000e+05	3.451827359999999771e+02
2.205000000000000000e+05	1.257772452000000158e+03
2.214000000000000000e+05	1.257772452000000158e+03
2.214000000000000000e+05	2.918929336000000148e+03
2.223000000000000000e+05	2.918929336000000148e+03
2.223000000000000000e+05	2.635992960000000039e+03
2.232000000000000000e+05	2.635992960000000039e+03
2.232000000000000000e+05	2.171299995999999737e+03
2.241000000000000000e+05	2.171299995999999737e+03
2.241000000000000000e+05	2.339236819999999625e+03
2.250000000000000000e+05	2.339236819999999625e+03
2.250000000000000000e+05	2.059978132000000187e+03
2.259000000000000000e+05	2.059978132000000187e+03
2.259000000000000000e+05	2.271028831999999511e+03
2.268000000000000000e+05	2.271028831999999511e+03
2.268000000000000000e+05	1.474941427999999632e+03
2.277000000000000000e+05	1.474941427999999632e+03
2.277000000000000000e+05	1.268624999999999829e+02
2.286000000000000000e+05	1.268624999999999829e+02
2.286000000000000000e+05	1.292224279999999794e+02
2.295000000000000000e+05	1.292224279999999794e+02
2.295000000000000000e+05	2.077437399999999741e+02
2.304000000000000000e+05	2.077437399999999741e+02
2.304000000000000000e+05	3.840178079999999454e+02
2.313000000000000000e+05	3.840178079999999454e+02
2.313000000000000000e+05	5.090417119999999613e+02
2.322000000000000000e+05	5.090417119999999613e+02
2.322000000000000000e+05	5.119119799999999714e+02
2.331000000000000000e+05	5.119119799999999714e+02
2.331000000000000000e+05	5.084621039999999539e+02
2.340000000000000000e+05	5.084621039999999539e+02
2.340000000000000000e+05	5.115521360000000755e+02
2.349000000000000000e+05	5.115521360000000755e+02
2.349000000000000000e+05	5.124536520000000337e+02
2.358000000000000000e+05	5.124536520000000337e+02
2.358000000000000000e+05	5.027486320000000433e+02
2.367000000000000000e+05	5.027486320000000433e+02
2.367000000000000000e+05	4.829133000000001061e+02
2.376000000000000000e+05	4.829133000000001061e+02
2.376000000000000000e+05	6.695878599999999778e+02
2.385000000000000000e+05	6.695878599999999778e+02
2.385000000000000000e+05	6.266174680000000308e+02
2.394000000000000000e+05	6.266174680000000308e+02
2.394000000000000000e+05	5.205532799999998588e+02
2.403000000000000000e+05	5.205532799999998588e+02
2.403000000000000000e+05	4.929862640000000056e+02
2.412000000000000000e+05	4.929862640000000056e+02
2.412000000000000000e+05	4.752698679999999740e+02
2.421000000000000000e+05	4.752698679999999740e+02
2.421000000000000000e+05	4.177899560000000179e+02
2.430000000000000000e+05	4.177899560000000179e+02
2.430000000000000000e+05	4.147704880000000571e+02
2.439000000000000000e+05	4.147704880000000571e+02
2.439000000000000000e+05	8.738339959999998428e+02
2.448000000000000000e+05	8.738339959999998428e+02
2.448000000000000000e+05	1.479216180000000122e+03
2.457000000000000000e+05	1.479216180000000122e+03
2.457000000000000000e+05	1.644461447999999791e+03
2.466000000000000000e+05	1.644461447999999791e+03
2.466000000000000000e+05	1.561904563999999937e+03
2.475000000000000000e+05	1.561904563999999937e+03
2.475000000000000000e+05	8.614114319999999907e+02
2.484000000000000000e+05	8.614114319999999907e+02
2.484000000000000000e+05	3.646606840000000034e+02
2.493000000000000000e+05	3.646606840000000034e+02
2.493000000000000000e+05	3.640371839999999679e+02
2.502000000000000000e+05	3.640371839999999679e+02
2.502000000000000000e+05	3.645094480000000203e+02
2.511000000000000000e+05	3.645094480000000203e+02
2.511000000000000000e+05	3.643139280000000895e+02
2.520000000000000000e+05	3.643139280000000895e+02
2.520000000000000000e+05	3.731300439999999412e+02
2.529000000000000000e+05	3.731300439999999412e+02
2.529000000000000000e+05	1.363523720000000026e+02
2.538000000000000000e+05	1.363523720000000026e+02
2.538000000000000000e+05	6.626950800000000186e+01
2.547000000000000000e+05	6.626950800000000186e+01
2.547000000000000000e+05	1.324773720000000026e+02
2.556000000000000000e+05	1.324773720000000026e+02
2.556000000000000000e+05	1.326845600000000047e+02
2.565000000000000000e+05	1.326845600000000047e+02
2.565000000000000000e+05	1.262867400000000089e+02
2.574000000000000000e+05	1.262867400000000089e+02
2.574000000000000000e+05	1.563615159999999946e+02
2.583000000000000000e+05	1.563615159999999946e+02
2.583000000000000000e+05	1.581257319999999993e+02
2.592000000000000000e+05	1.581257319999999993e+02
2.592000000000000000e+05	1.528213200000000143e+02
2.601000000000000000e+05	1.528213200000000143e+02
2.601000000000000000e+05	1.513119360000000029e+02
2.610000000000000000e+05	1.513119360000000029e+02
2.610000000000000000e+05	9.907352799999998183e+01
2.619000000000000000e+05	9.907352799999998183e+01
2.619000000000000000e+05	6.152052400000000176e+01
2.628000000000000000e+05	6.152052400000000176e+01
2.628000000000000000e+05	6.024605199999998462e+01
2.637000000000000000e+05	6.024605199999998462e+01
2.637000000000000000e+05	6.194632400000000416e+01
2.646000000000000000e+05	6.194632400000000416e+01
2.646000000000000000e+05	6.119739200000000778e+01
2.655000000000000000e+05	6.119739200000000778e+01
2.655000000000000000e+05	6.248509600000000574e+01
2.664000000000000000e+05	6.248509600000000574e+01
2.664000000000000000e+05	6.246126400000000700e+01
2.673000000000000000e+05	6.246126400000000700e+01
2.673000000000000000e+05	6.130657200000000273e+01
2.682000000000000000e+05	6.130657200000000273e+01
2.682000000000000000e+05	6.187008399999999142e+01
2.691000000000000000e+05	6.187008399999999142e+01
2.691000000000000000e+05	6.670815999999999235e+01
2.700000000000000000e+05	6.670815999999999235e+01
2.700000000000000000e+05	1.345690960000000018e+02
2.709000000000000000e+05	1.345690960000000018e+02
2.709000000000000000e+05	1.323747400000000027e+02
2.718000000000000000e+05	1.323747400000000027e+02
2.718000000000000000e+05	1.343640880000000095e+02
2.727000000000000000e+05	1.343640880000000095e+02
2.727000000000000000e+05	8.489472800000001484e+01
2.736000000000000000e+05	8.489472800000001484e+01
2.736000000000000000e+05	5.996452799999999428e+01
2.745000000000000000e+05	5.996452799999999428e+01
2.745000000000000000e+05	5.976295199999999852e+01
2.754000000000000000e+05	5.976295199999999852e+01
2.754000000000000000e+05	6.148734399999999312e+01
2.763000000000000000e+05	6.148734399999999312e+01
2.763000000000000000e+05	1.133504840000000087e+02
2.772000000000000000e+05	1.133504840000000087e+02
2.772000000000000000e+05	1.516326559999999688e+02
2.781000000000000000e+05	1.516326559999999688e+02
2.781000000000000000e+05	1.535007520000000056e+02
2.790000000000000000e+05	1.535007520000000056e+02
2.790000000000000000e+05	1.545552959999999985e+02
2.799000000000000000e+05	1.545552959999999985e+02
2.799000000000000000e+05	3.011619000000000028e+02
2.808000000000000000e+05	3.011619000000000028e+02
2.808000000000000000e+05	3.451549800000000232e+02
2.817000000000000000e+05	3.451549800000000232e+02
2.817000000000000000e+05	2.252884840000000111e+02
2.826000000000000000e+05	2.252884840000000111e+02
2.826000000000000000e+05	2.255838399999999808e+02
2.835000000000000000e+05	2.255838399999999808e+02
2.835000000000000000e+05	1.369577155999999832e+03
2.844000000000000000e+05	1.369577155999999832e+03
2.844000000000000000e+05	2.015208623999999872e+03
2.853000000000000000e+05	2.015208623999999872e+03
2.853000000000000000e+05	1.521734924000000092e+03
2.862000000000000000e+05	1.521734924000000092e+03
2.862000000000000000e+05	1.958601319999999930e+02
2.871000000000000000e+05	1.958601319999999930e+02
2.871000000000000000e+05	2.874952719999999999e+02
2.880000000000000000e+05	2.874952719999999999e+02
2.880000000000000000e+05	3.891795360000000414e+02
2.889000000000000000e+05	3.891795360000000414e+02
2.889000000000000000e+05	2.648724800000000528e+02
2.898000000000000000e+05	2.648724800000000528e+02
2.898000000000000000e+05	1.642390920000000051e+03
2.907000000000000000e+05	1.642390920000000051e+03
2.907000000000000000e+05	1.817378432000000203e+03
2.916000000000000000e+05	1.817378432000000203e+03
2.916000000000000000e+05	6.137055040000000190e+02
2.925000000000000000e+05	6.137055040000000190e+02
2.925000000000000000e+05	7.732255200000000173e+01
2.934000000000000000e+05	7.732255200000000173e+01
2.934000000000000000e+05	1.387313216000000011e+03
2.943000000000000000e+05	1.387313216000000011e+03
2.943000000000000000e+05	1.848255679999999529e+03
2.952000000000000000e+05	1.848255679999999529e+03
2.952000000000000000e+05	1.487172579999999925e+03
2.961000000000000000e+05	1.487172579999999925e+03
2.961000000000000000e+05	1.160199223999999958e+03
2.970000000000000000e+05	1.160199223999999958e+03
2.970000000000000000e+05	1.970611236000000417e+03
2.979000000000000000e+05	1.970611236000000417e+03
2.979000000000000000e+05	4.538148840000000064e+02
2.988000000000000000e+05	4.538148840000000064e+02
2.988000000000000000e+05	1.329821439999999768e+02
2.997000000000000000e+05	1.329821439999999768e+02
2.997000000000000000e+05	1.656014480000000049e+02
3.006000000000000000e+05	1.656014480000000049e+02
3.006000000000000000e+05	3.621201399999999921e+02
3.015000000000000000e+05	3.621201399999999921e+02
3.015000000000000000e+05	3.248739411999999447e+03
3.024000000000000000e+05	3.248739411999999447e+03
3.024000000000000000e+05	3.447962463999999727e+03
3.033000000000000000e+05	3.447962463999999727e+03
3.033000000000000000e+05	1.459651951999999937e+03
3.042000000000000000e+05	1.459651951999999937e+03
3.042000000000000000e+05	3.911516760000000090e+02
3.051000000000000000e+05	3.911516760000000090e+02
3.051000000000000000e+05	2.275299759999999765e+02
3.060000000000000000e+05	2.275299759999999765e+02
3.060000000000000000e+05	1.488770720000000267e+02
3.069000000000000000e+05	1.488770720000000267e+02
3.069000000000000000e+05	9.634621599999999830e+01
3.078000000000000000e+05	9.634621599999999830e+01
3.078000000000000000e+05	1.256462679999999779e+02
3.087000000000000000e+05	1.256462679999999779e+02
3.087000000000000000e+05	1.495241323999999850e+03
3.096000000000000000e+05	1.495241323999999850e+03
3.096000000000000000e+05	2.758295935999999983e+03
3.105000000000000000e+05	2.758295935999999983e+03
3.105000000000000000e+05	3.866483435999999983e+03
3.114000000000000000e+05	3.866483435999999983e+03
3.114000000000000000e+05	3.706666607999999542e+03
3.123000000000000000e+05	3.706666607999999542e+03
3.123000000000000000e+05	2.431142868000000362e+03
3.132000000000000000e+05	2.431142868000000362e+03
3.132000000000000000e+05	2.217091639999999643e+03
3.141000000000000000e+05	2.217091639999999643e+03
3.141000000000000000e+05	2.373208543999999620e+03
3.150000000000000000e+05	2.373208543999999620e+03
3.150000000000000000e+05	2.305114559999999983e+03
3.159000000000000000e+05	2.305114559999999983e+03
3.159000000000000000e+05	1.231217943999999761e+03
3.168000000000000000e+05	1.231217943999999761e+03
3.168000000000000000e+05	5.683708560000000034e+02
3.177000000000000000e+05	5.683708560000000034e+02
3.177000000000000000e+05	2.400659235999999964e+03
3.186000000000000000e+05	2.400659235999999964e+03
3.186000000000000000e+05	2.330314491999999973e+03
3.195000000000000000e+05	2.330314491999999973e+03
3.195000000000000000e+05	2.381917804000000160e+03
3.204000000000000000e+05	2.381917804000000160e+03
3.204000000000000000e+05	7.491070040000001882e+02
3.213000000000000000e+05	7.491070040000001882e+02
3.213000000000000000e+05	5.225169440000000805e+02
3.222000000000000000e+05	5.225169440000000805e+02
3.222000000000000000e+05	1.462843408000000181e+03
3.231000000000000000e+05	1.462843408000000181e+03
3.231000000000000000e+05	4.014708919999999921e+02
3.240000000000000000e+05	4.014708919999999921e+02
3.240000000000000000e+05	3.783485200000000646e+02
3.249000000000000000e+05	3.783485200000000646e+02
3.249000000000000000e+05	4.003196319999999560e+02
3.258000000000000000e+05	4.003196319999999560e+02
3.258000000000000000e+05	5.291305839999999989e+02
3.267000000000000000e+05	5.291305839999999989e+02
3.267000000000000000e+05	5.697029519999999820e+02
3.276000000000000000e+05	5.697029519999999820e+02
3.276000000000000000e+05	6.109916479999999410e+02
3.285000000000000000e+05	6.109916479999999410e+02
3.285000000000000000e+05	6.079542760000000499e+02
3.294000000000000000e+05	6.079542760000000499e+02
3.294000000000000000e+05	7.575741639999999961e+02
3.303000000000000000e+05	7.575741639999999961e+02
3.303000000000000000e+05	7.295299279999999271e+02
3.312000000000000000e+05	7.295299279999999271e+02
3.312000000000000000e+05	1.414272263999999950e+03
3.321000000000000000e+05	1.414272263999999950e+03
3.321000000000000000e+05	1.344775411999999733e+03
3.330000000000000000e+05	1.344775411999999733e+03
3.330000000000000000e+05	1.411126064000000042e+03
3.339000000000000000e+05	1.411126064000000042e+03
3.339000000000000000e+05	1.319486871999999948e+03
3.348000000000000000e+05	1.319486871999999948e+03
3.348000000000000000e+05	3.009372239999999579e+02
3.357000000000000000e+05	3.009372239999999579e+02
3.357000000000000000e+05	2.431830799999999897e+02
3.366000000000000000e+05	2.431830799999999897e+02
3.366000000000000000e+05	2.243183799999999621e+02
3.375000000000000000e+05	2.243183799999999621e+02
3.375000000000000000e+05	2.245999040000000093e+02
3.384000000000000000e+05	2.245999040000000093e+02
3.384000000000000000e+05	2.227218639999999539e+02
3.393000000000000000e+05	2.227218639999999539e+02
3.393000000000000000e+05	6.521461200000001668e+01
3.402000000000000000e+05	6.521461200000001668e+01
3.402000000000000000e+05	6.127895200000001097e+01
3.411000000000000000e+05	6.127895200000001097e+01
3.411000000000000000e+05	6.014570800000000617e+01
3.420000000000000000e+05	6.014570800000000617e+01
3.420000000000000000e+05	6.094975999999999772e+01
3.429000000000000000e+05	6.094975999999999772e+01
3.429000000000000000e+05	5.991720800000000224e+01
3.438000000000000000e+05	5.991720800000000224e+01
3.438000000000000000e+05	1.330164240000000007e+02
3.447000000000000000e+05	1.330164240000000007e+02
3.447000000000000000e+05	1.502231799999999851e+02
3.456000000000000000e+05	1.502231799999999851e+02
3.456000000000000000e+05	1.495365400000000022e+02
3.465000000000000000e+05	1.495365400000000022e+02
3.465000000000000000e+05	1.525683159999999816e+02
3.474000000000000000e+05	1.525683159999999816e+02
3.474000000000000000e+05	1.289128199999999822e+02
3.483000000000000000e+05	1.289128199999999822e+02
3.483000000000000000e+05	9.265032800000000179e+01
3.492000000000000000e+05	9.265032800000000179e+01
3.492000000000000000e+05	1.286742599999999754e+02
3.501000000000000000e+05	1.286742599999999754e+02
3.501000000000000000e+05	1.368537560000000042e+02
3.510000000000000000e+05	1.368537560000000042e+02
3.510000000000000000e+05	1.360865640000000099e+02
3.519000000000000000e+05	1.360865640000000099e+02
3.519000000000000000e+05	9.907136400000000265e+01
3.528000000000000000e+05	9.907136400000000265e+01
3.528000000000000000e+05	6.408323199999999531e+01
3.537000000000000000e+05	6.408323199999999531e+01
3.537000000000000000e+05	6.344266800000001894e+01
3.546000000000000000e+05	6.344266800000001894e+01
3.546000000000000000e+05	6.090610800000000324e+01
3.555000000000000000e+05	6.090610800000000324e+01
3.555000000000000000e+05	6.192067199999999616e+01
3.564000000000000000e+05	6.192067199999999616e+01
3.564000000000000000e+05	6.191830000000000211e+01
3.573000000000000000e+05	6.191830000000000211e+01
3.573000000000000000e+05	6.179338399999999609e+01
3.582000000000000000e+05	6.179338399999999609e+01
3.582000000000000000e+05	6.109631600000000162e+01
3.591000000000000000e+05	6.109631600000000162e+01
3.591000000000000000e+05	6.148820800000000020e+01
3.600000000000000000e+05	6.148820800000000020e+01
3.600000000000000000e+05	6.072495599999999172e+01
3.609000000000000000e+05	6.072495599999999172e+01
3.609000000000000000e+05	6.029649600000000476e+01
3.618000000000000000e+05	6.029649600000000476e+01
3.618000000000000000e+05	6.073177600000000353e+01
3.627000000000000000e+05	6.073177600000000353e+01
3.627000000000000000e+05	6.046424400000000077e+01
3.636000000000000000e+05	6.046424400000000077e+01
3.636000000000000000e+05	6.062473599999999152e+01
3.645000000000000000e+05	6.062473599999999152e+01
3.645000000000000000e+05	1.497513039999999762e+02
3.654000000000000000e+05	1.497513039999999762e+02
3.654000000000000000e+05	1.498108840000000157e+02
3.663000000000000000e+05	1.498108840000000157e+02
3.663000000000000000e+05	2.208701919999999745e+02
3.672000000000000000e+05	2.208701919999999745e+02
3.672000000000000000e+05	2.494812656000000516e+03
3.681000000000000000e+05	2.494812656000000516e+03
3.681000000000000000e+05	2.007280872000000272e+03
3.690000000000000000e+05	2.007280872000000272e+03
3.690000000000000000e+05	4.313268320000000244e+02
3.699000000000000000e+05	4.313268320000000244e+02
3.699000000000000000e+05	1.158866148000000067e+03
3.708000000000000000e+05	1.158866148000000067e+03
3.708000000000000000e+05	2.618192135999999664e+03
3.717000000000000000e+05	2.618192135999999664e+03
3.717000000000000000e+05	2.063178883999999925e+03
3.726000000000000000e+05	2.063178883999999925e+03
3.726000000000000000e+05	3.620446080000000393e+02
3.735000000000000000e+05	3.620446080000000393e+02
3.735000000000000000e+05	1.297482252000000244e+03
3.744000000000000000e+05	1.297482252000000244e+03
3.744000000000000000e+05	8.441721280000000434e+02
3.753000000000000000e+05	8.441721280000000434e+02
3.753000000000000000e+05	1.295580959999999777e+02
3.762000000000000000e+05	1.295580959999999777e+02
3.762000000000000000e+05	1.402125048000000106e+03
3.771000000000000000e+05	1.402125048000000106e+03
3.771000000000000000e+05	2.639087559999999939e+03
3.780000000000000000e+05	2.639087559999999939e+03
3.780000000000000000e+05	2.956887764000000061e+03
3.789000000000000000e+05	2.956887764000000061e+03
3.789000000000000000e+05	2.667464827999999670e+03
3.798000000000000000e+05	2.667464827999999670e+03
3.798000000000000000e+05	2.215021719999999732e+03
3.807000000000000000e+05	2.215021719999999732e+03
3.807000000000000000e+05	2.405030731999999716e+03
3.816000000000000000e+05	2.405030731999999716e+03
3.816000000000000000e+05	3.618366712000000916e+03
3.825000000000000000e+05	3.618366712000000916e+03
3.825000000000000000e+05	2.175047695999999632e+03
3.834000000000000000e+05	2.175047695999999632e+03
3.834000000000000000e+05	1.203169939999999997e+03
3.843000000000000000e+05	1.203169939999999997e+03
3.843000000000000000e+05	2.157311160000000143e+02
3.852000000000000000e+05	2.157311160000000143e+02
3.852000000000000000e+05	2.513159080000000074e+02
3.861000000000000000e+05	2.513159080000000074e+02
3.861000000000000000e+05	2.318416095999999925e+03
3.870000000000000000e+05	2.318416095999999925e+03
3.870000000000000000e+05	3.216301423999999315e+03
3.879000000000000000e+05	3.216301423999999315e+03
3.879000000000000000e+05	2.002819171999999980e+03
3.888000000000000000e+05	2.002819171999999980e+03
3.888000000000000000e+05	4.231120520000000056e+02
3.897000000000000000e+05	4.231120520000000056e+02
3.897000000000000000e+05	1.967837960000000237e+02
3.906000000000000000e+05	1.967837960000000237e+02
3.906000000000000000e+05	7.335876799999999776e+01
3.915000000000000000e+05	7.335876799999999776e+01
3.915000000000000000e+05	6.059468400000000088e+01
3.924000000000000000e+05	6.059468400000000088e+01
3.924000000000000000e+05	6.163748799999999051e+01
3.933000000000000000e+05	6.163748799999999051e+01
3.933000000000000000e+05	1.044649680000000131e+02
3.942000000000000000e+05	1.044649680000000131e+02
3.942000000000000000e+05	1.438507639999999981e+02
3.951000000000000000e+05	1.438507639999999981e+02
3.951000000000000000e+05	1.407561479999999676e+02
3.960000000000000000e+05	1.407561479999999676e+02
3.960000000000000000e+05	1.421276880000000062e+02
3.969000000000000000e+05	1.421276880000000062e+02
3.969000000000000000e+05	1.394968480000000284e+02
3.978000000000000000e+05	1.394968480000000284e+02
3.978000000000000000e+05	2.332570959999999900e+02
3.987000000000000000e+05	2.332570959999999900e+02
3.987000000000000000e+05	2.367873559999999600e+02
3.996000000000000000e+05	2.367873559999999600e+02
3.996000000000000000e+05	2.283563759999999832e+02
4.005000000000000000e+05	2.283563759999999832e+02
4.005000000000000000e+05	1.920936519999999916e+02
4.014000000000000000e+05	1.920936519999999916e+02
4.014000000000000000e+05	1.598910759999999982e+02
4.023000000000000000e+05	1.598910759999999982e+02
4.023000000000000000e+05	1.827911200000000065e+02
4.032000000000000000e+05	1.827911200000000065e+02
4.032000000000000000e+05	2.272309199999999691e+02
4.041000000000000000e+05	2.272309199999999691e+02
4.041000000000000000e+05	3.621268520000000422e+02
4.050000000000000000e+05	3.621268520000000422e+02
4.050000000000000000e+05	4.729177159999999844e+02
4.059000000000000000e+05	4.729177159999999844e+02
4.059000000000000000e+05	5.472846959999999399e+02
4.068000000000000000e+05	5.472846959999999399e+02
4.068000000000000000e+05	6.493362359999998716e+02
4.077000000000000000e+05	6.493362359999998716e+02
4.077000000000000000e+05	6.829429880000001276e+02
4.086000000000000000e+05	6.829429880000001276e+02
4.086000000000000000e+05	5.524239720000000489e+02
4.095000000000000000e+05	5.524239720000000489e+02
4.095000000000000000e+05	5.131363760000000411e+02
4.104000000000000000e+05	5.131363760000000411e+02
4.104000000000000000e+05	7.164076320000000351e+02
4.113000000000000000e+05	7.164076320000000351e+02
4.113000000000000000e+05	5.906967039999999542e+02
4.122000000000000000e+05	5.906967039999999542e+02
4.122000000000000000e+05	6.212995560000000523e+02
4.131000000000000000e+05	6.212995560000000523e+02
4.131000000000000000e+05	6.095991680000000770e+02
4.140000000000000000e+05	6.095991680000000770e+02
4.140000000000000000e+05	6.405277999999999565e+02
4.149000000000000000e+05	6.405277999999999565e+02
4.149000000000000000e+05	7.008369399999999132e+02
4.158000000000000000e+05	7.008369399999999132e+02
4.158000000000000000e+05	7.300244840000000295e+02
4.167000000000000000e+05	7.300244840000000295e+02
4.167000000000000000e+05	8.450752479999999878e+02
4.176000000000000000e+05	8.450752479999999878e+02
4.176000000000000000e+05	1.819391879999999901e+03
4.185000000000000000e+05	1.819391879999999901e+03
4.185000000000000000e+05	1.795702824000000192e+03
4.194000000000000000e+05	1.795702824000000192e+03
4.194000000000000000e+05	1.637613771999999926e+03
4.203000000000000000e+05	1.637613771999999926e+03
4.203000000000000000e+05	1.502444584000000077e+03
4.212000000000000000e+05	1.502444584000000077e+03
4.212000000000000000e+05	5.690729159999998501e+02
4.221000000000000000e+05	5.690729159999998501e+02
4.221000000000000000e+05	5.963027399999999716e+02
4.230000000000000000e+05	5.963027399999999716e+02
4.230000000000000000e+05	5.301838720000000649e+02
4.239000000000000000e+05	5.301838720000000649e+02
4.239000000000000000e+05	4.326257279999999810e+02
4.248000000000000000e+05	4.326257279999999810e+02
4.248000000000000000e+05	3.662341359999999781e+02
4.257000000000000000e+05	3.662341359999999781e+02
4.257000000000000000e+05	1.609512400000000127e+02
4.266000000000000000e+05	1.609512400000000127e+02
4.266000000000000000e+05	1.614236839999999802e+02
4.275000000000000000e+05	1.614236839999999802e+02
4.275000000000000000e+05	1.625670240000000035e+02
4.284000000000000000e+05	1.625670240000000035e+02
4.284000000000000000e+05	1.597102639999999951e+02
4.293000000000000000e+05	1.597102639999999951e+02
4.293000000000000000e+05	1.612561320000000364e+02
4.302000000000000000e+05	1.612561320000000364e+02
4.302000000000000000e+05	1.618628160000000094e+02
4.311000000000000000e+05	1.618628160000000094e+02
4.311000000000000000e+05	1.824995079999999632e+02
4.320000000000000000e+05	1.824995079999999632e+02
4.320000000000000000e+05	1.527213840000000289e+02
4.329000000000000000e+05	1.527213840000000289e+02
4.329000000000000000e+05	6.179462000000000188e+01
4.338000000000000000e+05	6.179462000000000188e+01
4.338000000000000000e+05	6.047731199999999774e+01
4.347000000000000000e+05	6.047731199999999774e+01
4.347000000000000000e+05	6.020879200000000964e+01
4.356000000000000000e+05	6.020879200000000964e+01
4.356000000000000000e+05	1.322589560000000120e+02
4.365000000000000000e+05	1.322589560000000120e+02
4.365000000000000000e+05	1.518076400000000206e+02
4.374000000000000000e+05	1.518076400000000206e+02
4.374000000000000000e+05	1.552174480000000187e+02
4.383000000000000000e+05	1.552174480000000187e+02
4.383000000000000000e+05	1.548880279999999914e+02
4.392000000000000000e+05	1.548880279999999914e+02
4.392000000000000000e+05	9.571813199999998290e+01
4.401000000000000000e+05	9.571813199999998290e+01
4.401000000000000000e+05	1.251161679999999734e+02
4.410000000000000000e+05	1.251161679999999734e+02
4.410000000000000000e+05	1.271100799999999964e+02
4.419000000000000000e+05	1.271100799999999964e+02
4.419000000000000000e+05	1.339728680000000054e+02
4.428000000000000000e+05	1.339728680000000054e+02
4.428000000000000000e+05	1.042406880000000200e+02
4.437000000000000000e+05	1.042406880000000200e+02
4.437000000000000000e+05	6.123963599999999730e+01
4.446000000000000000e+05	6.123963599999999730e+01
4.446000000000000000e+05	6.186407200000000017e+01
4.455000000000000000e+05	6.186407200000000017e+01
4.455000000000000000e+05	6.071355200000000707e+01
4.464000000000000000e+05	6.071355200000000707e+01
4.464000000000000000e+05	6.052682400000000484e+01
4.473000000000000000e+05	6.052682400000000484e+01
4.473000000000000000e+05	6.102697999999999467e+01
4.482000000000000000e+05	6.102697999999999467e+01
4.482000000000000000e+05	6.036439999999999628e+01
4.491000000000000000e+05	6.036439999999999628e+01
4.491000000000000000e+05	5.994250399999999246e+01
4.500000000000000000e+05	5.994250399999999246e+01
4.500000000000000000e+05	6.040118800000000476e+01
4.509000000000000000e+05	6.040118800000000476e+01
4.509000000000000000e+05	6.154434400000000238e+01
4.518000000000000000e+05	6.154434400000000238e+01
4.518000000000000000e+05	6.263249199999999917e+01
4.527000000000000000e+05	6.263249199999999917e+01
4.527000000000000000e+05	5.773158000000000101e+01
4.536000000000000000e+05	5.773158000000000101e+01
4.536000000000000000e+05	2.474252680000000169e+02
4.545000000000000000e+05	2.474252680000000169e+02
4.545000000000000000e+05	2.614193616000000020e+03
4.554000000000000000e+05	2.614193616000000020e+03
4.554000000000000000e+05	2.127686651999999867e+03
4.563000000000000000e+05	2.127686651999999867e+03
4.563000000000000000e+05	7.586711080000001175e+02
4.572000000000000000e+05	7.586711080000001175e+02
4.572000000000000000e+05	6.211928679999999758e+02
4.581000000000000000e+05	6.211928679999999758e+02
4.581000000000000000e+05	5.070756799999999771e+02
4.590000000000000000e+05	5.070756799999999771e+02
4.590000000000000000e+05	5.042381159999999340e+02
4.599000000000000000e+05	5.042381159999999340e+02
4.599000000000000000e+05	2.442795928000000004e+03
4.608000000000000000e+05	2.442795928000000004e+03
4.608000000000000000e+05	2.028789939999999888e+03
4.617000000000000000e+05	2.028789939999999888e+03
4.617000000000000000e+05	4.984247759999999516e+02
4.626000000000000000e+05	4.984247759999999516e+02
4.626000000000000000e+05	4.044966240000000198e+03
4.635000000000000000e+05	4.044966240000000198e+03
4.635000000000000000e+05	2.691389415999999983e+03
4.644000000000000000e+05	2.691389415999999983e+03
4.644000000000000000e+05	2.239989879999999687e+02
4.653000000000000000e+05	2.239989879999999687e+02
4.653000000000000000e+05	3.095719559999999433e+02
4.662000000000000000e+05	3.095719559999999433e+02
4.662000000000000000e+05	2.707384880000000180e+02
4.671000000000000000e+05	2.707384880000000180e+02
4.671000000000000000e+05	2.604968720000000530e+02
4.680000000000000000e+05	2.604968720000000530e+02
4.680000000000000000e+05	2.561595520000000192e+02
4.689000000000000000e+05	2.561595520000000192e+02
4.689000000000000000e+05	2.562098359999999388e+02
4.698000000000000000e+05	2.562098359999999388e+02
4.698000000000000000e+05	1.499056479999999851e+02
4.707000000000000000e+05	1.499056479999999851e+02
4.707000000000000000e+05	1.431286800000000028e+02
4.716000000000000000e+05	1.431286800000000028e+02
4.716000000000000000e+05	1.827481479999999692e+03
4.725000000000000000e+05	1.827481479999999692e+03
4.725000000000000000e+05	2.836379636000000119e+03
4.734000000000000000e+05	2.836379636000000119e+03
4.734000000000000000e+05	4.360181596000000354e+03
4.743000000000000000e+05	4.360181596000000354e+03
4.743000000000000000e+05	5.546898548000000119e+03
4.752000000000000000e+05	5.546898548000000119e+03
4.752000000000000000e+05	3.869364884000000075e+03
4.761000000000000000e+05	3.869364884000000075e+03
4.761000000000000000e+05	2.338391595999999936e+03
4.770000000000000000e+05	2.338391595999999936e+03
4.770000000000000000e+05	2.335532220000000052e+03
4.779000000000000000e+05	2.335532220000000052e+03
4.779000000000000000e+05	2.199708319999999730e+03
4.788000000000000000e+05	2.199708319999999730e+03
4.788000000000000000e+05	4.293092359999999417e+02
4.797000000000000000e+05	4.293092359999999417e+02
4.797000000000000000e+05	1.250117763999999852e+03
4.806000000000000000e+05	1.250117763999999852e+03
4.806000000000000000e+05	2.007726743999999826e+03
4.815000000000000000e+05	2.007726743999999826e+03
4.815000000000000000e+05	2.034566724000000022e+03
4.824000000000000000e+05	2.034566724000000022e+03
4.824000000000000000e+05	4.854434160000000134e+02
4.833000000000000000e+05	4.854434160000000134e+02
4.833000000000000000e+05	1.212196519999999964e+02
4.842000000000000000e+05	1.212196519999999964e+02
4.842000000000000000e+05	1.245957159999999959e+02
4.851000000000000000e+05	1.245957159999999959e+02
4.851000000000000000e+05	1.438488360000000341e+02
4.860000000000000000e+05	1.438488360000000341e+02
4.860000000000000000e+05	1.450105600000000265e+02
4.869000000000000000e+05	1.450105600000000265e+02
4.869000000000000000e+05	1.519154480000000262e+02
4.878000000000000000e+05	1.519154480000000262e+02
4.878000000000000000e+05	1.440885480000000314e+02
4.887000000000000000e+05	1.440885480000000314e+02
4.887000000000000000e+05	1.260079399999999907e+02
4.896000000000000000e+05	1.260079399999999907e+02
4.896000000000000000e+05	2.548572760000000130e+02
4.905000000000000000e+05	2.548572760000000130e+02
4.905000000000000000e+05	4.456883319999999458e+02
4.914000000000000000e+05	4.456883319999999458e+02
4.914000000000000000e+05	4.840918040000000246e+02
4.923000000000000000e+05	4.840918040000000246e+02
4.923000000000000000e+05	6.828266519999999673e+02
4.932000000000000000e+05	6.828266519999999673e+02
4.932000000000000000e+05	7.392602719999999863e+02
4.941000000000000000e+05	7.392602719999999863e+02
4.941000000000000000e+05	6.860241600000000517e+02
4.950000000000000000e+05	6.860241600000000517e+02
4.950000000000000000e+05	6.169114960000000565e+02
4.959000000000000000e+05	6.169114960000000565e+02
4.959000000000000000e+05	6.243199520000000575e+02
4.968000000000000000e+05	6.243199520000000575e+02
4.968000000000000000e+05	6.306780679999999393e+02
4.977000000000000000e+05	6.306780679999999393e+02
4.977000000000000000e+05	6.066502800000000661e+02
4.986000000000000000e+05	6.066502800000000661e+02
4.986000000000000000e+05	6.068910720000000083e+02
4.995000000000000000e+05	6.068910720000000083e+02
4.995000000000000000e+05	5.916231040000000121e+02
5.004000000000000000e+05	5.916231040000000121e+02
5.004000000000000000e+05	9.412715719999998782e+02
5.013000000000000000e+05	9.412715719999998782e+02
5.013000000000000000e+05	1.630598395999999866e+03
5.022000000000000000e+05	1.630598395999999866e+03
5.022000000000000000e+05	1.694019011999999975e+03
5.031000000000000000e+05	1.694019011999999975e+03
5.031000000000000000e+05	1.634422515999999860e+03
5.040000000000000000e+05	1.634422515999999860e+03
5.040000000000000000e+05	1.629167056000000002e+03
5.049000000000000000e+05	1.629167056000000002e+03
5.049000000000000000e+05	8.190289200000001983e+02
5.058000000000000000e+05	8.190289200000001983e+02
5.058000000000000000e+05	6.052718080000000782e+02
5.067000000000000000e+05	6.052718080000000782e+02
5.067000000000000000e+05	6.576335799999999381e+02
5.076000000000000000e+05	6.576335799999999381e+02
5.076000000000000000e+05	6.510347239999999829e+02
5.085000000000000000e+05	6.510347239999999829e+02
5.085000000000000000e+05	6.110322599999999511e+02
5.094000000000000000e+05	6.110322599999999511e+02
5.094000000000000000e+05	5.227117160000000240e+02
5.103000000000000000e+05	5.227117160000000240e+02
5.103000000000000000e+05	3.775896079999999984e+02
5.112000000000000000e+05	3.775896079999999984e+02
5.112000000000000000e+05	3.986774439999999800e+02
5.121000000000000000e+05	3.986774439999999800e+02
5.121000000000000000e+05	4.494091559999999959e+02
5.130000000000000000e+05	4.494091559999999959e+02
5.130000000000000000e+05	4.498819720000000189e+02
5.139000000000000000e+05	4.498819720000000189e+02
5.139000000000000000e+05	4.468066880000000083e+02
5.148000000000000000e+05	4.468066880000000083e+02
5.148000000000000000e+05	3.976896079999999642e+02
5.157000000000000000e+05	3.976896079999999642e+02
5.157000000000000000e+05	3.592728319999999940e+02
5.166000000000000000e+05	3.592728319999999940e+02
5.166000000000000000e+05	2.862999200000000428e+02
5.175000000000000000e+05	2.862999200000000428e+02
5.175000000000000000e+05	2.217873719999999764e+02
5.184000000000000000e+05	2.217873719999999764e+02
5.184000000000000000e+05	5.985451600000000383e+01
5.193000000000000000e+05	5.985451600000000383e+01
5.193000000000000000e+05	6.147752400000000250e+01
5.202000000000000000e+05	6.147752400000000250e+01
5.202000000000000000e+05	6.119765600000000205e+01
5.211000000000000000e+05	6.119765600000000205e+01
5.211000000000000000e+05	6.050821599999999734e+01
5.220000000000000000e+05	6.050821599999999734e+01
5.220000000000000000e+05	6.092974400000001367e+01
5.229000000000000000e+05	6.092974400000001367e+01
5.229000000000000000e+05	6.142641200000000623e+01
5.238000000000000000e+05	6.142641200000000623e+01
5.238000000000000000e+05	1.251990679999999969e+02
5.247000000000000000e+05	1.251990679999999969e+02
5.247000000000000000e+05	1.309060120000000040e+02
5.256000000000000000e+05	1.309060120000000040e+02
5.256000000000000000e+05	1.320228239999999857e+02
5.265000000000000000e+05	1.320228239999999857e+02
5.265000000000000000e+05	1.313536760000000072e+02
5.274000000000000000e+05	1.313536760000000072e+02
5.274000000000000000e+05	1.153329119999999932e+02
5.283000000000000000e+05	1.153329119999999932e+02
5.283000000000000000e+05	9.660580000000000211e+01
5.292000000000000000e+05	9.660580000000000211e+01
5.292000000000000000e+05	1.551388039999999933e+02
5.301000000000000000e+05	1.551388039999999933e+02
5.301000000000000000e+05	1.538765999999999963e+02
5.310000000000000000e+05	1.538765999999999963e+02
5.310000000000000000e+05	1.556013520000000199e+02
5.319000000000000000e+05	1.556013520000000199e+02
5.319000000000000000e+05	8.127232799999998747e+01
5.328000000000000000e+05	8.127232799999998747e+01
5.328000000000000000e+05	6.240104399999999174e+01
5.337000000000000000e+05	6.240104399999999174e+01
5.337000000000000000e+05	6.167933200000000227e+01
5.346000000000000000e+05	6.167933200000000227e+01
5.346000000000000000e+05	6.154354399999999714e+01
5.355000000000000000e+05	6.154354399999999714e+01
5.355000000000000000e+05	6.045253600000000205e+01
5.364000000000000000e+05	6.045253600000000205e+01
5.364000000000000000e+05	6.073192800000000346e+01
5.373000000000000000e+05	6.073192800000000346e+01
5.373000000000000000e+05	6.085333999999999577e+01
5.382000000000000000e+05	6.085333999999999577e+01
5.382000000000000000e+05	6.047071600000000302e+01
5.391000000000000000e+05	6.047071600000000302e+01
5.391000000000000000e+05	6.133165199999999828e+01
5.400000000000000000e+05	6.133165199999999828e+01
5.400000000000000000e+05	6.068796400000000091e+01
5.409000000000000000e+05	6.068796400000000091e+01
5.409000000000000000e+05	6.168360799999998534e+01
5.418000000000000000e+05	6.168360799999998534e+01
5.418000000000000000e+05	6.067020399999999825e+01
5.427000000000000000e+05	6.067020399999999825e+01
5.427000000000000000e+05	6.095846000000000942e+01
5.436000000000000000e+05	6.095846000000000942e+01
5.436000000000000000e+05	1.034800479999999823e+02
5.445000000000000000e+05	1.034800479999999823e+02
5.445000000000000000e+05	6.461254439999999022e+02
5.454000000000000000e+05	6.461254439999999022e+02
5.454000000000000000e+05	2.573130532000000130e+03
5.463000000000000000e+05	2.573130532000000130e+03
5.463000000000000000e+05	2.141030712000000221e+03
5.472000000000000000e+05	2.141030712000000221e+03
5.472000000000000000e+05	8.543822599999998602e+02
5.481000000000000000e+05	8.543822599999998602e+02
5.481000000000000000e+05	2.399635444000000007e+03
5.490000000000000000e+05	2.399635444000000007e+03
5.490000000000000000e+05	1.479954711999999745e+03
5.499000000000000000e+05	1.479954711999999745e+03
5.499000000000000000e+05	1.955534639999999911e+02
5.508000000000000000e+05	1.955534639999999911e+02
5.508000000000000000e+05	3.979683959999999274e+02
5.517000000000000000e+05	3.979683959999999274e+02
5.517000000000000000e+05	1.204527999999999963e+02
5.526000000000000000e+05	1.204527999999999963e+02
5.526000000000000000e+05	1.225098799999999954e+02
5.535000000000000000e+05	1.225098799999999954e+02
5.535000000000000000e+05	1.271035760000000039e+02
5.544000000000000000e+05	1.271035760000000039e+02
5.544000000000000000e+05	1.998901927999999771e+03
5.553000000000000000e+05	1.998901927999999771e+03
5.553000000000000000e+05	1.155299279999999953e+03
5.562000000000000000e+05	1.155299279999999953e+03
5.562000000000000000e+05	2.205143839999999784e+02
5.571000000000000000e+05	2.205143839999999784e+02
5.571000000000000000e+05	2.511772919999999942e+02
5.580000000000000000e+05	2.511772919999999942e+02
5.580000000000000000e+05	8.286299200000000553e+01
5.589000000000000000e+05	8.286299200000000553e+01
5.589000000000000000e+05	1.448248560000000111e+02
5.598000000000000000e+05	1.448248560000000111e+02
5.598000000000000000e+05	1.790840080000000114e+02
5.607000000000000000e+05	1.790840080000000114e+02
5.607000000000000000e+05	2.822327120000000491e+02
5.616000000000000000e+05	2.822327120000000491e+02
5.616000000000000000e+05	2.948870599999999627e+02
5.625000000000000000e+05	2.948870599999999627e+02
5.625000000000000000e+05	2.008319300000000112e+03
5.634000000000000000e+05	2.008319300000000112e+03
5.634000000000000000e+05	2.922745304000000488e+03
5.643000000000000000e+05	2.922745304000000488e+03
5.643000000000000000e+05	4.489779456000000209e+03
5.652000000000000000e+05	4.489779456000000209e+03
5.652000000000000000e+05	5.207017471999998634e+03
5.661000000000000000e+05	5.207017471999998634e+03
5.661000000000000000e+05	3.808716959999999290e+03
5.670000000000000000e+05	3.808716959999999290e+03
5.670000000000000000e+05	2.259398279999999886e+03
5.679000000000000000e+05	2.259398279999999886e+03
5.679000000000000000e+05	2.000269859999999881e+03
5.688000000000000000e+05	2.000269859999999881e+03
5.688000000000000000e+05	1.444791500000000042e+03
5.697000000000000000e+05	1.444791500000000042e+03
5.697000000000000000e+05	1.260892960000000187e+02
5.706000000000000000e+05	1.260892960000000187e+02
5.706000000000000000e+05	1.826264440000000207e+02
5.715000000000000000e+05	1.826264440000000207e+02
5.715000000000000000e+05	2.595583799999999997e+02
5.724000000000000000e+05	2.595583799999999997e+02
5.724000000000000000e+05	2.500236080000000243e+02
5.733000000000000000e+05	2.500236080000000243e+02
5.733000000000000000e+05	2.538091599999999630e+02
5.742000000000000000e+05	2.538091599999999630e+02
5.742000000000000000e+05	8.695853199999997685e+01
5.751000000000000000e+05	8.695853199999997685e+01
5.751000000000000000e+05	9.766030000000000655e+01
5.760000000000000000e+05	9.766030000000000655e+01
5.760000000000000000e+05	1.881479239999999891e+02
5.769000000000000000e+05	1.881479239999999891e+02
5.769000000000000000e+05	2.972126000000000090e+02
5.778000000000000000e+05	2.972126000000000090e+02
5.778000000000000000e+05	3.790122999999999820e+02
5.787000000000000000e+05	3.790122999999999820e+02
5.787000000000000000e+05	3.764252720000000068e+02
5.796000000000000000e+05	3.764252720000000068e+02
5.796000000000000000e+05	3.833536720000000173e+02
5.805000000000000000e+05	3.833536720000000173e+02
5.805000000000000000e+05	5.227317879999999377e+02
5.814000000000000000e+05	5.227317879999999377e+02
5.814000000000000000e+05	5.535238679999999931e+02
5.823000000000000000e+05	5.535238679999999931e+02
5.823000000000000000e+05	5.084327919999999494e+02
5.832000000000000000e+05	5.084327919999999494e+02
5.832000000000000000e+05	4.804653079999999363e+02
5.841000000000000000e+05	4.804653079999999363e+02
5.841000000000000000e+05	4.355716920000001551e+02
5.850000000000000000e+05	4.355716920000001551e+02
5.850000000000000000e+05	2.541618440000000305e+02
5.859000000000000000e+05	2.541618440000000305e+02
5.859000000000000000e+05	3.101125200000000177e+02
5.868000000000000000e+05	3.101125200000000177e+02
