# #1
# double t_TES(1304, 2)
0.000000000000000000e+00	3.031499999999999773e+02
9.000000000000000000e+02	3.031499999999999773e+02
9.000000000000000000e+02	2.997875033493480714e+02
1.800000000000000000e+03	2.997875033493480714e+02
1.800000000000000000e+03	2.992785146113785686e+02
2.700000000000000000e+03	2.992785146113785686e+02
2.700000000000000000e+03	3.009057095505152120e+02
3.600000000000000000e+03	3.009057095505152120e+02
3.600000000000000000e+03	2.968499997261662315e+02
4.500000000000000000e+03	2.968499997261662315e+02
4.500000000000000000e+03	2.988932717392173686e+02
5.400000000000000000e+03	2.988932717392173686e+02
5.400000000000000000e+03	2.972855937288260293e+02
6.300000000000000000e+03	2.972855937288260293e+02
6.300000000000000000e+03	2.997777571880387200e+02
7.200000000000000000e+03	2.997777571880387200e+02
7.200000000000000000e+03	2.962058682997345613e+02
8.100000000000000000e+03	2.962058682997345613e+02
8.100000000000000000e+03	2.946751708425560992e+02
9.000000000000000000e+03	2.946751708425560992e+02
9.000000000000000000e+03	2.931895452754884559e+02
9.900000000000000000e+03	2.931895452754884559e+02
9.900000000000000000e+03	2.918523470914569771e+02
1.080000000000000000e+04	2.918523470914569771e+02
1.080000000000000000e+04	2.968552820781307560e+02
1.170000000000000000e+04	2.968552820781307560e+02
1.170000000000000000e+04	2.955383790763564775e+02
1.260000000000000000e+04	2.955383790763564775e+02
1.260000000000000000e+04	2.930686567728229761e+02
1.350000000000000000e+04	2.930686567728229761e+02
1.350000000000000000e+04	2.918795773855320022e+02
1.440000000000000000e+04	2.918795773855320022e+02
1.440000000000000000e+04	2.971502727022445924e+02
1.530000000000000000e+04	2.971502727022445924e+02
1.530000000000000000e+04	3.022091335804130949e+02
1.620000000000000000e+04	3.022091335804130949e+02
1.620000000000000000e+04	2.993561119162939690e+02
1.710000000000000000e+04	2.993561119162939690e+02
1.710000000000000000e+04	2.981179836119882225e+02
1.800000000000000000e+04	2.981179836119882225e+02
1.800000000000000000e+04	2.937435624039666209e+02
1.890000000000000000e+04	2.937435624039666209e+02
1.890000000000000000e+04	2.971154374971719108e+02
1.980000000000000000e+04	2.971154374971719108e+02
1.980000000000000000e+04	2.936062829589729972e+02
2.070000000000000000e+04	2.936062829589729972e+02
2.070000000000000000e+04	2.930923095320520702e+02
2.160000000000000000e+04	2.930923095320520702e+02
2.160000000000000000e+04	2.931771262451413236e+02
2.250000000000000000e+04	2.931771262451413236e+02
2.250000000000000000e+04	2.926031264683991822e+02
2.340000000000000000e+04	2.926031264683991822e+02
2.340000000000000000e+04	2.911499999999999773e+02
2.430000000000000000e+04	2.911499999999999773e+02
2.430000000000000000e+04	2.911499999999999773e+02
2.520000000000000000e+04	2.911499999999999773e+02
2.520000000000000000e+04	2.930880446568963862e+02
2.610000000000000000e+04	2.930880446568963862e+02
2.610000000000000000e+04	2.991363560915963262e+02
2.700000000000000000e+04	2.991363560915963262e+02
2.700000000000000000e+04	3.034702302937026275e+02
2.790000000000000000e+04	3.034702302937026275e+02
2.790000000000000000e+04	3.061699629545717585e+02
2.880000000000000000e+04	3.061699629545717585e+02
2.880000000000000000e+04	3.039516420825989940e+02
2.970000000000000000e+04	3.039516420825989940e+02
2.970000000000000000e+04	3.068829265612866379e+02
3.060000000000000000e+04	3.068829265612866379e+02
3.060000000000000000e+04	3.068656359107836238e+02
3.150000000000000000e+04	3.068656359107836238e+02
3.150000000000000000e+04	3.074930167576663393e+02
3.240000000000000000e+04	3.074930167576663393e+02
3.240000000000000000e+04	3.070780545236270314e+02
3.330000000000000000e+04	3.070780545236270314e+02
3.330000000000000000e+04	3.018213701383639886e+02
3.420000000000000000e+04	3.018213701383639886e+02
3.420000000000000000e+04	3.040112643799068906e+02
3.510000000000000000e+04	3.040112643799068906e+02
3.510000000000000000e+04	3.047274894353192281e+02
3.600000000000000000e+04	3.047274894353192281e+02
3.600000000000000000e+04	3.036675168020170759e+02
3.690000000000000000e+04	3.036675168020170759e+02
3.690000000000000000e+04	2.996486523728186171e+02
3.780000000000000000e+04	2.996486523728186171e+02
3.780000000000000000e+04	3.015032775357567516e+02
3.870000000000000000e+04	3.015032775357567516e+02
3.870000000000000000e+04	3.018407353467231360e+02
3.960000000000000000e+04	3.018407353467231360e+02
3.960000000000000000e+04	3.017817837935401144e+02
4.050000000000000000e+04	3.017817837935401144e+02
4.050000000000000000e+04	2.988847869124199974e+02
4.140000000000000000e+04	2.988847869124199974e+02
4.140000000000000000e+04	2.985980883438516003e+02
4.230000000000000000e+04	2.985980883438516003e+02
4.230000000000000000e+04	2.963853935203258061e+02
4.320000000000000000e+04	2.963853935203258061e+02
4.320000000000000000e+04	2.976957495877947508e+02
4.410000000000000000e+04	2.976957495877947508e+02
4.410000000000000000e+04	2.962541021734696187e+02
4.500000000000000000e+04	2.962541021734696187e+02
4.500000000000000000e+04	2.948047521575346650e+02
4.590000000000000000e+04	2.948047521575346650e+02
4.590000000000000000e+04	2.963812498922821987e+02
4.680000000000000000e+04	2.963812498922821987e+02
4.680000000000000000e+04	2.958462380079459422e+02
4.770000000000000000e+04	2.958462380079459422e+02
4.770000000000000000e+04	2.950257771035302312e+02
4.860000000000000000e+04	2.950257771035302312e+02
4.860000000000000000e+04	2.989998200409946207e+02
4.950000000000000000e+04	2.989998200409946207e+02
4.950000000000000000e+04	2.981960958232409666e+02
5.040000000000000000e+04	2.981960958232409666e+02
5.040000000000000000e+04	2.942869205751285335e+02
5.130000000000000000e+04	2.942869205751285335e+02
5.130000000000000000e+04	2.939820980152604761e+02
5.220000000000000000e+04	2.939820980152604761e+02
5.220000000000000000e+04	2.931438117943474708e+02
5.310000000000000000e+04	2.931438117943474708e+02
5.310000000000000000e+04	2.976639922150775419e+02
5.400000000000000000e+04	2.976639922150775419e+02
5.400000000000000000e+04	2.938309233646718894e+02
5.490000000000000000e+04	2.938309233646718894e+02
5.490000000000000000e+04	2.936654057940943403e+02
5.580000000000000000e+04	2.936654057940943403e+02
5.580000000000000000e+04	2.925018917122604307e+02
5.670000000000000000e+04	2.925018917122604307e+02
5.670000000000000000e+04	2.922015236652640056e+02
5.760000000000000000e+04	2.922015236652640056e+02
5.760000000000000000e+04	2.936293467425700783e+02
5.850000000000000000e+04	2.936293467425700783e+02
5.850000000000000000e+04	2.934696201182019877e+02
5.940000000000000000e+04	2.934696201182019877e+02
5.940000000000000000e+04	2.963606713803216621e+02
6.030000000000000000e+04	2.963606713803216621e+02
6.030000000000000000e+04	2.958258667850410575e+02
6.120000000000000000e+04	2.958258667850410575e+02
6.120000000000000000e+04	2.939452839669576178e+02
6.210000000000000000e+04	2.939452839669576178e+02
6.210000000000000000e+04	2.936984527627459443e+02
6.300000000000000000e+04	2.936984527627459443e+02
6.300000000000000000e+04	2.922135732186814607e+02
6.390000000000000000e+04	2.922135732186814607e+02
6.390000000000000000e+04	2.916483681041781892e+02
6.480000000000000000e+04	2.916483681041781892e+02
6.480000000000000000e+04	2.961692839070963146e+02
6.570000000000000000e+04	2.961692839070963146e+02
6.570000000000000000e+04	3.005422910432971548e+02
6.660000000000000000e+04	3.005422910432971548e+02
6.660000000000000000e+04	2.989509311306720178e+02
6.750000000000000000e+04	2.989509311306720178e+02
6.750000000000000000e+04	2.980548698897238182e+02
6.840000000000000000e+04	2.980548698897238182e+02
6.840000000000000000e+04	2.979565590698387609e+02
6.930000000000000000e+04	2.979565590698387609e+02
6.930000000000000000e+04	2.963904072902399207e+02
7.020000000000000000e+04	2.963904072902399207e+02
7.020000000000000000e+04	2.943962940487460287e+02
7.110000000000000000e+04	2.943962940487460287e+02
7.110000000000000000e+04	2.933843865467185310e+02
7.200000000000000000e+04	2.933843865467185310e+02
7.200000000000000000e+04	2.967442459767655691e+02
7.290000000000000000e+04	2.967442459767655691e+02
7.290000000000000000e+04	2.955924665558845845e+02
7.380000000000000000e+04	2.955924665558845845e+02
7.380000000000000000e+04	2.936359325603810930e+02
7.470000000000000000e+04	2.936359325603810930e+02
7.470000000000000000e+04	2.927322119983223274e+02
7.560000000000000000e+04	2.927322119983223274e+02
7.560000000000000000e+04	2.939653012585521878e+02
7.650000000000000000e+04	2.939653012585521878e+02
7.650000000000000000e+04	2.935633341499842572e+02
7.740000000000000000e+04	2.935633341499842572e+02
7.740000000000000000e+04	2.920193989046043725e+02
7.830000000000000000e+04	2.920193989046043725e+02
7.830000000000000000e+04	2.914037318010018112e+02
7.920000000000000000e+04	2.914037318010018112e+02
7.920000000000000000e+04	2.929579500465541742e+02
8.010000000000000000e+04	2.929579500465541742e+02
8.010000000000000000e+04	2.927983232604187833e+02
8.100000000000000000e+04	2.927983232604187833e+02
8.100000000000000000e+04	2.941072890402284656e+02
8.190000000000000000e+04	2.941072890402284656e+02
8.190000000000000000e+04	2.944963897120794627e+02
8.280000000000000000e+04	2.944963897120794627e+02
8.280000000000000000e+04	2.927217967893835748e+02
8.370000000000000000e+04	2.927217967893835748e+02
8.370000000000000000e+04	2.926976611121403380e+02
8.460000000000000000e+04	2.926976611121403380e+02
8.460000000000000000e+04	2.938527025494947793e+02
8.550000000000000000e+04	2.938527025494947793e+02
8.550000000000000000e+04	2.942214299184625474e+02
8.640000000000000000e+04	2.942214299184625474e+02
8.640000000000000000e+04	2.925756429593434405e+02
8.730000000000000000e+04	2.925756429593434405e+02
8.730000000000000000e+04	2.925534798541793862e+02
8.820000000000000000e+04	2.925534798541793862e+02
8.820000000000000000e+04	2.936684756269727359e+02
8.910000000000000000e+04	2.936684756269727359e+02
8.910000000000000000e+04	2.940253718315707943e+02
9.000000000000000000e+04	2.940253718315707943e+02
9.000000000000000000e+04	2.924251405578730214e+02
9.090000000000000000e+04	2.924251405578730214e+02
9.090000000000000000e+04	2.924008451891677964e+02
9.180000000000000000e+04	2.924008451891677964e+02
9.180000000000000000e+04	2.934862127081546532e+02
9.270000000000000000e+04	2.934862127081546532e+02
9.270000000000000000e+04	2.938326540776386082e+02
9.360000000000000000e+04	2.938326540776386082e+02
9.360000000000000000e+04	2.922645127883445184e+02
9.450000000000000000e+04	2.922645127883445184e+02
9.450000000000000000e+04	2.922382117224427702e+02
9.540000000000000000e+04	2.922382117224427702e+02
9.540000000000000000e+04	2.932986172174971102e+02
9.630000000000000000e+04	2.932986172174971102e+02
9.630000000000000000e+04	2.936366991252983780e+02
9.720000000000000000e+04	2.936366991252983780e+02
9.720000000000000000e+04	2.920967453252148971e+02
9.810000000000000000e+04	2.920967453252148971e+02
9.810000000000000000e+04	2.920694632938875657e+02
9.900000000000000000e+04	2.920694632938875657e+02
9.900000000000000000e+04	2.925957493729017642e+02
9.990000000000000000e+04	2.925957493729017642e+02
9.990000000000000000e+04	2.922754178476351967e+02
1.008000000000000000e+05	2.922754178476351967e+02
1.008000000000000000e+05	2.917125175958835825e+02
1.017000000000000000e+05	2.917125175958835825e+02
1.017000000000000000e+05	2.979739500779598416e+02
1.026000000000000000e+05	2.979739500779598416e+02
1.026000000000000000e+05	2.978024030960639834e+02
1.035000000000000000e+05	2.978024030960639834e+02
1.035000000000000000e+05	2.980454141836502799e+02
1.044000000000000000e+05	2.980454141836502799e+02
1.044000000000000000e+05	2.987540040375242256e+02
1.053000000000000000e+05	2.987540040375242256e+02
1.053000000000000000e+05	2.967393543233482660e+02
1.062000000000000000e+05	2.967393543233482660e+02
1.062000000000000000e+05	2.961192905098336041e+02
1.071000000000000000e+05	2.961192905098336041e+02
1.071000000000000000e+05	2.949234154894513722e+02
1.080000000000000000e+05	2.949234154894513722e+02
1.080000000000000000e+05	2.939179677096195178e+02
1.089000000000000000e+05	2.939179677096195178e+02
1.089000000000000000e+05	2.931125757213671932e+02
1.098000000000000000e+05	2.931125757213671932e+02
1.098000000000000000e+05	2.917163999974007993e+02
1.107000000000000000e+05	2.917163999974007993e+02
1.107000000000000000e+05	2.935201142601966353e+02
1.116000000000000000e+05	2.935201142601966353e+02
1.116000000000000000e+05	2.938222518365963083e+02
1.125000000000000000e+05	2.938222518365963083e+02
1.125000000000000000e+05	2.996841727149400754e+02
1.134000000000000000e+05	2.996841727149400754e+02
1.134000000000000000e+05	3.038323681887146108e+02
1.143000000000000000e+05	3.038323681887146108e+02
1.143000000000000000e+05	3.064402497176275801e+02
1.152000000000000000e+05	3.064402497176275801e+02
1.152000000000000000e+05	3.041975744050561730e+02
1.161000000000000000e+05	3.041975744050561730e+02
1.161000000000000000e+05	3.070371768227254847e+02
1.170000000000000000e+05	3.070371768227254847e+02
1.170000000000000000e+05	3.069774511529051892e+02
1.179000000000000000e+05	3.069774511529051892e+02
1.179000000000000000e+05	3.075710002975351358e+02
1.188000000000000000e+05	3.075710002975351358e+02
1.188000000000000000e+05	3.071348560109885852e+02
1.197000000000000000e+05	3.071348560109885852e+02
1.197000000000000000e+05	3.043037897048811260e+02
1.206000000000000000e+05	3.043037897048811260e+02
1.206000000000000000e+05	3.042303533017847599e+02
1.215000000000000000e+05	3.042303533017847599e+02
1.215000000000000000e+05	3.037858413411460106e+02
1.224000000000000000e+05	3.037858413411460106e+02
1.224000000000000000e+05	3.034836341667012221e+02
1.233000000000000000e+05	3.034836341667012221e+02
1.233000000000000000e+05	2.996721791723849151e+02
1.242000000000000000e+05	2.996721791723849151e+02
1.242000000000000000e+05	3.021662014045044771e+02
1.251000000000000000e+05	3.021662014045044771e+02
1.251000000000000000e+05	2.993392948144540355e+02
1.260000000000000000e+05	2.993392948144540355e+02
1.260000000000000000e+05	2.986243971082830626e+02
1.269000000000000000e+05	2.986243971082830626e+02
1.269000000000000000e+05	2.999995449745243832e+02
1.278000000000000000e+05	2.999995449745243832e+02
1.278000000000000000e+05	3.004353641953715055e+02
1.287000000000000000e+05	3.004353641953715055e+02
1.287000000000000000e+05	2.986271062831078211e+02
1.296000000000000000e+05	2.986271062831078211e+02
1.296000000000000000e+05	2.990198370951514448e+02
1.305000000000000000e+05	2.990198370951514448e+02
1.305000000000000000e+05	2.995956936518778093e+02
1.314000000000000000e+05	2.995956936518778093e+02
1.314000000000000000e+05	2.991495756700518882e+02
1.323000000000000000e+05	2.991495756700518882e+02
1.323000000000000000e+05	2.974854334988104938e+02
1.332000000000000000e+05	2.974854334988104938e+02
1.332000000000000000e+05	2.973870965555762496e+02
1.341000000000000000e+05	2.973870965555762496e+02
1.341000000000000000e+05	2.959865289270116477e+02
1.350000000000000000e+05	2.959865289270116477e+02
1.350000000000000000e+05	2.983439778490985077e+02
1.359000000000000000e+05	2.983439778490985077e+02
1.359000000000000000e+05	2.970856958237491767e+02
1.368000000000000000e+05	2.970856958237491767e+02
1.368000000000000000e+05	2.955391240078937471e+02
1.377000000000000000e+05	2.955391240078937471e+02
1.377000000000000000e+05	2.976035445998709861e+02
1.386000000000000000e+05	2.976035445998709861e+02
1.386000000000000000e+05	2.990733321246755736e+02
1.395000000000000000e+05	2.990733321246755736e+02
1.395000000000000000e+05	2.981205405033285842e+02
1.404000000000000000e+05	2.981205405033285842e+02
1.404000000000000000e+05	2.990546588986653660e+02
1.413000000000000000e+05	2.990546588986653660e+02
1.413000000000000000e+05	2.978359084829666017e+02
1.422000000000000000e+05	2.978359084829666017e+02
1.422000000000000000e+05	2.976852177749381667e+02
1.431000000000000000e+05	2.976852177749381667e+02
1.431000000000000000e+05	2.971283526396229036e+02
1.440000000000000000e+05	2.971283526396229036e+02
1.440000000000000000e+05	2.963130381567598306e+02
1.449000000000000000e+05	2.963130381567598306e+02
1.449000000000000000e+05	2.956974252452246219e+02
1.458000000000000000e+05	2.956974252452246219e+02
1.458000000000000000e+05	2.953576395063130349e+02
1.467000000000000000e+05	2.953576395063130349e+02
1.467000000000000000e+05	2.948269011757051317e+02
1.476000000000000000e+05	2.948269011757051317e+02
1.476000000000000000e+05	2.961603482638553828e+02
1.485000000000000000e+05	2.961603482638553828e+02
1.485000000000000000e+05	2.955820090422112116e+02
1.494000000000000000e+05	2.955820090422112116e+02
1.494000000000000000e+05	2.949962140689956982e+02
1.503000000000000000e+05	2.949962140689956982e+02
1.503000000000000000e+05	2.940212324055436852e+02
1.512000000000000000e+05	2.940212324055436852e+02
1.512000000000000000e+05	2.949234102723404476e+02
1.521000000000000000e+05	2.949234102723404476e+02
1.521000000000000000e+05	2.973499126132930996e+02
1.530000000000000000e+05	2.973499126132930996e+02
1.530000000000000000e+05	2.971376774203505988e+02
1.539000000000000000e+05	2.971376774203505988e+02
1.539000000000000000e+05	2.961478756187247541e+02
1.548000000000000000e+05	2.961478756187247541e+02
1.548000000000000000e+05	2.965937126758676641e+02
1.557000000000000000e+05	2.965937126758676641e+02
1.557000000000000000e+05	2.954707844565598975e+02
1.566000000000000000e+05	2.954707844565598975e+02
1.566000000000000000e+05	2.952629765166191760e+02
1.575000000000000000e+05	2.952629765166191760e+02
1.575000000000000000e+05	2.940903837409050539e+02
1.584000000000000000e+05	2.940903837409050539e+02
1.584000000000000000e+05	2.940773175069180638e+02
1.593000000000000000e+05	2.940773175069180638e+02
1.593000000000000000e+05	2.968729267574278765e+02
1.602000000000000000e+05	2.968729267574278765e+02
1.602000000000000000e+05	2.938601974317655845e+02
1.611000000000000000e+05	2.938601974317655845e+02
1.611000000000000000e+05	2.927569883140103002e+02
1.620000000000000000e+05	2.927569883140103002e+02
1.620000000000000000e+05	2.938241758837016278e+02
1.629000000000000000e+05	2.938241758837016278e+02
1.629000000000000000e+05	2.934633145647483161e+02
1.638000000000000000e+05	2.934633145647483161e+02
1.638000000000000000e+05	2.919370250506636921e+02
1.647000000000000000e+05	2.919370250506636921e+02
1.647000000000000000e+05	2.913388012341881677e+02
1.656000000000000000e+05	2.913388012341881677e+02
1.656000000000000000e+05	2.929356182255129397e+02
1.665000000000000000e+05	2.929356182255129397e+02
1.665000000000000000e+05	2.927964181865561955e+02
1.674000000000000000e+05	2.927964181865561955e+02
1.674000000000000000e+05	2.941151187970100409e+02
1.683000000000000000e+05	2.941151187970100409e+02
1.683000000000000000e+05	2.945141684859580664e+02
1.692000000000000000e+05	2.945141684859580664e+02
1.692000000000000000e+05	2.927370359326650942e+02
1.701000000000000000e+05	2.927370359326650942e+02
1.701000000000000000e+05	2.927167257850447299e+02
1.710000000000000000e+05	2.927167257850447299e+02
1.710000000000000000e+05	2.939053173716488914e+02
1.719000000000000000e+05	2.939053173716488914e+02
1.719000000000000000e+05	2.942880488504086998e+02
1.728000000000000000e+05	2.942880488504086998e+02
1.728000000000000000e+05	2.926152697642865519e+02
1.737000000000000000e+05	2.926152697642865519e+02
1.737000000000000000e+05	2.925971418676321605e+02
1.746000000000000000e+05	2.925971418676321605e+02
1.746000000000000000e+05	2.937564844949624216e+02
1.755000000000000000e+05	2.937564844949624216e+02
1.755000000000000000e+05	2.941310999855838304e+02
1.764000000000000000e+05	2.941310999855838304e+02
1.764000000000000000e+05	2.924916062077488164e+02
1.773000000000000000e+05	2.924916062077488164e+02
1.773000000000000000e+05	2.924720206817938788e+02
1.782000000000000000e+05	2.924720206817938788e+02
1.782000000000000000e+05	2.936116749914721140e+02
1.791000000000000000e+05	2.936116749914721140e+02
1.791000000000000000e+05	2.939794905088670021e+02
1.800000000000000000e+05	2.939794905088670021e+02
1.800000000000000000e+05	2.923611623272053635e+02
1.809000000000000000e+05	2.923611623272053635e+02
1.809000000000000000e+05	2.924113566025359319e+02
1.818000000000000000e+05	2.924113566025359319e+02
1.818000000000000000e+05	2.935739100643901907e+02
1.827000000000000000e+05	2.935739100643901907e+02
1.827000000000000000e+05	2.939640600492591602e+02
1.836000000000000000e+05	2.939640600492591602e+02
1.836000000000000000e+05	2.935054731655695832e+02
1.845000000000000000e+05	2.935054731655695832e+02
1.845000000000000000e+05	2.933326433745856434e+02
1.854000000000000000e+05	2.933326433745856434e+02
1.854000000000000000e+05	2.940757754382578355e+02
1.863000000000000000e+05	2.940757754382578355e+02
1.863000000000000000e+05	2.927006017618179499e+02
1.872000000000000000e+05	2.927006017618179499e+02
1.872000000000000000e+05	2.924101888592987848e+02
1.881000000000000000e+05	2.924101888592987848e+02
1.881000000000000000e+05	2.921470608576897234e+02
1.890000000000000000e+05	2.921470608576897234e+02
1.890000000000000000e+05	2.934046122016972618e+02
1.899000000000000000e+05	2.934046122016972618e+02
1.899000000000000000e+05	2.937578348601588800e+02
1.908000000000000000e+05	2.937578348601588800e+02
1.908000000000000000e+05	2.920620907680506662e+02
1.917000000000000000e+05	2.920620907680506662e+02
1.917000000000000000e+05	2.920333396182065258e+02
1.926000000000000000e+05	2.920333396182065258e+02
1.926000000000000000e+05	2.911499999999998636e+02
1.935000000000000000e+05	2.911499999999998636e+02
1.935000000000000000e+05	2.911499999999999773e+02
1.944000000000000000e+05	2.911499999999999773e+02
1.944000000000000000e+05	2.917795685312053138e+02
1.953000000000000000e+05	2.917795685312053138e+02
1.953000000000000000e+05	2.936332452864434117e+02
1.962000000000000000e+05	2.936332452864434117e+02
1.962000000000000000e+05	2.912042796859932423e+02
1.971000000000000000e+05	2.912042796859932423e+02
1.971000000000000000e+05	2.911499999999999773e+02
1.980000000000000000e+05	2.911499999999999773e+02
1.980000000000000000e+05	2.961457741799066525e+02
1.989000000000000000e+05	2.961457741799066525e+02
1.989000000000000000e+05	3.006616414884432515e+02
1.998000000000000000e+05	3.006616414884432515e+02
1.998000000000000000e+05	3.046455543776446575e+02
2.007000000000000000e+05	3.046455543776446575e+02
2.007000000000000000e+05	3.071283166803314657e+02
2.016000000000000000e+05	3.071283166803314657e+02
2.016000000000000000e+05	3.050804595778941462e+02
2.025000000000000000e+05	3.050804595778941462e+02
2.025000000000000000e+05	3.077885736723159198e+02
2.034000000000000000e+05	3.077885736723159198e+02
2.034000000000000000e+05	3.075572558426623573e+02
2.043000000000000000e+05	3.075572558426623573e+02
2.043000000000000000e+05	3.057873110531216412e+02
2.052000000000000000e+05	3.057873110531216412e+02
2.052000000000000000e+05	3.062117404316326770e+02
2.061000000000000000e+05	3.062117404316326770e+02
2.061000000000000000e+05	3.027175706573626712e+02
2.070000000000000000e+05	3.027175706573626712e+02
2.070000000000000000e+05	3.034406096639060024e+02
2.079000000000000000e+05	3.034406096639060024e+02
2.079000000000000000e+05	3.025692988628342732e+02
2.088000000000000000e+05	3.025692988628342732e+02
2.088000000000000000e+05	3.021728970163757140e+02
2.097000000000000000e+05	3.021728970163757140e+02
2.097000000000000000e+05	2.988872152492231749e+02
2.106000000000000000e+05	2.988872152492231749e+02
2.106000000000000000e+05	2.995104824433232693e+02
2.115000000000000000e+05	2.995104824433232693e+02
2.115000000000000000e+05	3.002265934221056227e+02
2.124000000000000000e+05	3.002265934221056227e+02
2.124000000000000000e+05	2.997068642637734683e+02
2.133000000000000000e+05	2.997068642637734683e+02
2.133000000000000000e+05	3.009025715286979334e+02
2.142000000000000000e+05	3.009025715286979334e+02
2.142000000000000000e+05	2.995556202908313708e+02
2.151000000000000000e+05	2.995556202908313708e+02
2.151000000000000000e+05	3.015385035461023904e+02
2.160000000000000000e+05	3.015385035461023904e+02
2.160000000000000000e+05	2.978868854314001169e+02
2.169000000000000000e+05	2.978868854314001169e+02
2.169000000000000000e+05	2.963392702195977790e+02
2.178000000000000000e+05	2.963392702195977790e+02
2.178000000000000000e+05	3.000388890303982521e+02
2.187000000000000000e+05	3.000388890303982521e+02
2.187000000000000000e+05	2.983165902156303559e+02
2.196000000000000000e+05	2.983165902156303559e+02
2.196000000000000000e+05	2.985573593281301328e+02
2.205000000000000000e+05	2.985573593281301328e+02
2.205000000000000000e+05	2.970378250519604535e+02
2.214000000000000000e+05	2.970378250519604535e+02
2.214000000000000000e+05	2.965963432704956517e+02
2.223000000000000000e+05	2.965963432704956517e+02
2.223000000000000000e+05	2.951537088334368946e+02
2.232000000000000000e+05	2.951537088334368946e+02
2.232000000000000000e+05	2.949143158573137384e+02
2.241000000000000000e+05	2.949143158573137384e+02
2.241000000000000000e+05	2.984656377556819393e+02
2.250000000000000000e+05	2.984656377556819393e+02
2.250000000000000000e+05	3.003230272079983365e+02
2.259000000000000000e+05	3.003230272079983365e+02
2.259000000000000000e+05	2.992275846488987554e+02
2.268000000000000000e+05	2.992275846488987554e+02
2.268000000000000000e+05	2.957665470142003983e+02
2.277000000000000000e+05	2.957665470142003983e+02
2.277000000000000000e+05	2.949370227446922854e+02
2.286000000000000000e+05	2.949370227446922854e+02
2.286000000000000000e+05	2.932660202424893328e+02
2.295000000000000000e+05	2.932660202424893328e+02
2.295000000000000000e+05	2.924863877242740955e+02
2.304000000000000000e+05	2.924863877242740955e+02
2.304000000000000000e+05	2.938777481648608614e+02
2.313000000000000000e+05	2.938777481648608614e+02
2.313000000000000000e+05	2.980369010870668376e+02
2.322000000000000000e+05	2.980369010870668376e+02
2.322000000000000000e+05	2.945088911398017331e+02
2.331000000000000000e+05	2.945088911398017331e+02
2.331000000000000000e+05	2.938923465685008409e+02
2.340000000000000000e+05	2.938923465685008409e+02
2.340000000000000000e+05	2.944410044618384745e+02
2.349000000000000000e+05	2.944410044618384745e+02
2.349000000000000000e+05	2.985573602659715107e+02
2.358000000000000000e+05	2.985573602659715107e+02
2.358000000000000000e+05	2.950493859072926739e+02
2.367000000000000000e+05	2.950493859072926739e+02
2.367000000000000000e+05	2.964190738568478309e+02
2.376000000000000000e+05	2.964190738568478309e+02
2.376000000000000000e+05	2.964213142400401466e+02
2.385000000000000000e+05	2.964213142400401466e+02
2.385000000000000000e+05	2.949800117957419729e+02
2.394000000000000000e+05	2.949800117957419729e+02
2.394000000000000000e+05	2.961631245638704968e+02
2.403000000000000000e+05	2.961631245638704968e+02
2.403000000000000000e+05	2.953476880231864925e+02
2.412000000000000000e+05	2.953476880231864925e+02
2.412000000000000000e+05	2.940714798887466941e+02
2.421000000000000000e+05	2.940714798887466941e+02
2.421000000000000000e+05	3.000512257880584457e+02
2.430000000000000000e+05	3.000512257880584457e+02
2.430000000000000000e+05	3.007371897139833550e+02
2.439000000000000000e+05	3.007371897139833550e+02
2.439000000000000000e+05	3.007477214105863936e+02
2.448000000000000000e+05	3.007477214105863936e+02
2.448000000000000000e+05	2.988369486688665120e+02
2.457000000000000000e+05	2.988369486688665120e+02
2.457000000000000000e+05	2.969469455305803081e+02
2.466000000000000000e+05	2.969469455305803081e+02
2.466000000000000000e+05	2.948574127744246312e+02
2.475000000000000000e+05	2.948574127744246312e+02
2.475000000000000000e+05	2.937368267446987602e+02
2.484000000000000000e+05	2.937368267446987602e+02
2.484000000000000000e+05	2.946091288754898869e+02
2.493000000000000000e+05	2.946091288754898869e+02
2.493000000000000000e+05	2.940128421731821504e+02
2.502000000000000000e+05	2.940128421731821504e+02
2.502000000000000000e+05	2.923944914128266532e+02
2.511000000000000000e+05	2.923944914128266532e+02
2.511000000000000000e+05	2.917113170436609835e+02
2.520000000000000000e+05	2.917113170436609835e+02
2.520000000000000000e+05	2.931849131619806030e+02
2.529000000000000000e+05	2.931849131619806030e+02
2.529000000000000000e+05	2.929696483137265091e+02
2.538000000000000000e+05	2.929696483137265091e+02
2.538000000000000000e+05	2.942581460524950785e+02
2.547000000000000000e+05	2.942581460524950785e+02
2.547000000000000000e+05	2.946290143568476765e+02
2.556000000000000000e+05	2.946290143568476765e+02
2.556000000000000000e+05	2.928890004956029998e+02
2.565000000000000000e+05	2.928890004956029998e+02
2.565000000000000000e+05	2.928617234795398758e+02
2.574000000000000000e+05	2.928617234795398758e+02
2.574000000000000000e+05	2.939774334829052123e+02
2.583000000000000000e+05	2.939774334829052123e+02
2.583000000000000000e+05	2.943331788356627499e+02
2.592000000000000000e+05	2.943331788356627499e+02
2.592000000000000000e+05	2.927364228519874700e+02
2.601000000000000000e+05	2.927364228519874700e+02
2.601000000000000000e+05	2.927131628366574887e+02
2.610000000000000000e+05	2.927131628366574887e+02
2.610000000000000000e+05	2.938005305002179739e+02
2.619000000000000000e+05	2.938005305002179739e+02
2.619000000000000000e+05	2.941491195621254633e+02
2.628000000000000000e+05	2.941491195621254633e+02
2.628000000000000000e+05	2.925855437099191363e+02
2.637000000000000000e+05	2.925855437099191363e+02
2.637000000000000000e+05	2.925611311067268616e+02
2.646000000000000000e+05	2.925611311067268616e+02
2.646000000000000000e+05	2.936313310389157891e+02
2.655000000000000000e+05	2.936313310389157891e+02
2.655000000000000000e+05	2.936503803927887475e+02
2.664000000000000000e+05	2.936503803927887475e+02
2.664000000000000000e+05	2.924291675801949282e+02
2.673000000000000000e+05	2.924291675801949282e+02
2.673000000000000000e+05	2.924034617794451947e+02
2.682000000000000000e+05	2.924034617794451947e+02
2.682000000000000000e+05	2.934606451654847774e+02
2.691000000000000000e+05	2.934606451654847774e+02
2.691000000000000000e+05	2.938700031537555901e+02
2.700000000000000000e+05	2.938700031537555901e+02
2.700000000000000000e+05	2.946635145745675572e+02
2.709000000000000000e+05	2.946635145745675572e+02
2.709000000000000000e+05	2.944365251148460629e+02
2.718000000000000000e+05	2.944365251148460629e+02
2.718000000000000000e+05	2.946589988537718909e+02
2.727000000000000000e+05	2.946589988537718909e+02
2.727000000000000000e+05	2.946620321463158803e+02
2.736000000000000000e+05	2.946620321463158803e+02
2.736000000000000000e+05	2.940614323302270918e+02
2.745000000000000000e+05	2.940614323302270918e+02
2.745000000000000000e+05	2.939732016461590547e+02
2.754000000000000000e+05	2.939732016461590547e+02
2.754000000000000000e+05	2.914367011448216545e+02
2.763000000000000000e+05	2.914367011448216545e+02
2.763000000000000000e+05	2.943351447031520820e+02
2.772000000000000000e+05	2.943351447031520820e+02
2.772000000000000000e+05	2.945520086130687218e+02
2.781000000000000000e+05	2.945520086130687218e+02
2.781000000000000000e+05	2.934544370821529355e+02
2.790000000000000000e+05	2.934544370821529355e+02
2.790000000000000000e+05	2.918691752530569943e+02
2.799000000000000000e+05	2.918691752530569943e+02
2.799000000000000000e+05	2.926891497086400591e+02
2.808000000000000000e+05	2.926891497086400591e+02
2.808000000000000000e+05	2.942335681083268923e+02
2.817000000000000000e+05	2.942335681083268923e+02
2.817000000000000000e+05	2.935283015160468949e+02
2.826000000000000000e+05	2.935283015160468949e+02
2.826000000000000000e+05	2.932300881482985346e+02
2.835000000000000000e+05	2.932300881482985346e+02
2.835000000000000000e+05	2.926617205709650307e+02
2.844000000000000000e+05	2.926617205709650307e+02
2.844000000000000000e+05	2.965512232439831450e+02
2.853000000000000000e+05	2.965512232439831450e+02
2.853000000000000000e+05	2.954427483005118233e+02
2.862000000000000000e+05	2.954427483005118233e+02
2.862000000000000000e+05	3.018705590963448913e+02
2.871000000000000000e+05	3.018705590963448913e+02
2.871000000000000000e+05	3.051570474752998621e+02
2.880000000000000000e+05	3.051570474752998621e+02
2.880000000000000000e+05	3.048964983904185146e+02
2.889000000000000000e+05	3.048964983904185146e+02
2.889000000000000000e+05	3.081740724668488838e+02
2.898000000000000000e+05	3.081740724668488838e+02
2.898000000000000000e+05	3.010090711364155140e+02
2.907000000000000000e+05	3.010090711364155140e+02
2.907000000000000000e+05	3.043955823359827946e+02
2.916000000000000000e+05	3.043955823359827946e+02
2.916000000000000000e+05	3.032248630002485470e+02
2.925000000000000000e+05	3.032248630002485470e+02
2.925000000000000000e+05	3.053967893541293392e+02
2.934000000000000000e+05	3.053967893541293392e+02
2.934000000000000000e+05	3.052567374315981965e+02
2.943000000000000000e+05	3.052567374315981965e+02
2.943000000000000000e+05	3.038202891620974242e+02
2.952000000000000000e+05	3.038202891620974242e+02
2.952000000000000000e+05	3.040136822551321529e+02
2.961000000000000000e+05	3.040136822551321529e+02
2.961000000000000000e+05	3.001940555633250938e+02
2.970000000000000000e+05	3.001940555633250938e+02
2.970000000000000000e+05	3.016891923789117413e+02
2.979000000000000000e+05	3.016891923789117413e+02
2.979000000000000000e+05	3.020293566922433115e+02
2.988000000000000000e+05	3.020293566922433115e+02
2.988000000000000000e+05	2.985708501917063700e+02
2.997000000000000000e+05	2.985708501917063700e+02
2.997000000000000000e+05	3.003634263964309525e+02
3.006000000000000000e+05	3.003634263964309525e+02
3.006000000000000000e+05	3.000783038938278651e+02
3.015000000000000000e+05	3.000783038938278651e+02
3.015000000000000000e+05	3.014835496642083399e+02
3.024000000000000000e+05	3.014835496642083399e+02
3.024000000000000000e+05	3.017724814795902830e+02
3.033000000000000000e+05	3.017724814795902830e+02
3.033000000000000000e+05	2.994072190788281205e+02
3.042000000000000000e+05	2.994072190788281205e+02
3.042000000000000000e+05	2.991965455343678286e+02
3.051000000000000000e+05	2.991965455343678286e+02
3.051000000000000000e+05	2.972402960840875039e+02
3.060000000000000000e+05	2.972402960840875039e+02
3.060000000000000000e+05	2.969818620533401941e+02
3.069000000000000000e+05	2.969818620533401941e+02
3.069000000000000000e+05	2.957593454194920355e+02
3.078000000000000000e+05	2.957593454194920355e+02
3.078000000000000000e+05	2.979998206898938520e+02
3.087000000000000000e+05	2.979998206898938520e+02
3.087000000000000000e+05	3.007085014781255836e+02
3.096000000000000000e+05	3.007085014781255836e+02
3.096000000000000000e+05	2.966136245441217625e+02
3.105000000000000000e+05	2.966136245441217625e+02
3.105000000000000000e+05	2.955411601192726039e+02
3.114000000000000000e+05	2.955411601192726039e+02
3.114000000000000000e+05	2.953419272485538727e+02
3.123000000000000000e+05	2.953419272485538727e+02
3.123000000000000000e+05	2.942518370694006649e+02
3.132000000000000000e+05	2.942518370694006649e+02
3.132000000000000000e+05	2.942964911364152840e+02
3.141000000000000000e+05	2.942964911364152840e+02
3.141000000000000000e+05	2.939288763296702882e+02
3.150000000000000000e+05	2.939288763296702882e+02
3.150000000000000000e+05	2.924018601500413297e+02
3.159000000000000000e+05	2.924018601500413297e+02
3.159000000000000000e+05	2.961106911519407277e+02
3.168000000000000000e+05	2.961106911519407277e+02
3.168000000000000000e+05	2.955724106435816338e+02
3.177000000000000000e+05	2.955724106435816338e+02
3.177000000000000000e+05	2.987863701490297217e+02
3.186000000000000000e+05	2.987863701490297217e+02
3.186000000000000000e+05	2.980515691730957428e+02
3.195000000000000000e+05	2.980515691730957428e+02
3.195000000000000000e+05	2.972850929124353456e+02
3.204000000000000000e+05	2.972850929124353456e+02
3.204000000000000000e+05	2.944895067313087225e+02
3.213000000000000000e+05	2.944895067313087225e+02
3.213000000000000000e+05	2.940474359038486227e+02
3.222000000000000000e+05	2.940474359038486227e+02
3.222000000000000000e+05	2.972164820242187488e+02
3.231000000000000000e+05	2.972164820242187488e+02
3.231000000000000000e+05	3.002794066832257727e+02
3.240000000000000000e+05	3.002794066832257727e+02
3.240000000000000000e+05	2.957339324098753650e+02
3.249000000000000000e+05	2.957339324098753650e+02
3.249000000000000000e+05	2.988108737200921610e+02
3.258000000000000000e+05	2.988108737200921610e+02
3.258000000000000000e+05	2.954390338079235789e+02
3.267000000000000000e+05	2.954390338079235789e+02
3.267000000000000000e+05	2.969111476816883624e+02
3.276000000000000000e+05	2.969111476816883624e+02
3.276000000000000000e+05	2.967310660338205253e+02
3.285000000000000000e+05	2.967310660338205253e+02
3.285000000000000000e+05	2.954577433595246703e+02
3.294000000000000000e+05	2.954577433595246703e+02
3.294000000000000000e+05	3.000265100002033591e+02
3.303000000000000000e+05	3.000265100002033591e+02
3.303000000000000000e+05	2.975826809231017478e+02
3.312000000000000000e+05	2.975826809231017478e+02
3.312000000000000000e+05	2.947591517783923791e+02
3.321000000000000000e+05	2.947591517783923791e+02
3.321000000000000000e+05	2.981549753359050783e+02
3.330000000000000000e+05	2.981549753359050783e+02
3.330000000000000000e+05	2.946786316927422718e+02
3.339000000000000000e+05	2.946786316927422718e+02
3.339000000000000000e+05	2.933699577499629640e+02
3.348000000000000000e+05	2.933699577499629640e+02
3.348000000000000000e+05	2.942844040019576823e+02
3.357000000000000000e+05	2.942844040019576823e+02
3.357000000000000000e+05	2.937715758220311386e+02
3.366000000000000000e+05	2.937715758220311386e+02
3.366000000000000000e+05	2.921859041606281266e+02
3.375000000000000000e+05	2.921859041606281266e+02
3.375000000000000000e+05	2.915329947043227889e+02
3.384000000000000000e+05	2.915329947043227889e+02
3.384000000000000000e+05	2.930491675232549369e+02
3.393000000000000000e+05	2.930491675232549369e+02
3.393000000000000000e+05	2.928610075666092598e+02
3.402000000000000000e+05	2.928610075666092598e+02
3.402000000000000000e+05	2.941604341438473966e+02
3.411000000000000000e+05	2.941604341438473966e+02
3.411000000000000000e+05	2.945415952357345759e+02
3.420000000000000000e+05	2.945415952357345759e+02
3.420000000000000000e+05	2.927886294087687702e+02
3.429000000000000000e+05	2.927886294087687702e+02
3.429000000000000000e+05	2.927639739976701208e+02
3.438000000000000000e+05	2.927639739976701208e+02
3.438000000000000000e+05	2.939057918511585967e+02
3.447000000000000000e+05	2.939057918511585967e+02
3.447000000000000000e+05	2.942714429962491636e+02
3.456000000000000000e+05	2.942714429962491636e+02
3.456000000000000000e+05	2.926475717767509650e+02
3.465000000000000000e+05	2.926475717767509650e+02
3.465000000000000000e+05	2.926973680471856483e+02
3.474000000000000000e+05	2.926973680471856483e+02
3.474000000000000000e+05	2.937785382734614359e+02
3.483000000000000000e+05	2.937785382734614359e+02
3.483000000000000000e+05	2.941260816536704397e+02
3.492000000000000000e+05	2.941260816536704397e+02
3.492000000000000000e+05	2.944270554429367053e+02
3.501000000000000000e+05	2.944270554429367053e+02
3.501000000000000000e+05	2.943453922169679231e+02
3.510000000000000000e+05	2.943453922169679231e+02
3.510000000000000000e+05	2.946359133608764864e+02
3.519000000000000000e+05	2.946359133608764864e+02
3.519000000000000000e+05	2.947051143728045872e+02
3.528000000000000000e+05	2.947051143728045872e+02
3.528000000000000000e+05	2.940918210858097837e+02
3.537000000000000000e+05	2.940918210858097837e+02
3.537000000000000000e+05	2.940316530814425846e+02
3.546000000000000000e+05	2.940316530814425846e+02
3.546000000000000000e+05	2.943664630996567553e+02
3.555000000000000000e+05	2.943664630996567553e+02
3.555000000000000000e+05	2.944571744390357253e+02
3.564000000000000000e+05	2.944571744390357253e+02
3.564000000000000000e+05	2.937882296317135342e+02
3.573000000000000000e+05	2.937882296317135342e+02
3.573000000000000000e+05	2.937285788416928085e+02
3.582000000000000000e+05	2.937285788416928085e+02
3.582000000000000000e+05	2.941232228292409445e+02
3.591000000000000000e+05	2.941232228292409445e+02
3.591000000000000000e+05	2.942344439773132194e+02
3.600000000000000000e+05	2.942344439773132194e+02
3.600000000000000000e+05	2.934860588189653186e+02
3.609000000000000000e+05	2.934860588189653186e+02
3.609000000000000000e+05	2.977327954217053048e+02
3.618000000000000000e+05	2.977327954217053048e+02
3.618000000000000000e+05	2.936344364765225805e+02
3.627000000000000000e+05	2.936344364765225805e+02
3.627000000000000000e+05	2.929567063886555616e+02
3.636000000000000000e+05	2.929567063886555616e+02
3.636000000000000000e+05	2.937585803838605898e+02
3.645000000000000000e+05	2.937585803838605898e+02
3.645000000000000000e+05	2.930262161824394411e+02
3.654000000000000000e+05	2.930262161824394411e+02
3.654000000000000000e+05	2.913569271313284617e+02
3.663000000000000000e+05	2.913569271313284617e+02
3.663000000000000000e+05	2.911499999999999773e+02
3.672000000000000000e+05	2.911499999999999773e+02
3.672000000000000000e+05	2.923432012437069716e+02
3.681000000000000000e+05	2.923432012437069716e+02
3.681000000000000000e+05	2.919700819592742960e+02
3.690000000000000000e+05	2.919700819592742960e+02
3.690000000000000000e+05	2.911499999999999773e+02
3.699000000000000000e+05	2.911499999999999773e+02
3.699000000000000000e+05	2.911499999999999773e+02
3.708000000000000000e+05	2.911499999999999773e+02
3.708000000000000000e+05	2.947985106113926008e+02
3.717000000000000000e+05	2.947985106113926008e+02
3.717000000000000000e+05	3.004491174024215638e+02
3.726000000000000000e+05	3.004491174024215638e+02
3.726000000000000000e+05	3.043445874844309174e+02
3.735000000000000000e+05	3.043445874844309174e+02
3.735000000000000000e+05	3.068500362321519219e+02
3.744000000000000000e+05	3.068500362321519219e+02
3.744000000000000000e+05	3.046497955614218540e+02
3.753000000000000000e+05	3.046497955614218540e+02
3.753000000000000000e+05	3.074109558973402159e+02
3.762000000000000000e+05	3.074109558973402159e+02
3.762000000000000000e+05	3.072893157627716505e+02
3.771000000000000000e+05	3.072893157627716505e+02
3.771000000000000000e+05	3.078470907137322001e+02
3.780000000000000000e+05	3.078470907137322001e+02
3.780000000000000000e+05	3.026758829414451384e+02
3.789000000000000000e+05	3.026758829414451384e+02
3.789000000000000000e+05	3.037536606033254998e+02
3.798000000000000000e+05	3.037536606033254998e+02
3.798000000000000000e+05	3.034394364490379985e+02
3.807000000000000000e+05	3.034394364490379985e+02
3.807000000000000000e+05	3.054494550785184970e+02
3.816000000000000000e+05	3.054494550785184970e+02
3.816000000000000000e+05	3.042265574031341657e+02
3.825000000000000000e+05	3.042265574031341657e+02
3.825000000000000000e+05	2.999491647876927232e+02
3.834000000000000000e+05	2.999491647876927232e+02
3.834000000000000000e+05	2.985182373748272084e+02
3.843000000000000000e+05	2.985182373748272084e+02
3.843000000000000000e+05	3.004744299655910709e+02
3.852000000000000000e+05	3.004744299655910709e+02
3.852000000000000000e+05	2.996834970550164599e+02
3.861000000000000000e+05	2.996834970550164599e+02
3.861000000000000000e+05	2.971633709750004186e+02
3.870000000000000000e+05	2.971633709750004186e+02
3.870000000000000000e+05	2.979203018187383805e+02
3.879000000000000000e+05	2.979203018187383805e+02
3.879000000000000000e+05	2.976860406840911537e+02
3.888000000000000000e+05	2.976860406840911537e+02
3.888000000000000000e+05	2.960004498547250478e+02
3.897000000000000000e+05	2.960004498547250478e+02
3.897000000000000000e+05	3.018236582307705476e+02
3.906000000000000000e+05	3.018236582307705476e+02
3.906000000000000000e+05	3.029881455621041937e+02
3.915000000000000000e+05	3.029881455621041937e+02
3.915000000000000000e+05	2.997850235123262905e+02
3.924000000000000000e+05	2.997850235123262905e+02
3.924000000000000000e+05	2.975234283276712972e+02
3.933000000000000000e+05	2.975234283276712972e+02
3.933000000000000000e+05	3.024930938740957345e+02
3.942000000000000000e+05	3.024930938740957345e+02
3.942000000000000000e+05	2.994913041356550707e+02
3.951000000000000000e+05	2.994913041356550707e+02
3.951000000000000000e+05	2.977546658165102826e+02
3.960000000000000000e+05	2.977546658165102826e+02
3.960000000000000000e+05	2.958951544786471572e+02
3.969000000000000000e+05	2.958951544786471572e+02
3.969000000000000000e+05	3.013692166234155252e+02
3.978000000000000000e+05	3.013692166234155252e+02
3.978000000000000000e+05	2.970362722136212028e+02
3.987000000000000000e+05	2.970362722136212028e+02
3.987000000000000000e+05	2.955181947483906129e+02
3.996000000000000000e+05	2.955181947483906129e+02
3.996000000000000000e+05	2.959668716229289771e+02
4.005000000000000000e+05	2.959668716229289771e+02
4.005000000000000000e+05	2.950406134136326841e+02
4.014000000000000000e+05	2.950406134136326841e+02
4.014000000000000000e+05	2.960173805633724555e+02
4.023000000000000000e+05	2.960173805633724555e+02
4.023000000000000000e+05	2.961370546959947205e+02
4.032000000000000000e+05	2.961370546959947205e+02
4.032000000000000000e+05	2.947165393855310640e+02
4.041000000000000000e+05	2.947165393855310640e+02
4.041000000000000000e+05	3.010039011780858118e+02
4.050000000000000000e+05	3.010039011780858118e+02
4.050000000000000000e+05	2.991666190025861169e+02
4.059000000000000000e+05	2.991666190025861169e+02
4.059000000000000000e+05	2.965965995312219547e+02
4.068000000000000000e+05	2.965965995312219547e+02
4.068000000000000000e+05	2.998018368699216580e+02
4.077000000000000000e+05	2.998018368699216580e+02
4.077000000000000000e+05	2.980156661718120290e+02
4.086000000000000000e+05	2.980156661718120290e+02
4.086000000000000000e+05	2.987698466030859095e+02
4.095000000000000000e+05	2.987698466030859095e+02
4.095000000000000000e+05	3.001677040164432242e+02
4.104000000000000000e+05	3.001677040164432242e+02
4.104000000000000000e+05	2.967924230542155328e+02
4.113000000000000000e+05	2.967924230542155328e+02
4.113000000000000000e+05	3.008721583920654439e+02
4.122000000000000000e+05	3.008721583920654439e+02
4.122000000000000000e+05	3.030974727929743153e+02
4.131000000000000000e+05	3.030974727929743153e+02
4.131000000000000000e+05	3.011237142541869503e+02
4.140000000000000000e+05	3.011237142541869503e+02
4.140000000000000000e+05	2.966357617184477249e+02
4.149000000000000000e+05	2.966357617184477249e+02
4.149000000000000000e+05	3.015648484370874485e+02
4.158000000000000000e+05	3.015648484370874485e+02
4.158000000000000000e+05	2.969179791435162201e+02
4.167000000000000000e+05	2.969179791435162201e+02
4.167000000000000000e+05	2.988874458712332967e+02
4.176000000000000000e+05	2.988874458712332967e+02
4.176000000000000000e+05	2.984497747443781464e+02
4.185000000000000000e+05	2.984497747443781464e+02
4.185000000000000000e+05	2.964046795783595485e+02
4.194000000000000000e+05	2.964046795783595485e+02
4.194000000000000000e+05	2.945152701038610417e+02
4.203000000000000000e+05	2.945152701038610417e+02
4.203000000000000000e+05	2.934817764047283504e+02
4.212000000000000000e+05	2.934817764047283504e+02
4.212000000000000000e+05	2.944830039970092344e+02
4.221000000000000000e+05	2.944830039970092344e+02
4.221000000000000000e+05	2.939275445048194229e+02
4.230000000000000000e+05	2.939275445048194229e+02
4.230000000000000000e+05	2.923248401793366611e+02
4.239000000000000000e+05	2.923248401793366611e+02
4.239000000000000000e+05	2.916558390411482264e+02
4.248000000000000000e+05	2.916558390411482264e+02
4.248000000000000000e+05	2.931433982404096241e+02
4.257000000000000000e+05	2.931433982404096241e+02
4.257000000000000000e+05	2.929393531079187483e+02
4.266000000000000000e+05	2.929393531079187483e+02
4.266000000000000000e+05	2.942319176935161522e+02
4.275000000000000000e+05	2.942319176935161522e+02
4.275000000000000000e+05	2.946063405253614178e+02
4.284000000000000000e+05	2.946063405253614178e+02
4.284000000000000000e+05	2.928584625400729919e+02
4.293000000000000000e+05	2.928584625400729919e+02
4.293000000000000000e+05	2.928316583389549237e+02
4.302000000000000000e+05	2.928316583389549237e+02
4.302000000000000000e+05	2.939539587825371996e+02
4.311000000000000000e+05	2.939539587825371996e+02
4.311000000000000000e+05	2.943117352811228784e+02
4.320000000000000000e+05	2.943117352811228784e+02
4.320000000000000000e+05	2.927057313725084668e+02
4.329000000000000000e+05	2.927057313725084668e+02
4.329000000000000000e+05	2.926825172484759037e+02
4.338000000000000000e+05	2.926825172484759037e+02
4.338000000000000000e+05	2.937734147611373032e+02
4.347000000000000000e+05	2.937734147611373032e+02
4.347000000000000000e+05	2.941229642332955905e+02
4.356000000000000000e+05	2.941229642332955905e+02
4.356000000000000000e+05	2.925539089357840226e+02
4.365000000000000000e+05	2.925539089357840226e+02
4.365000000000000000e+05	2.925294533337637972e+02
4.374000000000000000e+05	2.925294533337637972e+02
4.374000000000000000e+05	2.936007317909332528e+02
4.383000000000000000e+05	2.936007317909332528e+02
4.383000000000000000e+05	2.939436453008029844e+02
4.392000000000000000e+05	2.939436453008029844e+02
4.392000000000000000e+05	2.923961665330605229e+02
4.401000000000000000e+05	2.923961665330605229e+02
4.401000000000000000e+05	2.923702458321477025e+02
4.410000000000000000e+05	2.923702458321477025e+02
4.410000000000000000e+05	2.934263093507131543e+02
4.419000000000000000e+05	2.934263093507131543e+02
4.419000000000000000e+05	2.937639250487767413e+02
4.428000000000000000e+05	2.937639250487767413e+02
4.428000000000000000e+05	2.922330320354038236e+02
4.437000000000000000e+05	2.922330320354038236e+02
4.437000000000000000e+05	2.922061201409580917e+02
4.446000000000000000e+05	2.922061201409580917e+02
4.446000000000000000e+05	2.911499999999999204e+02
4.455000000000000000e+05	2.911499999999999204e+02
4.455000000000000000e+05	2.950979638795261621e+02
4.464000000000000000e+05	2.950979638795261621e+02
4.464000000000000000e+05	2.936284272140158009e+02
4.473000000000000000e+05	2.936284272140158009e+02
4.473000000000000000e+05	2.979231764766720403e+02
4.482000000000000000e+05	2.979231764766720403e+02
4.482000000000000000e+05	2.955072509556898694e+02
4.491000000000000000e+05	2.955072509556898694e+02
4.491000000000000000e+05	2.943556675744948166e+02
4.500000000000000000e+05	2.943556675744948166e+02
4.500000000000000000e+05	2.921655414509078810e+02
4.509000000000000000e+05	2.921655414509078810e+02
4.509000000000000000e+05	2.982718616621050387e+02
4.518000000000000000e+05	2.982718616621050387e+02
4.518000000000000000e+05	2.975710040719336007e+02
4.527000000000000000e+05	2.975710040719336007e+02
4.527000000000000000e+05	3.000741614597053513e+02
4.536000000000000000e+05	3.000741614597053513e+02
4.536000000000000000e+05	2.963327560585424862e+02
4.545000000000000000e+05	2.963327560585424862e+02
4.545000000000000000e+05	2.947984349751421860e+02
4.554000000000000000e+05	2.947984349751421860e+02
4.554000000000000000e+05	2.934447255387757991e+02
4.563000000000000000e+05	2.934447255387757991e+02
4.563000000000000000e+05	2.922026776419255043e+02
4.572000000000000000e+05	2.922026776419255043e+02
4.572000000000000000e+05	2.965760524786206247e+02
4.581000000000000000e+05	2.965760524786206247e+02
4.581000000000000000e+05	3.018057520992198874e+02
4.590000000000000000e+05	3.018057520992198874e+02
4.590000000000000000e+05	3.052752511105261419e+02
4.599000000000000000e+05	3.052752511105261419e+02
4.599000000000000000e+05	3.075573851447936136e+02
4.608000000000000000e+05	3.075573851447936136e+02
4.608000000000000000e+05	3.052529070168060343e+02
4.617000000000000000e+05	3.052529070168060343e+02
4.617000000000000000e+05	3.077972892699863223e+02
4.626000000000000000e+05	3.077972892699863223e+02
4.626000000000000000e+05	3.076011200617806480e+02
4.635000000000000000e+05	3.076011200617806480e+02
4.635000000000000000e+05	3.080909271918825993e+02
4.644000000000000000e+05	3.080909271918825993e+02
4.644000000000000000e+05	3.076311706953073326e+02
4.653000000000000000e+05	3.076311706953073326e+02
4.653000000000000000e+05	3.022394956972842692e+02
4.662000000000000000e+05	3.022394956972842692e+02
4.662000000000000000e+05	3.041246973703143226e+02
4.671000000000000000e+05	3.041246973703143226e+02
4.671000000000000000e+05	3.036552306133579009e+02
4.680000000000000000e+05	3.036552306133579009e+02
4.680000000000000000e+05	3.034200148859096089e+02
4.689000000000000000e+05	3.034200148859096089e+02
4.689000000000000000e+05	3.033761057975290214e+02
4.698000000000000000e+05	3.033761057975290214e+02
4.698000000000000000e+05	3.007866733635754599e+02
4.707000000000000000e+05	3.007866733635754599e+02
4.707000000000000000e+05	3.027388401427728581e+02
4.716000000000000000e+05	3.027388401427728581e+02
4.716000000000000000e+05	2.986434158544150250e+02
4.725000000000000000e+05	2.986434158544150250e+02
4.725000000000000000e+05	3.021736657617730089e+02
4.734000000000000000e+05	3.021736657617730089e+02
4.734000000000000000e+05	3.035959802073615492e+02
4.743000000000000000e+05	3.035959802073615492e+02
4.743000000000000000e+05	3.072770177793208290e+02
4.752000000000000000e+05	3.072770177793208290e+02
4.752000000000000000e+05	3.010568771138309216e+02
4.761000000000000000e+05	3.010568771138309216e+02
4.761000000000000000e+05	2.984949072535521850e+02
4.770000000000000000e+05	2.984949072535521850e+02
4.770000000000000000e+05	2.988593903078469793e+02
4.779000000000000000e+05	2.988593903078469793e+02
4.779000000000000000e+05	2.998274125884263412e+02
4.788000000000000000e+05	2.998274125884263412e+02
4.788000000000000000e+05	2.991107827166362654e+02
4.797000000000000000e+05	2.991107827166362654e+02
4.797000000000000000e+05	2.970906693535519594e+02
4.806000000000000000e+05	2.970906693535519594e+02
4.806000000000000000e+05	2.964896802504876518e+02
4.815000000000000000e+05	2.964896802504876518e+02
4.815000000000000000e+05	2.943647189354702505e+02
4.824000000000000000e+05	2.943647189354702505e+02
4.824000000000000000e+05	2.949117576058462191e+02
4.833000000000000000e+05	2.949117576058462191e+02
4.833000000000000000e+05	3.006908682086234421e+02
4.842000000000000000e+05	3.006908682086234421e+02
4.842000000000000000e+05	3.004128180739164122e+02
4.851000000000000000e+05	3.004128180739164122e+02
4.851000000000000000e+05	2.983277773014617082e+02
4.860000000000000000e+05	2.983277773014617082e+02
4.860000000000000000e+05	2.967499493632099075e+02
4.869000000000000000e+05	2.967499493632099075e+02
4.869000000000000000e+05	2.993966495612912126e+02
4.878000000000000000e+05	2.993966495612912126e+02
4.878000000000000000e+05	2.962159992114053466e+02
4.887000000000000000e+05	2.962159992114053466e+02
4.887000000000000000e+05	2.987344570001826582e+02
4.896000000000000000e+05	2.987344570001826582e+02
4.896000000000000000e+05	2.951416284421991350e+02
4.905000000000000000e+05	2.951416284421991350e+02
4.905000000000000000e+05	2.999697052107714512e+02
4.914000000000000000e+05	2.999697052107714512e+02
4.914000000000000000e+05	2.957844793768117029e+02
4.923000000000000000e+05	2.957844793768117029e+02
4.923000000000000000e+05	2.985951925019929263e+02
4.932000000000000000e+05	2.985951925019929263e+02
4.932000000000000000e+05	2.952383925825558322e+02
4.941000000000000000e+05	2.952383925825558322e+02
4.941000000000000000e+05	2.992549706017889548e+02
4.950000000000000000e+05	2.992549706017889548e+02
4.950000000000000000e+05	2.954915821521220778e+02
4.959000000000000000e+05	2.954915821521220778e+02
4.959000000000000000e+05	2.972567515680175347e+02
4.968000000000000000e+05	2.972567515680175347e+02
4.968000000000000000e+05	2.972296638490644796e+02
4.977000000000000000e+05	2.972296638490644796e+02
4.977000000000000000e+05	2.957670362437875156e+02
4.986000000000000000e+05	2.957670362437875156e+02
4.986000000000000000e+05	2.944777365759167083e+02
4.995000000000000000e+05	2.944777365759167083e+02
4.995000000000000000e+05	2.972779873081537971e+02
5.004000000000000000e+05	2.972779873081537971e+02
5.004000000000000000e+05	2.968654370095095487e+02
5.013000000000000000e+05	2.968654370095095487e+02
5.013000000000000000e+05	2.991516212025099435e+02
5.022000000000000000e+05	2.991516212025099435e+02
5.022000000000000000e+05	3.017439634392965218e+02
5.031000000000000000e+05	3.017439634392965218e+02
5.031000000000000000e+05	2.997979214119590665e+02
5.040000000000000000e+05	2.997979214119590665e+02
5.040000000000000000e+05	2.961350786956643333e+02
5.049000000000000000e+05	2.961350786956643333e+02
5.049000000000000000e+05	2.951396298568369616e+02
5.058000000000000000e+05	2.951396298568369616e+02
5.058000000000000000e+05	2.933577655436514533e+02
5.067000000000000000e+05	2.933577655436514533e+02
5.067000000000000000e+05	2.925247270373171773e+02
5.076000000000000000e+05	2.925247270373171773e+02
5.076000000000000000e+05	2.937747997277573972e+02
5.085000000000000000e+05	2.937747997277573972e+02
5.085000000000000000e+05	2.934283882183221976e+02
5.094000000000000000e+05	2.934283882183221976e+02
5.094000000000000000e+05	2.919064699746722340e+02
5.103000000000000000e+05	2.919064699746722340e+02
5.103000000000000000e+05	2.913115783733728108e+02
5.112000000000000000e+05	2.913115783733728108e+02
5.112000000000000000e+05	2.928960901130632237e+02
5.121000000000000000e+05	2.928960901130632237e+02
5.121000000000000000e+05	2.927566625267204472e+02
5.130000000000000000e+05	2.927566625267204472e+02
5.130000000000000000e+05	2.940746084307878618e+02
5.139000000000000000e+05	2.940746084307878618e+02
5.139000000000000000e+05	2.944725513027333932e+02
5.148000000000000000e+05	2.944725513027333932e+02
5.148000000000000000e+05	2.926893839810810505e+02
5.157000000000000000e+05	2.926893839810810505e+02
5.157000000000000000e+05	2.926680161144515750e+02
5.166000000000000000e+05	2.926680161144515750e+02
5.166000000000000000e+05	2.938477969570270147e+02
5.175000000000000000e+05	2.938477969570270147e+02
5.175000000000000000e+05	2.942262151833455732e+02
5.184000000000000000e+05	2.942262151833455732e+02
5.184000000000000000e+05	2.925569791011170082e+02
5.193000000000000000e+05	2.925569791011170082e+02
5.193000000000000000e+05	2.925367941825564913e+02
5.202000000000000000e+05	2.925367941825564913e+02
5.202000000000000000e+05	2.936789059863382931e+02
5.211000000000000000e+05	2.936789059863382931e+02
5.211000000000000000e+05	2.940458759564482421e+02
5.220000000000000000e+05	2.940458759564482421e+02
5.220000000000000000e+05	2.924188970269319157e+02
5.229000000000000000e+05	2.924188970269319157e+02
5.229000000000000000e+05	2.923967948857765009e+02
5.238000000000000000e+05	2.923967948857765009e+02
5.238000000000000000e+05	2.935110033060203705e+02
5.247000000000000000e+05	2.935110033060203705e+02
5.247000000000000000e+05	2.928872335435247578e+02
5.256000000000000000e+05	2.928872335435247578e+02
5.256000000000000000e+05	2.920234751805963924e+02
5.265000000000000000e+05	2.920234751805963924e+02
5.265000000000000000e+05	2.919069487319442260e+02
5.274000000000000000e+05	2.919069487319442260e+02
5.274000000000000000e+05	2.911499999999999204e+02
5.283000000000000000e+05	2.911499999999999204e+02
5.283000000000000000e+05	2.917984278945627921e+02
5.292000000000000000e+05	2.917984278945627921e+02
5.292000000000000000e+05	2.936417406660611960e+02
5.301000000000000000e+05	2.936417406660611960e+02
5.301000000000000000e+05	2.950405412994285257e+02
5.310000000000000000e+05	2.950405412994285257e+02
5.310000000000000000e+05	2.935806014654913838e+02
5.319000000000000000e+05	2.935806014654913838e+02
5.319000000000000000e+05	2.954909831244050338e+02
5.328000000000000000e+05	2.954909831244050338e+02
5.328000000000000000e+05	2.954103257343968494e+02
5.337000000000000000e+05	2.954103257343968494e+02
5.337000000000000000e+05	2.942370657875860616e+02
5.346000000000000000e+05	2.942370657875860616e+02
5.346000000000000000e+05	2.932265487734572389e+02
5.355000000000000000e+05	2.932265487734572389e+02
5.355000000000000000e+05	2.919775878590502316e+02
5.364000000000000000e+05	2.919775878590502316e+02
5.364000000000000000e+05	2.926330032223539206e+02
5.373000000000000000e+05	2.926330032223539206e+02
5.373000000000000000e+05	2.983324687808053568e+02
5.382000000000000000e+05	2.983324687808053568e+02
5.382000000000000000e+05	2.981964912674255856e+02
5.391000000000000000e+05	2.981964912674255856e+02
5.391000000000000000e+05	2.970676188939581834e+02
5.400000000000000000e+05	2.970676188939581834e+02
5.400000000000000000e+05	2.939702706529714646e+02
5.409000000000000000e+05	2.939702706529714646e+02
5.409000000000000000e+05	2.931351298672700523e+02
5.418000000000000000e+05	2.931351298672700523e+02
5.418000000000000000e+05	2.914238383774016938e+02
5.427000000000000000e+05	2.914238383774016938e+02
5.427000000000000000e+05	2.911499999999999773e+02
5.436000000000000000e+05	2.911499999999999773e+02
5.436000000000000000e+05	2.966282432004925909e+02
5.445000000000000000e+05	2.966282432004925909e+02
5.445000000000000000e+05	3.019426087062205966e+02
5.454000000000000000e+05	3.019426087062205966e+02
5.454000000000000000e+05	3.052235491610906593e+02
5.463000000000000000e+05	3.052235491610906593e+02
5.463000000000000000e+05	3.074764518344889552e+02
5.472000000000000000e+05	3.074764518344889552e+02
5.472000000000000000e+05	3.051963640313318251e+02
5.481000000000000000e+05	3.051963640313318251e+02
5.481000000000000000e+05	3.077461941570974773e+02
5.490000000000000000e+05	3.077461941570974773e+02
5.490000000000000000e+05	3.075480482163886222e+02
5.499000000000000000e+05	3.075480482163886222e+02
5.499000000000000000e+05	3.080383540693077293e+02
5.508000000000000000e+05	3.080383540693077293e+02
5.508000000000000000e+05	3.075815986064004619e+02
5.517000000000000000e+05	3.075815986064004619e+02
5.517000000000000000e+05	3.021923813535834711e+02
5.526000000000000000e+05	3.021923813535834711e+02
5.526000000000000000e+05	3.043007432460335053e+02
5.535000000000000000e+05	3.043007432460335053e+02
5.535000000000000000e+05	3.051465827173045682e+02
5.544000000000000000e+05	3.051465827173045682e+02
5.544000000000000000e+05	3.051385516399816993e+02
5.553000000000000000e+05	3.051385516399816993e+02
5.553000000000000000e+05	3.007641190488828329e+02
5.562000000000000000e+05	3.007641190488828329e+02
5.562000000000000000e+05	3.029559632824960431e+02
5.571000000000000000e+05	3.029559632824960431e+02
5.571000000000000000e+05	3.027116461546067967e+02
5.580000000000000000e+05	3.027116461546067967e+02
5.580000000000000000e+05	3.028004171582484787e+02
5.589000000000000000e+05	3.028004171582484787e+02
5.589000000000000000e+05	2.997348611083427272e+02
5.598000000000000000e+05	2.997348611083427272e+02
5.598000000000000000e+05	3.015986205685322830e+02
5.607000000000000000e+05	3.015986205685322830e+02
5.607000000000000000e+05	3.019307264042127485e+02
5.616000000000000000e+05	3.019307264042127485e+02
5.616000000000000000e+05	3.018637435814648597e+02
5.625000000000000000e+05	3.018637435814648597e+02
5.625000000000000000e+05	2.995061291970836805e+02
5.634000000000000000e+05	2.995061291970836805e+02
5.634000000000000000e+05	3.022716183325780435e+02
5.643000000000000000e+05	3.022716183325780435e+02
5.643000000000000000e+05	3.000868471592409605e+02
5.652000000000000000e+05	3.000868471592409605e+02
5.652000000000000000e+05	3.001609843907743880e+02
5.661000000000000000e+05	3.001609843907743880e+02
5.661000000000000000e+05	3.003617836016421734e+02
5.670000000000000000e+05	3.003617836016421734e+02
5.670000000000000000e+05	2.995568984599480586e+02
5.679000000000000000e+05	2.995568984599480586e+02
5.679000000000000000e+05	2.977322286555013306e+02
5.688000000000000000e+05	2.977322286555013306e+02
5.688000000000000000e+05	2.974975381406321162e+02
5.697000000000000000e+05	2.974975381406321162e+02
5.697000000000000000e+05	2.959388549026658666e+02
5.706000000000000000e+05	2.959388549026658666e+02
5.706000000000000000e+05	2.941243450791946543e+02
5.715000000000000000e+05	2.941243450791946543e+02
5.715000000000000000e+05	2.988395497169055375e+02
5.724000000000000000e+05	2.988395497169055375e+02
5.724000000000000000e+05	2.962044706675534371e+02
5.733000000000000000e+05	2.962044706675534371e+02
5.733000000000000000e+05	2.952461802691345270e+02
5.742000000000000000e+05	2.952461802691345270e+02
5.742000000000000000e+05	2.934854105299181128e+02
5.751000000000000000e+05	2.934854105299181128e+02
5.751000000000000000e+05	2.926747156618590111e+02
5.760000000000000000e+05	2.926747156618590111e+02
5.760000000000000000e+05	2.971129850894224091e+02
5.769000000000000000e+05	2.971129850894224091e+02
5.769000000000000000e+05	2.960709348015660680e+02
5.778000000000000000e+05	2.960709348015660680e+02
5.778000000000000000e+05	2.939147659758800728e+02
5.787000000000000000e+05	2.939147659758800728e+02
5.787000000000000000e+05	2.929761430314378003e+02
5.796000000000000000e+05	2.929761430314378003e+02
5.796000000000000000e+05	2.942931094072011433e+02
5.805000000000000000e+05	2.942931094072011433e+02
5.805000000000000000e+05	3.002809457066647383e+02
5.814000000000000000e+05	3.002809457066647383e+02
5.814000000000000000e+05	2.991500273676599022e+02
5.823000000000000000e+05	2.991500273676599022e+02
5.823000000000000000e+05	2.980410564501282806e+02
5.832000000000000000e+05	2.980410564501282806e+02
5.832000000000000000e+05	2.967754828748236378e+02
5.841000000000000000e+05	2.967754828748236378e+02
5.841000000000000000e+05	2.956027208973022766e+02
5.850000000000000000e+05	2.956027208973022766e+02
5.850000000000000000e+05	2.941131446712259958e+02
5.859000000000000000e+05	2.941131446712259958e+02
5.859000000000000000e+05	2.959106482004510212e+02
5.868000000000000000e+05	2.959106482004510212e+02
