# #1
# double dch_TES(1344, 2)
0.000000000000000000e+00	4.678808666574934250e+03
9.000000000000000000e+02	4.678808666574934250e+03
9.000000000000000000e+02	7.046778794040951652e+02
1.800000000000000000e+03	7.046778794040951652e+02
1.800000000000000000e+03	1.608299195905914530e+03
2.700000000000000000e+03	1.608299195905914530e+03
2.700000000000000000e+03	2.848570078438904602e+03
3.600000000000000000e+03	2.848570078438904602e+03
3.600000000000000000e+03	2.685922403117130671e+03
4.500000000000000000e+03	2.685922403117130671e+03
4.500000000000000000e+03	1.966058519995380493e+03
5.400000000000000000e+03	1.966058519995380493e+03
5.400000000000000000e+03	2.477218980097910389e+03
6.300000000000000000e+03	2.477218980097910389e+03
6.300000000000000000e+03	2.468730519104166888e+03
7.200000000000000000e+03	2.468730519104166888e+03
7.200000000000000000e+03	1.640917870373535152e+03
8.100000000000000000e+03	1.640917870373535152e+03
8.100000000000000000e+03	2.571601248101605961e+03
9.000000000000000000e+03	2.571601248101605961e+03
9.000000000000000000e+03	3.122298731848597527e+03
9.900000000000000000e+03	3.122298731848597527e+03
9.900000000000000000e+03	2.275103430831804872e+03
1.080000000000000000e+04	2.275103430831804872e+03
1.080000000000000000e+04	1.662353002165406906e+03
1.170000000000000000e+04	1.662353002165406906e+03
1.170000000000000000e+04	5.560108850087155588e+03
1.260000000000000000e+04	5.560108850087155588e+03
1.260000000000000000e+04	1.866108853987650946e+03
1.350000000000000000e+04	1.866108853987650946e+03
1.350000000000000000e+04	2.504222308769356459e+03
1.440000000000000000e+04	2.504222308769356459e+03
1.440000000000000000e+04	1.562490480031739025e+03
1.530000000000000000e+04	1.562490480031739025e+03
1.530000000000000000e+04	4.404062681037120456e+03
1.620000000000000000e+04	4.404062681037120456e+03
1.620000000000000000e+04	3.666322555491758976e+03
1.710000000000000000e+04	3.666322555491758976e+03
1.710000000000000000e+04	2.201079844421008602e+03
1.800000000000000000e+04	2.201079844421008602e+03
1.800000000000000000e+04	1.491005927682115725e+03
1.890000000000000000e+04	1.491005927682115725e+03
1.890000000000000000e+04	4.502455497783213104e+03
1.980000000000000000e+04	4.502455497783213104e+03
1.980000000000000000e+04	1.058606615745346062e+03
2.070000000000000000e+04	1.058606615745346062e+03
2.070000000000000000e+04	1.216630173139739782e+03
2.160000000000000000e+04	1.216630173139739782e+03
2.160000000000000000e+04	7.105839281045073221e+02
2.250000000000000000e+04	7.105839281045073221e+02
2.250000000000000000e+04	3.224434649144307969e+03
2.340000000000000000e+04	3.224434649144307969e+03
2.340000000000000000e+04	7.324107072766637430e+02
2.430000000000000000e+04	7.324107072766637430e+02
2.430000000000000000e+04	-2.770884245840134099e+03
2.520000000000000000e+04	-2.770884245840134099e+03
2.520000000000000000e+04	4.771924106796727756e+02
2.610000000000000000e+04	4.771924106796727756e+02
2.610000000000000000e+04	3.066626921801839671e+03
2.700000000000000000e+04	3.066626921801839671e+03
2.700000000000000000e+04	5.213833696793590207e+03
2.790000000000000000e+04	5.213833696793590207e+03
2.790000000000000000e+04	6.111979353736736812e+03
2.880000000000000000e+04	6.111979353736736812e+03
2.880000000000000000e+04	4.957808270219211408e+03
2.970000000000000000e+04	4.957808270219211408e+03
2.970000000000000000e+04	8.477089577035418188e+03
3.060000000000000000e+04	8.477089577035418188e+03
3.060000000000000000e+04	7.893263907479005866e+03
3.150000000000000000e+04	7.893263907479005866e+03
3.150000000000000000e+04	7.952926063215534668e+03
3.240000000000000000e+04	7.952926063215534668e+03
3.240000000000000000e+04	7.072583466691412468e+03
3.330000000000000000e+04	7.072583466691412468e+03
3.330000000000000000e+04	6.542447421961119289e+03
3.420000000000000000e+04	6.542447421961119289e+03
3.420000000000000000e+04	5.405040349255083129e+03
3.510000000000000000e+04	5.405040349255083129e+03
3.510000000000000000e+04	5.828600105009623803e+03
3.600000000000000000e+04	5.828600105009623803e+03
3.600000000000000000e+04	5.901861429473596218e+03
3.690000000000000000e+04	5.901861429473596218e+03
3.690000000000000000e+04	2.836197647672443964e+03
3.780000000000000000e+04	2.836197647672443964e+03
3.780000000000000000e+04	4.093772828030982055e+03
3.870000000000000000e+04	4.093772828030982055e+03
3.870000000000000000e+04	3.931782350106223021e+03
3.960000000000000000e+04	3.931782350106223021e+03
3.960000000000000000e+04	4.036176442212698021e+03
4.050000000000000000e+04	4.036176442212698021e+03
4.050000000000000000e+04	1.427452885932415938e+03
4.140000000000000000e+04	1.427452885932415938e+03
4.140000000000000000e+04	3.174356826596835162e+03
4.230000000000000000e+04	3.174356826596835162e+03
4.230000000000000000e+04	1.678721717299718875e+03
4.320000000000000000e+04	1.678721717299718875e+03
4.320000000000000000e+04	2.200875538246602446e+03
4.410000000000000000e+04	2.200875538246602446e+03
4.410000000000000000e+04	3.252332995086251685e+03
4.500000000000000000e+04	3.252332995086251685e+03
4.500000000000000000e+04	2.030598570954287425e+03
4.590000000000000000e+04	2.030598570954287425e+03
4.590000000000000000e+04	2.235267278066778090e+03
4.680000000000000000e+04	2.235267278066778090e+03
4.680000000000000000e+04	8.048474862417315308e+02
4.770000000000000000e+04	8.048474862417315308e+02
4.770000000000000000e+04	2.233256992332703703e+03
4.860000000000000000e+04	2.233256992332703703e+03
4.860000000000000000e+04	2.498818191258702427e+03
4.950000000000000000e+04	2.498818191258702427e+03
4.950000000000000000e+04	1.209968941614497453e+03
5.040000000000000000e+04	1.209968941614497453e+03
5.040000000000000000e+04	4.560957473378421128e+02
5.130000000000000000e+04	4.560957473378421128e+02
5.130000000000000000e+04	2.101632560239276700e+03
5.220000000000000000e+04	2.101632560239276700e+03
5.220000000000000000e+04	8.076513886413886212e+02
5.310000000000000000e+04	8.076513886413886212e+02
5.310000000000000000e+04	1.430732038386340719e+03
5.400000000000000000e+04	1.430732038386340719e+03
5.400000000000000000e+04	1.342603266508236629e+03
5.490000000000000000e+04	1.342603266508236629e+03
5.490000000000000000e+04	-6.306927559106781018e+02
5.580000000000000000e+04	-6.306927559106781018e+02
5.580000000000000000e+04	8.955049742248957045e+02
5.670000000000000000e+04	8.955049742248957045e+02
5.670000000000000000e+04	5.860600793737685308e+02
5.760000000000000000e+04	5.860600793737685308e+02
5.760000000000000000e+04	4.807972908526580795e+02
5.850000000000000000e+04	4.807972908526580795e+02
5.850000000000000000e+04	1.013448803416186820e+03
5.940000000000000000e+04	1.013448803416186820e+03
5.940000000000000000e+04	7.364122746029752307e+02
6.030000000000000000e+04	7.364122746029752307e+02
6.030000000000000000e+04	8.818223886783234775e+02
6.120000000000000000e+04	8.818223886783234775e+02
6.120000000000000000e+04	1.892985248626318935e+02
6.210000000000000000e+04	1.892985248626318935e+02
6.210000000000000000e+04	2.008456498796943606e+03
6.300000000000000000e+04	2.008456498796943606e+03
6.300000000000000000e+04	7.326384202669141814e+02
6.390000000000000000e+04	7.326384202669141814e+02
6.390000000000000000e+04	4.358980613893363625e+02
6.480000000000000000e+04	4.358980613893363625e+02
6.480000000000000000e+04	1.170255879750508939e+03
6.570000000000000000e+04	1.170255879750508939e+03
6.570000000000000000e+04	6.329415252863538626e+03
6.660000000000000000e+04	6.329415252863538626e+03
6.660000000000000000e+04	1.866723193848796654e+03
6.750000000000000000e+04	1.866723193848796654e+03
6.750000000000000000e+04	2.551666723494243342e+03
6.840000000000000000e+04	2.551666723494243342e+03
6.840000000000000000e+04	2.871531644351363866e+03
6.930000000000000000e+04	2.871531644351363866e+03
6.930000000000000000e+04	3.136988609062551404e+03
7.020000000000000000e+04	3.136988609062551404e+03
7.020000000000000000e+04	2.144409779205976520e+03
7.110000000000000000e+04	2.144409779205976520e+03
7.110000000000000000e+04	2.819394057572586462e+03
7.200000000000000000e+04	2.819394057572586462e+03
7.200000000000000000e+04	1.209105231031131552e+03
7.290000000000000000e+04	1.209105231031131552e+03
7.290000000000000000e+04	4.973194886392899207e+03
7.380000000000000000e+04	4.973194886392899207e+03
7.380000000000000000e+04	1.946113890676293522e+03
7.470000000000000000e+04	1.946113890676293522e+03
7.470000000000000000e+04	1.185942182647064328e+03
7.560000000000000000e+04	1.185942182647064328e+03
7.560000000000000000e+04	7.633969597009918289e+02
7.650000000000000000e+04	7.633969597009918289e+02
7.650000000000000000e+04	2.229326749224270770e+03
7.740000000000000000e+04	2.229326749224270770e+03
7.740000000000000000e+04	9.302601454022224061e+02
7.830000000000000000e+04	9.302601454022224061e+02
7.830000000000000000e+04	5.926692723336163908e+02
7.920000000000000000e+04	5.926692723336163908e+02
7.920000000000000000e+04	2.853831933560741163e+02
8.010000000000000000e+04	2.853831933560741163e+02
8.010000000000000000e+04	-1.799812380647324062e+03
8.100000000000000000e+04	-1.799812380647324062e+03
8.100000000000000000e+04	-5.208177180985221639e+02
8.190000000000000000e+04	-5.208177180985221639e+02
8.190000000000000000e+04	-2.387464920410420746e+02
8.280000000000000000e+04	-2.387464920410420746e+02
8.280000000000000000e+04	3.780881241682891414e+01
8.370000000000000000e+04	3.780881241682891414e+01
8.370000000000000000e+04	-1.554288293249586786e+03
8.460000000000000000e+04	-1.554288293249586786e+03
8.460000000000000000e+04	-4.952669623995316215e+02
8.550000000000000000e+04	-4.952669623995316215e+02
8.550000000000000000e+04	-2.516732372399419546e+02
8.640000000000000000e+04	-2.516732372399419546e+02
8.640000000000000000e+04	3.313857984749756724e+01
8.730000000000000000e+04	3.313857984749756724e+01
8.730000000000000000e+04	-1.504177269139885766e+03
8.820000000000000000e+04	-1.504177269139885766e+03
8.820000000000000000e+04	-4.812156505907187238e+02
8.910000000000000000e+04	-4.812156505907187238e+02
8.910000000000000000e+04	-2.452304738205275498e+02
9.000000000000000000e+04	-2.452304738205275498e+02
9.000000000000000000e+04	3.587847100735962158e+01
9.090000000000000000e+04	3.587847100735962158e+01
9.090000000000000000e+04	-1.468921226896847656e+03
9.180000000000000000e+04	-1.468921226896847656e+03
9.180000000000000000e+04	-4.686731688986183144e+02
9.270000000000000000e+04	-4.686731688986183144e+02
9.270000000000000000e+04	-2.380311006241245195e+02
9.360000000000000000e+04	-2.380311006241245195e+02
9.360000000000000000e+04	3.852082572798099136e+01
9.450000000000000000e+04	3.852082572798099136e+01
9.450000000000000000e+04	-1.394054490013663553e+03
9.540000000000000000e+04	-1.394054490013663553e+03
9.540000000000000000e+04	-4.436512501836987212e+02
9.630000000000000000e+04	-4.436512501836987212e+02
9.630000000000000000e+04	-1.794496886125416495e+02
9.720000000000000000e+04	-1.794496886125416495e+02
9.720000000000000000e+04	4.704581527686596019e+02
9.810000000000000000e+04	4.704581527686596019e+02
9.810000000000000000e+04	2.582659238445080973e+03
9.900000000000000000e+04	2.582659238445080973e+03
9.900000000000000000e+04	1.539647133448219392e+03
9.990000000000000000e+04	1.539647133448219392e+03
9.990000000000000000e+04	3.523063974360178690e+03
1.008000000000000000e+05	3.523063974360178690e+03
1.008000000000000000e+05	1.415926063478871583e+03
1.017000000000000000e+05	1.415926063478871583e+03
1.017000000000000000e+05	3.343675048912135935e+03
1.026000000000000000e+05	3.343675048912135935e+03
1.026000000000000000e+05	2.056743745308951475e+03
1.035000000000000000e+05	2.056743745308951475e+03
1.035000000000000000e+05	2.289214948845619801e+03
1.044000000000000000e+05	2.289214948845619801e+03
1.044000000000000000e+05	7.533444046966933456e+02
1.053000000000000000e+05	7.533444046966933456e+02
1.053000000000000000e+05	6.318251808170587537e+03
1.062000000000000000e+05	6.318251808170587537e+03
1.062000000000000000e+05	7.114620183593360707e+02
1.071000000000000000e+05	7.114620183593360707e+02
1.071000000000000000e+05	1.138416161090484820e+03
1.080000000000000000e+05	1.138416161090484820e+03
1.080000000000000000e+05	5.033475207708652306e+02
1.089000000000000000e+05	5.033475207708652306e+02
1.089000000000000000e+05	1.204612333928525914e+03
1.098000000000000000e+05	1.204612333928525914e+03
1.098000000000000000e+05	1.426839304976689164e+03
1.107000000000000000e+05	1.426839304976689164e+03
1.107000000000000000e+05	-8.061037748841918074e+02
1.116000000000000000e+05	-8.061037748841918074e+02
1.116000000000000000e+05	9.312819097372903343e+02
1.125000000000000000e+05	9.312819097372903343e+02
1.125000000000000000e+05	4.081866500752657885e+03
1.134000000000000000e+05	4.081866500752657885e+03
1.134000000000000000e+05	5.663392556054168381e+03
1.143000000000000000e+05	5.663392556054168381e+03
1.143000000000000000e+05	6.405413450390158687e+03
1.152000000000000000e+05	6.405413450390158687e+03
1.152000000000000000e+05	5.341359508104793349e+03
1.161000000000000000e+05	5.341359508104793349e+03
1.161000000000000000e+05	8.695094794008638928e+03
1.170000000000000000e+05	8.695094794008638928e+03
1.170000000000000000e+05	8.048574112941918429e+03
1.179000000000000000e+05	8.048574112941918429e+03
1.179000000000000000e+05	8.074465899569215253e+03
1.188000000000000000e+05	8.074465899569215253e+03
1.188000000000000000e+05	7.237276232280932163e+03
1.197000000000000000e+05	7.237276232280932163e+03
1.197000000000000000e+05	4.358476444027554862e+03
1.206000000000000000e+05	4.358476444027554862e+03
1.206000000000000000e+05	6.869628803544037510e+03
1.215000000000000000e+05	6.869628803544037510e+03
1.215000000000000000e+05	5.661525806936435401e+03
1.224000000000000000e+05	5.661525806936435401e+03
1.224000000000000000e+05	5.199496882420015027e+03
1.233000000000000000e+05	5.199496882420015027e+03
1.233000000000000000e+05	3.179833403664140405e+03
1.242000000000000000e+05	3.179833403664140405e+03
1.242000000000000000e+05	3.970816079795302358e+03
1.251000000000000000e+05	3.970816079795302358e+03
1.251000000000000000e+05	3.826754230130871292e+03
1.260000000000000000e+05	3.826754230130871292e+03
1.260000000000000000e+05	2.706342293333074849e+03
1.269000000000000000e+05	2.706342293333074849e+03
1.269000000000000000e+05	3.468460618682267523e+03
1.278000000000000000e+05	3.468460618682267523e+03
1.278000000000000000e+05	2.800478540360869374e+03
1.287000000000000000e+05	2.800478540360869374e+03
1.287000000000000000e+05	2.781799602613202296e+03
1.296000000000000000e+05	2.781799602613202296e+03
1.296000000000000000e+05	1.620784357209940936e+03
1.305000000000000000e+05	1.620784357209940936e+03
1.305000000000000000e+05	2.552219645087546724e+03
1.314000000000000000e+05	2.552219645087546724e+03
1.314000000000000000e+05	1.221696115315251518e+03
1.323000000000000000e+05	1.221696115315251518e+03
1.323000000000000000e+05	3.589059688152105082e+03
1.332000000000000000e+05	3.589059688152105082e+03
1.332000000000000000e+05	1.715726401732810700e+03
1.341000000000000000e+05	1.715726401732810700e+03
1.341000000000000000e+05	2.685951474513079120e+03
1.350000000000000000e+05	2.685951474513079120e+03
1.350000000000000000e+05	1.793500393334950786e+03
1.359000000000000000e+05	1.793500393334950786e+03
1.359000000000000000e+05	1.816250748062622733e+03
1.368000000000000000e+05	1.816250748062622733e+03
1.368000000000000000e+05	2.252832297159946393e+03
1.377000000000000000e+05	2.252832297159946393e+03
1.377000000000000000e+05	-6.272532184208198487e+02
1.386000000000000000e+05	-6.272532184208198487e+02
1.386000000000000000e+05	8.544770986663061194e+02
1.395000000000000000e+05	8.544770986663061194e+02
1.395000000000000000e+05	1.271262818568211515e+03
1.404000000000000000e+05	1.271262818568211515e+03
1.404000000000000000e+05	9.961546390252187848e+02
1.413000000000000000e+05	9.961546390252187848e+02
1.413000000000000000e+05	1.548569507147975628e+03
1.422000000000000000e+05	1.548569507147975628e+03
1.422000000000000000e+05	8.696985986413783394e+02
1.431000000000000000e+05	8.696985986413783394e+02
1.431000000000000000e+05	9.020304920734488405e+02
1.440000000000000000e+05	9.020304920734488405e+02
1.440000000000000000e+05	9.352369943371704721e+02
1.449000000000000000e+05	9.352369943371704721e+02
1.449000000000000000e+05	8.267531391155544043e+02
1.458000000000000000e+05	8.267531391155544043e+02
1.458000000000000000e+05	8.477308081728988327e+02
1.467000000000000000e+05	8.477308081728988327e+02
1.467000000000000000e+05	8.573847169988439418e+02
1.476000000000000000e+05	8.573847169988439418e+02
1.476000000000000000e+05	5.601883667140382386e+02
1.485000000000000000e+05	5.601883667140382386e+02
1.485000000000000000e+05	2.160168042439966484e+03
1.494000000000000000e+05	2.160168042439966484e+03
1.494000000000000000e+05	8.603376462758751586e+02
1.503000000000000000e+05	8.603376462758751586e+02
1.503000000000000000e+05	2.777530676161113661e+03
1.512000000000000000e+05	2.777530676161113661e+03
1.512000000000000000e+05	1.603492421196155192e+03
1.521000000000000000e+05	1.603492421196155192e+03
1.521000000000000000e+05	4.307449999282209319e+03
1.530000000000000000e+05	4.307449999282209319e+03
1.530000000000000000e+05	1.509161701797158457e+03
1.539000000000000000e+05	1.509161701797158457e+03
1.539000000000000000e+05	1.942990225005720276e+03
1.548000000000000000e+05	1.942990225005720276e+03
1.548000000000000000e+05	8.888081753144051618e+02
1.557000000000000000e+05	8.888081753144051618e+02
1.557000000000000000e+05	4.725749164939623370e+03
1.566000000000000000e+05	4.725749164939623370e+03
1.566000000000000000e+05	1.370836928677163087e+03
1.575000000000000000e+05	1.370836928677163087e+03
1.575000000000000000e+05	2.113712196330598090e+03
1.584000000000000000e+05	2.113712196330598090e+03
1.584000000000000000e+05	5.156118647933672037e+02
1.593000000000000000e+05	5.156118647933672037e+02
1.593000000000000000e+05	5.923498649210676376e+03
1.602000000000000000e+05	5.923498649210676376e+03
1.602000000000000000e+05	2.102990202063054312e+03
1.611000000000000000e+05	2.102990202063054312e+03
1.611000000000000000e+05	1.196902804791228846e+03
1.620000000000000000e+05	1.196902804791228846e+03
1.620000000000000000e+05	7.265987782065130887e+02
1.629000000000000000e+05	7.265987782065130887e+02
1.629000000000000000e+05	2.212701468386805573e+03
1.638000000000000000e+05	2.212701468386805573e+03
1.638000000000000000e+05	9.132011801238986664e+02
1.647000000000000000e+05	9.132011801238986664e+02
1.647000000000000000e+05	5.202149165579467081e+02
1.656000000000000000e+05	5.202149165579467081e+02
1.656000000000000000e+05	2.630970817422457912e+02
1.665000000000000000e+05	2.630970817422457912e+02
1.665000000000000000e+05	-1.811023971740644583e+03
1.674000000000000000e+05	-1.811023971740644583e+03
1.674000000000000000e+05	-5.325665336701204069e+02
1.683000000000000000e+05	-5.325665336701204069e+02
1.683000000000000000e+05	-2.498329015977215022e+02
1.692000000000000000e+05	-2.498329015977215022e+02
1.692000000000000000e+05	3.289034865562189225e+01
1.701000000000000000e+05	3.289034865562189225e+01
1.701000000000000000e+05	-1.595626441367890948e+03
1.710000000000000000e+05	-1.595626441367890948e+03
1.710000000000000000e+05	-5.130071434222627431e+02
1.719000000000000000e+05	-5.130071434222627431e+02
1.719000000000000000e+05	-2.642626014973502606e+02
1.728000000000000000e+05	-2.642626014973502606e+02
1.728000000000000000e+05	2.773169918637177034e+01
1.737000000000000000e+05	2.773169918637177034e+01
1.737000000000000000e+05	-1.561833680026470574e+03
1.746000000000000000e+05	-1.561833680026470574e+03
1.746000000000000000e+05	-5.045923673661891371e+02
1.755000000000000000e+05	-5.045923673661891371e+02
1.755000000000000000e+05	-2.610214457986876369e+02
1.764000000000000000e+05	-2.610214457986876369e+02
1.764000000000000000e+05	2.947569818426745769e+01
1.773000000000000000e+05	2.947569818426745769e+01
1.773000000000000000e+05	-1.541578036597685923e+03
1.782000000000000000e+05	-1.541578036597685923e+03
1.782000000000000000e+05	-1.026100258853984997e+02
1.791000000000000000e+05	-1.026100258853984997e+02
1.791000000000000000e+05	-1.409883982368046418e+01
1.800000000000000000e+05	-1.409883982368046418e+01
1.800000000000000000e+05	3.104244347643634683e+01
1.809000000000000000e+05	3.104244347643634683e+01
1.809000000000000000e+05	-1.465730739741067964e+03
1.818000000000000000e+05	-1.465730739741067964e+03
1.818000000000000000e+05	1.895064738246204797e+03
1.827000000000000000e+05	1.895064738246204797e+03
1.827000000000000000e+05	1.321144758628215641e+02
1.836000000000000000e+05	1.321144758628215641e+02
1.836000000000000000e+05	6.318860698305525148e+02
1.845000000000000000e+05	6.318860698305525148e+02
1.845000000000000000e+05	-3.962640229956130042e+02
1.854000000000000000e+05	-3.962640229956130042e+02
1.854000000000000000e+05	1.158725826470123138e+03
1.863000000000000000e+05	1.158725826470123138e+03
1.863000000000000000e+05	7.243773234715918079e+02
1.872000000000000000e+05	7.243773234715918079e+02
1.872000000000000000e+05	9.320325768841621539e+02
1.881000000000000000e+05	9.320325768841621539e+02
1.881000000000000000e+05	1.107207244981852227e+03
1.890000000000000000e+05	1.107207244981852227e+03
1.890000000000000000e+05	1.243507463169982657e+03
1.899000000000000000e+05	1.243507463169982657e+03
1.899000000000000000e+05	1.250491929614276160e+03
1.908000000000000000e+05	1.250491929614276160e+03
1.908000000000000000e+05	9.271106816537585473e+02
1.917000000000000000e+05	9.271106816537585473e+02
1.917000000000000000e+05	9.214735611935745965e+02
1.926000000000000000e+05	9.214735611935745965e+02
1.926000000000000000e+05	2.189162424847017974e+02
1.935000000000000000e+05	2.189162424847017974e+02
1.935000000000000000e+05	-7.238443555834237486e+00
1.944000000000000000e+05	-7.238443555834237486e+00
1.944000000000000000e+05	2.272678169228096522e+03
1.953000000000000000e+05	2.272678169228096522e+03
1.953000000000000000e+05	8.519983051293769449e+02
1.962000000000000000e+05	8.519983051293769449e+02
1.962000000000000000e+05	5.022887616775697097e+02
1.971000000000000000e+05	5.022887616775697097e+02
1.971000000000000000e+05	3.705196848742198199e+02
1.980000000000000000e+05	3.705196848742198199e+02
1.980000000000000000e+05	6.219740091888834286e+02
1.989000000000000000e+05	6.219740091888834286e+02
1.989000000000000000e+05	3.136335803014612225e+02
1.998000000000000000e+05	3.136335803014612225e+02
1.998000000000000000e+05	4.319658721538027748e+03
2.007000000000000000e+05	4.319658721538027748e+03
2.007000000000000000e+05	5.640930799659632612e+03
2.016000000000000000e+05	5.640930799659632612e+03
2.016000000000000000e+05	4.233211348761249610e+03
2.025000000000000000e+05	4.233211348761249610e+03
2.025000000000000000e+05	9.557666420997606110e+03
2.034000000000000000e+05	9.557666420997606110e+03
2.034000000000000000e+05	8.123335510309436359e+03
2.043000000000000000e+05	8.123335510309436359e+03
2.043000000000000000e+05	6.841624244191334583e+03
2.052000000000000000e+05	6.841624244191334583e+03
2.052000000000000000e+05	6.489380314356603776e+03
2.061000000000000000e+05	6.489380314356603776e+03
2.061000000000000000e+05	3.383243133246086927e+03
2.070000000000000000e+05	3.383243133246086927e+03
2.070000000000000000e+05	5.110653366958780680e+03
2.079000000000000000e+05	5.110653366958780680e+03
2.079000000000000000e+05	4.933563219591858797e+03
2.088000000000000000e+05	4.933563219591858797e+03
2.088000000000000000e+05	4.204135786512517370e+03
2.097000000000000000e+05	4.204135786512517370e+03
2.097000000000000000e+05	4.380540366736459873e+03
2.106000000000000000e+05	4.380540366736459873e+03
2.106000000000000000e+05	3.366040338497259654e+03
2.115000000000000000e+05	3.366040338497259654e+03
2.115000000000000000e+05	3.490286929432069883e+03
2.124000000000000000e+05	3.490286929432069883e+03
2.124000000000000000e+05	3.012401410071064674e+03
2.133000000000000000e+05	3.012401410071064674e+03
2.133000000000000000e+05	3.013453138534240225e+03
2.142000000000000000e+05	3.013453138534240225e+03
2.142000000000000000e+05	2.596635931782831904e+03
2.151000000000000000e+05	2.596635931782831904e+03
2.151000000000000000e+05	2.698325598618248478e+03
2.160000000000000000e+05	2.698325598618248478e+03
2.160000000000000000e+05	1.725020099011420825e+03
2.169000000000000000e+05	1.725020099011420825e+03
2.169000000000000000e+05	3.370459183769711672e+03
2.178000000000000000e+05	3.370459183769711672e+03
2.178000000000000000e+05	2.262833446152042598e+03
2.187000000000000000e+05	2.262833446152042598e+03
2.187000000000000000e+05	2.506890512982907239e+03
2.196000000000000000e+05	2.506890512982907239e+03
2.196000000000000000e+05	9.542820741607047239e+02
2.205000000000000000e+05	9.542820741607047239e+02
2.205000000000000000e+05	5.910987992217494138e+03
2.214000000000000000e+05	5.910987992217494138e+03
2.214000000000000000e+05	1.723339476589637343e+03
2.223000000000000000e+05	1.723339476589637343e+03
2.223000000000000000e+05	2.311832884902774822e+03
2.232000000000000000e+05	2.311832884902774822e+03
2.232000000000000000e+05	1.494418109902699143e+03
2.241000000000000000e+05	1.494418109902699143e+03
2.241000000000000000e+05	2.510009188854718559e+03
2.250000000000000000e+05	2.510009188854718559e+03
2.250000000000000000e+05	2.389544897082552779e+03
2.259000000000000000e+05	2.389544897082552779e+03
2.259000000000000000e+05	1.940941748147190083e+03
2.268000000000000000e+05	1.940941748147190083e+03
2.268000000000000000e+05	1.634957930633185242e+03
2.277000000000000000e+05	1.634957930633185242e+03
2.277000000000000000e+05	3.058037618306143486e+03
2.286000000000000000e+05	3.058037618306143486e+03
2.286000000000000000e+05	1.267761849490285385e+03
2.295000000000000000e+05	1.267761849490285385e+03
2.295000000000000000e+05	1.525562570053793024e+03
2.304000000000000000e+05	1.525562570053793024e+03
2.304000000000000000e+05	5.605005643224176310e+02
2.313000000000000000e+05	5.605005643224176310e+02
2.313000000000000000e+05	4.101710511051204776e+03
2.322000000000000000e+05	4.101710511051204776e+03
2.322000000000000000e+05	9.336979421667638235e+02
2.331000000000000000e+05	9.336979421667638235e+02
2.331000000000000000e+05	1.411493106218636967e+03
2.340000000000000000e+05	1.411493106218636967e+03
2.340000000000000000e+05	4.270274179193302189e+02
2.349000000000000000e+05	4.270274179193302189e+02
2.349000000000000000e+05	6.162343366972078002e+03
2.358000000000000000e+05	6.162343366972078002e+03
2.358000000000000000e+05	2.066876521476195194e+03
2.367000000000000000e+05	2.066876521476195194e+03
2.367000000000000000e+05	2.965414131521072704e+03
2.376000000000000000e+05	2.965414131521072704e+03
2.376000000000000000e+05	2.365706846000901351e+03
2.385000000000000000e+05	2.365706846000901351e+03
2.385000000000000000e+05	5.140093428569563002e+03
2.394000000000000000e+05	5.140093428569563002e+03
2.394000000000000000e+05	2.179780358100717422e+03
2.403000000000000000e+05	2.179780358100717422e+03
2.403000000000000000e+05	2.684361871328146663e+03
2.412000000000000000e+05	2.684361871328146663e+03
2.412000000000000000e+05	2.468540143970165445e+03
2.421000000000000000e+05	2.468540143970165445e+03
2.421000000000000000e+05	3.943703045024868061e+03
2.430000000000000000e+05	3.943703045024868061e+03
2.430000000000000000e+05	1.786770333975960966e+03
2.439000000000000000e+05	1.786770333975960966e+03
2.439000000000000000e+05	2.989099184400984086e+03
2.448000000000000000e+05	2.989099184400984086e+03
2.448000000000000000e+05	1.662204862094989949e+03
2.457000000000000000e+05	1.662204862094989949e+03
2.457000000000000000e+05	2.559253759587634704e+03
2.466000000000000000e+05	2.559253759587634704e+03
2.466000000000000000e+05	1.217815893249469809e+03
2.475000000000000000e+05	1.217815893249469809e+03
2.475000000000000000e+05	8.270888023701263592e+02
2.484000000000000000e+05	8.270888023701263592e+02
2.484000000000000000e+05	5.388317631923555382e+02
2.493000000000000000e+05	5.388317631923555382e+02
2.493000000000000000e+05	2.140957279545981237e+03
2.502000000000000000e+05	2.140957279545981237e+03
2.502000000000000000e+05	8.479355020087677985e+02
2.511000000000000000e+05	8.479355020087677985e+02
2.511000000000000000e+05	2.783218712620437145e+02
2.520000000000000000e+05	2.783218712620437145e+02
2.520000000000000000e+05	2.083034869486555181e+02
2.529000000000000000e+05	2.083034869486555181e+02
2.529000000000000000e+05	-1.831525408140827722e+03
2.538000000000000000e+05	-1.831525408140827722e+03
2.538000000000000000e+05	-5.508185832714661956e+02
2.547000000000000000e+05	-5.508185832714661956e+02
2.547000000000000000e+05	-2.643515061257057823e+02
2.556000000000000000e+05	-2.643515061257057823e+02
2.556000000000000000e+05	2.999712059534613218e+01
2.565000000000000000e+05	2.999712059534613218e+01
2.565000000000000000e+05	-1.634956983013187482e+03
2.574000000000000000e+05	-1.634956983013187482e+03
2.574000000000000000e+05	-5.254882788715185598e+02
2.583000000000000000e+05	-5.254882788715185598e+02
2.583000000000000000e+05	-2.700383336887462065e+02
2.592000000000000000e+05	-2.700383336887462065e+02
2.592000000000000000e+05	2.729491746430448984e+01
2.601000000000000000e+05	2.729491746430448984e+01
2.601000000000000000e+05	-1.587364210718460754e+03
2.610000000000000000e+05	-1.587364210718460754e+03
2.610000000000000000e+05	-5.118874967175652273e+02
2.619000000000000000e+05	-5.118874967175652273e+02
2.619000000000000000e+05	-2.639337365129031241e+02
2.628000000000000000e+05	-2.639337365129031241e+02
2.628000000000000000e+05	2.941667759716619912e+01
2.637000000000000000e+05	2.941667759716619912e+01
2.637000000000000000e+05	-1.554734757428880357e+03
2.646000000000000000e+05	-1.554734757428880357e+03
2.646000000000000000e+05	-5.007448946689837612e+02
2.655000000000000000e+05	-5.007448946689837612e+02
2.655000000000000000e+05	-2.577834212448797189e+02
2.664000000000000000e+05	-2.577834212448797189e+02
2.664000000000000000e+05	3.163286088058612222e+01
2.673000000000000000e+05	3.163286088058612222e+01
2.673000000000000000e+05	-1.528648965976236923e+03
2.682000000000000000e+05	-1.528648965976236923e+03
2.682000000000000000e+05	-4.916791328674298711e+02
2.691000000000000000e+05	-4.916791328674298711e+02
2.691000000000000000e+05	-2.528244821139960550e+02
2.700000000000000000e+05	-2.528244821139960550e+02
2.700000000000000000e+05	3.327572098958535207e+01
2.709000000000000000e+05	3.327572098958535207e+01
2.709000000000000000e+05	-1.507889966051101510e+03
2.718000000000000000e+05	-1.507889966051101510e+03
2.718000000000000000e+05	-4.846708929058513604e+02
2.727000000000000000e+05	-4.846708929058513604e+02
2.727000000000000000e+05	-2.491216032409574836e+02
2.736000000000000000e+05	-2.491216032409574836e+02
2.736000000000000000e+05	3.450413535626375960e+01
2.745000000000000000e+05	3.450413535626375960e+01
2.745000000000000000e+05	-5.052925981255550596e+02
2.754000000000000000e+05	-5.052925981255550596e+02
2.754000000000000000e+05	4.127292951010749675e+02
2.763000000000000000e+05	4.127292951010749675e+02
2.763000000000000000e+05	4.190622403568704613e+02
2.772000000000000000e+05	4.190622403568704613e+02
2.772000000000000000e+05	2.867340468151705863e+02
2.781000000000000000e+05	2.867340468151705863e+02
2.781000000000000000e+05	7.552785194678463995e+03
2.790000000000000000e+05	7.552785194678463995e+03
2.790000000000000000e+05	6.349039086202392355e+02
2.799000000000000000e+05	6.349039086202392355e+02
2.799000000000000000e+05	1.122998042568680830e+03
2.808000000000000000e+05	1.122998042568680830e+03
2.808000000000000000e+05	6.426093087321141866e+02
2.817000000000000000e+05	6.426093087321141866e+02
2.817000000000000000e+05	2.169596927668957505e+03
2.826000000000000000e+05	2.169596927668957505e+03
2.826000000000000000e+05	2.097842869109997991e+03
2.835000000000000000e+05	2.097842869109997991e+03
2.835000000000000000e+05	-2.854426835191377904e+03
2.844000000000000000e+05	-2.854426835191377904e+03
2.844000000000000000e+05	5.384635197942898230e+02
2.853000000000000000e+05	5.384635197942898230e+02
2.853000000000000000e+05	3.190032901068785577e+03
2.862000000000000000e+05	3.190032901068785577e+03
2.862000000000000000e+05	5.271193529311276507e+03
2.871000000000000000e+05	5.271193529311276507e+03
2.871000000000000000e+05	6.150554133462836035e+03
2.880000000000000000e+05	6.150554133462836035e+03
2.880000000000000000e+05	5.010349124258056690e+03
2.889000000000000000e+05	5.010349124258056690e+03
2.889000000000000000e+05	8.502126259255892364e+03
2.898000000000000000e+05	8.502126259255892364e+03
2.898000000000000000e+05	7.912923722911276855e+03
2.907000000000000000e+05	7.912923722911276855e+03
2.907000000000000000e+05	7.968446643872768618e+03
2.916000000000000000e+05	7.968446643872768618e+03
2.916000000000000000e+05	7.092593735698756063e+03
2.925000000000000000e+05	7.092593735698756063e+03
2.925000000000000000e+05	6.314650323940489216e+03
2.934000000000000000e+05	6.314650323940489216e+03
2.934000000000000000e+05	5.765560017370095011e+03
2.943000000000000000e+05	5.765560017370095011e+03
2.943000000000000000e+05	5.844458001957042143e+03
2.952000000000000000e+05	5.844458001957042143e+03
2.952000000000000000e+05	5.170088574859524670e+03
2.961000000000000000e+05	5.170088574859524670e+03
2.961000000000000000e+05	4.459661940486596905e+03
2.970000000000000000e+05	4.459661940486596905e+03
2.970000000000000000e+05	4.110173690319526941e+03
2.979000000000000000e+05	4.110173690319526941e+03
2.979000000000000000e+05	4.124822501742921304e+03
2.988000000000000000e+05	4.124822501742921304e+03
2.988000000000000000e+05	2.374262463298771763e+03
2.997000000000000000e+05	2.374262463298771763e+03
2.997000000000000000e+05	6.535705769258128385e+03
3.006000000000000000e+05	6.535705769258128385e+03
3.006000000000000000e+05	2.842680005778674968e+03
3.015000000000000000e+05	2.842680005778674968e+03
3.015000000000000000e+05	3.320625480537826661e+03
3.024000000000000000e+05	3.320625480537826661e+03
3.024000000000000000e+05	2.745781184999772449e+03
3.033000000000000000e+05	2.745781184999772449e+03
3.033000000000000000e+05	1.900799733820692609e+03
3.042000000000000000e+05	1.900799733820692609e+03
3.042000000000000000e+05	2.866435716978448909e+03
3.051000000000000000e+05	2.866435716978448909e+03
3.051000000000000000e+05	3.113628602960787248e+03
3.060000000000000000e+05	3.113628602960787248e+03
3.060000000000000000e+05	1.258279217419709312e+03
3.069000000000000000e+05	1.258279217419709312e+03
3.069000000000000000e+05	5.245358938042626505e+03
3.078000000000000000e+05	5.245358938042626505e+03
3.078000000000000000e+05	1.716776261596183758e+03
3.087000000000000000e+05	1.716776261596183758e+03
3.087000000000000000e+05	2.264947495886299293e+03
3.096000000000000000e+05	2.264947495886299293e+03
3.096000000000000000e+05	1.132858474406210007e+03
3.105000000000000000e+05	1.132858474406210007e+03
3.105000000000000000e+05	2.366504195394513772e+03
3.114000000000000000e+05	2.366504195394513772e+03
3.114000000000000000e+05	2.948689433603780344e+03
3.123000000000000000e+05	2.948689433603780344e+03
3.123000000000000000e+05	1.725637528850056697e+03
3.132000000000000000e+05	1.725637528850056697e+03
3.132000000000000000e+05	1.214851939612997739e+03
3.141000000000000000e+05	1.214851939612997739e+03
3.141000000000000000e+05	3.669640863991744482e+03
3.150000000000000000e+05	3.669640863991744482e+03
3.150000000000000000e+05	1.186200114923587535e+03
3.159000000000000000e+05	1.186200114923587535e+03
3.159000000000000000e+05	1.512425237497780472e+03
3.168000000000000000e+05	1.512425237497780472e+03
3.168000000000000000e+05	4.343451891888043974e+02
3.177000000000000000e+05	4.343451891888043974e+02
3.177000000000000000e+05	5.425896203423877523e+03
3.186000000000000000e+05	5.425896203423877523e+03
3.186000000000000000e+05	1.030077742684748955e+03
3.195000000000000000e+05	1.030077742684748955e+03
3.195000000000000000e+05	1.670501978530024644e+03
3.204000000000000000e+05	1.670501978530024644e+03
3.204000000000000000e+05	6.742546608736074631e+02
3.213000000000000000e+05	6.742546608736074631e+02
3.213000000000000000e+05	6.223714026026707870e+03
3.222000000000000000e+05	6.223714026026707870e+03
3.222000000000000000e+05	2.300137040367408190e+03
3.231000000000000000e+05	2.300137040367408190e+03
3.231000000000000000e+05	3.060562514679622836e+03
3.240000000000000000e+05	3.060562514679622836e+03
3.240000000000000000e+05	2.554767976045870455e+03
3.249000000000000000e+05	2.554767976045870455e+03
3.249000000000000000e+05	2.758754581368124036e+03
3.258000000000000000e+05	2.758754581368124036e+03
3.258000000000000000e+05	3.460347103760403115e+03
3.267000000000000000e+05	3.460347103760403115e+03
3.267000000000000000e+05	2.517165590704127681e+03
3.276000000000000000e+05	2.517165590704127681e+03
3.276000000000000000e+05	1.589442381875862338e+03
3.285000000000000000e+05	1.589442381875862338e+03
3.285000000000000000e+05	6.538772555157680472e+03
3.294000000000000000e+05	6.538772555157680472e+03
3.294000000000000000e+05	2.491475707982317545e+03
3.303000000000000000e+05	2.491475707982317545e+03
3.303000000000000000e+05	3.297196556805516593e+03
3.312000000000000000e+05	3.297196556805516593e+03
3.312000000000000000e+05	2.364043144847906660e+03
3.321000000000000000e+05	2.364043144847906660e+03
3.321000000000000000e+05	2.660098547631384463e+03
3.330000000000000000e+05	2.660098547631384463e+03
3.330000000000000000e+05	1.331668629662832245e+03
3.339000000000000000e+05	1.331668629662832245e+03
3.339000000000000000e+05	9.242953035683603957e+02
3.348000000000000000e+05	9.242953035683603957e+02
3.348000000000000000e+05	6.730971411832615559e+02
3.357000000000000000e+05	6.730971411832615559e+02
3.357000000000000000e+05	2.192697368829775314e+03
3.366000000000000000e+05	2.192697368829775314e+03
3.366000000000000000e+05	8.952073920828406699e+02
3.375000000000000000e+05	8.952073920828406699e+02
3.375000000000000000e+05	4.199878531352151185e+02
3.384000000000000000e+05	4.199878531352151185e+02
3.384000000000000000e+05	2.492586265723675751e+02
3.393000000000000000e+05	2.492586265723675751e+02
3.393000000000000000e+05	-1.815991005890534097e+03
3.402000000000000000e+05	-1.815991005890534097e+03
3.402000000000000000e+05	-5.368107739872066304e+02
3.411000000000000000e+05	-5.368107739872066304e+02
3.411000000000000000e+05	-2.530315710678696632e+02
3.420000000000000000e+05	-2.530315710678696632e+02
3.420000000000000000e+05	3.265372965623100754e+01
3.429000000000000000e+05	3.265372965623100754e+01
3.429000000000000000e+05	1.157869424670964918e+03
3.438000000000000000e+05	1.157869424670964918e+03
3.438000000000000000e+05	4.053959499559132382e+02
3.447000000000000000e+05	4.053959499559132382e+02
3.447000000000000000e+05	2.317490496063837782e+02
3.456000000000000000e+05	2.317490496063837782e+02
3.456000000000000000e+05	3.383703352923439525e+02
3.465000000000000000e+05	3.383703352923439525e+02
3.465000000000000000e+05	-1.005673820709775214e+03
3.474000000000000000e+05	-1.005673820709775214e+03
3.474000000000000000e+05	-2.539857807993539609e+02
3.483000000000000000e+05	-2.539857807993539609e+02
3.483000000000000000e+05	-9.610725522920256481e+01
3.492000000000000000e+05	-9.610725522920256481e+01
3.492000000000000000e+05	7.885008250223290815e+01
3.501000000000000000e+05	7.885008250223290815e+01
3.501000000000000000e+05	-9.480038337125075714e+02
3.510000000000000000e+05	-9.480038337125075714e+02
3.510000000000000000e+05	-2.878186902739689685e+02
3.519000000000000000e+05	-2.878186902739689685e+02
3.519000000000000000e+05	-1.382418515830649994e+02
3.528000000000000000e+05	-1.382418515830649994e+02
3.528000000000000000e+05	6.721845918612143578e+01
3.537000000000000000e+05	6.721845918612143578e+01
3.537000000000000000e+05	-9.954824727349637215e+02
3.546000000000000000e+05	-9.954824727349637215e+02
3.546000000000000000e+05	-3.069840257170144469e+02
3.555000000000000000e+05	-3.069840257170144469e+02
3.555000000000000000e+05	6.694219784078886732e+02
3.564000000000000000e+05	6.694219784078886732e+02
3.564000000000000000e+05	3.262367317539901705e+02
3.573000000000000000e+05	3.262367317539901705e+02
3.573000000000000000e+05	-1.446036486812216026e+03
3.582000000000000000e+05	-1.446036486812216026e+03
3.582000000000000000e+05	-4.095842393266502768e+02
3.591000000000000000e+05	-4.095842393266502768e+02
3.591000000000000000e+05	-1.843345066899782978e+02
3.600000000000000000e+05	-1.843345066899782978e+02
3.600000000000000000e+05	5.633194290957726480e+01
3.609000000000000000e+05	5.633194290957726480e+01
3.609000000000000000e+05	-1.336537048196285014e+03
3.618000000000000000e+05	-1.336537048196285014e+03
3.618000000000000000e+05	-1.829481890899478458e+02
3.627000000000000000e+05	-1.829481890899478458e+02
3.627000000000000000e+05	3.133209806838072836e+03
3.636000000000000000e+05	3.133209806838072836e+03
3.636000000000000000e+05	1.675663626722880508e+02
3.645000000000000000e+05	1.675663626722880508e+02
3.645000000000000000e+05	5.263942469320439159e+03
3.654000000000000000e+05	5.263942469320439159e+03
3.654000000000000000e+05	1.368382229256327264e+03
3.663000000000000000e+05	1.368382229256327264e+03
3.663000000000000000e+05	6.287985006721573882e+02
3.672000000000000000e+05	6.287985006721573882e+02
3.672000000000000000e+05	5.043829240750674217e+02
3.681000000000000000e+05	5.043829240750674217e+02
3.681000000000000000e+05	1.312389250888267270e+03
3.690000000000000000e+05	1.312389250888267270e+03
3.690000000000000000e+05	-1.164153218269348145e-10
3.699000000000000000e+05	-1.164153218269348145e-10
3.699000000000000000e+05	-4.505063479304662906e+02
3.708000000000000000e+05	-4.505063479304662906e+02
3.708000000000000000e+05	8.279084059199713010e+02
3.717000000000000000e+05	8.279084059199713010e+02
3.717000000000000000e+05	4.005014697556081501e+03
3.726000000000000000e+05	4.005014697556081501e+03
3.726000000000000000e+05	5.601957654307712801e+03
3.735000000000000000e+05	5.601957654307712801e+03
3.735000000000000000e+05	6.355222657898673788e+03
3.744000000000000000e+05	6.355222657898673788e+03
3.744000000000000000e+05	5.265920407891080686e+03
3.753000000000000000e+05	5.265920407891080686e+03
3.753000000000000000e+05	8.686262267489992155e+03
3.762000000000000000e+05	8.686262267489992155e+03
3.762000000000000000e+05	8.029039404627808835e+03
3.771000000000000000e+05	8.029039404627808835e+03
3.771000000000000000e+05	8.056147853685426526e+03
3.780000000000000000e+05	8.056147853685426526e+03
3.780000000000000000e+05	6.688848211129989068e+03
3.789000000000000000e+05	6.688848211129989068e+03
3.789000000000000000e+05	5.054628475597573015e+03
3.798000000000000000e+05	5.054628475597573015e+03
3.798000000000000000e+05	5.500714706015947741e+03
3.807000000000000000e+05	5.500714706015947741e+03
3.807000000000000000e+05	5.452915629166120198e+03
3.816000000000000000e+05	5.452915629166120198e+03
3.816000000000000000e+05	5.559300611431208381e+03
3.825000000000000000e+05	5.559300611431208381e+03
3.825000000000000000e+05	1.883937857156121936e+03
3.834000000000000000e+05	1.883937857156121936e+03
3.834000000000000000e+05	3.999303317829268053e+03
3.843000000000000000e+05	3.999303317829268053e+03
3.843000000000000000e+05	3.697563044488430023e+03
3.852000000000000000e+05	3.697563044488430023e+03
3.852000000000000000e+05	3.996529501699031243e+03
3.861000000000000000e+05	3.996529501699031243e+03
3.861000000000000000e+05	3.252419704946156571e+02
3.870000000000000000e+05	3.252419704946156571e+02
3.870000000000000000e+05	9.003270029575796798e+02
3.879000000000000000e+05	9.003270029575796798e+02
3.879000000000000000e+05	8.463591084708459675e+02
3.888000000000000000e+05	8.463591084708459675e+02
3.888000000000000000e+05	1.266095454247564703e+03
3.897000000000000000e+05	1.266095454247564703e+03
3.897000000000000000e+05	6.628807360253408660e+03
3.906000000000000000e+05	6.628807360253408660e+03
3.906000000000000000e+05	2.007351161159458570e+03
3.915000000000000000e+05	2.007351161159458570e+03
3.915000000000000000e+05	2.827552035149128642e+03
3.924000000000000000e+05	2.827552035149128642e+03
3.924000000000000000e+05	1.734903012310032864e+03
3.933000000000000000e+05	1.734903012310032864e+03
3.933000000000000000e+05	3.933537632831626524e+03
3.942000000000000000e+05	3.933537632831626524e+03
3.942000000000000000e+05	2.239536701202741824e+03
3.951000000000000000e+05	2.239536701202741824e+03
3.951000000000000000e+05	2.488598522802058142e+03
3.960000000000000000e+05	2.488598522802058142e+03
3.960000000000000000e+05	8.036692201109544840e+02
3.969000000000000000e+05	8.036692201109544840e+02
3.969000000000000000e+05	6.338285672628360771e+03
3.978000000000000000e+05	6.338285672628360771e+03
3.978000000000000000e+05	2.134806278496806044e+03
3.987000000000000000e+05	2.134806278496806044e+03
3.987000000000000000e+05	2.870589512347185519e+03
3.996000000000000000e+05	2.870589512347185519e+03
3.996000000000000000e+05	2.475952077593097783e+03
4.005000000000000000e+05	2.475952077593097783e+03
4.005000000000000000e+05	4.147405076696773563e+02
4.014000000000000000e+05	4.147405076696773563e+02
4.014000000000000000e+05	2.036152281823568046e+03
4.023000000000000000e+05	2.036152281823568046e+03
4.023000000000000000e+05	1.711759126506687608e+03
4.032000000000000000e+05	1.711759126506687608e+03
4.032000000000000000e+05	1.133018805315208738e+03
4.041000000000000000e+05	1.133018805315208738e+03
4.041000000000000000e+05	2.836257662208491183e+03
4.050000000000000000e+05	2.836257662208491183e+03
4.050000000000000000e+05	1.419265729031700175e+03
4.059000000000000000e+05	1.419265729031700175e+03
4.059000000000000000e+05	1.646662401352950837e+03
4.068000000000000000e+05	1.646662401352950837e+03
4.068000000000000000e+05	2.059985658698256884e+03
4.077000000000000000e+05	2.059985658698256884e+03
4.077000000000000000e+05	5.168418829452712089e+02
4.086000000000000000e+05	5.168418829452712089e+02
4.086000000000000000e+05	2.574732290332380217e+03
4.095000000000000000e+05	2.574732290332380217e+03
4.095000000000000000e+05	2.637463768738205545e+03
4.104000000000000000e+05	2.637463768738205545e+03
4.104000000000000000e+05	9.816295412602430588e+02
4.113000000000000000e+05	9.816295412602430588e+02
4.113000000000000000e+05	6.416791381378858205e+03
4.122000000000000000e+05	6.416791381378858205e+03
4.122000000000000000e+05	2.193691925954830367e+03
4.131000000000000000e+05	2.193691925954830367e+03
4.131000000000000000e+05	2.575325445849914104e+03
4.140000000000000000e+05	2.575325445849914104e+03
4.140000000000000000e+05	1.328548365424590884e+03
4.149000000000000000e+05	1.328548365424590884e+03
4.149000000000000000e+05	6.545520822489897910e+03
4.158000000000000000e+05	6.545520822489897910e+03
4.158000000000000000e+05	2.496888859084574506e+03
4.167000000000000000e+05	2.496888859084574506e+03
4.167000000000000000e+05	3.192894656933727674e+03
4.176000000000000000e+05	3.192894656933727674e+03
4.176000000000000000e+05	2.602928720724576124e+03
4.185000000000000000e+05	2.602928720724576124e+03
4.185000000000000000e+05	2.784839893950156238e+03
4.194000000000000000e+05	2.784839893950156238e+03
4.194000000000000000e+05	1.436895209431357216e+03
4.203000000000000000e+05	1.436895209431357216e+03
4.203000000000000000e+05	1.010167968213150743e+03
4.212000000000000000e+05	1.010167968213150743e+03
4.212000000000000000e+05	7.594421380199673877e+02
4.221000000000000000e+05	7.594421380199673877e+02
4.221000000000000000e+05	2.226593852838015209e+03
4.230000000000000000e+05	2.226593852838015209e+03
4.230000000000000000e+05	9.268131166982930154e+02
4.239000000000000000e+05	9.268131166982930154e+02
4.239000000000000000e+05	5.887630196570535190e+02
4.248000000000000000e+05	5.887630196570535190e+02
4.248000000000000000e+05	2.788851752844529983e+02
4.257000000000000000e+05	2.788851752844529983e+02
4.257000000000000000e+05	-1.803681239151187356e+03
4.266000000000000000e+05	-1.803681239151187356e+03
4.266000000000000000e+05	-5.249784902143874206e+02
4.275000000000000000e+05	-5.249784902143874206e+02
4.275000000000000000e+05	-2.427023768343497068e+02
4.284000000000000000e+05	-2.427023768343497068e+02
4.284000000000000000e+05	3.603184166944902245e+01
4.293000000000000000e+05	3.603184166944902245e+01
4.293000000000000000e+05	-1.569039450776800550e+03
4.302000000000000000e+05	-1.569039450776800550e+03
4.302000000000000000e+05	-5.015989196261507459e+02
4.311000000000000000e+05	-5.015989196261507459e+02
4.311000000000000000e+05	-2.561171297334367409e+02
4.320000000000000000e+05	-2.561171297334367409e+02
4.320000000000000000e+05	3.124390797769046912e+01
4.329000000000000000e+05	3.124390797769046912e+01
4.329000000000000000e+05	-1.525145511724660537e+03
4.338000000000000000e+05	-1.525145511724660537e+03
4.338000000000000000e+05	-4.899578262203722261e+02
4.347000000000000000e+05	-4.899578262203722261e+02
4.347000000000000000e+05	-2.514402800574316643e+02
4.356000000000000000e+05	-2.514402800574316643e+02
4.356000000000000000e+05	3.307682891186595953e+01
4.365000000000000000e+05	3.307682891186595953e+01
4.365000000000000000e+05	-1.497447953333307851e+03
4.374000000000000000e+05	-1.497447953333307851e+03
4.374000000000000000e+05	-4.805073740941006690e+02
4.383000000000000000e+05	-4.805073740941006690e+02
4.383000000000000000e+05	-2.461707423158804886e+02
4.392000000000000000e+05	-2.461707423158804886e+02
4.392000000000000000e+05	3.522009136693122855e+01
4.401000000000000000e+05	3.522009136693122855e+01
4.401000000000000000e+05	1.553353250740132808e+03
4.410000000000000000e+05	1.553353250740132808e+03
4.410000000000000000e+05	6.161415193607099354e+02
4.419000000000000000e+05	6.161415193607099354e+02
4.419000000000000000e+05	7.760169736103271134e+02
4.428000000000000000e+05	7.760169736103271134e+02
4.428000000000000000e+05	4.928301028178611887e+02
4.437000000000000000e+05	4.928301028178611887e+02
4.437000000000000000e+05	2.551606837292108139e+03
4.446000000000000000e+05	2.551606837292108139e+03
4.446000000000000000e+05	1.040060803894069977e+03
4.455000000000000000e+05	1.040060803894069977e+03
4.455000000000000000e+05	1.295693586044537369e+03
4.464000000000000000e+05	1.295693586044537369e+03
4.464000000000000000e+05	2.287039727838655381e+02
4.473000000000000000e+05	2.287039727838655381e+02
4.473000000000000000e+05	5.848532311526850208e+03
4.482000000000000000e+05	5.848532311526850208e+03
4.482000000000000000e+05	1.172963117619336117e+03
4.491000000000000000e+05	1.172963117619336117e+03
4.491000000000000000e+05	1.836507643131189980e+03
4.500000000000000000e+05	1.836507643131189980e+03
4.500000000000000000e+05	1.624022708562888511e+03
4.509000000000000000e+05	1.624022708562888511e+03
4.509000000000000000e+05	3.351892855635943761e+03
4.518000000000000000e+05	3.351892855635943761e+03
4.518000000000000000e+05	1.874779762658523396e+03
4.527000000000000000e+05	1.874779762658523396e+03
4.527000000000000000e+05	2.229795780440443195e+03
4.536000000000000000e+05	2.229795780440443195e+03
4.536000000000000000e+05	1.270231123482616567e+03
4.545000000000000000e+05	1.270231123482616567e+03
4.545000000000000000e+05	2.426548734361488641e+03
4.554000000000000000e+05	2.426548734361488641e+03
4.554000000000000000e+05	-6.029369973541470245e+02
4.563000000000000000e+05	-6.029369973541470245e+02
4.563000000000000000e+05	-1.977128823866078164e+03
4.572000000000000000e+05	-1.977128823866078164e+03
4.572000000000000000e+05	1.016312014799101235e+03
4.581000000000000000e+05	1.016312014799101235e+03
4.581000000000000000e+05	4.398949767324798813e+03
4.590000000000000000e+05	4.398949767324798813e+03
4.590000000000000000e+05	5.762807311217417009e+03
4.599000000000000000e+05	5.762807311217417009e+03
4.599000000000000000e+05	6.451586864327022340e+03
4.608000000000000000e+05	6.451586864327022340e+03
4.608000000000000000e+05	5.388680164020111988e+03
4.617000000000000000e+05	5.388680164020111988e+03
4.617000000000000000e+05	8.795887350325478110e+03
4.626000000000000000e+05	8.795887350325478110e+03
4.626000000000000000e+05	8.091060992909595370e+03
4.635000000000000000e+05	8.091060992909595370e+03
4.635000000000000000e+05	8.101979437569854781e+03
4.644000000000000000e+05	8.101979437569854781e+03
4.644000000000000000e+05	7.278391747290705098e+03
4.653000000000000000e+05	7.278391747290705098e+03
4.653000000000000000e+05	4.376126562967328937e+03
4.662000000000000000e+05	4.376126562967328937e+03
4.662000000000000000e+05	6.818985540444147773e+03
4.671000000000000000e+05	6.818985540444147773e+03
4.671000000000000000e+05	5.846034945144259837e+03
4.680000000000000000e+05	5.846034945144259837e+03
4.680000000000000000e+05	5.324910604935463198e+03
4.689000000000000000e+05	5.324910604935463198e+03
4.689000000000000000e+05	4.199769952017553805e+03
4.698000000000000000e+05	4.199769952017553805e+03
4.698000000000000000e+05	4.333646101675927639e+03
4.707000000000000000e+05	4.333646101675927639e+03
4.707000000000000000e+05	4.314270914859836921e+03
4.716000000000000000e+05	4.314270914859836921e+03
4.716000000000000000e+05	3.514264561559244612e+03
4.725000000000000000e+05	3.514264561559244612e+03
4.725000000000000000e+05	4.942709509737001099e+03
4.734000000000000000e+05	4.942709509737001099e+03
4.734000000000000000e+05	3.264380936516739894e+03
4.743000000000000000e+05	3.264380936516739894e+03
4.743000000000000000e+05	3.571054187589790672e+03
4.752000000000000000e+05	3.571054187589790672e+03
4.752000000000000000e+05	3.123204849886049487e+03
4.761000000000000000e+05	3.123204849886049487e+03
4.761000000000000000e+05	2.165317335625408759e+03
4.770000000000000000e+05	2.165317335625408759e+03
4.770000000000000000e+05	3.324467687658267096e+03
4.779000000000000000e+05	3.324467687658267096e+03
4.779000000000000000e+05	3.209773810071928892e+03
4.788000000000000000e+05	3.209773810071928892e+03
4.788000000000000000e+05	2.277085646092818934e+03
4.797000000000000000e+05	2.277085646092818934e+03
4.797000000000000000e+05	2.806875234969488247e+03
4.806000000000000000e+05	2.806875234969488247e+03
4.806000000000000000e+05	1.466898390445276164e+03
4.815000000000000000e+05	1.466898390445276164e+03
4.815000000000000000e+05	4.224174665737140458e+03
4.824000000000000000e+05	4.224174665737140458e+03
4.824000000000000000e+05	2.485587408252555178e+03
4.833000000000000000e+05	2.485587408252555178e+03
4.833000000000000000e+05	2.722373631142083013e+03
4.842000000000000000e+05	2.722373631142083013e+03
4.842000000000000000e+05	3.138544088480819482e+03
4.851000000000000000e+05	3.138544088480819482e+03
4.851000000000000000e+05	2.413373009372677188e+03
4.860000000000000000e+05	2.413373009372677188e+03
4.860000000000000000e+05	1.789884362037215396e+03
4.869000000000000000e+05	1.789884362037215396e+03
4.869000000000000000e+05	2.622357053191002251e+03
4.878000000000000000e+05	2.622357053191002251e+03
4.878000000000000000e+05	1.270694380242202897e+03
4.887000000000000000e+05	1.270694380242202897e+03
4.887000000000000000e+05	3.303935370229068212e+03
4.896000000000000000e+05	3.303935370229068212e+03
4.896000000000000000e+05	2.032881650519122559e+03
4.905000000000000000e+05	2.032881650519122559e+03
4.905000000000000000e+05	3.628093297271101619e+03
4.914000000000000000e+05	3.628093297271101619e+03
4.914000000000000000e+05	1.490765029315545689e+03
4.923000000000000000e+05	1.490765029315545689e+03
4.923000000000000000e+05	1.944863945541030262e+03
4.932000000000000000e+05	1.944863945541030262e+03
4.932000000000000000e+05	9.165769924568548959e+02
4.941000000000000000e+05	9.165769924568548959e+02
4.941000000000000000e+05	4.829268690493918257e+03
4.950000000000000000e+05	4.829268690493918257e+03
4.950000000000000000e+05	1.439158273205976002e+03
4.959000000000000000e+05	1.439158273205976002e+03
4.959000000000000000e+05	1.942686473480018321e+03
4.968000000000000000e+05	1.942686473480018321e+03
4.968000000000000000e+05	9.465236669988826179e+02
4.977000000000000000e+05	9.465236669988826179e+02
4.977000000000000000e+05	5.888878315372237012e+03
4.986000000000000000e+05	5.888878315372237012e+03
4.986000000000000000e+05	1.286895460943982471e+03
4.995000000000000000e+05	1.286895460943982471e+03
4.995000000000000000e+05	1.990589000848005526e+03
5.004000000000000000e+05	1.990589000848005526e+03
5.004000000000000000e+05	1.051057511829279974e+03
5.013000000000000000e+05	1.051057511829279974e+03
5.013000000000000000e+05	5.777509096085769670e+03
5.022000000000000000e+05	5.777509096085769670e+03
5.022000000000000000e+05	2.727283953727921471e+03
5.031000000000000000e+05	2.727283953727921471e+03
5.031000000000000000e+05	3.459960442186798900e+03
5.040000000000000000e+05	3.459960442186798900e+03
5.040000000000000000e+05	2.621204545041779056e+03
5.049000000000000000e+05	2.621204545041779056e+03
5.049000000000000000e+05	2.774702879784628749e+03
5.058000000000000000e+05	2.774702879784628749e+03
5.058000000000000000e+05	1.433916883723984938e+03
5.067000000000000000e+05	1.433916883723984938e+03
5.067000000000000000e+05	1.009514372143719811e+03
5.076000000000000000e+05	1.009514372143719811e+03
5.076000000000000000e+05	7.627948737148435612e+02
5.085000000000000000e+05	7.627948737148435612e+02
5.085000000000000000e+05	2.228447058926787577e+03
5.094000000000000000e+05	2.228447058926787577e+03
5.094000000000000000e+05	9.286758466300088912e+02
5.103000000000000000e+05	9.286758466300088912e+02
5.103000000000000000e+05	5.903969316859729588e+02
5.112000000000000000e+05	5.903969316859729588e+02
5.112000000000000000e+05	2.812327050928624885e+02
5.121000000000000000e+05	2.812327050928624885e+02
5.121000000000000000e+05	-1.802983087419895810e+03
5.130000000000000000e+05	-1.802983087419895810e+03
5.130000000000000000e+05	-5.245608541352557950e+02
5.139000000000000000e+05	-5.245608541352557950e+02
5.139000000000000000e+05	-2.426039256536751054e+02
5.148000000000000000e+05	-2.426039256536751054e+02
5.148000000000000000e+05	3.580227891167123744e+01
5.157000000000000000e+05	3.580227891167123744e+01
5.157000000000000000e+05	-1.567520165906931652e+03
5.166000000000000000e+05	-1.567520165906931652e+03
5.166000000000000000e+05	-5.012458189090248197e+02
5.175000000000000000e+05	-5.012458189090248197e+02
5.175000000000000000e+05	-2.558992815866367891e+02
5.184000000000000000e+05	-2.558992815866367891e+02
5.184000000000000000e+05	3.150366254714936076e+01
5.193000000000000000e+05	3.150366254714936076e+01
5.193000000000000000e+05	-1.523219533766029372e+03
5.202000000000000000e+05	-1.523219533766029372e+03
5.202000000000000000e+05	-4.887835291269002482e+02
5.211000000000000000e+05	-4.887835291269002482e+02
5.211000000000000000e+05	-2.502639283258467913e+02
5.220000000000000000e+05	-2.502639283258467913e+02
5.220000000000000000e+05	3.381539049667753716e+01
5.229000000000000000e+05	3.381539049667753716e+01
5.229000000000000000e+05	-4.856162623940057301e+02
5.238000000000000000e+05	-4.856162623940057301e+02
5.238000000000000000e+05	4.660132470561075024e+02
5.247000000000000000e+05	4.660132470561075024e+02
5.247000000000000000e+05	3.272748456664849073e+02
5.256000000000000000e+05	3.272748456664849073e+02
5.256000000000000000e+05	1.899320623422281642e+02
5.265000000000000000e+05	1.899320623422281642e+02
5.265000000000000000e+05	1.161075245220243232e+03
5.274000000000000000e+05	1.161075245220243232e+03
5.274000000000000000e+05	-1.746229827404022217e-10
5.283000000000000000e+05	-1.746229827404022217e-10
5.283000000000000000e+05	0.000000000000000000e+00
5.292000000000000000e+05	0.000000000000000000e+00
5.292000000000000000e+05	2.324637078208734238e+02
5.301000000000000000e+05	2.324637078208734238e+02
5.301000000000000000e+05	5.548026542681395767e+03
5.310000000000000000e+05	5.548026542681395767e+03
5.310000000000000000e+05	9.524169312559533864e+02
5.319000000000000000e+05	9.524169312559533864e+02
5.319000000000000000e+05	1.703054884374665562e+03
5.328000000000000000e+05	1.703054884374665562e+03
5.328000000000000000e+05	6.359405797244380665e+02
5.337000000000000000e+05	6.359405797244380665e+02
5.337000000000000000e+05	5.680609918935557289e+03
5.346000000000000000e+05	5.680609918935557289e+03
5.346000000000000000e+05	1.628055707135179546e+03
5.355000000000000000e+05	1.628055707135179546e+03
5.355000000000000000e+05	2.204782348872220609e+03
5.364000000000000000e+05	2.204782348872220609e+03
5.364000000000000000e+05	1.980599461651554520e+03
5.373000000000000000e+05	1.980599461651554520e+03
5.373000000000000000e+05	2.484375909564981612e+03
5.382000000000000000e+05	2.484375909564981612e+03
5.382000000000000000e+05	2.273989300813118462e+03
5.391000000000000000e+05	2.273989300813118462e+03
5.391000000000000000e+05	2.305757978304987773e+03
5.400000000000000000e+05	2.305757978304987773e+03
5.400000000000000000e+05	1.314529502747246624e+03
5.409000000000000000e+05	1.314529502747246624e+03
5.409000000000000000e+05	4.371859846210236356e+03
5.418000000000000000e+05	4.371859846210236356e+03
5.418000000000000000e+05	1.600349827810365241e+03
5.427000000000000000e+05	1.600349827810365241e+03
5.427000000000000000e+05	-2.647191592307412066e+03
5.436000000000000000e+05	-2.647191592307412066e+03
5.436000000000000000e+05	1.286921484257556585e+03
5.445000000000000000e+05	1.286921484257556585e+03
5.445000000000000000e+05	4.807639810037872849e+03
5.454000000000000000e+05	4.807639810037872849e+03
5.454000000000000000e+05	5.973684223430755083e+03
5.463000000000000000e+05	5.973684223430755083e+03
5.463000000000000000e+05	6.599249016408401076e+03
5.472000000000000000e+05	6.599249016408401076e+03
5.472000000000000000e+05	5.592658307200290437e+03
5.481000000000000000e+05	5.592658307200290437e+03
5.481000000000000000e+05	8.827825374472267868e+03
5.490000000000000000e+05	8.827825374472267868e+03
5.490000000000000000e+05	8.142363688623241615e+03
5.499000000000000000e+05	8.142363688623241615e+03
5.499000000000000000e+05	8.147720877927786205e+03
5.508000000000000000e+05	8.147720877927786205e+03
5.508000000000000000e+05	7.341632110153899703e+03
5.517000000000000000e+05	7.341632110153899703e+03
5.517000000000000000e+05	4.248849975220237866e+03
5.526000000000000000e+05	4.248849975220237866e+03
5.526000000000000000e+05	5.811773966697510332e+03
5.535000000000000000e+05	5.811773966697510332e+03
5.535000000000000000e+05	5.680328505513258278e+03
5.544000000000000000e+05	5.680328505513258278e+03
5.544000000000000000e+05	4.999777124382249895e+03
5.553000000000000000e+05	4.999777124382249895e+03
5.553000000000000000e+05	4.970553474332233236e+03
5.562000000000000000e+05	4.970553474332233236e+03
5.562000000000000000e+05	4.021579250239359681e+03
5.571000000000000000e+05	4.021579250239359681e+03
5.571000000000000000e+05	4.162220020264387131e+03
5.580000000000000000e+05	4.162220020264387131e+03
5.580000000000000000e+05	4.279411944073461200e+03
5.589000000000000000e+05	4.279411944073461200e+03
5.589000000000000000e+05	1.888773354780179034e+03
5.598000000000000000e+05	1.888773354780179034e+03
5.598000000000000000e+05	3.425113409035373479e+03
5.607000000000000000e+05	3.425113409035373479e+03
5.607000000000000000e+05	3.251398781844298355e+03
5.616000000000000000e+05	3.251398781844298355e+03
5.616000000000000000e+05	2.271768112820571332e+03
5.625000000000000000e+05	2.271768112820571332e+03
5.625000000000000000e+05	3.761391431716244824e+03
5.634000000000000000e+05	3.761391431716244824e+03
5.634000000000000000e+05	2.913594039776886348e+03
5.643000000000000000e+05	2.913594039776886348e+03
5.643000000000000000e+05	3.098498236663173884e+03
5.652000000000000000e+05	3.098498236663173884e+03
5.652000000000000000e+05	2.103709102243536108e+03
5.661000000000000000e+05	2.103709102243536108e+03
5.661000000000000000e+05	4.568570322973027942e+03
5.670000000000000000e+05	4.568570322973027942e+03
5.670000000000000000e+05	2.472667147282685619e+03
5.679000000000000000e+05	2.472667147282685619e+03
5.679000000000000000e+05	2.790206862869090401e+03
5.688000000000000000e+05	2.790206862869090401e+03
5.688000000000000000e+05	2.802841409471990119e+03
5.697000000000000000e+05	2.802841409471990119e+03
5.697000000000000000e+05	1.973096769223042202e+03
5.706000000000000000e+05	1.973096769223042202e+03
5.706000000000000000e+05	2.137299996391520835e+03
5.715000000000000000e+05	2.137299996391520835e+03
5.715000000000000000e+05	2.741209751547954511e+03
5.724000000000000000e+05	2.741209751547954511e+03
5.724000000000000000e+05	1.066407951356331978e+03
5.733000000000000000e+05	1.066407951356331978e+03
5.733000000000000000e+05	6.100803598842757310e+03
5.742000000000000000e+05	6.100803598842757310e+03
5.742000000000000000e+05	1.618494315956311766e+03
5.751000000000000000e+05	1.618494315956311766e+03
5.751000000000000000e+05	2.128011755484039895e+03
5.760000000000000000e+05	2.128011755484039895e+03
5.760000000000000000e+05	1.223822273566309377e+03
5.769000000000000000e+05	1.223822273566309377e+03
5.769000000000000000e+05	6.247445237187434941e+03
5.778000000000000000e+05	6.247445237187434941e+03
5.778000000000000000e+05	1.566622164873057045e+03
5.787000000000000000e+05	1.566622164873057045e+03
5.787000000000000000e+05	2.309411178471229505e+03
5.796000000000000000e+05	2.309411178471229505e+03
5.796000000000000000e+05	2.627412907992500550e+03
5.805000000000000000e+05	2.627412907992500550e+03
5.805000000000000000e+05	1.536760537256761609e+03
5.814000000000000000e+05	1.536760537256761609e+03
5.814000000000000000e+05	2.169612073822354432e+03
5.823000000000000000e+05	2.169612073822354432e+03
5.823000000000000000e+05	1.134736571837041993e+03
5.832000000000000000e+05	1.134736571837041993e+03
5.832000000000000000e+05	7.215432492096551869e+02
5.841000000000000000e+05	7.215432492096551869e+02
5.841000000000000000e+05	6.258752842437363142e+03
5.850000000000000000e+05	6.258752842437363142e+03
5.850000000000000000e+05	1.475713030885264743e+03
5.859000000000000000e+05	1.475713030885264743e+03
5.859000000000000000e+05	2.172525658040074632e+03
5.868000000000000000e+05	2.172525658040074632e+03
5.868000000000000000e+05	2.461379689625411629e+03
5.877000000000000000e+05	2.461379689625411629e+03
5.877000000000000000e+05	1.721677803213904781e+03
5.886000000000000000e+05	1.721677803213904781e+03
5.886000000000000000e+05	3.108524589511041995e+03
5.895000000000000000e+05	3.108524589511041995e+03
5.895000000000000000e+05	3.287341530661680736e+03
5.904000000000000000e+05	3.287341530661680736e+03
5.904000000000000000e+05	1.845928213590061205e+03
5.913000000000000000e+05	1.845928213590061205e+03
5.913000000000000000e+05	4.211064630036394192e+03
5.922000000000000000e+05	4.211064630036394192e+03
5.922000000000000000e+05	1.843251657881715801e+03
5.931000000000000000e+05	1.843251657881715801e+03
5.931000000000000000e+05	1.200354236042534467e+03
5.940000000000000000e+05	1.200354236042534467e+03
5.940000000000000000e+05	9.838970442697609542e+02
5.949000000000000000e+05	9.838970442697609542e+02
5.949000000000000000e+05	2.316014765317155252e+03
5.958000000000000000e+05	2.316014765317155252e+03
5.958000000000000000e+05	1.010404124917928129e+03
5.967000000000000000e+05	1.010404124917928129e+03
5.967000000000000000e+05	6.594347971072420478e+02
5.976000000000000000e+05	6.594347971072420478e+02
5.976000000000000000e+05	3.573303902883144474e+02
5.985000000000000000e+05	3.573303902883144474e+02
5.985000000000000000e+05	-1.771363175257500188e+03
5.994000000000000000e+05	-1.771363175257500188e+03
5.994000000000000000e+05	-4.942019470099476166e+02
6.003000000000000000e+05	-4.942019470099476166e+02
6.003000000000000000e+05	-2.161466505806893110e+02
6.012000000000000000e+05	-2.161466505806893110e+02
6.012000000000000000e+05	4.446349920293414471e+01
6.021000000000000000e+05	4.446349920293414471e+01
6.021000000000000000e+05	-1.485110447767777032e+03
6.030000000000000000e+05	-1.485110447767777032e+03
6.030000000000000000e+05	-4.689502784002106637e+02
6.039000000000000000e+05	-4.689502784002106637e+02
6.039000000000000000e+05	-2.351185970569495112e+02
6.048000000000000000e+05	-2.351185970569495112e+02
