# #1
# double t_DHW(1344, 2)
0.000000000000000000e+00	3.231499999999999773e+02
9.000000000000000000e+02	3.231499999999999773e+02
9.000000000000000000e+02	3.231380000000000337e+02
1.800000000000000000e+03	3.231380000000000337e+02
1.800000000000000000e+03	3.231260045000000218e+02
2.700000000000000000e+03	3.231260045000000218e+02
2.700000000000000000e+03	3.231140134983125449e+02
3.600000000000000000e+03	3.231140134983125449e+02
3.600000000000000000e+03	3.230506284580425813e+02
4.500000000000000000e+03	3.230506284580425813e+02
4.500000000000000000e+03	3.230386657223708085e+02
5.400000000000000000e+03	3.230386657223708085e+02
5.400000000000000000e+03	3.230267074727249224e+02
6.300000000000000000e+03	3.230267074727249224e+02
6.300000000000000000e+03	3.230147537074226420e+02
7.200000000000000000e+03	3.230147537074226420e+02
7.200000000000000000e+03	3.229515792563547052e+02
8.100000000000000000e+03	3.229515792563547052e+02
8.100000000000000000e+03	3.229396536641335729e+02
9.000000000000000000e+03	3.229396536641335729e+02
9.000000000000000000e+03	3.229277325440094160e+02
9.900000000000000000e+03	3.229277325440094160e+02
9.900000000000000000e+03	3.229158158943052968e+02
1.080000000000000000e+04	3.229158158943052968e+02
1.080000000000000000e+04	3.228528407746750872e+02
1.170000000000000000e+04	3.228528407746750872e+02
1.170000000000000000e+04	3.228409522093845681e+02
1.260000000000000000e+04	3.228409522093845681e+02
1.260000000000000000e+04	3.228290681023059392e+02
1.350000000000000000e+04	3.228290681023059392e+02
1.350000000000000000e+04	3.228171884517674926e+02
1.440000000000000000e+04	3.228171884517674926e+02
1.440000000000000000e+04	3.227544120015157887e+02
1.530000000000000000e+04	3.227544120015157887e+02
1.530000000000000000e+04	3.227425603470152282e+02
1.620000000000000000e+04	3.227425603470152282e+02
1.620000000000000000e+04	3.227307131368850150e+02
1.710000000000000000e+04	3.227307131368850150e+02
1.710000000000000000e+04	3.227188703694586138e+02
1.800000000000000000e+04	3.227188703694586138e+02
1.800000000000000000e+04	3.226562919294248104e+02
1.890000000000000000e+04	3.226562919294248104e+02
1.890000000000000000e+04	3.226444770699512787e+02
1.980000000000000000e+04	3.226444770699512787e+02
1.980000000000000000e+04	3.226326666410499229e+02
2.070000000000000000e+04	3.226326666410499229e+02
2.070000000000000000e+04	3.226208606410594371e+02
2.160000000000000000e+04	3.226208606410594371e+02
2.160000000000000000e+04	3.225584795537166087e+02
2.250000000000000000e+04	3.225584795537166087e+02
2.250000000000000000e+04	3.225467013738839341e+02
2.340000000000000000e+04	3.225467013738839341e+02
2.340000000000000000e+04	3.225349276108685785e+02
2.430000000000000000e+04	3.225349276108685785e+02
2.430000000000000000e+04	3.225231582630144089e+02
2.520000000000000000e+04	3.225231582630144089e+02
2.520000000000000000e+04	3.224609738747861911e+02
2.610000000000000000e+04	3.224609738747861911e+02
2.610000000000000000e+04	3.147992322145831281e+02
2.700000000000000000e+04	3.147992322145831281e+02
2.700000000000000000e+04	3.147903637525026852e+02
2.790000000000000000e+04	3.147903637525026852e+02
2.790000000000000000e+04	3.146914986160952594e+02
2.880000000000000000e+04	3.146914986160952594e+02
2.880000000000000000e+04	3.157319276332434583e+02
2.970000000000000000e+04	3.157319276332434583e+02
2.970000000000000000e+04	3.156327094103809827e+02
3.060000000000000000e+04	3.156327094103809827e+02
3.060000000000000000e+04	3.155335283943520608e+02
3.150000000000000000e+04	3.155335283943520608e+02
3.150000000000000000e+04	3.154343845712038501e+02
3.240000000000000000e+04	3.154343845712038501e+02
3.240000000000000000e+04	3.152964323307326708e+02
3.330000000000000000e+04	3.152964323307326708e+02
3.330000000000000000e+04	3.151973774186085961e+02
3.420000000000000000e+04	3.151973774186085961e+02
3.420000000000000000e+04	3.170917605533701362e+02
3.510000000000000000e+04	3.170917605533701362e+02
3.510000000000000000e+04	3.169920323931623329e+02
3.600000000000000000e+04	3.169920323931623329e+02
3.600000000000000000e+04	3.153805737690123578e+02
3.690000000000000000e+04	3.153805737690123578e+02
3.690000000000000000e+04	3.153714873038489372e+02
3.780000000000000000e+04	3.153714873038489372e+02
3.780000000000000000e+04	3.153624042461099748e+02
3.870000000000000000e+04	3.153624042461099748e+02
3.870000000000000000e+04	3.153333245965174569e+02
3.960000000000000000e+04	3.153333245965174569e+02
3.960000000000000000e+04	3.152835659950430909e+02
4.050000000000000000e+04	3.152835659950430909e+02
4.050000000000000000e+04	3.153455685393739145e+02
4.140000000000000000e+04	3.153455685393739145e+02
4.140000000000000000e+04	3.154075478327505948e+02
4.230000000000000000e+04	3.154075478327505948e+02
4.230000000000000000e+04	3.153084512523133753e+02
4.320000000000000000e+04	3.153084512523133753e+02
4.320000000000000000e+04	3.153782312852054019e+02
4.410000000000000000e+04	3.153782312852054019e+02
4.410000000000000000e+04	3.153691456984734600e+02
4.500000000000000000e+04	3.153691456984734600e+02
4.500000000000000000e+04	3.153600635188365118e+02
4.590000000000000000e+04	3.153600635188365118e+02
4.590000000000000000e+04	3.153509847450170014e+02
4.680000000000000000e+04	3.153509847450170014e+02
4.680000000000000000e+04	3.151440818743691352e+02
4.770000000000000000e+04	3.151440818743691352e+02
4.770000000000000000e+04	3.151350840936662507e+02
4.860000000000000000e+04	3.151350840936662507e+02
4.860000000000000000e+04	3.151260896871311274e+02
4.950000000000000000e+04	3.151260896871311274e+02
4.950000000000000000e+04	3.151170986534984877e+02
5.040000000000000000e+04	3.151170986534984877e+02
5.040000000000000000e+04	3.150701812899133074e+02
5.130000000000000000e+04	3.150701812899133074e+02
5.130000000000000000e+04	3.151322638535083911e+02
5.220000000000000000e+04	3.151322638535083911e+02
5.220000000000000000e+04	3.151232705045633224e+02
5.310000000000000000e+04	3.151232705045633224e+02
5.310000000000000000e+04	3.150242805281237111e+02
5.400000000000000000e+04	3.150242805281237111e+02
5.400000000000000000e+04	3.146237558005922210e+02
5.490000000000000000e+04	3.146237558005922210e+02
5.490000000000000000e+04	3.146149531421669963e+02
5.580000000000000000e+04	3.146149531421669963e+02
5.580000000000000000e+04	3.146061537847386944e+02
5.670000000000000000e+04	3.146061537847386944e+02
5.670000000000000000e+04	3.145073577270694045e+02
5.760000000000000000e+04	3.145073577270694045e+02
5.760000000000000000e+04	3.144614315407864638e+02
5.850000000000000000e+04	3.144614315407864638e+02
5.850000000000000000e+04	3.145237423855375596e+02
5.940000000000000000e+04	3.145237423855375596e+02
5.940000000000000000e+04	3.145149772321429964e+02
6.030000000000000000e+04	3.145149772321429964e+02
6.030000000000000000e+04	3.144162153656808982e+02
6.120000000000000000e+04	3.144162153656808982e+02
6.120000000000000000e+04	3.141132007515855662e+02
6.210000000000000000e+04	3.141132007515855662e+02
6.210000000000000000e+04	3.164945335711735765e+02
6.300000000000000000e+04	3.164945335711735765e+02
6.300000000000000000e+04	3.183884302723779456e+02
6.390000000000000000e+04	3.183884302723779456e+02
6.390000000000000000e+04	3.183782158610258080e+02
6.480000000000000000e+04	3.183782158610258080e+02
6.480000000000000000e+04	3.166624378020674158e+02
6.570000000000000000e+04	3.166624378020674158e+02
6.570000000000000000e+04	3.163873706378916495e+02
6.660000000000000000e+04	3.163873706378916495e+02
6.660000000000000000e+04	3.164289592574813810e+02
6.750000000000000000e+04	3.164289592574813810e+02
6.750000000000000000e+04	3.163994796497595416e+02
6.840000000000000000e+04	3.163994796497595416e+02
6.840000000000000000e+04	3.159980305142868247e+02
6.930000000000000000e+04	3.159980305142868247e+02
6.930000000000000000e+04	3.158987125028439777e+02
7.020000000000000000e+04	3.158987125028439777e+02
7.020000000000000000e+04	3.158894317356554211e+02
7.110000000000000000e+04	3.158894317356554211e+02
7.110000000000000000e+04	3.158801544487545812e+02
7.200000000000000000e+04	3.158801544487545812e+02
7.200000000000000000e+04	3.156982537092658845e+02
7.290000000000000000e+04	3.156982537092658845e+02
7.290000000000000000e+04	3.156890481141249438e+02
7.380000000000000000e+04	3.156890481141249438e+02
7.380000000000000000e+04	3.156798459710821589e+02
7.470000000000000000e+04	3.156798459710821589e+02
7.470000000000000000e+04	3.150306472348430589e+02
7.560000000000000000e+04	3.150306472348430589e+02
7.560000000000000000e+04	3.150286313606725344e+02
7.650000000000000000e+04	3.150286313606725344e+02
7.650000000000000000e+04	3.150196768739122604e+02
7.740000000000000000e+04	3.150196768739122604e+02
7.740000000000000000e+04	3.149207257450844963e+02
7.830000000000000000e+04	3.149207257450844963e+02
7.830000000000000000e+04	3.129518117089301086e+02
7.920000000000000000e+04	3.129518117089301086e+02
7.920000000000000000e+04	3.129311254783386858e+02
8.010000000000000000e+04	3.129311254783386858e+02
8.010000000000000000e+04	3.129229575562843024e+02
8.100000000000000000e+04	3.129229575562843024e+02
8.100000000000000000e+04	3.129147926972007099e+02
8.190000000000000000e+04	3.129147926972007099e+02
8.190000000000000000e+04	3.129066308999392163e+02
8.280000000000000000e+04	3.129066308999392163e+02
8.280000000000000000e+04	3.128645647100424867e+02
8.370000000000000000e+04	3.128645647100424867e+02
8.370000000000000000e+04	3.128564217482763183e+02
8.460000000000000000e+04	3.128564217482763183e+02
8.460000000000000000e+04	3.128482818401207055e+02
8.550000000000000000e+04	3.128482818401207055e+02
8.550000000000000000e+04	3.128401449844306512e+02
8.640000000000000000e+04	3.128401449844306512e+02
8.640000000000000000e+04	3.127982008592548482e+02
8.730000000000000000e+04	3.127982008592548482e+02
8.730000000000000000e+04	3.127900827839325757e+02
8.820000000000000000e+04	3.127900827839325757e+02
8.820000000000000000e+04	3.127819677528885904e+02
8.910000000000000000e+04	3.127819677528885904e+02
8.910000000000000000e+04	3.127738557649812492e+02
9.000000000000000000e+04	3.127738557649812492e+02
9.000000000000000000e+04	3.127320334472729542e+02
9.090000000000000000e+04	3.127320334472729542e+02
9.090000000000000000e+04	3.127239401847302247e+02
9.180000000000000000e+04	3.127239401847302247e+02
9.180000000000000000e+04	3.127158499571609696e+02
9.270000000000000000e+04	3.127158499571609696e+02
9.270000000000000000e+04	3.127077627634270129e+02
9.360000000000000000e+04	3.127077627634270129e+02
9.360000000000000000e+04	3.126660619856975245e+02
9.450000000000000000e+04	3.126660619856975245e+02
9.450000000000000000e+04	3.126579934624529642e+02
9.540000000000000000e+04	3.126579934624529642e+02
9.540000000000000000e+04	3.126499279649045206e+02
9.630000000000000000e+04	3.126499279649045206e+02
9.630000000000000000e+04	3.126418654919177129e+02
9.720000000000000000e+04	3.126418654919177129e+02
9.720000000000000000e+04	3.126002859898048882e+02
9.810000000000000000e+04	3.126002859898048882e+02
9.810000000000000000e+04	3.154769789746638367e+02
9.900000000000000000e+04	3.154769789746638367e+02
9.900000000000000000e+04	3.183525931996535974e+02
9.990000000000000000e+04	3.183525931996535974e+02
9.990000000000000000e+04	3.183423922272036748e+02
1.008000000000000000e+05	3.183423922272036748e+02
1.008000000000000000e+05	3.158989263672984862e+02
1.017000000000000000e+05	3.158989263672984862e+02
1.017000000000000000e+05	3.158896455199107436e+02
1.026000000000000000e+05	3.158896455199107436e+02
1.026000000000000000e+05	3.158803681528407878e+02
1.035000000000000000e+05	3.158803681528407878e+02
1.035000000000000000e+05	3.158710942647834372e+02
1.044000000000000000e+05	3.158710942647834372e+02
1.044000000000000000e+05	3.158224233603125981e+02
1.053000000000000000e+05	3.158224233603125981e+02
1.053000000000000000e+05	3.158131712015525068e+02
1.062000000000000000e+05	3.158131712015525068e+02
1.062000000000000000e+05	3.181114588937164172e+02
1.071000000000000000e+05	3.181114588937164172e+02
1.071000000000000000e+05	3.205961483466313098e+02
1.080000000000000000e+05	3.205961483466313098e+02
1.080000000000000000e+05	3.220694042274948288e+02
1.089000000000000000e+05	3.220694042274948288e+02
1.089000000000000000e+05	3.220578094509094740e+02
1.098000000000000000e+05	3.220578094509094740e+02
1.098000000000000000e+05	3.220462190223653920e+02
1.107000000000000000e+05	3.220462190223653920e+02
1.107000000000000000e+05	3.220346329402320293e+02
1.116000000000000000e+05	3.220346329402320293e+02
1.116000000000000000e+05	3.220199401339055498e+02
1.125000000000000000e+05	3.220199401339055498e+02
1.125000000000000000e+05	3.191183638893552938e+02
1.134000000000000000e+05	3.191183638893552938e+02
1.134000000000000000e+05	3.191078757528968026e+02
1.143000000000000000e+05	3.191078757528968026e+02
1.143000000000000000e+05	3.190073915494894550e+02
1.152000000000000000e+05	3.190073915494894550e+02
1.152000000000000000e+05	3.190035985307679880e+02
1.161000000000000000e+05	3.190035985307679880e+02
1.161000000000000000e+05	3.189031534313189127e+02
1.170000000000000000e+05	3.189031534313189127e+02
1.170000000000000000e+05	3.188027459987821430e+02
1.179000000000000000e+05	3.188027459987821430e+02
1.179000000000000000e+05	3.187023762190326011e+02
1.188000000000000000e+05	3.187023762190326011e+02
1.188000000000000000e+05	3.185595768216892907e+02
1.197000000000000000e+05	3.185595768216892907e+02
1.197000000000000000e+05	3.184592982303811368e+02
1.206000000000000000e+05	3.184592982303811368e+02
1.206000000000000000e+05	3.184490572435447575e+02
1.215000000000000000e+05	3.184490572435447575e+02
1.215000000000000000e+05	3.183488200970784305e+02
1.224000000000000000e+05	3.183488200970784305e+02
1.224000000000000000e+05	3.182944017169976405e+02
1.233000000000000000e+05	3.182944017169976405e+02
1.233000000000000000e+05	3.182842225663537761e+02
1.242000000000000000e+05	3.182842225663537761e+02
1.242000000000000000e+05	3.182740472328914052e+02
1.251000000000000000e+05	3.182740472328914052e+02
1.251000000000000000e+05	3.182438757171790940e+02
1.260000000000000000e+05	3.182438757171790940e+02
1.260000000000000000e+05	3.181878844470314789e+02
1.269000000000000000e+05	3.181878844470314789e+02
1.269000000000000000e+05	3.181777452403638335e+02
1.278000000000000000e+05	3.181777452403638335e+02
1.278000000000000000e+05	3.181676098358987019e+02
1.287000000000000000e+05	3.181676098358987019e+02
1.287000000000000000e+05	3.180674782322102487e+02
1.296000000000000000e+05	3.180674782322102487e+02
1.296000000000000000e+05	3.179230040874449514e+02
1.305000000000000000e+05	3.179230040874449514e+02
1.305000000000000000e+05	3.179840168424910871e+02
1.314000000000000000e+05	3.179840168424910871e+02
1.314000000000000000e+05	3.180450067177540632e+02
1.323000000000000000e+05	3.180450067177540632e+02
1.323000000000000000e+05	3.180349210902349455e+02
1.332000000000000000e+05	3.180349210902349455e+02
1.332000000000000000e+05	3.181423933620212097e+02
1.341000000000000000e+05	3.181423933620212097e+02
1.341000000000000000e+05	3.181322712145104674e+02
1.350000000000000000e+05	3.181322712145104674e+02
1.350000000000000000e+05	3.203172687279603679e+02
1.359000000000000000e+05	3.203172687279603679e+02
1.359000000000000000e+05	3.203063310021873917e+02
1.368000000000000000e+05	3.203063310021873917e+02
1.368000000000000000e+05	3.178556444455800829e+02
1.377000000000000000e+05	3.178556444455800829e+02
1.377000000000000000e+05	3.200541554323231139e+02
1.386000000000000000e+05	3.200541554323231139e+02
1.386000000000000000e+05	3.221452671257190445e+02
1.395000000000000000e+05	3.221452671257190445e+02
1.395000000000000000e+05	3.214781439005469110e+02
1.404000000000000000e+05	3.214781439005469110e+02
1.404000000000000000e+05	3.199203768148624931e+02
1.413000000000000000e+05	3.199203768148624931e+02
1.413000000000000000e+05	3.199095879235569555e+02
1.422000000000000000e+05	3.199095879235569555e+02
1.422000000000000000e+05	3.198988030780856207e+02
1.431000000000000000e+05	3.198988030780856207e+02
1.431000000000000000e+05	3.197980222769313627e+02
1.440000000000000000e+05	3.197980222769313627e+02
1.440000000000000000e+05	3.197411074454490745e+02
1.449000000000000000e+05	3.197411074454490745e+02
1.449000000000000000e+05	3.197303857801570643e+02
1.458000000000000000e+05	3.197303857801570643e+02
1.458000000000000000e+05	3.197196681354894849e+02
1.467000000000000000e+05	3.197196681354894849e+02
1.467000000000000000e+05	3.196189545099387033e+02
1.476000000000000000e+05	3.196189545099387033e+02
1.476000000000000000e+05	3.195623471598626679e+02
1.485000000000000000e+05	3.195623471598626679e+02
1.485000000000000000e+05	3.195516925296777231e+02
1.494000000000000000e+05	3.195516925296777231e+02
1.494000000000000000e+05	3.195410418949791165e+02
1.503000000000000000e+05	3.195410418949791165e+02
1.503000000000000000e+05	3.195303952542685124e+02
1.512000000000000000e+05	3.195303952542685124e+02
1.512000000000000000e+05	3.194745989110805908e+02
1.521000000000000000e+05	3.194745989110805908e+02
1.521000000000000000e+05	3.193739771864889576e+02
1.530000000000000000e+05	3.193739771864889576e+02
1.530000000000000000e+05	3.193433931970440085e+02
1.539000000000000000e+05	3.193433931970440085e+02
1.539000000000000000e+05	3.193128206765951518e+02
1.548000000000000000e+05	3.193128206765951518e+02
1.548000000000000000e+05	3.192578320746949885e+02
1.557000000000000000e+05	3.192578320746949885e+02
1.557000000000000000e+05	3.191572916376669582e+02
1.566000000000000000e+05	3.191572916376669582e+02
1.566000000000000000e+05	3.191467889033028200e+02
1.575000000000000000e+05	3.191467889033028200e+02
1.575000000000000000e+05	3.204632117323872080e+02
1.584000000000000000e+05	3.204632117323872080e+02
1.584000000000000000e+05	3.187800162921719220e+02
1.593000000000000000e+05	3.187800162921719220e+02
1.593000000000000000e+05	3.187696550360623746e+02
1.602000000000000000e+05	3.187696550360623746e+02
1.602000000000000000e+05	3.236240522820721708e+02
1.611000000000000000e+05	3.236240522820721708e+02
1.611000000000000000e+05	3.268796439236882634e+02
1.620000000000000000e+05	3.268796439236882634e+02
1.620000000000000000e+05	3.227419315966169506e+02
1.629000000000000000e+05	3.227419315966169506e+02
1.629000000000000000e+05	3.227300846222681798e+02
1.638000000000000000e+05	3.227300846222681798e+02
1.638000000000000000e+05	3.226282420905347976e+02
1.647000000000000000e+05	3.226282420905347976e+02
1.647000000000000000e+05	3.163164377047508538e+02
1.656000000000000000e+05	3.163164377047508538e+02
1.656000000000000000e+05	3.168450009862134493e+02
1.665000000000000000e+05	3.168450009862134493e+02
1.665000000000000000e+05	3.168353653608435820e+02
1.674000000000000000e+05	3.168353653608435820e+02
1.674000000000000000e+05	3.168257333488332392e+02
1.683000000000000000e+05	3.168257333488332392e+02
1.683000000000000000e+05	3.168161049488274443e+02
1.692000000000000000e+05	3.168161049488274443e+02
1.692000000000000000e+05	3.167668117212871266e+02
1.701000000000000000e+05	3.167668117212871266e+02
1.701000000000000000e+05	3.167572054168916225e+02
1.710000000000000000e+05	3.167572054168916225e+02
1.710000000000000000e+05	3.167476027148603066e+02
1.719000000000000000e+05	3.167476027148603066e+02
1.719000000000000000e+05	3.167380036138421815e+02
1.728000000000000000e+05	3.167380036138421815e+02
1.728000000000000000e+05	3.166888486678424215e+02
1.737000000000000000e+05	3.166888486678424215e+02
1.737000000000000000e+05	3.166792715995919707e+02
1.746000000000000000e+05	3.166792715995919707e+02
1.746000000000000000e+05	3.166696981227421475e+02
1.755000000000000000e+05	3.166696981227421475e+02
1.755000000000000000e+05	3.166601282359461038e+02
1.764000000000000000e+05	3.166601282359461038e+02
1.764000000000000000e+05	3.166111113520938147e+02
1.773000000000000000e+05	3.166111113520938147e+02
1.773000000000000000e+05	3.166726160669157366e+02
1.782000000000000000e+05	3.166726160669157366e+02
1.782000000000000000e+05	3.166630450858906443e+02
1.791000000000000000e+05	3.166630450858906443e+02
1.791000000000000000e+05	3.166534776939834614e+02
1.800000000000000000e+05	3.166534776939834614e+02
1.800000000000000000e+05	3.186507426602513533e+02
1.809000000000000000e+05	3.186507426602513533e+02
1.809000000000000000e+05	3.215251667238590016e+02
1.818000000000000000e+05	3.215251667238590016e+02
1.818000000000000000e+05	3.215137760363375605e+02
1.827000000000000000e+05	3.215137760363375605e+02
1.827000000000000000e+05	3.215023896203239246e+02
1.836000000000000000e+05	3.215023896203239246e+02
1.836000000000000000e+05	3.187815139336221364e+02
1.845000000000000000e+05	3.187815139336221364e+02
1.845000000000000000e+05	3.188422047474759893e+02
1.854000000000000000e+05	3.188422047474759893e+02
1.854000000000000000e+05	3.188318201706956643e+02
1.863000000000000000e+05	3.188318201706956643e+02
1.863000000000000000e+05	3.188214394881316593e+02
1.872000000000000000e+05	3.188214394881316593e+02
1.872000000000000000e+05	3.182985559815289207e+02
1.881000000000000000e+05	3.182985559815289207e+02
1.881000000000000000e+05	3.219767900971710901e+02
1.890000000000000000e+05	3.219767900971710901e+02
1.890000000000000000e+05	3.219652300508846565e+02
1.899000000000000000e+05	3.219652300508846565e+02
1.899000000000000000e+05	3.219536743396155316e+02
1.908000000000000000e+05	3.219536743396155316e+02
1.908000000000000000e+05	3.230821349497577444e+02
1.917000000000000000e+05	3.230821349497577444e+02
1.917000000000000000e+05	3.230701603991515753e+02
1.926000000000000000e+05	3.230701603991515753e+02
1.926000000000000000e+05	3.230581903390018965e+02
1.935000000000000000e+05	3.230581903390018965e+02
1.935000000000000000e+05	3.262084420890246861e+02
1.944000000000000000e+05	3.262084420890246861e+02
1.944000000000000000e+05	3.227297192591480552e+02
1.953000000000000000e+05	3.227297192591480552e+02
1.953000000000000000e+05	3.227178768644258753e+02
1.962000000000000000e+05	3.227178768644258753e+02
1.962000000000000000e+05	3.255907757527070316e+02
1.971000000000000000e+05	3.255907757527070316e+02
1.971000000000000000e+05	3.255778604617997303e+02
1.980000000000000000e+05	3.255778604617997303e+02
1.980000000000000000e+05	3.222694853516425155e+02
1.989000000000000000e+05	3.222694853516425155e+02
1.989000000000000000e+05	3.232396344917673900e+02
1.998000000000000000e+05	3.232396344917673900e+02
1.998000000000000000e+05	3.232276008788329591e+02
2.007000000000000000e+05	3.232276008788329591e+02
2.007000000000000000e+05	3.231255717785034562e+02
2.016000000000000000e+05	3.231255717785034562e+02
2.016000000000000000e+05	3.210889727086237144e+02
2.025000000000000000e+05	3.210889727086237144e+02
2.025000000000000000e+05	3.209877455938579374e+02
2.034000000000000000e+05	3.209877455938579374e+02
2.034000000000000000e+05	3.208865564392602323e+02
2.043000000000000000e+05	3.208865564392602323e+02
2.043000000000000000e+05	3.207854052305955292e+02
2.052000000000000000e+05	3.207854052305955292e+02
2.052000000000000000e+05	3.206393923153423202e+02
2.061000000000000000e+05	3.206393923153423202e+02
2.061000000000000000e+05	3.205383337932240124e+02
2.070000000000000000e+05	3.205383337932240124e+02
2.070000000000000000e+05	3.205273131680515348e+02
2.079000000000000000e+05	3.205273131680515348e+02
2.079000000000000000e+05	3.204262966756135143e+02
2.088000000000000000e+05	3.204262966756135143e+02
2.088000000000000000e+05	3.203686493526342360e+02
2.097000000000000000e+05	3.203686493526342360e+02
2.097000000000000000e+05	3.203576923591269860e+02
2.106000000000000000e+05	3.203576923591269860e+02
2.106000000000000000e+05	3.203467394744923240e+02
2.115000000000000000e+05	3.203467394744923240e+02
2.115000000000000000e+05	3.203157906991893924e+02
2.124000000000000000e+05	3.203157906991893924e+02
2.124000000000000000e+05	3.202564616654146903e+02
2.133000000000000000e+05	3.202564616654146903e+02
2.133000000000000000e+05	3.202455467422901734e+02
2.142000000000000000e+05	3.202455467422901734e+02
2.142000000000000000e+05	3.202346359122618082e+02
2.151000000000000000e+05	3.202346359122618082e+02
2.151000000000000000e+05	3.201337291737946771e+02
2.160000000000000000e+05	3.201337291737946771e+02
2.160000000000000000e+05	3.199860239815012619e+02
2.169000000000000000e+05	3.199860239815012619e+02
2.169000000000000000e+05	3.199752104725081949e+02
2.178000000000000000e+05	3.199752104725081949e+02
2.178000000000000000e+05	3.221616293610102844e+02
2.187000000000000000e+05	3.221616293610102844e+02
2.187000000000000000e+05	3.221499999999999773e+02
2.196000000000000000e+05	3.221499999999999773e+02
2.196000000000000000e+05	3.186378405965479033e+02
2.205000000000000000e+05	3.186378405965479033e+02
2.205000000000000000e+05	3.186275326563241492e+02
2.214000000000000000e+05	3.186275326563241492e+02
2.214000000000000000e+05	3.186172285815780469e+02
2.223000000000000000e+05	3.186172285815780469e+02
2.223000000000000000e+05	3.186069283708599755e+02
2.232000000000000000e+05	3.186069283708599755e+02
2.232000000000000000e+05	3.185539266053764322e+02
2.241000000000000000e+05	3.185539266053764322e+02
2.241000000000000000e+05	3.185436501328994154e+02
2.250000000000000000e+05	3.185436501328994154e+02
2.250000000000000000e+05	3.185333775140995840e+02
2.259000000000000000e+05	3.185333775140995840e+02
2.259000000000000000e+05	3.184331087475317759e+02
2.268000000000000000e+05	3.184331087475317759e+02
2.268000000000000000e+05	3.183780548999945381e+02
2.277000000000000000e+05	3.183780548999945381e+02
2.277000000000000000e+05	3.183678443794070176e+02
2.286000000000000000e+05	3.183678443794070176e+02
2.286000000000000000e+05	3.183576376877647363e+02
2.295000000000000000e+05	3.183576376877647363e+02
2.295000000000000000e+05	3.182574348236318542e+02
2.304000000000000000e+05	3.182574348236318542e+02
2.304000000000000000e+05	3.182026831941182650e+02
2.313000000000000000e+05	3.182026831941182650e+02
2.313000000000000000e+05	3.181925384379205184e+02
2.322000000000000000e+05	3.181925384379205184e+02
2.322000000000000000e+05	3.181823974860063231e+02
2.331000000000000000e+05	3.181823974860063231e+02
2.331000000000000000e+05	3.180822603369490480e+02
2.340000000000000000e+05	3.180822603369490480e+02
2.340000000000000000e+05	3.177623941218826644e+02
2.349000000000000000e+05	3.177623941218826644e+02
2.349000000000000000e+05	3.177524144740870042e+02
2.358000000000000000e+05	3.177524144740870042e+02
2.358000000000000000e+05	3.177424385686592245e+02
2.367000000000000000e+05	3.177424385686592245e+02
2.367000000000000000e+05	3.177324664041960318e+02
2.376000000000000000e+05	3.177324664041960318e+02
2.376000000000000000e+05	3.177345894542521592e+02
2.385000000000000000e+05	3.177345894542521592e+02
2.385000000000000000e+05	3.176346202332068174e+02
2.394000000000000000e+05	3.176346202332068174e+02
2.394000000000000000e+05	3.176757411341982902e+02
2.403000000000000000e+05	3.176757411341982902e+02
2.403000000000000000e+05	3.173157940162729460e+02
2.412000000000000000e+05	3.173157940162729460e+02
2.412000000000000000e+05	3.169198680735469793e+02
2.421000000000000000e+05	3.169198680735469793e+02
2.421000000000000000e+05	3.168202043730194077e+02
2.430000000000000000e+05	3.168202043730194077e+02
2.430000000000000000e+05	3.221965436264659388e+02
2.439000000000000000e+05	3.221965436264659388e+02
2.439000000000000000e+05	3.221849011726060326e+02
2.448000000000000000e+05	3.221849011726060326e+02
2.448000000000000000e+05	3.167670551501961995e+02
2.457000000000000000e+05	3.167670551501961995e+02
2.457000000000000000e+05	3.192522487545148238e+02
2.466000000000000000e+05	3.192522487545148238e+02
2.466000000000000000e+05	3.221499999999999773e+02
2.475000000000000000e+05	3.221499999999999773e+02
2.475000000000000000e+05	3.197383748349998882e+02
2.484000000000000000e+05	3.197383748349998882e+02
2.484000000000000000e+05	3.179215658393745798e+02
2.493000000000000000e+05	3.179215658393745798e+02
2.493000000000000000e+05	3.179115265021847563e+02
2.502000000000000000e+05	3.179115265021847563e+02
2.502000000000000000e+05	3.178114909297464123e+02
2.511000000000000000e+05	3.178114909297464123e+02
2.511000000000000000e+05	3.158414928566473918e+02
2.520000000000000000e+05	3.158414928566473918e+02
2.520000000000000000e+05	3.158136217288897569e+02
2.529000000000000000e+05	3.158136217288897569e+02
2.529000000000000000e+05	3.158043728707414743e+02
2.538000000000000000e+05	3.158043728707414743e+02
2.538000000000000000e+05	3.157951274809149709e+02
2.547000000000000000e+05	3.157951274809149709e+02
2.547000000000000000e+05	3.157858855581093849e+02
2.556000000000000000e+05	3.157858855581093849e+02
2.556000000000000000e+05	3.157383515412597603e+02
2.565000000000000000e+05	3.157383515412597603e+02
2.565000000000000000e+05	3.157291309094318308e+02
2.574000000000000000e+05	3.157291309094318308e+02
2.574000000000000000e+05	3.157199137353408105e+02
2.583000000000000000e+05	3.157199137353408105e+02
2.583000000000000000e+05	3.157107000176900442e+02
2.592000000000000000e+05	3.157107000176900442e+02
2.592000000000000000e+05	3.156633025031679836e+02
2.601000000000000000e+05	3.156633025031679836e+02
2.601000000000000000e+05	3.156541100147293264e+02
2.610000000000000000e+05	3.156541100147293264e+02
2.610000000000000000e+05	3.156449209734738020e+02
2.619000000000000000e+05	3.156449209734738020e+02
2.619000000000000000e+05	3.156357353781085067e+02
2.628000000000000000e+05	3.156357353781085067e+02
2.628000000000000000e+05	3.155884741084822736e+02
2.637000000000000000e+05	3.155884741084822736e+02
2.637000000000000000e+05	3.155793096806915514e+02
2.646000000000000000e+05	3.155793096806915514e+02
2.646000000000000000e+05	3.155701486895612788e+02
2.655000000000000000e+05	3.155701486895612788e+02
2.655000000000000000e+05	3.155609911338027018e+02
2.664000000000000000e+05	3.155609911338027018e+02
2.664000000000000000e+05	3.155138658328865517e+02
2.673000000000000000e+05	3.155138658328865517e+02
2.673000000000000000e+05	3.155047293831991055e+02
2.682000000000000000e+05	3.155047293831991055e+02
2.682000000000000000e+05	3.154955963596804054e+02
2.691000000000000000e+05	3.154955963596804054e+02
2.691000000000000000e+05	3.154864667610453921e+02
2.700000000000000000e+05	3.154864667610453921e+02
2.700000000000000000e+05	3.154394771541933551e+02
2.709000000000000000e+05	3.154394771541933551e+02
2.709000000000000000e+05	3.154303686002605218e+02
2.718000000000000000e+05	3.154303686002605218e+02
2.718000000000000000e+05	3.154212634620354265e+02
2.727000000000000000e+05	3.154212634620354265e+02
2.727000000000000000e+05	3.154121617382372165e+02
2.736000000000000000e+05	3.154121617382372165e+02
2.736000000000000000e+05	3.153653075531700551e+02
2.745000000000000000e+05	3.153653075531700551e+02
2.745000000000000000e+05	3.153562268128376331e+02
2.754000000000000000e+05	3.153562268128376331e+02
2.754000000000000000e+05	3.153471494777828070e+02
2.763000000000000000e+05	3.153471494777828070e+02
2.763000000000000000e+05	3.153380755467286463e+02
2.772000000000000000e+05	3.153380755467286463e+02
2.772000000000000000e+05	3.152913565112360743e+02
2.781000000000000000e+05	3.152913565112360743e+02
2.781000000000000000e+05	3.152823035025443801e+02
2.790000000000000000e+05	3.152823035025443801e+02
2.790000000000000000e+05	3.152732538887309488e+02
2.799000000000000000e+05	3.152732538887309488e+02
2.799000000000000000e+05	3.152642076685226584e+02
2.808000000000000000e+05	3.152642076685226584e+02
2.808000000000000000e+05	3.152176235075139630e+02
2.817000000000000000e+05	3.152176235075139630e+02
2.817000000000000000e+05	3.152085981486986270e+02
2.826000000000000000e+05	3.152085981486986270e+02
2.826000000000000000e+05	3.151995761743928597e+02
2.835000000000000000e+05	3.151995761743928597e+02
2.835000000000000000e+05	3.151905575833274611e+02
2.844000000000000000e+05	3.151905575833274611e+02
2.844000000000000000e+05	3.151441080172760394e+02
2.853000000000000000e+05	3.151441080172760394e+02
2.853000000000000000e+05	3.122451102097695639e+02
2.862000000000000000e+05	3.122451102097695639e+02
2.862000000000000000e+05	3.122371995434409087e+02
2.871000000000000000e+05	3.122371995434409087e+02
2.871000000000000000e+05	3.121392918436117725e+02
2.880000000000000000e+05	3.121392918436117725e+02
2.880000000000000000e+05	3.121463032391260413e+02
2.889000000000000000e+05	3.121463032391260413e+02
2.889000000000000000e+05	3.120484296254113588e+02
2.898000000000000000e+05	3.120484296254113588e+02
2.898000000000000000e+05	3.119505927143018198e+02
2.907000000000000000e+05	3.119505927143018198e+02
2.907000000000000000e+05	3.118527924920334726e+02
2.916000000000000000e+05	3.118527924920334726e+02
2.916000000000000000e+05	3.117216135016466296e+02
2.925000000000000000e+05	3.117216135016466296e+02
2.925000000000000000e+05	3.116238991465834829e+02
2.934000000000000000e+05	3.116238991465834829e+02
2.934000000000000000e+05	3.116162214344035419e+02
2.943000000000000000e+05	3.116162214344035419e+02
2.943000000000000000e+05	3.115185466013656423e+02
2.952000000000000000e+05	3.115185466013656423e+02
2.952000000000000000e+05	3.114757673366664221e+02
2.961000000000000000e+05	3.114757673366664221e+02
2.961000000000000000e+05	3.114681451739152180e+02
2.970000000000000000e+05	3.114681451739152180e+02
2.970000000000000000e+05	3.114605258694750205e+02
2.979000000000000000e+05	3.114605258694750205e+02
2.979000000000000000e+05	3.114329094242735323e+02
2.988000000000000000e+05	3.114329094242735323e+02
2.988000000000000000e+05	3.122706613877779773e+02
2.997000000000000000e+05	3.122706613877779773e+02
2.997000000000000000e+05	3.122627411397575088e+02
3.006000000000000000e+05	3.122627411397575088e+02
3.006000000000000000e+05	3.122548238618301184e+02
3.015000000000000000e+05	3.122548238618301184e+02
3.015000000000000000e+05	3.121569095528819844e+02
3.024000000000000000e+05	3.121569095528819844e+02
3.024000000000000000e+05	3.120444130614734490e+02
3.033000000000000000e+05	3.120444130614734490e+02
3.033000000000000000e+05	3.120365776565753890e+02
3.042000000000000000e+05	3.120365776565753890e+02
3.042000000000000000e+05	3.120287451899541793e+02
3.051000000000000000e+05	3.120287451899541793e+02
3.051000000000000000e+05	3.142459326255165024e+02
3.060000000000000000e+05	3.142459326255165024e+02
3.060000000000000000e+05	3.117504957708250117e+02
3.069000000000000000e+05	3.117504957708250117e+02
3.069000000000000000e+05	3.117427705849109429e+02
3.078000000000000000e+05	3.117427705849109429e+02
3.078000000000000000e+05	3.146197851380468933e+02
3.087000000000000000e+05	3.146197851380468933e+02
3.087000000000000000e+05	3.146109839686201326e+02
3.096000000000000000e+05	3.146109839686201326e+02
3.096000000000000000e+05	3.115515251581105076e+02
3.105000000000000000e+05	3.115515251581105076e+02
3.105000000000000000e+05	3.116149272177551097e+02
3.114000000000000000e+05	3.116149272177551097e+02
3.114000000000000000e+05	3.116072528700484554e+02
3.123000000000000000e+05	3.116072528700484554e+02
3.123000000000000000e+05	3.115095814002221459e+02
3.132000000000000000e+05	3.115095814002221459e+02
3.132000000000000000e+05	3.112170078697702138e+02
3.141000000000000000e+05	3.112170078697702138e+02
3.141000000000000000e+05	3.112094827418190448e+02
3.150000000000000000e+05	3.112094827418190448e+02
3.150000000000000000e+05	3.112019604357908520e+02
3.159000000000000000e+05	3.112019604357908520e+02
3.159000000000000000e+05	3.111044409506274633e+02
3.168000000000000000e+05	3.111044409506274633e+02
3.168000000000000000e+05	3.110653447579873614e+02
3.177000000000000000e+05	3.110653447579873614e+02
3.177000000000000000e+05	3.110578765037031417e+02
3.186000000000000000e+05	3.110578765037031417e+02
3.186000000000000000e+05	3.110504110500142474e+02
3.195000000000000000e+05	3.110504110500142474e+02
3.195000000000000000e+05	3.109529483958705214e+02
3.204000000000000000e+05	3.109529483958705214e+02
3.204000000000000000e+05	3.109140950527124119e+02
3.213000000000000000e+05	3.109140950527124119e+02
3.213000000000000000e+05	3.109066835170676200e+02
3.222000000000000000e+05	3.109066835170676200e+02
3.222000000000000000e+05	3.108992747607487104e+02
3.231000000000000000e+05	3.108992747607487104e+02
3.231000000000000000e+05	3.108918687827134590e+02
3.240000000000000000e+05	3.108918687827134590e+02
3.240000000000000000e+05	3.108530731708868871e+02
3.249000000000000000e+05	3.108530731708868871e+02
3.249000000000000000e+05	3.107556845184477652e+02
3.258000000000000000e+05	3.107556845184477652e+02
3.258000000000000000e+05	3.107283323887533584e+02
3.267000000000000000e+05	3.107283323887533584e+02
3.267000000000000000e+05	3.107009905161075949e+02
3.276000000000000000e+05	3.107009905161075949e+02
3.276000000000000000e+05	3.106636345101348411e+02
3.285000000000000000e+05	3.106636345101348411e+02
3.285000000000000000e+05	3.105663168971935875e+02
3.294000000000000000e+05	3.105663168971935875e+02
3.294000000000000000e+05	3.105590357783571562e+02
3.303000000000000000e+05	3.105590357783571562e+02
3.303000000000000000e+05	3.105517573899402350e+02
3.312000000000000000e+05	3.105517573899402350e+02
3.312000000000000000e+05	3.105141366211249192e+02
3.321000000000000000e+05	3.105141366211249192e+02
3.321000000000000000e+05	3.105068750698920326e+02
3.330000000000000000e+05	3.105068750698920326e+02
3.330000000000000000e+05	3.104996162417408527e+02
3.339000000000000000e+05	3.104996162417408527e+02
3.339000000000000000e+05	3.098523600916501550e+02
3.348000000000000000e+05	3.098523600916501550e+02
3.348000000000000000e+05	3.098217358664421681e+02
3.357000000000000000e+05	3.098217358664421681e+02
3.357000000000000000e+05	3.098147339654922803e+02
3.366000000000000000e+05	3.098147339654922803e+02
3.366000000000000000e+05	3.097177346902552131e+02
3.375000000000000000e+05	3.097177346902552131e+02
3.375000000000000000e+05	3.077507717757463297e+02
3.384000000000000000e+05	3.077507717757463297e+02
3.384000000000000000e+05	3.077398110154612141e+02
3.393000000000000000e+05	3.077398110154612141e+02
3.393000000000000000e+05	3.104177705491442794e+02
3.402000000000000000e+05	3.104177705491442794e+02
3.402000000000000000e+05	3.104105451351883289e+02
3.411000000000000000e+05	3.104105451351883289e+02
3.411000000000000000e+05	3.104033224307626710e+02
3.420000000000000000e+05	3.104033224307626710e+02
3.420000000000000000e+05	3.077598792257221021e+02
3.429000000000000000e+05	3.077598792257221021e+02
3.429000000000000000e+05	3.077536505210124460e+02
3.438000000000000000e+05	3.077536505210124460e+02
3.438000000000000000e+05	3.078184767836460196e+02
3.447000000000000000e+05	3.078184767836460196e+02
3.447000000000000000e+05	3.078832787364310661e+02
3.456000000000000000e+05	3.078832787364310661e+02
3.456000000000000000e+05	3.085986849386619610e+02
3.465000000000000000e+05	3.085986849386619610e+02
3.465000000000000000e+05	3.085921416818098919e+02
3.474000000000000000e+05	3.085921416818098919e+02
3.474000000000000000e+05	3.085856008786792017e+02
3.483000000000000000e+05	3.085856008786792017e+02
3.483000000000000000e+05	3.085790625283496524e+02
3.492000000000000000e+05	3.085790625283496524e+02
3.492000000000000000e+05	3.085502205716365438e+02
3.501000000000000000e+05	3.085502205716365438e+02
3.501000000000000000e+05	3.085436954889220829e+02
3.510000000000000000e+05	3.085436954889220829e+02
3.510000000000000000e+05	3.085371728531137592e+02
3.519000000000000000e+05	3.085371728531137592e+02
3.519000000000000000e+05	3.085306526632938358e+02
3.528000000000000000e+05	3.085306526632938358e+02
3.528000000000000000e+05	3.084963430651952763e+02
3.537000000000000000e+05	3.084963430651952763e+02
3.537000000000000000e+05	3.084898381865457964e+02
3.546000000000000000e+05	3.084898381865457964e+02
3.546000000000000000e+05	3.084833357472258513e+02
3.555000000000000000e+05	3.084833357472258513e+02
3.555000000000000000e+05	3.084768357463206598e+02
3.564000000000000000e+05	3.084768357463206598e+02
3.564000000000000000e+05	3.084426344074815347e+02
3.573000000000000000e+05	3.084426344074815347e+02
3.573000000000000000e+05	3.084361496695786968e+02
3.582000000000000000e+05	3.084361496695786968e+02
3.582000000000000000e+05	3.084296673634526087e+02
3.591000000000000000e+05	3.084296673634526087e+02
3.591000000000000000e+05	3.084231874881912745e+02
3.600000000000000000e+05	3.084231874881912745e+02
3.600000000000000000e+05	3.083890929501244500e+02
3.609000000000000000e+05	3.083890929501244500e+02
3.609000000000000000e+05	3.083826282902681442e+02
3.618000000000000000e+05	3.083826282902681442e+02
3.618000000000000000e+05	3.128361015578689148e+02
3.627000000000000000e+05	3.128361015578689148e+02
3.627000000000000000e+05	3.178016534803110176e+02
3.636000000000000000e+05	3.178016534803110176e+02
3.636000000000000000e+05	3.120594695097686895e+02
3.645000000000000000e+05	3.120594695097686895e+02
3.645000000000000000e+05	3.120516284587025666e+02
3.654000000000000000e+05	3.120516284587025666e+02
3.654000000000000000e+05	3.145385903480305387e+02
3.663000000000000000e+05	3.145385903480305387e+02
3.663000000000000000e+05	3.193465308518060510e+02
3.672000000000000000e+05	3.193465308518060510e+02
3.672000000000000000e+05	3.192486296383834770e+02
3.681000000000000000e+05	3.192486296383834770e+02
3.681000000000000000e+05	3.213790920111999867e+02
3.690000000000000000e+05	3.213790920111999867e+02
3.690000000000000000e+05	3.235356228436677384e+02
3.699000000000000000e+05	3.235356228436677384e+02
3.699000000000000000e+05	3.260182782351014339e+02
3.708000000000000000e+05	3.260182782351014339e+02
3.708000000000000000e+05	3.240490492064091086e+02
3.717000000000000000e+05	3.240490492064091086e+02
3.717000000000000000e+05	3.211467120459566900e+02
3.726000000000000000e+05	3.211467120459566900e+02
3.726000000000000000e+05	3.211354632789394827e+02
3.735000000000000000e+05	3.211354632789394827e+02
3.735000000000000000e+05	3.210342187302098864e+02
3.744000000000000000e+05	3.210342187302098864e+02
3.744000000000000000e+05	3.210267017055691667e+02
3.753000000000000000e+05	3.210267017055691667e+02
3.753000000000000000e+05	3.209254979424295584e+02
3.762000000000000000e+05	3.209254979424295584e+02
3.762000000000000000e+05	3.208243321307011229e+02
3.771000000000000000e+05	3.208243321307011229e+02
3.771000000000000000e+05	3.207232042561520871e+02
3.780000000000000000e+05	3.207232042561520871e+02
3.780000000000000000e+05	3.205766013709676372e+02
3.789000000000000000e+05	3.205766013709676372e+02
3.789000000000000000e+05	3.204755663954534839e+02
3.798000000000000000e+05	3.204755663954534839e+02
3.798000000000000000e+05	3.204645693080552178e+02
3.807000000000000000e+05	3.204645693080552178e+02
3.807000000000000000e+05	3.222669772458582997e+02
3.816000000000000000e+05	3.222669772458582997e+02
3.816000000000000000e+05	3.219803056796074543e+02
3.825000000000000000e+05	3.219803056796074543e+02
3.825000000000000000e+05	3.223300594109865074e+02
3.834000000000000000e+05	3.223300594109865074e+02
3.834000000000000000e+05	3.223183668887073736e+02
3.843000000000000000e+05	3.223183668887073736e+02
3.843000000000000000e+05	3.222866787531241926e+02
3.852000000000000000e+05	3.222866787531241926e+02
3.852000000000000000e+05	3.218487482322182132e+02
3.861000000000000000e+05	3.218487482322182132e+02
3.861000000000000000e+05	3.221211453853005651e+02
3.870000000000000000e+05	3.221211453853005651e+02
3.870000000000000000e+05	3.221805838373600182e+02
3.879000000000000000e+05	3.221805838373600182e+02
3.879000000000000000e+05	3.221499999999999773e+02
3.888000000000000000e+05	3.221499999999999773e+02
3.888000000000000000e+05	3.218560475603458713e+02
3.897000000000000000e+05	3.218560475603458713e+02
3.897000000000000000e+05	3.218445327925107335e+02
3.906000000000000000e+05	3.218445327925107335e+02
3.906000000000000000e+05	3.223059363226222445e+02
3.915000000000000000e+05	3.223059363226222445e+02
3.915000000000000000e+05	3.222942528465012515e+02
3.924000000000000000e+05	3.222942528465012515e+02
3.924000000000000000e+05	3.213158408324511015e+02
3.933000000000000000e+05	3.213158408324511015e+02
3.933000000000000000e+05	3.213045286421389619e+02
3.942000000000000000e+05	3.213045286421389619e+02
3.942000000000000000e+05	3.220030814178369951e+02
3.951000000000000000e+05	3.220030814178369951e+02
3.951000000000000000e+05	3.219915115123052942e+02
3.960000000000000000e+05	3.219915115123052942e+02
3.960000000000000000e+05	3.236634364675587108e+02
3.969000000000000000e+05	3.236634364675587108e+02
3.969000000000000000e+05	3.236512439288833889e+02
3.978000000000000000e+05	3.236512439288833889e+02
3.978000000000000000e+05	3.236390559624100547e+02
3.987000000000000000e+05	3.236390559624100547e+02
3.987000000000000000e+05	3.235368725664241651e+02
3.996000000000000000e+05	3.235368725664241651e+02
3.996000000000000000e+05	3.235091504836149170e+02
4.005000000000000000e+05	3.235091504836149170e+02
4.005000000000000000e+05	3.234970158021835687e+02
4.014000000000000000e+05	3.234970158021835687e+02
4.014000000000000000e+05	3.234848856712577572e+02
4.023000000000000000e+05	3.234848856712577572e+02
4.023000000000000000e+05	3.233827600891310112e+02
4.032000000000000000e+05	3.233827600891310112e+02
4.032000000000000000e+05	3.233191506136505495e+02
4.041000000000000000e+05	3.233191506136505495e+02
4.041000000000000000e+05	3.233070871821704486e+02
4.050000000000000000e+05	3.233070871821704486e+02
4.050000000000000000e+05	3.232950282744771471e+02
4.059000000000000000e+05	3.232950282744771471e+02
4.059000000000000000e+05	3.232640265204531147e+02
4.068000000000000000e+05	3.232640265204531147e+02
4.068000000000000000e+05	3.227761954141874980e+02
4.077000000000000000e+05	3.227761954141874980e+02
4.077000000000000000e+05	3.227643355909071943e+02
4.086000000000000000e+05	3.227643355909071943e+02
4.086000000000000000e+05	3.227524802150605865e+02
4.095000000000000000e+05	3.227524802150605865e+02
4.095000000000000000e+05	3.227406292849799456e+02
4.104000000000000000e+05	3.227406292849799456e+02
4.104000000000000000e+05	3.226781572987467825e+02
4.113000000000000000e+05	3.226781572987467825e+02
4.113000000000000000e+05	3.225763342397597171e+02
4.122000000000000000e+05	3.225763342397597171e+02
4.122000000000000000e+05	3.225445493664198011e+02
4.131000000000000000e+05	3.225445493664198011e+02
4.131000000000000000e+05	3.225127764124073906e+02
4.140000000000000000e+05	3.225127764124073906e+02
4.140000000000000000e+05	3.224521992995793767e+02
4.149000000000000000e+05	3.224521992995793767e+02
4.149000000000000000e+05	3.223504609748420080e+02
4.158000000000000000e+05	3.223504609748420080e+02
4.158000000000000000e+05	3.224098134335554278e+02
4.167000000000000000e+05	3.224098134335554278e+02
4.167000000000000000e+05	3.223980910035178340e+02
4.176000000000000000e+05	3.223980910035178340e+02
4.176000000000000000e+05	3.219547268519287968e+02
4.185000000000000000e+05	3.219547268519287968e+02
4.185000000000000000e+05	3.219431750793592641e+02
4.194000000000000000e+05	3.219431750793592641e+02
4.194000000000000000e+05	3.219316276387045264e+02
4.203000000000000000e+05	3.219316276387045264e+02
4.203000000000000000e+05	3.212800844843399659e+02
4.212000000000000000e+05	3.212800844843399659e+02
4.212000000000000000e+05	3.212272577452141604e+02
4.221000000000000000e+05	3.212272577452141604e+02
4.221000000000000000e+05	3.212159787735596410e+02
4.230000000000000000e+05	3.212159787735596410e+02
4.230000000000000000e+05	3.211147040315195795e+02
4.239000000000000000e+05	3.211147040315195795e+02
4.239000000000000000e+05	3.191434672535077084e+02
4.248000000000000000e+05	3.191434672535077084e+02
4.248000000000000000e+05	3.191104309586330601e+02
4.257000000000000000e+05	3.191104309586330601e+02
4.257000000000000000e+05	3.190999457970235653e+02
4.266000000000000000e+05	3.190999457970235653e+02
4.266000000000000000e+05	3.190894645673496939e+02
4.275000000000000000e+05	3.190894645673496939e+02
4.275000000000000000e+05	3.190789872681369275e+02
4.284000000000000000e+05	3.190789872681369275e+02
4.284000000000000000e+05	3.190247730124997361e+02
4.293000000000000000e+05	3.190247730124997361e+02
4.293000000000000000e+05	3.190143199726199441e+02
4.302000000000000000e+05	3.190143199726199441e+02
4.302000000000000000e+05	3.190038708526302003e+02
4.311000000000000000e+05	3.190038708526302003e+02
4.311000000000000000e+05	3.189934256510604769e+02
4.320000000000000000e+05	3.189934256510604769e+02
4.320000000000000000e+05	3.189393717837996292e+02
4.329000000000000000e+05	3.189393717837996292e+02
4.329000000000000000e+05	3.189289507693807195e+02
4.338000000000000000e+05	3.189289507693807195e+02
4.338000000000000000e+05	3.189185336628422078e+02
4.347000000000000000e+05	3.189185336628422078e+02
4.347000000000000000e+05	3.189081204627186708e+02
4.356000000000000000e+05	3.189081204627186708e+02
4.356000000000000000e+05	3.188542265791376167e+02
4.365000000000000000e+05	3.188542265791376167e+02
4.365000000000000000e+05	3.188438374941704296e+02
4.374000000000000000e+05	3.188438374941704296e+02
4.374000000000000000e+05	3.188334523051101428e+02
4.383000000000000000e+05	3.188334523051101428e+02
4.383000000000000000e+05	3.188230710104956529e+02
4.392000000000000000e+05	3.188230710104956529e+02
4.392000000000000000e+05	3.187693367286792636e+02
4.401000000000000000e+05	3.187693367286792636e+02
4.401000000000000000e+05	3.187589794774060010e+02
4.410000000000000000e+05	3.187589794774060010e+02
4.410000000000000000e+05	3.187486261101019522e+02
4.419000000000000000e+05	3.187486261101019522e+02
4.419000000000000000e+05	3.187382766253107320e+02
4.428000000000000000e+05	3.187382766253107320e+02
4.428000000000000000e+05	3.186847015372187570e+02
4.437000000000000000e+05	3.186847015372187570e+02
4.437000000000000000e+05	3.186743760241422478e+02
4.446000000000000000e+05	3.186743760241422478e+02
4.446000000000000000e+05	3.186640543831331911e+02
4.455000000000000000e+05	3.186640543831331911e+02
4.455000000000000000e+05	3.186537366127395785e+02
4.464000000000000000e+05	3.186537366127395785e+02
4.464000000000000000e+05	3.186003203332562066e+02
4.473000000000000000e+05	3.186003203332562066e+02
4.473000000000000000e+05	3.185900264631312098e+02
4.482000000000000000e+05	3.185900264631312098e+02
4.482000000000000000e+05	3.221365679781341100e+02
4.491000000000000000e+05	3.221365679781341100e+02
4.491000000000000000e+05	3.221249480151423086e+02
4.500000000000000000e+05	3.221249480151423086e+02
4.500000000000000000e+05	3.181355784909793556e+02
4.509000000000000000e+05	3.181355784909793556e+02
4.509000000000000000e+05	3.181254588990452703e+02
4.518000000000000000e+05	3.181254588990452703e+02
4.518000000000000000e+05	3.181153431019581035e+02
4.527000000000000000e+05	3.181153431019581035e+02
4.527000000000000000e+05	3.229994166275765224e+02
4.536000000000000000e+05	3.229994166275765224e+02
4.536000000000000000e+05	3.239909227739240123e+02
4.545000000000000000e+05	3.239909227739240123e+02
4.545000000000000000e+05	3.239786074278836736e+02
4.554000000000000000e+05	3.239786074278836736e+02
4.554000000000000000e+05	3.239662967000982690e+02
4.563000000000000000e+05	3.239662967000982690e+02
4.563000000000000000e+05	3.274023917120553051e+02
4.572000000000000000e+05	3.274023917120553051e+02
4.572000000000000000e+05	3.258532064137385191e+02
4.581000000000000000e+05	3.258532064137385191e+02
4.581000000000000000e+05	3.229501926943333956e+02
4.590000000000000000e+05	3.229501926943333956e+02
4.590000000000000000e+05	3.229382676220730559e+02
4.599000000000000000e+05	3.229382676220730559e+02
4.599000000000000000e+05	3.228363470217147437e+02
4.608000000000000000e+05	3.228363470217147437e+02
4.608000000000000000e+05	3.228250280229975715e+02
4.617000000000000000e+05	3.228250280229975715e+02
4.617000000000000000e+05	3.227231498874888871e+02
4.626000000000000000e+05	3.227231498874888871e+02
4.626000000000000000e+05	3.226213099562810385e+02
4.635000000000000000e+05	3.226213099562810385e+02
4.635000000000000000e+05	3.225195082150474377e+02
4.644000000000000000e+05	3.225195082150474377e+02
4.644000000000000000e+05	3.223691561998646762e+02
4.653000000000000000e+05	3.223691561998646762e+02
4.653000000000000000e+05	3.248903949384059615e+02
4.662000000000000000e+05	3.248903949384059615e+02
4.662000000000000000e+05	3.248777422903040701e+02
4.671000000000000000e+05	3.248777422903040701e+02
4.671000000000000000e+05	3.247750943869451703e+02
4.680000000000000000e+05	3.247750943869451703e+02
4.680000000000000000e+05	3.222942191429610261e+02
4.689000000000000000e+05	3.222942191429610261e+02
4.689000000000000000e+05	3.222825400607824236e+02
4.698000000000000000e+05	3.222825400607824236e+02
4.698000000000000000e+05	3.247372803395726351e+02
4.707000000000000000e+05	3.247372803395726351e+02
4.707000000000000000e+05	3.247046851114452579e+02
4.716000000000000000e+05	3.247046851114452579e+02
4.716000000000000000e+05	3.224360204377555306e+02
4.725000000000000000e+05	3.224360204377555306e+02
4.725000000000000000e+05	3.224242881800910823e+02
4.734000000000000000e+05	3.224242881800910823e+02
4.734000000000000000e+05	3.224125603220235803e+02
4.743000000000000000e+05	3.224125603220235803e+02
4.743000000000000000e+05	3.223108368619028283e+02
4.752000000000000000e+05	3.223108368619028283e+02
4.752000000000000000e+05	3.230592146451105009e+02
4.761000000000000000e+05	3.230592146451105009e+02
4.761000000000000000e+05	3.231183013211975776e+02
4.770000000000000000e+05	3.231183013211975776e+02
4.770000000000000000e+05	3.231063132082020957e+02
4.779000000000000000e+05	3.231063132082020957e+02
4.779000000000000000e+05	3.230943295907490551e+02
4.788000000000000000e+05	3.230943295907490551e+02
4.788000000000000000e+05	3.238201318668459407e+02
4.797000000000000000e+05	3.238201318668459407e+02
4.797000000000000000e+05	3.238078805673958982e+02
4.806000000000000000e+05	3.238078805673958982e+02
4.806000000000000000e+05	3.238666864937620744e+02
4.815000000000000000e+05	3.238666864937620744e+02
4.815000000000000000e+05	3.238544177363269796e+02
4.824000000000000000e+05	3.238544177363269796e+02
4.824000000000000000e+05	3.236120029733788215e+02
4.833000000000000000e+05	3.236120029733788215e+02
4.833000000000000000e+05	3.236708823538420461e+02
4.842000000000000000e+05	3.236708823538420461e+02
4.842000000000000000e+05	3.236586870229593842e+02
4.851000000000000000e+05	3.236586870229593842e+02
4.851000000000000000e+05	3.235564962653257339e+02
4.860000000000000000e+05	3.235564962653257339e+02
4.860000000000000000e+05	3.231469604021342548e+02
4.869000000000000000e+05	3.231469604021342548e+02
4.869000000000000000e+05	3.231349615419834436e+02
4.878000000000000000e+05	3.231349615419834436e+02
4.878000000000000000e+05	3.231229671814052153e+02
4.887000000000000000e+05	3.231229671814052153e+02
4.887000000000000000e+05	3.230209773187121982e+02
4.896000000000000000e+05	3.230209773187121982e+02
4.896000000000000000e+05	3.229584102613220011e+02
4.905000000000000000e+05	3.229584102613220011e+02
4.905000000000000000e+05	3.229464821074740257e+02
4.914000000000000000e+05	3.229464821074740257e+02
4.914000000000000000e+05	3.229345584266837363e+02
4.923000000000000000e+05	3.229345584266837363e+02
4.923000000000000000e+05	3.228326392172737087e+02
4.932000000000000000e+05	3.228326392172737087e+02
4.932000000000000000e+05	3.227703906679491865e+02
4.941000000000000000e+05	3.227703906679491865e+02
4.941000000000000000e+05	3.227585330214487271e+02
4.950000000000000000e+05	3.227585330214487271e+02
4.950000000000000000e+05	3.227466798215656922e+02
4.959000000000000000e+05	3.227466798215656922e+02
4.959000000000000000e+05	3.227348310666325801e+02
4.968000000000000000e+05	3.227348310666325801e+02
4.968000000000000000e+05	3.226725185591179752e+02
4.977000000000000000e+05	3.226725185591179752e+02
4.977000000000000000e+05	3.225706976146582861e+02
4.986000000000000000e+05	3.225706976146582861e+02
4.986000000000000000e+05	3.225389148550527807e+02
4.995000000000000000e+05	3.225389148550527807e+02
4.995000000000000000e+05	3.225071440139821561e+02
5.004000000000000000e+05	3.225071440139821561e+02
5.004000000000000000e+05	3.224465432240975815e+02
5.013000000000000000e+05	3.224465432240975815e+02
5.013000000000000000e+05	3.223448070203885436e+02
5.022000000000000000e+05	3.223448070203885436e+02
5.022000000000000000e+05	3.223331089677558907e+02
5.031000000000000000e+05	3.223331089677558907e+02
5.031000000000000000e+05	3.223214153018930119e+02
5.040000000000000000e+05	3.223214153018930119e+02
5.040000000000000000e+05	3.222606172098356865e+02
5.049000000000000000e+05	3.222606172098356865e+02
5.049000000000000000e+05	3.222489507283819989e+02
5.058000000000000000e+05	3.222489507283819989e+02
5.058000000000000000e+05	3.222372886218588519e+02
5.067000000000000000e+05	3.222372886218588519e+02
5.067000000000000000e+05	3.198256307236256930e+02
5.076000000000000000e+05	3.198256307236256930e+02
5.076000000000000000e+05	3.200624641944287418e+02
5.085000000000000000e+05	3.200624641944287418e+02
5.085000000000000000e+05	3.200516220203558078e+02
5.094000000000000000e+05	3.200516220203558078e+02
5.094000000000000000e+05	3.199507839120981316e+02
5.103000000000000000e+05	3.199507839120981316e+02
5.103000000000000000e+05	3.179799836041311778e+02
5.112000000000000000e+05	3.179799836041311778e+02
5.112000000000000000e+05	3.179478116165703909e+02
5.121000000000000000e+05	3.179478116165703909e+02
5.121000000000000000e+05	3.179377624372141895e+02
5.130000000000000000e+05	3.179377624372141895e+02
5.130000000000000000e+05	3.179277170263002290e+02
5.139000000000000000e+05	3.179277170263002290e+02
5.139000000000000000e+05	3.179176753824153820e+02
5.148000000000000000e+05	3.179176753824153820e+02
5.148000000000000000e+05	3.178661685085402837e+02
5.157000000000000000e+05	3.178661685085402837e+02
5.157000000000000000e+05	3.178561499453495003e+02
5.166000000000000000e+05	3.178561499453495003e+02
5.166000000000000000e+05	3.178461351391200083e+02
5.175000000000000000e+05	3.178461351391200083e+02
5.175000000000000000e+05	3.178361240884428298e+02
5.184000000000000000e+05	3.178361240884428298e+02
5.184000000000000000e+05	3.176997684693155861e+02
5.193000000000000000e+05	3.176997684693155861e+02
5.193000000000000000e+05	3.176898123061395722e+02
5.202000000000000000e+05	3.176898123061395722e+02
5.202000000000000000e+05	3.176798598765247448e+02
5.211000000000000000e+05	3.176798598765247448e+02
5.211000000000000000e+05	3.176699111790711072e+02
5.220000000000000000e+05	3.176699111790711072e+02
5.220000000000000000e+05	3.176482797323955651e+02
5.229000000000000000e+05	3.176482797323955651e+02
5.229000000000000000e+05	3.181537832945169271e+02
5.238000000000000000e+05	3.181537832945169271e+02
5.238000000000000000e+05	3.181436568757814598e+02
5.247000000000000000e+05	3.181436568757814598e+02
5.247000000000000000e+05	3.181335342544530818e+02
5.256000000000000000e+05	3.181335342544530818e+02
5.256000000000000000e+05	3.184070830561382195e+02
5.265000000000000000e+05	3.184070830561382195e+02
5.265000000000000000e+05	3.204745176330236518e+02
5.274000000000000000e+05	3.204745176330236518e+02
5.274000000000000000e+05	3.204635209389112447e+02
5.283000000000000000e+05	3.204635209389112447e+02
5.283000000000000000e+05	3.204525283685592285e+02
5.292000000000000000e+05	3.204525283685592285e+02
5.292000000000000000e+05	3.185601369452732001e+02
5.301000000000000000e+05	3.185601369452732001e+02
5.301000000000000000e+05	3.185498581439186978e+02
5.310000000000000000e+05	3.185498581439186978e+02
5.310000000000000000e+05	3.207144561499747510e+02
5.319000000000000000e+05	3.207144561499747510e+02
5.319000000000000000e+05	3.207033694789185461e+02
5.328000000000000000e+05	3.207033694789185461e+02
5.328000000000000000e+05	3.182420919260189862e+02
5.337000000000000000e+05	3.182420919260189862e+02
5.337000000000000000e+05	3.182319323915467635e+02
5.346000000000000000e+05	3.182319323915467635e+02
5.346000000000000000e+05	3.182217766668999275e+02
5.355000000000000000e+05	3.182217766668999275e+02
5.355000000000000000e+05	3.182116247506498894e+02
5.364000000000000000e+05	3.182116247506498894e+02
5.364000000000000000e+05	3.181580522796058403e+02
5.373000000000000000e+05	3.181580522796058403e+02
5.373000000000000000e+05	3.230110800593751605e+02
5.382000000000000000e+05	3.230110800593751605e+02
5.382000000000000000e+05	3.229991321543528784e+02
5.391000000000000000e+05	3.229991321543528784e+02
5.391000000000000000e+05	3.229871887297950366e+02
5.400000000000000000e+05	3.229871887297950366e+02
5.400000000000000000e+05	3.192560629680803004e+02
5.409000000000000000e+05	3.192560629680803004e+02
5.409000000000000000e+05	3.192455231944672960e+02
5.418000000000000000e+05	3.192455231944672960e+02
5.418000000000000000e+05	3.236732802291500093e+02
5.427000000000000000e+05	3.236732802291500093e+02
5.427000000000000000e+05	3.261558839990642014e+02
5.436000000000000000e+05	3.261558839990642014e+02
5.436000000000000000e+05	3.228657164286279340e+02
5.445000000000000000e+05	3.228657164286279340e+02
5.445000000000000000e+05	3.199638230179671723e+02
5.454000000000000000e+05	3.199638230179671723e+02
5.454000000000000000e+05	3.199530178343354123e+02
5.463000000000000000e+05	3.199530178343354123e+02
5.463000000000000000e+05	3.198522167026475813e+02
5.472000000000000000e+05	3.198522167026475813e+02
5.472000000000000000e+05	3.198469662673376774e+02
5.481000000000000000e+05	3.198469662673376774e+02
5.481000000000000000e+05	3.197462049049874508e+02
5.490000000000000000e+05	3.197462049049874508e+02
5.490000000000000000e+05	3.196454813281480369e+02
5.499000000000000000e+05	3.196454813281480369e+02
5.499000000000000000e+05	3.195447955226500767e+02
5.508000000000000000e+05	3.195447955226500767e+02
5.508000000000000000e+05	3.194004794319527036e+02
5.517000000000000000e+05	3.194004794319527036e+02
5.517000000000000000e+05	3.192998855021656937e+02
5.526000000000000000e+05	3.192998855021656937e+02
5.526000000000000000e+05	3.192893292951023909e+02
5.535000000000000000e+05	3.192893292951023909e+02
5.535000000000000000e+05	3.191887770466167353e+02
5.544000000000000000e+05	3.191887770466167353e+02
5.544000000000000000e+05	3.191328425270824596e+02
5.553000000000000000e+05	3.191328425270824596e+02
5.553000000000000000e+05	3.191223489611348327e+02
5.562000000000000000e+05	3.191223489611348327e+02
5.562000000000000000e+05	3.191118593302743989e+02
5.571000000000000000e+05	3.191118593302743989e+02
5.571000000000000000e+05	3.190813736350255567e+02
5.580000000000000000e+05	3.190813736350255567e+02
5.580000000000000000e+05	3.190238698636081836e+02
5.589000000000000000e+05	3.190238698636081836e+02
5.589000000000000000e+05	3.190134171624100645e+02
5.598000000000000000e+05	3.190134171624100645e+02
5.598000000000000000e+05	3.190029683809741528e+02
5.607000000000000000e+05	3.190029683809741528e+02
5.607000000000000000e+05	3.189025235178312414e+02
5.616000000000000000e+05	3.189025235178312414e+02
5.616000000000000000e+05	3.199847655842935410e+02
5.625000000000000000e+05	3.199847655842935410e+02
5.625000000000000000e+05	3.199739525471994170e+02
5.634000000000000000e+05	3.199739525471994170e+02
5.634000000000000000e+05	3.221616293610103412e+02
5.643000000000000000e+05	3.221616293610103412e+02
5.643000000000000000e+05	3.221499999999999773e+02
5.652000000000000000e+05	3.221499999999999773e+02
5.652000000000000000e+05	3.186429317918835977e+02
5.661000000000000000e+05	3.186429317918835977e+02
5.661000000000000000e+05	3.186326219424616397e+02
5.670000000000000000e+05	3.186326219424616397e+02
5.670000000000000000e+05	3.186223159592332195e+02
5.679000000000000000e+05	3.186223159592332195e+02
5.679000000000000000e+05	3.186120138407485456e+02
5.688000000000000000e+05	3.186120138407485456e+02
5.688000000000000000e+05	3.185588246738543035e+02
5.697000000000000000e+05	3.185588246738543035e+02
5.697000000000000000e+05	3.185485463646016342e+02
5.706000000000000000e+05	3.185485463646016342e+02
5.706000000000000000e+05	3.185382719097149220e+02
5.715000000000000000e+05	3.185382719097149220e+02
5.715000000000000000e+05	3.184380013077487774e+02
5.724000000000000000e+05	3.184380013077487774e+02
5.724000000000000000e+05	3.183832491960411062e+02
5.733000000000000000e+05	3.183832491960411062e+02
5.733000000000000000e+05	3.183730367275925914e+02
5.742000000000000000e+05	3.183730367275925914e+02
5.742000000000000000e+05	3.183628280888197537e+02
5.751000000000000000e+05	3.183628280888197537e+02
5.751000000000000000e+05	3.182626232782864122e+02
5.760000000000000000e+05	3.182626232782864122e+02
5.760000000000000000e+05	3.182081712378220573e+02
5.769000000000000000e+05	3.182081712378220573e+02
5.769000000000000000e+05	3.181980244236078761e+02
5.778000000000000000e+05	3.181980244236078761e+02
5.778000000000000000e+05	3.181878814144490093e+02
5.787000000000000000e+05	3.181878814144490093e+02
5.787000000000000000e+05	3.180877422089185984e+02
5.796000000000000000e+05	3.180877422089185984e+02
5.796000000000000000e+05	3.180335894507862804e+02
5.805000000000000000e+05	3.180335894507862804e+02
5.805000000000000000e+05	3.180235081047422341e+02
5.814000000000000000e+05	3.180235081047422341e+02
5.814000000000000000e+05	3.180134305392029432e+02
5.823000000000000000e+05	3.180134305392029432e+02
5.823000000000000000e+05	3.180033567527505625e+02
5.832000000000000000e+05	3.180033567527505625e+02
5.832000000000000000e+05	3.179510229660646701e+02
5.841000000000000000e+05	3.179510229660646701e+02
5.841000000000000000e+05	3.175854725824523825e+02
5.850000000000000000e+05	3.175854725824523825e+02
5.850000000000000000e+05	3.176266119138128943e+02
5.859000000000000000e+05	3.176266119138128943e+02
5.859000000000000000e+05	3.175966831863452171e+02
5.868000000000000000e+05	3.175966831863452171e+02
5.868000000000000000e+05	3.172606183798187658e+02
5.877000000000000000e+05	3.172606183798187658e+02
5.877000000000000000e+05	3.171608268979263130e+02
5.886000000000000000e+05	3.171608268979263130e+02
5.886000000000000000e+05	3.171510728378395925e+02
5.895000000000000000e+05	3.171510728378395925e+02
5.895000000000000000e+05	3.171413224355254101e+02
5.904000000000000000e+05	3.171413224355254101e+02
5.904000000000000000e+05	3.183887632601293944e+02
5.913000000000000000e+05	3.183887632601293944e+02
5.913000000000000000e+05	3.183785487239068743e+02
5.922000000000000000e+05	3.183785487239068743e+02
5.922000000000000000e+05	3.183683380181354323e+02
5.931000000000000000e+05	3.183683380181354323e+02
5.931000000000000000e+05	3.177181310973786594e+02
5.940000000000000000e+05	3.177181310973786594e+02
5.940000000000000000e+05	3.177096076323605303e+02
5.949000000000000000e+05	3.177096076323605303e+02
5.949000000000000000e+05	3.176996477794983207e+02
5.958000000000000000e+05	3.176996477794983207e+02
5.958000000000000000e+05	3.175996916615810051e+02
5.967000000000000000e+05	3.175996916615810051e+02
5.967000000000000000e+05	3.156297730132079096e+02
5.976000000000000000e+05	3.156297730132079096e+02
5.976000000000000000e+05	3.156031983604681272e+02
5.985000000000000000e+05	3.156031983604681272e+02
5.985000000000000000e+05	3.155940284110830021e+02
5.994000000000000000e+05	3.155940284110830021e+02
5.994000000000000000e+05	3.155848619004288480e+02
6.003000000000000000e+05	3.155848619004288480e+02
6.003000000000000000e+05	3.155756988272161720e+02
6.012000000000000000e+05	3.155756988272161720e+02
6.012000000000000000e+05	3.155284758104844514e+02
6.021000000000000000e+05	3.155284758104844514e+02
6.021000000000000000e+05	3.155193338820554914e+02
6.030000000000000000e+05	3.155193338820554914e+02
6.030000000000000000e+05	3.155101953818497122e+02
6.039000000000000000e+05	3.155101953818497122e+02
6.039000000000000000e+05	3.155010603085815433e+02
6.048000000000000000e+05	3.155010603085815433e+02
