# #1
# double T_supply_HP_heat(1344, 2)
0.000000000000000000e+00	3.281499999999999773e+02
9.000000000000000000e+02	3.281499999999999773e+02
9.000000000000000000e+02	3.281499999999999773e+02
1.800000000000000000e+03	3.281499999999999773e+02
1.800000000000000000e+03	3.281499999999999773e+02
2.700000000000000000e+03	3.281499999999999773e+02
2.700000000000000000e+03	3.050956663575418588e+02
3.600000000000000000e+03	3.050956663575418588e+02
3.600000000000000000e+03	3.093020890819673809e+02
4.500000000000000000e+03	3.093020890819673809e+02
4.500000000000000000e+03	3.281499999999999773e+02
5.400000000000000000e+03	3.281499999999999773e+02
5.400000000000000000e+03	3.020228230309610353e+02
6.300000000000000000e+03	3.020228230309610353e+02
6.300000000000000000e+03	2.981499999999999773e+02
7.200000000000000000e+03	2.981499999999999773e+02
7.200000000000000000e+03	3.281499999999999773e+02
8.100000000000000000e+03	3.281499999999999773e+02
8.100000000000000000e+03	3.009361015056821316e+02
9.000000000000000000e+03	3.009361015056821316e+02
9.000000000000000000e+03	3.281499999999999773e+02
9.900000000000000000e+03	3.281499999999999773e+02
9.900000000000000000e+03	3.018199732966003808e+02
1.080000000000000000e+04	3.018199732966003808e+02
1.080000000000000000e+04	3.013441038729930597e+02
1.170000000000000000e+04	3.013441038729930597e+02
1.170000000000000000e+04	2.981499999999999773e+02
1.260000000000000000e+04	2.981499999999999773e+02
1.260000000000000000e+04	2.992016390445501202e+02
1.350000000000000000e+04	2.992016390445501202e+02
1.350000000000000000e+04	2.999480608730482345e+02
1.440000000000000000e+04	2.999480608730482345e+02
1.440000000000000000e+04	3.014296300931160886e+02
1.530000000000000000e+04	3.014296300931160886e+02
1.530000000000000000e+04	3.059093617494764885e+02
1.620000000000000000e+04	3.059093617494764885e+02
1.620000000000000000e+04	2.981499999999999773e+02
1.710000000000000000e+04	2.981499999999999773e+02
1.710000000000000000e+04	2.981499999999999773e+02
1.800000000000000000e+04	2.981499999999999773e+02
1.800000000000000000e+04	3.008740078445126755e+02
1.890000000000000000e+04	3.008740078445126755e+02
1.890000000000000000e+04	3.281499999999999773e+02
1.980000000000000000e+04	3.281499999999999773e+02
1.980000000000000000e+04	3.281499999999999773e+02
2.070000000000000000e+04	3.281499999999999773e+02
2.070000000000000000e+04	3.281499999999999773e+02
2.160000000000000000e+04	3.281499999999999773e+02
2.160000000000000000e+04	2.981499999999999773e+02
2.250000000000000000e+04	2.981499999999999773e+02
2.250000000000000000e+04	2.981499999999999773e+02
2.340000000000000000e+04	2.981499999999999773e+02
2.340000000000000000e+04	3.281499999999999773e+02
2.430000000000000000e+04	3.281499999999999773e+02
2.430000000000000000e+04	2.981499999999999773e+02
2.520000000000000000e+04	2.981499999999999773e+02
2.520000000000000000e+04	3.003398537746733723e+02
2.610000000000000000e+04	3.003398537746733723e+02
2.610000000000000000e+04	3.093020890819673809e+02
2.700000000000000000e+04	3.093020890819673809e+02
2.700000000000000000e+04	3.105819856418163454e+02
2.790000000000000000e+04	3.105819856418163454e+02
2.790000000000000000e+04	3.132300650131383577e+02
2.880000000000000000e+04	3.132300650131383577e+02
2.880000000000000000e+04	3.161143098136274716e+02
2.970000000000000000e+04	3.161143098136274716e+02
2.970000000000000000e+04	3.161143098136275285e+02
3.060000000000000000e+04	3.161143098136275285e+02
3.060000000000000000e+04	3.161143098136275285e+02
3.150000000000000000e+04	3.161143098136275285e+02
3.150000000000000000e+04	3.161143098136275285e+02
3.240000000000000000e+04	3.161143098136275285e+02
3.240000000000000000e+04	3.141171116759282995e+02
3.330000000000000000e+04	3.141171116759282995e+02
3.330000000000000000e+04	3.281499999999999773e+02
3.420000000000000000e+04	3.281499999999999773e+02
3.420000000000000000e+04	3.093020890819673809e+02
3.510000000000000000e+04	3.093020890819673809e+02
3.510000000000000000e+04	3.093020890819673809e+02
3.600000000000000000e+04	3.093020890819673809e+02
3.600000000000000000e+04	3.093020890819673809e+02
3.690000000000000000e+04	3.093020890819673809e+02
3.690000000000000000e+04	3.281499999999999773e+02
3.780000000000000000e+04	3.281499999999999773e+02
3.780000000000000000e+04	3.067004765528419625e+02
3.870000000000000000e+04	3.067004765528419625e+02
3.870000000000000000e+04	3.069234355047017857e+02
3.960000000000000000e+04	3.069234355047017857e+02
3.960000000000000000e+04	3.281499999999999773e+02
4.050000000000000000e+04	3.281499999999999773e+02
4.050000000000000000e+04	3.281499999999999773e+02
4.140000000000000000e+04	3.281499999999999773e+02
4.140000000000000000e+04	2.981499999999999773e+02
4.230000000000000000e+04	2.981499999999999773e+02
4.230000000000000000e+04	2.989141830633569157e+02
4.320000000000000000e+04	2.989141830633569157e+02
4.320000000000000000e+04	3.048342190563051872e+02
4.410000000000000000e+04	3.048342190563051872e+02
4.410000000000000000e+04	3.281499999999999773e+02
4.500000000000000000e+04	3.281499999999999773e+02
4.500000000000000000e+04	2.981499999999999773e+02
4.590000000000000000e+04	2.981499999999999773e+02
4.590000000000000000e+04	2.981499999999999773e+02
4.680000000000000000e+04	2.981499999999999773e+02
4.680000000000000000e+04	3.093020890819673809e+02
4.770000000000000000e+04	3.093020890819673809e+02
4.770000000000000000e+04	3.013566991435178579e+02
4.860000000000000000e+04	3.013566991435178579e+02
4.860000000000000000e+04	3.281499999999999773e+02
4.950000000000000000e+04	3.281499999999999773e+02
4.950000000000000000e+04	3.281499999999999773e+02
5.040000000000000000e+04	3.281499999999999773e+02
5.040000000000000000e+04	3.281499999999999773e+02
5.130000000000000000e+04	3.281499999999999773e+02
5.130000000000000000e+04	3.281499999999999773e+02
5.220000000000000000e+04	3.281499999999999773e+02
5.220000000000000000e+04	2.983159318512731488e+02
5.310000000000000000e+04	2.983159318512731488e+02
5.310000000000000000e+04	3.013677880564605971e+02
5.400000000000000000e+04	3.013677880564605971e+02
5.400000000000000000e+04	3.093020890819673809e+02
5.490000000000000000e+04	3.093020890819673809e+02
5.490000000000000000e+04	3.281499999999999773e+02
5.580000000000000000e+04	3.281499999999999773e+02
5.580000000000000000e+04	2.981499999999999773e+02
5.670000000000000000e+04	2.981499999999999773e+02
5.670000000000000000e+04	3.281499999999999773e+02
5.760000000000000000e+04	3.281499999999999773e+02
5.760000000000000000e+04	3.281499999999999773e+02
5.850000000000000000e+04	3.281499999999999773e+02
5.850000000000000000e+04	3.281499999999999773e+02
5.940000000000000000e+04	3.281499999999999773e+02
5.940000000000000000e+04	2.981499999999999773e+02
6.030000000000000000e+04	2.981499999999999773e+02
6.030000000000000000e+04	2.981499999999999773e+02
6.120000000000000000e+04	2.981499999999999773e+02
6.120000000000000000e+04	3.181132007515855662e+02
6.210000000000000000e+04	3.181132007515855662e+02
6.210000000000000000e+04	3.281499999999999773e+02
6.300000000000000000e+04	3.281499999999999773e+02
6.300000000000000000e+04	2.981499999999999773e+02
6.390000000000000000e+04	2.981499999999999773e+02
6.390000000000000000e+04	2.984529328658491636e+02
6.480000000000000000e+04	2.984529328658491636e+02
6.480000000000000000e+04	3.032844023863403891e+02
6.570000000000000000e+04	3.032844023863403891e+02
6.570000000000000000e+04	3.281499999999999773e+02
6.660000000000000000e+04	3.281499999999999773e+02
6.660000000000000000e+04	3.032865799890421385e+02
6.750000000000000000e+04	3.032865799890421385e+02
6.750000000000000000e+04	3.049440932655941765e+02
6.840000000000000000e+04	3.049440932655941765e+02
6.840000000000000000e+04	3.057824985625414911e+02
6.930000000000000000e+04	3.057824985625414911e+02
6.930000000000000000e+04	2.981499999999999773e+02
7.020000000000000000e+04	2.981499999999999773e+02
7.020000000000000000e+04	3.281499999999999773e+02
7.110000000000000000e+04	3.281499999999999773e+02
7.110000000000000000e+04	3.281499999999999773e+02
7.200000000000000000e+04	3.281499999999999773e+02
7.200000000000000000e+04	3.093020890819673809e+02
7.290000000000000000e+04	3.093020890819673809e+02
7.290000000000000000e+04	2.981499999999999773e+02
7.380000000000000000e+04	2.981499999999999773e+02
7.380000000000000000e+04	3.281499999999999773e+02
7.470000000000000000e+04	3.281499999999999773e+02
7.470000000000000000e+04	3.281499999999999773e+02
7.560000000000000000e+04	3.281499999999999773e+02
7.560000000000000000e+04	2.981499999999999773e+02
7.650000000000000000e+04	2.981499999999999773e+02
7.650000000000000000e+04	3.281499999999999773e+02
7.740000000000000000e+04	3.281499999999999773e+02
7.740000000000000000e+04	3.281499999999999773e+02
7.830000000000000000e+04	3.281499999999999773e+02
7.830000000000000000e+04	3.281499999999999773e+02
7.920000000000000000e+04	3.281499999999999773e+02
7.920000000000000000e+04	2.981499999999999773e+02
8.010000000000000000e+04	2.981499999999999773e+02
8.010000000000000000e+04	3.281499999999999773e+02
8.100000000000000000e+04	3.281499999999999773e+02
8.100000000000000000e+04	3.281499999999999773e+02
8.190000000000000000e+04	3.281499999999999773e+02
8.190000000000000000e+04	3.281499999999999773e+02
8.280000000000000000e+04	3.281499999999999773e+02
8.280000000000000000e+04	3.281499999999999773e+02
8.370000000000000000e+04	3.281499999999999773e+02
8.370000000000000000e+04	3.281499999999999773e+02
8.460000000000000000e+04	3.281499999999999773e+02
8.460000000000000000e+04	3.281499999999999773e+02
8.550000000000000000e+04	3.281499999999999773e+02
8.550000000000000000e+04	3.281499999999999773e+02
8.640000000000000000e+04	3.281499999999999773e+02
8.640000000000000000e+04	3.093020890819673809e+02
8.730000000000000000e+04	3.093020890819673809e+02
8.730000000000000000e+04	2.981499999999999773e+02
8.820000000000000000e+04	2.981499999999999773e+02
8.820000000000000000e+04	3.281499999999999773e+02
8.910000000000000000e+04	3.281499999999999773e+02
8.910000000000000000e+04	3.281499999999999773e+02
9.000000000000000000e+04	3.281499999999999773e+02
9.000000000000000000e+04	3.093020890819673809e+02
9.090000000000000000e+04	3.093020890819673809e+02
9.090000000000000000e+04	3.281499999999999773e+02
9.180000000000000000e+04	3.281499999999999773e+02
9.180000000000000000e+04	3.281499999999999773e+02
9.270000000000000000e+04	3.281499999999999773e+02
9.270000000000000000e+04	2.981499999999999773e+02
9.360000000000000000e+04	2.981499999999999773e+02
9.360000000000000000e+04	3.281499999999999773e+02
9.450000000000000000e+04	3.281499999999999773e+02
9.450000000000000000e+04	3.281499999999999773e+02
9.540000000000000000e+04	3.281499999999999773e+02
9.540000000000000000e+04	3.281499999999999773e+02
9.630000000000000000e+04	3.281499999999999773e+02
9.630000000000000000e+04	2.987740565536198005e+02
9.720000000000000000e+04	2.987740565536198005e+02
9.720000000000000000e+04	3.281499999999999773e+02
9.810000000000000000e+04	3.281499999999999773e+02
9.810000000000000000e+04	3.281499999999999773e+02
9.900000000000000000e+04	3.281499999999999773e+02
9.900000000000000000e+04	3.281499999999999773e+02
9.990000000000000000e+04	3.281499999999999773e+02
9.990000000000000000e+04	3.281499999999999773e+02
1.008000000000000000e+05	3.281499999999999773e+02
1.008000000000000000e+05	3.281499999999999773e+02
1.017000000000000000e+05	3.281499999999999773e+02
1.017000000000000000e+05	3.281499999999999773e+02
1.026000000000000000e+05	3.281499999999999773e+02
1.026000000000000000e+05	3.281499999999999773e+02
1.035000000000000000e+05	3.281499999999999773e+02
1.035000000000000000e+05	3.281499999999999773e+02
1.044000000000000000e+05	3.281499999999999773e+02
1.044000000000000000e+05	3.093020890819673809e+02
1.053000000000000000e+05	3.093020890819673809e+02
1.053000000000000000e+05	3.198131712015525068e+02
1.062000000000000000e+05	3.198131712015525068e+02
1.062000000000000000e+05	3.221114588937164172e+02
1.071000000000000000e+05	3.221114588937164172e+02
1.071000000000000000e+05	3.245961483466313098e+02
1.080000000000000000e+05	3.245961483466313098e+02
1.080000000000000000e+05	3.093020890819673809e+02
1.089000000000000000e+05	3.093020890819673809e+02
1.089000000000000000e+05	3.281499999999999773e+02
1.098000000000000000e+05	3.281499999999999773e+02
1.098000000000000000e+05	2.981499999999999773e+02
1.107000000000000000e+05	2.981499999999999773e+02
1.107000000000000000e+05	3.008512757106404365e+02
1.116000000000000000e+05	3.008512757106404365e+02
1.116000000000000000e+05	3.027471159781902088e+02
1.125000000000000000e+05	3.027471159781902088e+02
1.125000000000000000e+05	3.161143098136275285e+02
1.134000000000000000e+05	3.161143098136275285e+02
1.134000000000000000e+05	3.161143098136275285e+02
1.143000000000000000e+05	3.161143098136275285e+02
1.143000000000000000e+05	3.161143098136275285e+02
1.152000000000000000e+05	3.161143098136275285e+02
1.152000000000000000e+05	3.113363719617555034e+02
1.161000000000000000e+05	3.113363719617555034e+02
1.161000000000000000e+05	3.138926427363097105e+02
1.170000000000000000e+05	3.138926427363097105e+02
1.170000000000000000e+05	3.140409678620238196e+02
1.179000000000000000e+05	3.140409678620238196e+02
1.179000000000000000e+05	3.146532474239976409e+02
1.188000000000000000e+05	3.146532474239976409e+02
1.188000000000000000e+05	3.093020890819673809e+02
1.197000000000000000e+05	3.093020890819673809e+02
1.197000000000000000e+05	3.092972871644462316e+02
1.206000000000000000e+05	3.092972871644462316e+02
1.206000000000000000e+05	3.093020890819673809e+02
1.215000000000000000e+05	3.093020890819673809e+02
1.215000000000000000e+05	3.090312965350599370e+02
1.224000000000000000e+05	3.090312965350599370e+02
1.224000000000000000e+05	3.281499999999999773e+02
1.233000000000000000e+05	3.281499999999999773e+02
1.233000000000000000e+05	3.059754501982119450e+02
1.242000000000000000e+05	3.059754501982119450e+02
1.242000000000000000e+05	3.093020890819673809e+02
1.251000000000000000e+05	3.093020890819673809e+02
1.251000000000000000e+05	2.981499999999999773e+02
1.260000000000000000e+05	2.981499999999999773e+02
1.260000000000000000e+05	3.041382810484572587e+02
1.269000000000000000e+05	3.041382810484572587e+02
1.269000000000000000e+05	3.057006514886476793e+02
1.278000000000000000e+05	3.057006514886476793e+02
1.278000000000000000e+05	3.281499999999999773e+02
1.287000000000000000e+05	3.281499999999999773e+02
1.287000000000000000e+05	2.981499999999999773e+02
1.296000000000000000e+05	2.981499999999999773e+02
1.296000000000000000e+05	3.281499999999999773e+02
1.305000000000000000e+05	3.281499999999999773e+02
1.305000000000000000e+05	3.281499999999999773e+02
1.314000000000000000e+05	3.281499999999999773e+02
1.314000000000000000e+05	2.981499999999999773e+02
1.323000000000000000e+05	2.981499999999999773e+02
1.323000000000000000e+05	3.021407053133736440e+02
1.332000000000000000e+05	3.021407053133736440e+02
1.332000000000000000e+05	3.093020890819673809e+02
1.341000000000000000e+05	3.093020890819673809e+02
1.341000000000000000e+05	3.221322712145104674e+02
1.350000000000000000e+05	3.221322712145104674e+02
1.350000000000000000e+05	3.016559395886375796e+02
1.359000000000000000e+05	3.016559395886375796e+02
1.359000000000000000e+05	3.041070777373820420e+02
1.368000000000000000e+05	3.041070777373820420e+02
1.368000000000000000e+05	3.218556444455800829e+02
1.377000000000000000e+05	3.218556444455800829e+02
1.377000000000000000e+05	3.240541554323231708e+02
1.386000000000000000e+05	3.240541554323231708e+02
1.386000000000000000e+05	3.093020890819673809e+02
1.395000000000000000e+05	3.093020890819673809e+02
1.395000000000000000e+05	3.281499999999999773e+02
1.404000000000000000e+05	3.281499999999999773e+02
1.404000000000000000e+05	3.281499999999999773e+02
1.413000000000000000e+05	3.281499999999999773e+02
1.413000000000000000e+05	2.981499999999999773e+02
1.422000000000000000e+05	2.981499999999999773e+02
1.422000000000000000e+05	3.281499999999999773e+02
1.431000000000000000e+05	3.281499999999999773e+02
1.431000000000000000e+05	3.005728386328143529e+02
1.440000000000000000e+05	3.005728386328143529e+02
1.440000000000000000e+05	3.281499999999999773e+02
1.449000000000000000e+05	3.281499999999999773e+02
1.449000000000000000e+05	2.981499999999999773e+02
1.458000000000000000e+05	2.981499999999999773e+02
1.458000000000000000e+05	3.002993499492926048e+02
1.467000000000000000e+05	3.002993499492926048e+02
1.467000000000000000e+05	2.981499999999999773e+02
1.476000000000000000e+05	2.981499999999999773e+02
1.476000000000000000e+05	3.281499999999999773e+02
1.485000000000000000e+05	3.281499999999999773e+02
1.485000000000000000e+05	2.981499999999999773e+02
1.494000000000000000e+05	2.981499999999999773e+02
1.494000000000000000e+05	2.983237805514771708e+02
1.503000000000000000e+05	2.983237805514771708e+02
1.503000000000000000e+05	3.011202982939724961e+02
1.512000000000000000e+05	3.011202982939724961e+02
1.512000000000000000e+05	3.017388659030502254e+02
1.521000000000000000e+05	3.017388659030502254e+02
1.521000000000000000e+05	3.281499999999999773e+02
1.530000000000000000e+05	3.281499999999999773e+02
1.530000000000000000e+05	3.281499999999999773e+02
1.539000000000000000e+05	3.281499999999999773e+02
1.539000000000000000e+05	3.007126822434001383e+02
1.548000000000000000e+05	3.007126822434001383e+02
1.548000000000000000e+05	3.016985835134219656e+02
1.557000000000000000e+05	3.016985835134219656e+02
1.557000000000000000e+05	3.281499999999999773e+02
1.566000000000000000e+05	3.281499999999999773e+02
1.566000000000000000e+05	3.281499999999999773e+02
1.575000000000000000e+05	3.281499999999999773e+02
1.575000000000000000e+05	3.281499999999999773e+02
1.584000000000000000e+05	3.281499999999999773e+02
1.584000000000000000e+05	3.008593262140366846e+02
1.593000000000000000e+05	3.008593262140366846e+02
1.593000000000000000e+05	3.265694860712529248e+02
1.602000000000000000e+05	3.265694860712529248e+02
1.602000000000000000e+05	3.281499999999999773e+02
1.611000000000000000e+05	3.281499999999999773e+02
1.611000000000000000e+05	3.281499999999999773e+02
1.620000000000000000e+05	3.281499999999999773e+02
1.620000000000000000e+05	2.981499999999999773e+02
1.629000000000000000e+05	2.981499999999999773e+02
1.629000000000000000e+05	3.281499999999999773e+02
1.638000000000000000e+05	3.281499999999999773e+02
1.638000000000000000e+05	3.281499999999999773e+02
1.647000000000000000e+05	3.281499999999999773e+02
1.647000000000000000e+05	3.281499999999999773e+02
1.656000000000000000e+05	3.281499999999999773e+02
1.656000000000000000e+05	3.281499999999999773e+02
1.665000000000000000e+05	3.281499999999999773e+02
1.665000000000000000e+05	3.281499999999999773e+02
1.674000000000000000e+05	3.281499999999999773e+02
1.674000000000000000e+05	3.281499999999999773e+02
1.683000000000000000e+05	3.281499999999999773e+02
1.683000000000000000e+05	3.281499999999999773e+02
1.692000000000000000e+05	3.281499999999999773e+02
1.692000000000000000e+05	3.281499999999999773e+02
1.701000000000000000e+05	3.281499999999999773e+02
1.701000000000000000e+05	3.281499999999999773e+02
1.710000000000000000e+05	3.281499999999999773e+02
1.710000000000000000e+05	2.981499999999999773e+02
1.719000000000000000e+05	2.981499999999999773e+02
1.719000000000000000e+05	3.281499999999999773e+02
1.728000000000000000e+05	3.281499999999999773e+02
1.728000000000000000e+05	3.281499999999999773e+02
1.737000000000000000e+05	3.281499999999999773e+02
1.737000000000000000e+05	2.981499999999999773e+02
1.746000000000000000e+05	2.981499999999999773e+02
1.746000000000000000e+05	2.981499999999999773e+02
1.755000000000000000e+05	2.981499999999999773e+02
1.755000000000000000e+05	2.981499999999999773e+02
1.764000000000000000e+05	2.981499999999999773e+02
1.764000000000000000e+05	3.206111113520938147e+02
1.773000000000000000e+05	3.206111113520938147e+02
1.773000000000000000e+05	3.281499999999999773e+02
1.782000000000000000e+05	3.281499999999999773e+02
1.782000000000000000e+05	3.281499999999999773e+02
1.791000000000000000e+05	3.281499999999999773e+02
1.791000000000000000e+05	3.281499999999999773e+02
1.800000000000000000e+05	3.281499999999999773e+02
1.800000000000000000e+05	3.232759420222928384e+02
1.809000000000000000e+05	3.232759420222928384e+02
1.809000000000000000e+05	3.281499999999999773e+02
1.818000000000000000e+05	3.281499999999999773e+02
1.818000000000000000e+05	2.984031114311198962e+02
1.827000000000000000e+05	2.984031114311198962e+02
1.827000000000000000e+05	3.281499999999999773e+02
1.836000000000000000e+05	3.281499999999999773e+02
1.836000000000000000e+05	3.281499999999999773e+02
1.845000000000000000e+05	3.281499999999999773e+02
1.845000000000000000e+05	3.281499999999999773e+02
1.854000000000000000e+05	3.281499999999999773e+02
1.854000000000000000e+05	2.981499999999999773e+02
1.863000000000000000e+05	2.981499999999999773e+02
1.863000000000000000e+05	3.281499999999999773e+02
1.872000000000000000e+05	3.281499999999999773e+02
1.872000000000000000e+05	3.281499999999999773e+02
1.881000000000000000e+05	3.281499999999999773e+02
1.881000000000000000e+05	3.281499999999999773e+02
1.890000000000000000e+05	3.281499999999999773e+02
1.890000000000000000e+05	3.281499999999999773e+02
1.899000000000000000e+05	3.281499999999999773e+02
1.899000000000000000e+05	3.265788737016570167e+02
1.908000000000000000e+05	3.265788737016570167e+02
1.908000000000000000e+05	3.281499999999999773e+02
1.917000000000000000e+05	3.281499999999999773e+02
1.917000000000000000e+05	3.281499999999999773e+02
1.926000000000000000e+05	3.281499999999999773e+02
1.926000000000000000e+05	3.281282838477399082e+02
1.935000000000000000e+05	3.281282838477399082e+02
1.935000000000000000e+05	3.281499999999999773e+02
1.944000000000000000e+05	3.281499999999999773e+02
1.944000000000000000e+05	3.281499999999999773e+02
1.953000000000000000e+05	3.281499999999999773e+02
1.953000000000000000e+05	3.281499999999999773e+02
1.962000000000000000e+05	3.281499999999999773e+02
1.962000000000000000e+05	3.281499999999999773e+02
1.971000000000000000e+05	3.281499999999999773e+02
1.971000000000000000e+05	3.281499999999999773e+02
1.980000000000000000e+05	3.281499999999999773e+02
1.980000000000000000e+05	3.281499999999999773e+02
1.989000000000000000e+05	3.281499999999999773e+02
1.989000000000000000e+05	3.025248779079593078e+02
1.998000000000000000e+05	3.025248779079593078e+02
1.998000000000000000e+05	3.161143098136275285e+02
2.007000000000000000e+05	3.161143098136275285e+02
2.007000000000000000e+05	3.161143098136275285e+02
2.016000000000000000e+05	3.161143098136275285e+02
2.016000000000000000e+05	3.111557511224424957e+02
2.025000000000000000e+05	3.111557511224424957e+02
2.025000000000000000e+05	3.145074112752731139e+02
2.034000000000000000e+05	3.145074112752731139e+02
2.034000000000000000e+05	3.133724225952622078e+02
2.043000000000000000e+05	3.133724225952622078e+02
2.043000000000000000e+05	3.093020890819673809e+02
2.052000000000000000e+05	3.093020890819673809e+02
2.052000000000000000e+05	3.281499999999999773e+02
2.061000000000000000e+05	3.281499999999999773e+02
2.061000000000000000e+05	3.066526834237986350e+02
2.070000000000000000e+05	3.066526834237986350e+02
2.070000000000000000e+05	3.073920020490845104e+02
2.079000000000000000e+05	3.073920020490845104e+02
2.079000000000000000e+05	3.069144873557150959e+02
2.088000000000000000e+05	3.069144873557150959e+02
2.088000000000000000e+05	3.066447146302331248e+02
2.097000000000000000e+05	3.066447146302331248e+02
2.097000000000000000e+05	3.093020890819673809e+02
2.106000000000000000e+05	3.093020890819673809e+02
2.106000000000000000e+05	2.981499999999999773e+02
2.115000000000000000e+05	2.981499999999999773e+02
2.115000000000000000e+05	3.040454081360228997e+02
2.124000000000000000e+05	3.040454081360228997e+02
2.124000000000000000e+05	3.044062945614142563e+02
2.133000000000000000e+05	3.044062945614142563e+02
2.133000000000000000e+05	3.058906778960609927e+02
2.142000000000000000e+05	3.058906778960609927e+02
2.142000000000000000e+05	2.981499999999999773e+02
2.151000000000000000e+05	2.981499999999999773e+02
2.151000000000000000e+05	3.281499999999999773e+02
2.160000000000000000e+05	3.281499999999999773e+02
2.160000000000000000e+05	3.039930857616548110e+02
2.169000000000000000e+05	3.039930857616548110e+02
2.169000000000000000e+05	3.239752104725081949e+02
2.178000000000000000e+05	3.239752104725081949e+02
2.178000000000000000e+05	3.093020890819673809e+02
2.187000000000000000e+05	3.093020890819673809e+02
2.187000000000000000e+05	2.981499999999999773e+02
2.196000000000000000e+05	2.981499999999999773e+02
2.196000000000000000e+05	3.021525758580604588e+02
2.205000000000000000e+05	3.021525758580604588e+02
2.205000000000000000e+05	3.093020890819673809e+02
2.214000000000000000e+05	3.093020890819673809e+02
2.214000000000000000e+05	2.981499999999999773e+02
2.223000000000000000e+05	2.981499999999999773e+02
2.223000000000000000e+05	2.981499999999999773e+02
2.232000000000000000e+05	2.981499999999999773e+02
2.232000000000000000e+05	2.981499999999999773e+02
2.241000000000000000e+05	2.981499999999999773e+02
2.241000000000000000e+05	3.281499999999999773e+02
2.250000000000000000e+05	3.281499999999999773e+02
2.250000000000000000e+05	3.281499999999999773e+02
2.259000000000000000e+05	3.281499999999999773e+02
2.259000000000000000e+05	3.017119081934760061e+02
2.268000000000000000e+05	3.017119081934760061e+02
2.268000000000000000e+05	3.017018145314758044e+02
2.277000000000000000e+05	3.017018145314758044e+02
2.277000000000000000e+05	3.281499999999999773e+02
2.286000000000000000e+05	3.281499999999999773e+02
2.286000000000000000e+05	3.281499999999999773e+02
2.295000000000000000e+05	3.281499999999999773e+02
2.295000000000000000e+05	3.281499999999999773e+02
2.304000000000000000e+05	3.281499999999999773e+02
2.304000000000000000e+05	3.012622945737276154e+02
2.313000000000000000e+05	3.012622945737276154e+02
2.313000000000000000e+05	3.281499999999999773e+02
2.322000000000000000e+05	3.281499999999999773e+02
2.322000000000000000e+05	3.281499999999999773e+02
2.331000000000000000e+05	3.281499999999999773e+02
2.331000000000000000e+05	3.281499999999999773e+02
2.340000000000000000e+05	3.281499999999999773e+02
2.340000000000000000e+05	3.009028855306788728e+02
2.349000000000000000e+05	3.009028855306788728e+02
2.349000000000000000e+05	3.281499999999999773e+02
2.358000000000000000e+05	3.281499999999999773e+02
2.358000000000000000e+05	3.008627327997055545e+02
2.367000000000000000e+05	3.008627327997055545e+02
2.367000000000000000e+05	3.029970367823009951e+02
2.376000000000000000e+05	3.029970367823009951e+02
2.376000000000000000e+05	3.029019155445770934e+02
2.385000000000000000e+05	3.029019155445770934e+02
2.385000000000000000e+05	3.281499999999999773e+02
2.394000000000000000e+05	3.281499999999999773e+02
2.394000000000000000e+05	3.012915417379318228e+02
2.403000000000000000e+05	3.012915417379318228e+02
2.403000000000000000e+05	3.033792215001731165e+02
2.412000000000000000e+05	3.033792215001731165e+02
2.412000000000000000e+05	3.278322145691996639e+02
2.421000000000000000e+05	3.278322145691996639e+02
2.421000000000000000e+05	3.247606257194524915e+02
2.430000000000000000e+05	3.247606257194524915e+02
2.430000000000000000e+05	3.093020890819673809e+02
2.439000000000000000e+05	3.093020890819673809e+02
2.439000000000000000e+05	3.017637843311740653e+02
2.448000000000000000e+05	3.017637843311740653e+02
2.448000000000000000e+05	3.207670551501961995e+02
2.457000000000000000e+05	3.207670551501961995e+02
2.457000000000000000e+05	3.239152110581352986e+02
2.466000000000000000e+05	3.239152110581352986e+02
2.466000000000000000e+05	3.281499999999999773e+02
2.475000000000000000e+05	3.281499999999999773e+02
2.475000000000000000e+05	3.281499999999999773e+02
2.484000000000000000e+05	3.281499999999999773e+02
2.484000000000000000e+05	2.981499999999999773e+02
2.493000000000000000e+05	2.981499999999999773e+02
2.493000000000000000e+05	3.281499999999999773e+02
2.502000000000000000e+05	3.281499999999999773e+02
2.502000000000000000e+05	3.281499999999999773e+02
2.511000000000000000e+05	3.281499999999999773e+02
2.511000000000000000e+05	3.281499999999999773e+02
2.520000000000000000e+05	3.281499999999999773e+02
2.520000000000000000e+05	3.281499999999999773e+02
2.529000000000000000e+05	3.281499999999999773e+02
2.529000000000000000e+05	3.281499999999999773e+02
2.538000000000000000e+05	3.281499999999999773e+02
2.538000000000000000e+05	3.281499999999999773e+02
2.547000000000000000e+05	3.281499999999999773e+02
2.547000000000000000e+05	3.281499999999999773e+02
2.556000000000000000e+05	3.281499999999999773e+02
2.556000000000000000e+05	3.281499999999999773e+02
2.565000000000000000e+05	3.281499999999999773e+02
2.565000000000000000e+05	3.281499999999999773e+02
2.574000000000000000e+05	3.281499999999999773e+02
2.574000000000000000e+05	3.281499999999999773e+02
2.583000000000000000e+05	3.281499999999999773e+02
2.583000000000000000e+05	3.281499999999999773e+02
2.592000000000000000e+05	3.281499999999999773e+02
2.592000000000000000e+05	3.281499999999999773e+02
2.601000000000000000e+05	3.281499999999999773e+02
2.601000000000000000e+05	3.281499999999999773e+02
2.610000000000000000e+05	3.281499999999999773e+02
2.610000000000000000e+05	3.281499999999999773e+02
2.619000000000000000e+05	3.281499999999999773e+02
2.619000000000000000e+05	3.281499999999999773e+02
2.628000000000000000e+05	3.281499999999999773e+02
2.628000000000000000e+05	3.281499999999999773e+02
2.637000000000000000e+05	3.281499999999999773e+02
2.637000000000000000e+05	3.281499999999999773e+02
2.646000000000000000e+05	3.281499999999999773e+02
2.646000000000000000e+05	3.281499999999999773e+02
2.655000000000000000e+05	3.281499999999999773e+02
2.655000000000000000e+05	3.281499999999999773e+02
2.664000000000000000e+05	3.281499999999999773e+02
2.664000000000000000e+05	3.281499999999999773e+02
2.673000000000000000e+05	3.281499999999999773e+02
2.673000000000000000e+05	3.281499999999999773e+02
2.682000000000000000e+05	3.281499999999999773e+02
2.682000000000000000e+05	3.281499999999999773e+02
2.691000000000000000e+05	3.281499999999999773e+02
2.691000000000000000e+05	3.281499999999999773e+02
2.700000000000000000e+05	3.281499999999999773e+02
2.700000000000000000e+05	3.281499999999999773e+02
2.709000000000000000e+05	3.281499999999999773e+02
2.709000000000000000e+05	2.981499999999999773e+02
2.718000000000000000e+05	2.981499999999999773e+02
2.718000000000000000e+05	3.281499999999999773e+02
2.727000000000000000e+05	3.281499999999999773e+02
2.727000000000000000e+05	3.281499999999999773e+02
2.736000000000000000e+05	3.281499999999999773e+02
2.736000000000000000e+05	3.281499999999999773e+02
2.745000000000000000e+05	3.281499999999999773e+02
2.745000000000000000e+05	3.281499999999999773e+02
2.754000000000000000e+05	3.281499999999999773e+02
2.754000000000000000e+05	3.281499999999999773e+02
2.763000000000000000e+05	3.281499999999999773e+02
2.763000000000000000e+05	2.981499999999999773e+02
2.772000000000000000e+05	2.981499999999999773e+02
2.772000000000000000e+05	3.015334196526472965e+02
2.781000000000000000e+05	3.015334196526472965e+02
2.781000000000000000e+05	3.281499999999999773e+02
2.790000000000000000e+05	3.281499999999999773e+02
2.790000000000000000e+05	3.281499999999999773e+02
2.799000000000000000e+05	3.281499999999999773e+02
2.799000000000000000e+05	3.281499999999999773e+02
2.808000000000000000e+05	3.281499999999999773e+02
2.808000000000000000e+05	3.281499999999999773e+02
2.817000000000000000e+05	3.281499999999999773e+02
2.817000000000000000e+05	2.981499999999999773e+02
2.826000000000000000e+05	2.981499999999999773e+02
2.826000000000000000e+05	3.281499999999999773e+02
2.835000000000000000e+05	3.281499999999999773e+02
2.835000000000000000e+05	2.981565624491966560e+02
2.844000000000000000e+05	2.981565624491966560e+02
2.844000000000000000e+05	3.006261716914307272e+02
2.853000000000000000e+05	3.006261716914307272e+02
2.853000000000000000e+05	3.066335133281509684e+02
2.862000000000000000e+05	3.066335133281509684e+02
2.862000000000000000e+05	3.161143098136275285e+02
2.871000000000000000e+05	3.161143098136275285e+02
2.871000000000000000e+05	3.161143098136275285e+02
2.880000000000000000e+05	3.161143098136275285e+02
2.880000000000000000e+05	3.104426878863872616e+02
2.889000000000000000e+05	3.104426878863872616e+02
2.889000000000000000e+05	3.132368610536034907e+02
2.898000000000000000e+05	3.132368610536034907e+02
2.898000000000000000e+05	3.135239262611468121e+02
2.907000000000000000e+05	3.135239262611468121e+02
2.907000000000000000e+05	3.142337564529773886e+02
2.916000000000000000e+05	3.142337564529773886e+02
2.916000000000000000e+05	3.117484178683214964e+02
2.925000000000000000e+05	3.117484178683214964e+02
2.925000000000000000e+05	3.093020890819674378e+02
2.934000000000000000e+05	3.093020890819674378e+02
2.934000000000000000e+05	3.093020890819673809e+02
2.943000000000000000e+05	3.093020890819673809e+02
2.943000000000000000e+05	3.093020890819673809e+02
2.952000000000000000e+05	3.093020890819673809e+02
2.952000000000000000e+05	3.090066501390759299e+02
2.961000000000000000e+05	3.090066501390759299e+02
2.961000000000000000e+05	3.281499999999999773e+02
2.970000000000000000e+05	3.281499999999999773e+02
2.970000000000000000e+05	3.076648238150883685e+02
2.979000000000000000e+05	3.076648238150883685e+02
2.979000000000000000e+05	3.281499999999999773e+02
2.988000000000000000e+05	3.281499999999999773e+02
2.988000000000000000e+05	3.051903853978112124e+02
2.997000000000000000e+05	3.051903853978112124e+02
2.997000000000000000e+05	3.072708483001333661e+02
3.006000000000000000e+05	3.072708483001333661e+02
3.006000000000000000e+05	3.056647241433566364e+02
3.015000000000000000e+05	3.056647241433566364e+02
3.015000000000000000e+05	3.093020890819673809e+02
3.024000000000000000e+05	3.093020890819673809e+02
3.024000000000000000e+05	3.281499999999999773e+02
3.033000000000000000e+05	3.281499999999999773e+02
3.033000000000000000e+05	3.281499999999999773e+02
3.042000000000000000e+05	3.281499999999999773e+02
3.042000000000000000e+05	3.281499999999999773e+02
3.051000000000000000e+05	3.281499999999999773e+02
3.051000000000000000e+05	2.981499999999999773e+02
3.060000000000000000e+05	2.981499999999999773e+02
3.060000000000000000e+05	3.019534474410384632e+02
3.069000000000000000e+05	3.019534474410384632e+02
3.069000000000000000e+05	3.281499999999999773e+02
3.078000000000000000e+05	3.281499999999999773e+02
3.078000000000000000e+05	3.017963300787232015e+02
3.087000000000000000e+05	3.017963300787232015e+02
3.087000000000000000e+05	3.281499999999999773e+02
3.096000000000000000e+05	3.281499999999999773e+02
3.096000000000000000e+05	3.281499999999999773e+02
3.105000000000000000e+05	3.281499999999999773e+02
3.105000000000000000e+05	3.009321072874824949e+02
3.114000000000000000e+05	3.009321072874824949e+02
3.114000000000000000e+05	2.981499999999999773e+02
3.123000000000000000e+05	2.981499999999999773e+02
3.123000000000000000e+05	3.004512601411244646e+02
3.132000000000000000e+05	3.004512601411244646e+02
3.132000000000000000e+05	3.009020458086166627e+02
3.141000000000000000e+05	3.009020458086166627e+02
3.141000000000000000e+05	2.981499999999999773e+02
3.150000000000000000e+05	2.981499999999999773e+02
3.150000000000000000e+05	2.981499999999999773e+02
3.159000000000000000e+05	2.981499999999999773e+02
3.159000000000000000e+05	2.981499999999999773e+02
3.168000000000000000e+05	2.981499999999999773e+02
3.168000000000000000e+05	3.009474016041467053e+02
3.177000000000000000e+05	3.009474016041467053e+02
3.177000000000000000e+05	3.281499999999999773e+02
3.186000000000000000e+05	3.281499999999999773e+02
3.186000000000000000e+05	2.981499999999999773e+02
3.195000000000000000e+05	2.981499999999999773e+02
3.195000000000000000e+05	2.997790367407097278e+02
3.204000000000000000e+05	2.997790367407097278e+02
3.204000000000000000e+05	3.011900145716848556e+02
3.213000000000000000e+05	3.011900145716848556e+02
3.213000000000000000e+05	3.051252053518773550e+02
3.222000000000000000e+05	3.051252053518773550e+02
3.222000000000000000e+05	3.281499999999999773e+02
3.231000000000000000e+05	3.281499999999999773e+02
3.231000000000000000e+05	3.023784360512183866e+02
3.240000000000000000e+05	3.023784360512183866e+02
3.240000000000000000e+05	3.281499999999999773e+02
3.249000000000000000e+05	3.281499999999999773e+02
3.249000000000000000e+05	3.025637795164313388e+02
3.258000000000000000e+05	3.025637795164313388e+02
3.258000000000000000e+05	2.981499999999999773e+02
3.267000000000000000e+05	2.981499999999999773e+02
3.267000000000000000e+05	3.018344085305067779e+02
3.276000000000000000e+05	3.018344085305067779e+02
3.276000000000000000e+05	3.030227845792904873e+02
3.285000000000000000e+05	3.030227845792904873e+02
3.285000000000000000e+05	3.281499999999999773e+02
3.294000000000000000e+05	3.281499999999999773e+02
3.294000000000000000e+05	3.093020890819673809e+02
3.303000000000000000e+05	3.093020890819673809e+02
3.303000000000000000e+05	3.093020890819673809e+02
3.312000000000000000e+05	3.093020890819673809e+02
3.312000000000000000e+05	3.281499999999999773e+02
3.321000000000000000e+05	3.281499999999999773e+02
3.321000000000000000e+05	3.281499999999999773e+02
3.330000000000000000e+05	3.281499999999999773e+02
3.330000000000000000e+05	3.281499999999999773e+02
3.339000000000000000e+05	3.281499999999999773e+02
3.339000000000000000e+05	3.281499999999999773e+02
3.348000000000000000e+05	3.281499999999999773e+02
3.348000000000000000e+05	2.981499999999999773e+02
3.357000000000000000e+05	2.981499999999999773e+02
3.357000000000000000e+05	3.281499999999999773e+02
3.366000000000000000e+05	3.281499999999999773e+02
3.366000000000000000e+05	3.281499999999999773e+02
3.375000000000000000e+05	3.281499999999999773e+02
3.375000000000000000e+05	3.281499999999999773e+02
3.384000000000000000e+05	3.281499999999999773e+02
3.384000000000000000e+05	3.120434517286468008e+02
3.393000000000000000e+05	3.120434517286468008e+02
3.393000000000000000e+05	3.281499999999999773e+02
3.402000000000000000e+05	3.281499999999999773e+02
3.402000000000000000e+05	3.281499999999999773e+02
3.411000000000000000e+05	3.281499999999999773e+02
3.411000000000000000e+05	3.281500000000010004e+02
3.420000000000000000e+05	3.281500000000010004e+02
3.420000000000000000e+05	2.981499999999999773e+02
3.429000000000000000e+05	2.981499999999999773e+02
3.429000000000000000e+05	3.117536505210124460e+02
3.438000000000000000e+05	3.117536505210124460e+02
3.438000000000000000e+05	3.118184767836460196e+02
3.447000000000000000e+05	3.118184767836460196e+02
3.447000000000000000e+05	3.118832787364310661e+02
3.456000000000000000e+05	3.118832787364310661e+02
3.456000000000000000e+05	2.981499999999999773e+02
3.465000000000000000e+05	2.981499999999999773e+02
3.465000000000000000e+05	3.281499999999999773e+02
3.474000000000000000e+05	3.281499999999999773e+02
3.474000000000000000e+05	2.981499999999999773e+02
3.483000000000000000e+05	2.981499999999999773e+02
3.483000000000000000e+05	2.981499999999999773e+02
3.492000000000000000e+05	2.981499999999999773e+02
3.492000000000000000e+05	3.281499999999999773e+02
3.501000000000000000e+05	3.281499999999999773e+02
3.501000000000000000e+05	3.281499999999999773e+02
3.510000000000000000e+05	3.281499999999999773e+02
3.510000000000000000e+05	2.981499999999999773e+02
3.519000000000000000e+05	2.981499999999999773e+02
3.519000000000000000e+05	2.981499999999999773e+02
3.528000000000000000e+05	2.981499999999999773e+02
3.528000000000000000e+05	2.981499999999999773e+02
3.537000000000000000e+05	2.981499999999999773e+02
3.537000000000000000e+05	2.981499999999999773e+02
3.546000000000000000e+05	2.981499999999999773e+02
3.546000000000000000e+05	2.981499999999999773e+02
3.555000000000000000e+05	2.981499999999999773e+02
3.555000000000000000e+05	2.981499999999999773e+02
3.564000000000000000e+05	2.981499999999999773e+02
3.564000000000000000e+05	3.093020890819673809e+02
3.573000000000000000e+05	3.093020890819673809e+02
3.573000000000000000e+05	3.281499999999999773e+02
3.582000000000000000e+05	3.281499999999999773e+02
3.582000000000000000e+05	3.281499999999999773e+02
3.591000000000000000e+05	3.281499999999999773e+02
3.591000000000000000e+05	3.281499999999999773e+02
3.600000000000000000e+05	3.281499999999999773e+02
3.600000000000000000e+05	3.093020890819673809e+02
3.609000000000000000e+05	3.093020890819673809e+02
3.609000000000000000e+05	3.155333986978513394e+02
3.618000000000000000e+05	3.155333986978513394e+02
3.618000000000000000e+05	3.208105832165610991e+02
3.627000000000000000e+05	3.208105832165610991e+02
3.627000000000000000e+05	3.093020890819673809e+02
3.636000000000000000e+05	3.093020890819673809e+02
3.636000000000000000e+05	2.988196024801188742e+02
3.645000000000000000e+05	2.988196024801188742e+02
3.645000000000000000e+05	3.160516284587025666e+02
3.654000000000000000e+05	3.160516284587025666e+02
3.654000000000000000e+05	3.222613917351655459e+02
3.663000000000000000e+05	3.222613917351655459e+02
3.663000000000000000e+05	3.271047588077183832e+02
3.672000000000000000e+05	3.271047588077183832e+02
3.672000000000000000e+05	3.232486296383834770e+02
3.681000000000000000e+05	3.232486296383834770e+02
3.681000000000000000e+05	3.253790920111999867e+02
3.690000000000000000e+05	3.253790920111999867e+02
3.690000000000000000e+05	3.275356228436677384e+02
3.699000000000000000e+05	3.275356228436677384e+02
3.699000000000000000e+05	2.981499999999999773e+02
3.708000000000000000e+05	2.981499999999999773e+02
3.708000000000000000e+05	3.024717938709601412e+02
3.717000000000000000e+05	3.024717938709601412e+02
3.717000000000000000e+05	3.161143098136275285e+02
3.726000000000000000e+05	3.161143098136275285e+02
3.726000000000000000e+05	3.161143098136275285e+02
3.735000000000000000e+05	3.161143098136275285e+02
3.735000000000000000e+05	3.161143098136275285e+02
3.744000000000000000e+05	3.161143098136275285e+02
3.744000000000000000e+05	3.112975200364926422e+02
3.753000000000000000e+05	3.112975200364926422e+02
3.753000000000000000e+05	3.139079482754088417e+02
3.762000000000000000e+05	3.139079482754088417e+02
3.762000000000000000e+05	3.140626067954108294e+02
3.771000000000000000e+05	3.140626067954108294e+02
3.771000000000000000e+05	3.129018470321100267e+02
3.780000000000000000e+05	3.129018470321100267e+02
3.780000000000000000e+05	3.136508822071958775e+02
3.789000000000000000e+05	3.136508822071958775e+02
3.789000000000000000e+05	3.138181352535476094e+02
3.798000000000000000e+05	3.138181352535476094e+02
3.798000000000000000e+05	3.281499999999999773e+02
3.807000000000000000e+05	3.281499999999999773e+02
3.807000000000000000e+05	3.093020890819673809e+02
3.816000000000000000e+05	3.093020890819673809e+02
3.816000000000000000e+05	3.281499999999999773e+02
3.825000000000000000e+05	3.281499999999999773e+02
3.825000000000000000e+05	3.055152378590622106e+02
3.834000000000000000e+05	3.055152378590622106e+02
3.834000000000000000e+05	3.093020890819673809e+02
3.843000000000000000e+05	3.093020890819673809e+02
3.843000000000000000e+05	3.079451858503825292e+02
3.852000000000000000e+05	3.079451858503825292e+02
3.852000000000000000e+05	3.281499999999999773e+02
3.861000000000000000e+05	3.281499999999999773e+02
3.861000000000000000e+05	3.281499999999999773e+02
3.870000000000000000e+05	3.281499999999999773e+02
3.870000000000000000e+05	3.281499999999999773e+02
3.879000000000000000e+05	3.281499999999999773e+02
3.879000000000000000e+05	3.281499999999999773e+02
3.888000000000000000e+05	3.281499999999999773e+02
3.888000000000000000e+05	3.042323601648477620e+02
3.897000000000000000e+05	3.042323601648477620e+02
3.897000000000000000e+05	3.281499999999999773e+02
3.906000000000000000e+05	3.281499999999999773e+02
3.906000000000000000e+05	3.031696232293445519e+02
3.915000000000000000e+05	3.031696232293445519e+02
3.915000000000000000e+05	3.281499999999999773e+02
3.924000000000000000e+05	3.281499999999999773e+02
3.924000000000000000e+05	3.040273722038909909e+02
3.933000000000000000e+05	3.040273722038909909e+02
3.933000000000000000e+05	3.281499999999999773e+02
3.942000000000000000e+05	3.281499999999999773e+02
3.942000000000000000e+05	2.981499999999999773e+02
3.951000000000000000e+05	2.981499999999999773e+02
3.951000000000000000e+05	3.281499999999999773e+02
3.960000000000000000e+05	3.281499999999999773e+02
3.960000000000000000e+05	3.017721338175395545e+02
3.969000000000000000e+05	3.017721338175395545e+02
3.969000000000000000e+05	3.056142250404042784e+02
3.978000000000000000e+05	3.056142250404042784e+02
3.978000000000000000e+05	3.059942613621014971e+02
3.987000000000000000e+05	3.059942613621014971e+02
3.987000000000000000e+05	2.981499999999999773e+02
3.996000000000000000e+05	2.981499999999999773e+02
3.996000000000000000e+05	2.981499999999999773e+02
4.005000000000000000e+05	2.981499999999999773e+02
4.005000000000000000e+05	3.281499999999999773e+02
4.014000000000000000e+05	3.281499999999999773e+02
4.014000000000000000e+05	3.281499999999999773e+02
4.023000000000000000e+05	3.281499999999999773e+02
4.023000000000000000e+05	3.281499999999999773e+02
4.032000000000000000e+05	3.281499999999999773e+02
4.032000000000000000e+05	3.281499999999999773e+02
4.041000000000000000e+05	3.281499999999999773e+02
4.041000000000000000e+05	3.281499999999999773e+02
4.050000000000000000e+05	3.281499999999999773e+02
4.050000000000000000e+05	3.281499999999999773e+02
4.059000000000000000e+05	3.281499999999999773e+02
4.059000000000000000e+05	2.992164375648562782e+02
4.068000000000000000e+05	2.992164375648562782e+02
4.068000000000000000e+05	3.281499999999999773e+02
4.077000000000000000e+05	3.281499999999999773e+02
4.077000000000000000e+05	3.281499999999999773e+02
4.086000000000000000e+05	3.281499999999999773e+02
4.086000000000000000e+05	3.016166668578857752e+02
4.095000000000000000e+05	3.016166668578857752e+02
4.095000000000000000e+05	2.981499999999999773e+02
4.104000000000000000e+05	2.981499999999999773e+02
4.104000000000000000e+05	3.022105103208386367e+02
4.113000000000000000e+05	3.022105103208386367e+02
4.113000000000000000e+05	3.093020890819673809e+02
4.122000000000000000e+05	3.093020890819673809e+02
4.122000000000000000e+05	3.093020890819673809e+02
4.131000000000000000e+05	3.093020890819673809e+02
4.131000000000000000e+05	2.981499999999999773e+02
4.140000000000000000e+05	2.981499999999999773e+02
4.140000000000000000e+05	3.029298602122948978e+02
4.149000000000000000e+05	3.029298602122948978e+02
4.149000000000000000e+05	3.281499999999999773e+02
4.158000000000000000e+05	3.281499999999999773e+02
4.158000000000000000e+05	3.018153951366083447e+02
4.167000000000000000e+05	3.018153951366083447e+02
4.167000000000000000e+05	3.037175185884827329e+02
4.176000000000000000e+05	3.037175185884827329e+02
4.176000000000000000e+05	3.281499999999999773e+02
4.185000000000000000e+05	3.281499999999999773e+02
4.185000000000000000e+05	3.281499999999999773e+02
4.194000000000000000e+05	3.281499999999999773e+02
4.194000000000000000e+05	3.281499999999999773e+02
4.203000000000000000e+05	3.281499999999999773e+02
4.203000000000000000e+05	3.281499999999999773e+02
4.212000000000000000e+05	3.281499999999999773e+02
4.212000000000000000e+05	2.981499999999999773e+02
4.221000000000000000e+05	2.981499999999999773e+02
4.221000000000000000e+05	3.281499999999999773e+02
4.230000000000000000e+05	3.281499999999999773e+02
4.230000000000000000e+05	3.281499999999999773e+02
4.239000000000000000e+05	3.281499999999999773e+02
4.239000000000000000e+05	3.281499999999999773e+02
4.248000000000000000e+05	3.281499999999999773e+02
4.248000000000000000e+05	3.281499999999999773e+02
4.257000000000000000e+05	3.281499999999999773e+02
4.257000000000000000e+05	3.281499999999999773e+02
4.266000000000000000e+05	3.281499999999999773e+02
4.266000000000000000e+05	3.281499999999999773e+02
4.275000000000000000e+05	3.281499999999999773e+02
4.275000000000000000e+05	3.281499999999999773e+02
4.284000000000000000e+05	3.281499999999999773e+02
4.284000000000000000e+05	3.281499999999999773e+02
4.293000000000000000e+05	3.281499999999999773e+02
4.293000000000000000e+05	3.281499999999999773e+02
4.302000000000000000e+05	3.281499999999999773e+02
4.302000000000000000e+05	3.281499999999999773e+02
4.311000000000000000e+05	3.281499999999999773e+02
4.311000000000000000e+05	3.281499999999999773e+02
4.320000000000000000e+05	3.281499999999999773e+02
4.320000000000000000e+05	3.281499999999999773e+02
4.329000000000000000e+05	3.281499999999999773e+02
4.329000000000000000e+05	3.281499999999999773e+02
4.338000000000000000e+05	3.281499999999999773e+02
4.338000000000000000e+05	3.281499999999999773e+02
4.347000000000000000e+05	3.281499999999999773e+02
4.347000000000000000e+05	3.281499999999999773e+02
4.356000000000000000e+05	3.281499999999999773e+02
4.356000000000000000e+05	2.981499999999998067e+02
4.365000000000000000e+05	2.981499999999998067e+02
4.365000000000000000e+05	3.281499999999999773e+02
4.374000000000000000e+05	3.281499999999999773e+02
4.374000000000000000e+05	3.281499999999999773e+02
4.383000000000000000e+05	3.281499999999999773e+02
4.383000000000000000e+05	3.281499999999999773e+02
4.392000000000000000e+05	3.281499999999999773e+02
4.392000000000000000e+05	2.981499999999999773e+02
4.401000000000000000e+05	2.981499999999999773e+02
4.401000000000000000e+05	3.281499999999999773e+02
4.410000000000000000e+05	3.281499999999999773e+02
4.410000000000000000e+05	3.281499999999999773e+02
4.419000000000000000e+05	3.281499999999999773e+02
4.419000000000000000e+05	3.281499999999999773e+02
4.428000000000000000e+05	3.281499999999999773e+02
4.428000000000000000e+05	3.281499999999999773e+02
4.437000000000000000e+05	3.281499999999999773e+02
4.437000000000000000e+05	3.281499999999999773e+02
4.446000000000000000e+05	3.281499999999999773e+02
4.446000000000000000e+05	3.281499999999999773e+02
4.455000000000000000e+05	3.281499999999999773e+02
4.455000000000000000e+05	3.281499999999999773e+02
4.464000000000000000e+05	3.281499999999999773e+02
4.464000000000000000e+05	2.988587415564981029e+02
4.473000000000000000e+05	2.988587415564981029e+02
4.473000000000000000e+05	3.242928187108890938e+02
4.482000000000000000e+05	3.242928187108890938e+02
4.482000000000000000e+05	3.281499999999999773e+02
4.491000000000000000e+05	3.281499999999999773e+02
4.491000000000000000e+05	3.093020890819673809e+02
4.500000000000000000e+05	3.093020890819673809e+02
4.500000000000000000e+05	3.003084611409385047e+02
4.509000000000000000e+05	3.003084611409385047e+02
4.509000000000000000e+05	3.027161285317533270e+02
4.518000000000000000e+05	3.027161285317533270e+02
4.518000000000000000e+05	3.259623617475916149e+02
4.527000000000000000e+05	3.259623617475916149e+02
4.527000000000000000e+05	3.281499999999999773e+02
4.536000000000000000e+05	3.281499999999999773e+02
4.536000000000000000e+05	3.281499999999999773e+02
4.545000000000000000e+05	3.281499999999999773e+02
4.545000000000000000e+05	3.281499999999999773e+02
4.554000000000000000e+05	3.281499999999999773e+02
4.554000000000000000e+05	3.281499999999999773e+02
4.563000000000000000e+05	3.281499999999999773e+02
4.563000000000000000e+05	2.989996583997329935e+02
4.572000000000000000e+05	2.989996583997329935e+02
4.572000000000000000e+05	3.032676611068288821e+02
4.581000000000000000e+05	3.032676611068288821e+02
4.581000000000000000e+05	3.161143098136275285e+02
4.590000000000000000e+05	3.161143098136275285e+02
4.590000000000000000e+05	3.161143098136275285e+02
4.599000000000000000e+05	3.161143098136275285e+02
4.599000000000000000e+05	3.161143098136275285e+02
4.608000000000000000e+05	3.161143098136275285e+02
4.608000000000000000e+05	3.161143098136275285e+02
4.617000000000000000e+05	3.161143098136275285e+02
4.617000000000000000e+05	3.161143098136275285e+02
4.626000000000000000e+05	3.161143098136275285e+02
4.626000000000000000e+05	3.161143098136275285e+02
4.635000000000000000e+05	3.161143098136275285e+02
4.635000000000000000e+05	3.161143098136275285e+02
4.644000000000000000e+05	3.161143098136275285e+02
4.644000000000000000e+05	3.281499999999999773e+02
4.653000000000000000e+05	3.281499999999999773e+02
4.653000000000000000e+05	3.093020890819673809e+02
4.662000000000000000e+05	3.093020890819673809e+02
4.662000000000000000e+05	3.093020890819673809e+02
4.671000000000000000e+05	3.093020890819673809e+02
4.671000000000000000e+05	3.093020890819673809e+02
4.680000000000000000e+05	3.093020890819673809e+02
4.680000000000000000e+05	3.090854319251279207e+02
4.689000000000000000e+05	3.090854319251279207e+02
4.689000000000000000e+05	3.262825400607824236e+02
4.698000000000000000e+05	3.262825400607824236e+02
4.698000000000000000e+05	3.057823491565269478e+02
4.707000000000000000e+05	3.057823491565269478e+02
4.707000000000000000e+05	3.059562917552522094e+02
4.716000000000000000e+05	3.059562917552522094e+02
4.716000000000000000e+05	3.093020890819673809e+02
4.725000000000000000e+05	3.093020890819673809e+02
4.725000000000000000e+05	3.066573241665648766e+02
4.734000000000000000e+05	3.066573241665648766e+02
4.734000000000000000e+05	3.088226664090268514e+02
4.743000000000000000e+05	3.088226664090268514e+02
4.743000000000000000e+05	3.281499999999999773e+02
4.752000000000000000e+05	3.281499999999999773e+02
4.752000000000000000e+05	3.281499999999999773e+02
4.761000000000000000e+05	3.281499999999999773e+02
4.761000000000000000e+05	3.093020890819673809e+02
4.770000000000000000e+05	3.093020890819673809e+02
4.770000000000000000e+05	3.093020890819673809e+02
4.779000000000000000e+05	3.093020890819673809e+02
4.779000000000000000e+05	3.281499999999999773e+02
4.788000000000000000e+05	3.281499999999999773e+02
4.788000000000000000e+05	2.981499999999999773e+02
4.797000000000000000e+05	2.981499999999999773e+02
4.797000000000000000e+05	3.281499999999999773e+02
4.806000000000000000e+05	3.281499999999999773e+02
4.806000000000000000e+05	3.016316354378886331e+02
4.815000000000000000e+05	3.016316354378886331e+02
4.815000000000000000e+05	3.035767249191761721e+02
4.824000000000000000e+05	3.035767249191761721e+02
4.824000000000000000e+05	3.281499999999999773e+02
4.833000000000000000e+05	3.281499999999999773e+02
4.833000000000000000e+05	3.014946412348176636e+02
4.842000000000000000e+05	3.014946412348176636e+02
4.842000000000000000e+05	3.032091965076221527e+02
4.851000000000000000e+05	3.032091965076221527e+02
4.851000000000000000e+05	3.281499999999999773e+02
4.860000000000000000e+05	3.281499999999999773e+02
4.860000000000000000e+05	3.093020890819673809e+02
4.869000000000000000e+05	3.093020890819673809e+02
4.869000000000000000e+05	3.281499999999999773e+02
4.878000000000000000e+05	3.281499999999999773e+02
4.878000000000000000e+05	2.997457025024214659e+02
4.887000000000000000e+05	2.997457025024214659e+02
4.887000000000000000e+05	3.042499495150021289e+02
4.896000000000000000e+05	3.042499495150021289e+02
4.896000000000000000e+05	3.281499999999999773e+02
4.905000000000000000e+05	3.281499999999999773e+02
4.905000000000000000e+05	2.981499999999999773e+02
4.914000000000000000e+05	2.981499999999999773e+02
4.914000000000000000e+05	3.025996698086186143e+02
4.923000000000000000e+05	3.025996698086186143e+02
4.923000000000000000e+05	2.981499999999999773e+02
4.932000000000000000e+05	2.981499999999999773e+02
4.932000000000000000e+05	3.019874381482722470e+02
4.941000000000000000e+05	3.019874381482722470e+02
4.941000000000000000e+05	3.281499999999999773e+02
4.950000000000000000e+05	3.281499999999999773e+02
4.950000000000000000e+05	2.981499999999999773e+02
4.959000000000000000e+05	2.981499999999999773e+02
4.959000000000000000e+05	3.003073144762740867e+02
4.968000000000000000e+05	3.003073144762740867e+02
4.968000000000000000e+05	3.017385481093677981e+02
4.977000000000000000e+05	3.017385481093677981e+02
4.977000000000000000e+05	3.281499999999999773e+02
4.986000000000000000e+05	3.281499999999999773e+02
4.986000000000000000e+05	3.281499999999999773e+02
4.995000000000000000e+05	3.281499999999999773e+02
4.995000000000000000e+05	3.004020524708435573e+02
5.004000000000000000e+05	3.004020524708435573e+02
5.004000000000000000e+05	3.022634442262058201e+02
5.013000000000000000e+05	3.022634442262058201e+02
5.013000000000000000e+05	3.281499999999999773e+02
5.022000000000000000e+05	3.281499999999999773e+02
5.022000000000000000e+05	3.017606555666064310e+02
5.031000000000000000e+05	3.017606555666064310e+02
5.031000000000000000e+05	3.040587330159578983e+02
5.040000000000000000e+05	3.040587330159578983e+02
5.040000000000000000e+05	3.281499999999999773e+02
5.049000000000000000e+05	3.281499999999999773e+02
5.049000000000000000e+05	3.281499999999999773e+02
5.058000000000000000e+05	3.281499999999999773e+02
5.058000000000000000e+05	3.281499999999999773e+02
5.067000000000000000e+05	3.281499999999999773e+02
5.067000000000000000e+05	3.281499999999999773e+02
5.076000000000000000e+05	3.281499999999999773e+02
5.076000000000000000e+05	2.981499999999999773e+02
5.085000000000000000e+05	2.981499999999999773e+02
5.085000000000000000e+05	3.281499999999999773e+02
5.094000000000000000e+05	3.281499999999999773e+02
5.094000000000000000e+05	3.281499999999999773e+02
5.103000000000000000e+05	3.281499999999999773e+02
5.103000000000000000e+05	3.281499999999999773e+02
5.112000000000000000e+05	3.281499999999999773e+02
5.112000000000000000e+05	3.281499999999999773e+02
5.121000000000000000e+05	3.281499999999999773e+02
5.121000000000000000e+05	3.281499999999999773e+02
5.130000000000000000e+05	3.281499999999999773e+02
5.130000000000000000e+05	3.281499999999999773e+02
5.139000000000000000e+05	3.281499999999999773e+02
5.139000000000000000e+05	3.281499999999999773e+02
5.148000000000000000e+05	3.281499999999999773e+02
5.148000000000000000e+05	3.281499999999999773e+02
5.157000000000000000e+05	3.281499999999999773e+02
5.157000000000000000e+05	3.281499999999999773e+02
5.166000000000000000e+05	3.281499999999999773e+02
5.166000000000000000e+05	3.281499999999999773e+02
5.175000000000000000e+05	3.281499999999999773e+02
5.175000000000000000e+05	3.218361240884428298e+02
5.184000000000000000e+05	3.218361240884428298e+02
5.184000000000000000e+05	3.281499999999999773e+02
5.193000000000000000e+05	3.281499999999999773e+02
5.193000000000000000e+05	3.281499999999999773e+02
5.202000000000000000e+05	3.281499999999999773e+02
5.202000000000000000e+05	3.281499999999999773e+02
5.211000000000000000e+05	3.281499999999999773e+02
5.211000000000000000e+05	3.281499999999999773e+02
5.220000000000000000e+05	3.281499999999999773e+02
5.220000000000000000e+05	3.281499999999999773e+02
5.229000000000000000e+05	3.281499999999999773e+02
5.229000000000000000e+05	2.981499999999999773e+02
5.238000000000000000e+05	2.981499999999999773e+02
5.238000000000000000e+05	3.281499999999999773e+02
5.247000000000000000e+05	3.281499999999999773e+02
5.247000000000000000e+05	3.227587336164945668e+02
5.256000000000000000e+05	3.227587336164945668e+02
5.256000000000000000e+05	3.245553272841754620e+02
5.265000000000000000e+05	3.245553272841754620e+02
5.265000000000000000e+05	3.281499999999999773e+02
5.274000000000000000e+05	3.281499999999999773e+02
5.274000000000000000e+05	2.981499999999999773e+02
5.283000000000000000e+05	2.981499999999999773e+02
5.283000000000000000e+05	2.981499999999999773e+02
5.292000000000000000e+05	2.981499999999999773e+02
5.292000000000000000e+05	2.988374271421857884e+02
5.301000000000000000e+05	2.988374271421857884e+02
5.301000000000000000e+05	3.225498581439186978e+02
5.310000000000000000e+05	3.225498581439186978e+02
5.310000000000000000e+05	3.281499999999999773e+02
5.319000000000000000e+05	3.281499999999999773e+02
5.319000000000000000e+05	3.281499999999999773e+02
5.328000000000000000e+05	3.281499999999999773e+02
5.328000000000000000e+05	2.997719864673384222e+02
5.337000000000000000e+05	2.997719864673384222e+02
5.337000000000000000e+05	3.093020890819673809e+02
5.346000000000000000e+05	3.093020890819673809e+02
5.346000000000000000e+05	3.281499999999999773e+02
5.355000000000000000e+05	3.281499999999999773e+02
5.355000000000000000e+05	3.281499999999999773e+02
5.364000000000000000e+05	3.281499999999999773e+02
5.364000000000000000e+05	3.259553198752033722e+02
5.373000000000000000e+05	3.259553198752033722e+02
5.373000000000000000e+05	3.093020890819673809e+02
5.382000000000000000e+05	3.093020890819673809e+02
5.382000000000000000e+05	3.034056346431263478e+02
5.391000000000000000e+05	3.034056346431263478e+02
5.391000000000000000e+05	3.281499999999999773e+02
5.400000000000000000e+05	3.281499999999999773e+02
5.400000000000000000e+05	3.281499999999999773e+02
5.409000000000000000e+05	3.281499999999999773e+02
5.409000000000000000e+05	3.263615931894659639e+02
5.418000000000000000e+05	3.263615931894659639e+02
5.418000000000000000e+05	3.276732802291500093e+02
5.427000000000000000e+05	3.276732802291500093e+02
5.427000000000000000e+05	2.990938169810463592e+02
5.436000000000000000e+05	2.990938169810463592e+02
5.436000000000000000e+05	3.044886362126219410e+02
5.445000000000000000e+05	3.044886362126219410e+02
5.445000000000000000e+05	3.161143098136275285e+02
5.454000000000000000e+05	3.161143098136275285e+02
5.454000000000000000e+05	3.161143098136275285e+02
5.463000000000000000e+05	3.161143098136275285e+02
5.463000000000000000e+05	3.161143098136275285e+02
5.472000000000000000e+05	3.161143098136275285e+02
5.472000000000000000e+05	3.161143098136275285e+02
5.481000000000000000e+05	3.161143098136275285e+02
5.481000000000000000e+05	3.161143098136275285e+02
5.490000000000000000e+05	3.161143098136275285e+02
5.490000000000000000e+05	3.161143098136275285e+02
5.499000000000000000e+05	3.161143098136275285e+02
5.499000000000000000e+05	3.161143098136275285e+02
5.508000000000000000e+05	3.161143098136275285e+02
5.508000000000000000e+05	3.281499999999999773e+02
5.517000000000000000e+05	3.281499999999999773e+02
5.517000000000000000e+05	3.082383234810710064e+02
5.526000000000000000e+05	3.082383234810710064e+02
5.526000000000000000e+05	3.093020890819673809e+02
5.535000000000000000e+05	3.093020890819673809e+02
5.535000000000000000e+05	3.093020890819673809e+02
5.544000000000000000e+05	3.093020890819673809e+02
5.544000000000000000e+05	3.093020890819673809e+02
5.553000000000000000e+05	3.093020890819673809e+02
5.553000000000000000e+05	3.074132432566140096e+02
5.562000000000000000e+05	3.074132432566140096e+02
5.562000000000000000e+05	3.069113357831528788e+02
5.571000000000000000e+05	3.069113357831528788e+02
5.571000000000000000e+05	3.071578273503366745e+02
5.580000000000000000e+05	3.071578273503366745e+02
5.580000000000000000e+05	3.093020890819673809e+02
5.589000000000000000e+05	3.093020890819673809e+02
5.589000000000000000e+05	3.039310753193249184e+02
5.598000000000000000e+05	3.039310753193249184e+02
5.598000000000000000e+05	3.061080086656969002e+02
5.607000000000000000e+05	3.061080086656969002e+02
5.607000000000000000e+05	3.243262606528235779e+02
5.616000000000000000e+05	3.243262606528235779e+02
5.616000000000000000e+05	3.060468596984688929e+02
5.625000000000000000e+05	3.060468596984688929e+02
5.625000000000000000e+05	3.239739525471994170e+02
5.634000000000000000e+05	3.239739525471994170e+02
5.634000000000000000e+05	3.083167842393719980e+02
5.643000000000000000e+05	3.083167842393719980e+02
5.643000000000000000e+05	3.030282171447184965e+02
5.652000000000000000e+05	3.030282171447184965e+02
5.652000000000000000e+05	3.026486921685727793e+02
5.661000000000000000e+05	3.026486921685727793e+02
5.661000000000000000e+05	3.048433617832587288e+02
5.670000000000000000e+05	3.048433617832587288e+02
5.670000000000000000e+05	2.981499999999999773e+02
5.679000000000000000e+05	2.981499999999999773e+02
5.679000000000000000e+05	3.031966870391490261e+02
5.688000000000000000e+05	3.031966870391490261e+02
5.688000000000000000e+05	3.281499999999999773e+02
5.697000000000000000e+05	3.281499999999999773e+02
5.697000000000000000e+05	3.281499999999999773e+02
5.706000000000000000e+05	3.281499999999999773e+02
5.706000000000000000e+05	3.010143905199679466e+02
5.715000000000000000e+05	3.010143905199679466e+02
5.715000000000000000e+05	2.981499999999999773e+02
5.724000000000000000e+05	2.981499999999999773e+02
5.724000000000000000e+05	3.024452099598991026e+02
5.733000000000000000e+05	3.024452099598991026e+02
5.733000000000000000e+05	3.281499999999999773e+02
5.742000000000000000e+05	3.281499999999999773e+02
5.742000000000000000e+05	2.981499999999999773e+02
5.751000000000000000e+05	2.981499999999999773e+02
5.751000000000000000e+05	3.093020890819673809e+02
5.760000000000000000e+05	3.093020890819673809e+02
5.760000000000000000e+05	3.023961730757021087e+02
5.769000000000000000e+05	3.023961730757021087e+02
5.769000000000000000e+05	3.281499999999999773e+02
5.778000000000000000e+05	3.281499999999999773e+02
5.778000000000000000e+05	3.014112049742635691e+02
5.787000000000000000e+05	3.014112049742635691e+02
5.787000000000000000e+05	3.039485520952699744e+02
5.796000000000000000e+05	3.039485520952699744e+02
5.796000000000000000e+05	3.281499999999999773e+02
5.805000000000000000e+05	3.281499999999999773e+02
5.805000000000000000e+05	3.281499999999999773e+02
5.814000000000000000e+05	3.281499999999999773e+02
5.814000000000000000e+05	2.981499999999999773e+02
5.823000000000000000e+05	2.981499999999999773e+02
5.823000000000000000e+05	3.281499999999999773e+02
5.832000000000000000e+05	3.281499999999999773e+02
5.832000000000000000e+05	3.015996862856368352e+02
5.841000000000000000e+05	3.015996862856368352e+02
5.841000000000000000e+05	3.281499999999999773e+02
5.850000000000000000e+05	3.281499999999999773e+02
5.850000000000000000e+05	3.011883626669210230e+02
5.859000000000000000e+05	3.011883626669210230e+02
5.859000000000000000e+05	3.037730749126944829e+02
5.868000000000000000e+05	3.037730749126944829e+02
5.868000000000000000e+05	3.093020890819673809e+02
5.877000000000000000e+05	3.093020890819673809e+02
5.877000000000000000e+05	3.022950633973690628e+02
5.886000000000000000e+05	3.022950633973690628e+02
5.886000000000000000e+05	3.064977661205755908e+02
5.895000000000000000e+05	3.064977661205755908e+02
5.895000000000000000e+05	3.211413224355254101e+02
5.904000000000000000e+05	3.211413224355254101e+02
5.904000000000000000e+05	3.022423111631461552e+02
5.913000000000000000e+05	3.022423111631461552e+02
5.913000000000000000e+05	3.281499999999999773e+02
5.922000000000000000e+05	3.281499999999999773e+02
5.922000000000000000e+05	3.281499999999999773e+02
5.931000000000000000e+05	3.281499999999999773e+02
5.931000000000000000e+05	3.281499999999999773e+02
5.940000000000000000e+05	3.281499999999999773e+02
5.940000000000000000e+05	2.981499999999999773e+02
5.949000000000000000e+05	2.981499999999999773e+02
5.949000000000000000e+05	3.281499999999999773e+02
5.958000000000000000e+05	3.281499999999999773e+02
5.958000000000000000e+05	3.281499999999999773e+02
5.967000000000000000e+05	3.281499999999999773e+02
5.967000000000000000e+05	3.281499999999999773e+02
5.976000000000000000e+05	3.281499999999999773e+02
5.976000000000000000e+05	3.281499999999999773e+02
5.985000000000000000e+05	3.281499999999999773e+02
5.985000000000000000e+05	3.281499999999999773e+02
5.994000000000000000e+05	3.281499999999999773e+02
5.994000000000000000e+05	3.281499999999999773e+02
6.003000000000000000e+05	3.281499999999999773e+02
6.003000000000000000e+05	3.281499999999999773e+02
6.012000000000000000e+05	3.281499999999999773e+02
6.012000000000000000e+05	3.281499999999999773e+02
6.021000000000000000e+05	3.281499999999999773e+02
6.021000000000000000e+05	3.281499999999999773e+02
6.030000000000000000e+05	3.281499999999999773e+02
6.030000000000000000e+05	3.281499999999999773e+02
6.039000000000000000e+05	3.281499999999999773e+02
6.039000000000000000e+05	3.281499999999999773e+02
6.048000000000000000e+05	3.281499999999999773e+02
