# #1
# double T_supply_UFH(1344, 2)
0.000000000000000000e+00	3.031499999999999773e+02
9.000000000000000000e+02	3.031499999999999773e+02
9.000000000000000000e+02	2.967875033493592127e+02
1.800000000000000000e+03	2.967875033493592127e+02
1.800000000000000000e+03	2.968471893374049841e+02
2.700000000000000000e+03	2.968471893374049841e+02
2.700000000000000000e+03	2.981861614250862544e+02
3.600000000000000000e+03	2.981861614250862544e+02
3.600000000000000000e+03	2.977915031209659560e+02
4.500000000000000000e+03	2.977915031209659560e+02
4.500000000000000000e+03	2.966984726602439650e+02
5.400000000000000000e+03	2.966984726602439650e+02
5.400000000000000000e+03	2.972861075518019334e+02
6.300000000000000000e+03	2.972861075518019334e+02
6.300000000000000000e+03	2.972980330831995843e+02
7.200000000000000000e+03	2.972980330831995843e+02
7.200000000000000000e+03	2.956208319981191153e+02
8.100000000000000000e+03	2.956208319981191153e+02
8.100000000000000000e+03	2.969616198469848882e+02
9.000000000000000000e+03	2.969616198469848882e+02
9.000000000000000000e+03	2.980437293674002603e+02
9.900000000000000000e+03	2.980437293674002603e+02
9.900000000000000000e+03	2.970454494948135675e+02
1.080000000000000000e+04	2.970454494948135675e+02
1.080000000000000000e+04	2.950208625538623437e+02
1.170000000000000000e+04	2.950208625538623437e+02
1.170000000000000000e+04	3.011947895847233667e+02
1.260000000000000000e+04	3.011947895847233667e+02
1.260000000000000000e+04	2.967450397654812946e+02
1.350000000000000000e+04	2.967450397654812946e+02
1.350000000000000000e+04	2.974254566551355765e+02
1.440000000000000000e+04	2.974254566551355765e+02
1.440000000000000000e+04	2.949253188120698042e+02
1.530000000000000000e+04	2.949253188120698042e+02
1.530000000000000000e+04	2.993862885855742775e+02
1.620000000000000000e+04	2.993862885855742775e+02
1.620000000000000000e+04	2.991658870662259915e+02
1.710000000000000000e+04	2.991658870662259915e+02
1.710000000000000000e+04	2.972602691240515469e+02
1.800000000000000000e+04	2.972602691240515469e+02
1.800000000000000000e+04	2.951114868845227761e+02
1.890000000000000000e+04	2.951114868845227761e+02
1.890000000000000000e+04	2.997250544989064451e+02
1.980000000000000000e+04	2.997250544989064451e+02
1.980000000000000000e+04	2.952738125905935931e+02
2.070000000000000000e+04	2.952738125905935931e+02
2.070000000000000000e+04	2.950382226251771840e+02
2.160000000000000000e+04	2.950382226251771840e+02
2.160000000000000000e+04	2.931019668599658985e+02
2.250000000000000000e+04	2.931019668599658985e+02
2.250000000000000000e+04	2.969911037728197130e+02
2.340000000000000000e+04	2.969911037728197130e+02
2.340000000000000000e+04	2.938919003243383941e+02
2.430000000000000000e+04	2.938919003243383941e+02
2.430000000000000000e+04	2.881499999999999773e+02
2.520000000000000000e+04	2.881499999999999773e+02
2.520000000000000000e+04	2.923598085118752010e+02
2.610000000000000000e+04	2.923598085118752010e+02
2.610000000000000000e+04	2.964167956021535701e+02
2.700000000000000000e+04	2.964167956021535701e+02
2.700000000000000000e+04	3.006075039831241611e+02
2.790000000000000000e+04	3.006075039831241611e+02
2.790000000000000000e+04	3.032555833544461734e+02
2.880000000000000000e+04	3.032555833544461734e+02
2.880000000000000000e+04	3.036013104079185609e+02
2.970000000000000000e+04	3.036013104079185609e+02
2.970000000000000000e+04	3.092008719937664978e+02
3.060000000000000000e+04	3.092008719937664978e+02
3.060000000000000000e+04	3.095059291772589063e+02
3.150000000000000000e+04	3.095059291772589063e+02
3.150000000000000000e+04	3.102298856027560419e+02
3.240000000000000000e+04	3.102298856027560419e+02
3.240000000000000000e+04	3.092303731133540623e+02
3.330000000000000000e+04	3.092303731133540623e+02
3.330000000000000000e+04	3.085695675208614830e+02
3.420000000000000000e+04	3.085695675208614830e+02
3.420000000000000000e+04	3.067533268464241587e+02
3.510000000000000000e+04	3.067533268464241587e+02
3.510000000000000000e+04	3.070351643337618270e+02
3.600000000000000000e+04	3.070351643337618270e+02
3.600000000000000000e+04	3.066081405900237087e+02
3.690000000000000000e+04	3.066081405900237087e+02
3.690000000000000000e+04	3.020285643234027475e+02
3.780000000000000000e+04	3.020285643234027475e+02
3.780000000000000000e+04	3.031574841321930194e+02
3.870000000000000000e+04	3.031574841321930194e+02
3.870000000000000000e+04	3.027684717528435385e+02
3.960000000000000000e+04	3.027684717528435385e+02
3.960000000000000000e+04	3.026070912061227887e+02
4.050000000000000000e+04	3.026070912061227887e+02
4.050000000000000000e+04	2.986192594742971096e+02
4.140000000000000000e+04	2.986192594742971096e+02
4.140000000000000000e+04	3.005696375916779743e+02
4.230000000000000000e+04	3.005696375916779743e+02
4.230000000000000000e+04	2.982889837013154306e+02
4.320000000000000000e+04	2.982889837013154306e+02
4.320000000000000000e+04	2.983685215031988491e+02
4.410000000000000000e+04	2.983685215031988491e+02
4.410000000000000000e+04	3.000246214180967286e+02
4.500000000000000000e+04	3.000246214180967286e+02
4.500000000000000000e+04	2.984720526881113187e+02
4.590000000000000000e+04	2.984720526881113187e+02
4.590000000000000000e+04	2.986385670397556851e+02
4.680000000000000000e+04	2.986385670397556851e+02
4.680000000000000000e+04	2.951948883384930014e+02
4.770000000000000000e+04	2.951948883384930014e+02
4.770000000000000000e+04	2.973822174848190230e+02
4.860000000000000000e+04	2.973822174848190230e+02
4.860000000000000000e+04	2.982322945579172710e+02
4.950000000000000000e+04	2.982322945579172710e+02
4.950000000000000000e+04	2.965999867247311386e+02
5.040000000000000000e+04	2.965999867247311386e+02
5.040000000000000000e+04	2.944131291904648151e+02
5.130000000000000000e+04	2.944131291904648151e+02
5.130000000000000000e+04	2.969527304310392424e+02
5.220000000000000000e+04	2.969527304310392424e+02
5.220000000000000000e+04	2.954433306797103569e+02
5.310000000000000000e+04	2.954433306797103569e+02
5.310000000000000000e+04	2.963364597986545164e+02
5.400000000000000000e+04	2.963364597986545164e+02
5.400000000000000000e+04	2.964728839164179135e+02
5.490000000000000000e+04	2.964728839164179135e+02
5.490000000000000000e+04	2.934393263602340767e+02
5.580000000000000000e+04	2.934393263602340767e+02
5.580000000000000000e+04	2.952159838277750623e+02
5.670000000000000000e+04	2.952159838277750623e+02
5.670000000000000000e+04	2.948219522837075601e+02
5.760000000000000000e+04	2.948219522837075601e+02
5.760000000000000000e+04	2.944795629640188395e+02
5.850000000000000000e+04	2.944795629640188395e+02
5.850000000000000000e+04	2.952887281967365425e+02
5.940000000000000000e+04	2.952887281967365425e+02
5.940000000000000000e+04	2.950083461611339999e+02
6.030000000000000000e+04	2.950083461611339999e+02
6.030000000000000000e+04	2.952417558609962498e+02
6.120000000000000000e+04	2.952417558609962498e+02
6.120000000000000000e+04	2.936381362877401671e+02
6.210000000000000000e+04	2.936381362877401671e+02
6.210000000000000000e+04	2.964469260292979129e+02
6.300000000000000000e+04	2.964469260292979129e+02
6.300000000000000000e+04	2.950045887259676647e+02
6.390000000000000000e+04	2.950045887259676647e+02
6.390000000000000000e+04	2.944784512071569793e+02
6.480000000000000000e+04	2.944784512071569793e+02
6.480000000000000000e+04	2.958145169411461666e+02
6.570000000000000000e+04	2.958145169411461666e+02
6.570000000000000000e+04	3.038583814994024124e+02
6.660000000000000000e+04	3.038583814994024124e+02
6.660000000000000000e+04	2.985452470618110965e+02
6.750000000000000000e+04	2.985452470618110965e+02
6.750000000000000000e+04	2.992721826710437654e+02
6.840000000000000000e+04	2.992721826710437654e+02
6.840000000000000000e+04	2.995662229990777519e+02
6.930000000000000000e+04	2.995662229990777519e+02
6.930000000000000000e+04	3.001389741108909561e+02
7.020000000000000000e+04	3.001389741108909561e+02
7.020000000000000000e+04	2.987784550920030711e+02
7.110000000000000000e+04	2.987784550920030711e+02
7.110000000000000000e+04	2.996333385233884314e+02
7.200000000000000000e+04	2.996333385233884314e+02
7.200000000000000000e+04	2.960102001877471025e+02
7.290000000000000000e+04	2.960102001877471025e+02
7.290000000000000000e+04	3.018021377936581757e+02
7.380000000000000000e+04	3.018021377936581757e+02
7.380000000000000000e+04	2.982299896153848522e+02
7.470000000000000000e+04	2.982299896153848522e+02
7.470000000000000000e+04	2.968317271618558948e+02
7.560000000000000000e+04	2.968317271618558948e+02
7.560000000000000000e+04	2.946807540415230164e+02
7.650000000000000000e+04	2.946807540415230164e+02
7.650000000000000000e+04	2.969111828327538660e+02
7.740000000000000000e+04	2.969111828327538660e+02
7.740000000000000000e+04	2.953101521146372193e+02
7.830000000000000000e+04	2.953101521146372193e+02
7.830000000000000000e+04	2.946420662355351965e+02
7.920000000000000000e+04	2.946420662355351965e+02
7.920000000000000000e+04	2.932075473636468246e+02
8.010000000000000000e+04	2.932075473636468246e+02
8.010000000000000000e+04	2.899199801618274819e+02
8.100000000000000000e+04	2.899199801618274819e+02
8.100000000000000000e+04	2.912110477929238073e+02
8.190000000000000000e+04	2.912110477929238073e+02
8.190000000000000000e+04	2.915836925206463093e+02
8.280000000000000000e+04	2.915836925206463093e+02
8.280000000000000000e+04	2.923124914230592708e+02
8.370000000000000000e+04	2.923124914230592708e+02
8.370000000000000000e+04	2.898055894811971598e+02
8.460000000000000000e+04	2.898055894811971598e+02
8.460000000000000000e+04	2.909204865489498388e+02
8.550000000000000000e+04	2.909204865489498388e+02
8.550000000000000000e+04	2.912749023741969268e+02
8.640000000000000000e+04	2.912749023741969268e+02
8.640000000000000000e+04	2.920667352552879947e+02
8.730000000000000000e+04	2.920667352552879947e+02
8.730000000000000000e+04	2.896490153287921316e+02
8.820000000000000000e+04	2.896490153287921316e+02
8.820000000000000000e+04	2.907280062620284298e+02
8.910000000000000000e+04	2.907280062620284298e+02
8.910000000000000000e+04	2.910724095938362552e+02
9.000000000000000000e+04	2.910724095938362552e+02
9.000000000000000000e+04	2.918533063926964246e+02
9.090000000000000000e+04	2.918533063926964246e+02
9.090000000000000000e+04	2.894860892221835797e+02
9.180000000000000000e+04	2.894860892221835797e+02
9.180000000000000000e+04	2.905398378731289881e+02
9.270000000000000000e+04	2.905398378731289881e+02
9.270000000000000000e+04	2.908753099869638845e+02
9.360000000000000000e+04	2.908753099869638845e+02
9.360000000000000000e+04	2.916395999990126597e+02
9.450000000000000000e+04	2.916395999990126597e+02
9.450000000000000000e+04	2.893853779111071844e+02
9.540000000000000000e+04	2.893853779111071844e+02
9.540000000000000000e+04	2.903854322209535894e+02
9.630000000000000000e+04	2.903854322209535894e+02
9.630000000000000000e+04	2.907740565536198005e+02
9.720000000000000000e+04	2.907740565536198005e+02
9.720000000000000000e+04	2.924896113748470725e+02
9.810000000000000000e+04	2.924896113748470725e+02
9.810000000000000000e+04	2.957846468496176158e+02
9.900000000000000000e+04	2.957846468496176158e+02
9.900000000000000000e+04	2.948291789704778125e+02
9.990000000000000000e+04	2.948291789704778125e+02
9.990000000000000000e+04	2.980297038476593912e+02
1.008000000000000000e+05	2.980297038476593912e+02
1.008000000000000000e+05	2.950975173747241911e+02
1.017000000000000000e+05	2.950975173747241911e+02
1.017000000000000000e+05	2.980026653583111056e+02
1.026000000000000000e+05	2.980026653583111056e+02
1.026000000000000000e+05	2.965419472775349163e+02
1.035000000000000000e+05	2.965419472775349163e+02
1.035000000000000000e+05	2.968514558020555683e+02
1.044000000000000000e+05	2.968514558020555683e+02
1.044000000000000000e+05	2.931776691447820440e+02
1.053000000000000000e+05	2.931776691447820440e+02
1.053000000000000000e+05	3.018135816671406246e+02
1.062000000000000000e+05	3.018135816671406246e+02
1.062000000000000000e+05	2.948313524084667279e+02
1.071000000000000000e+05	2.948313524084667279e+02
1.071000000000000000e+05	2.948787619768172021e+02
1.080000000000000000e+05	2.948787619768172021e+02
1.080000000000000000e+05	2.925222900164766884e+02
1.089000000000000000e+05	2.925222900164766884e+02
1.089000000000000000e+05	2.935928579487195975e+02
1.098000000000000000e+05	2.935928579487195975e+02
1.098000000000000000e+05	2.941499999999999773e+02
1.107000000000000000e+05	2.941499999999999773e+02
1.107000000000000000e+05	2.908767940519482522e+02
1.116000000000000000e+05	2.908767940519482522e+02
1.116000000000000000e+05	2.936060470642007090e+02
1.125000000000000000e+05	2.936060470642007090e+02
1.125000000000000000e+05	2.984972535279549675e+02
1.134000000000000000e+05	2.984972535279549675e+02
1.134000000000000000e+05	3.019585408911079867e+02
1.143000000000000000e+05	3.019585408911079867e+02
1.143000000000000000e+05	3.042834637245985050e+02
1.152000000000000000e+05	3.042834637245985050e+02
1.152000000000000000e+05	3.045857023174050937e+02
1.161000000000000000e+05	3.045857023174050937e+02
1.161000000000000000e+05	3.099181610776172420e+02
1.170000000000000000e+05	3.099181610776172420e+02
1.170000000000000000e+05	3.100664862033316354e+02
1.179000000000000000e+05	3.100664862033316354e+02
1.179000000000000000e+05	3.106787657653054566e+02
1.188000000000000000e+05	3.106787657653054566e+02
1.188000000000000000e+05	3.096539009726115523e+02
1.197000000000000000e+05	3.096539009726115523e+02
1.197000000000000000e+05	3.053228055057267056e+02
1.206000000000000000e+05	3.053228055057267056e+02
1.206000000000000000e+05	3.084401386325640146e+02
1.215000000000000000e+05	3.084401386325640146e+02
1.215000000000000000e+05	3.068451091480658874e+02
1.224000000000000000e+05	3.068451091480658874e+02
1.224000000000000000e+05	3.053742267139967339e+02
1.233000000000000000e+05	3.053742267139967339e+02
1.233000000000000000e+05	3.022497214035952879e+02
1.242000000000000000e+05	3.022497214035952879e+02
1.242000000000000000e+05	3.028684255847288114e+02
1.251000000000000000e+05	3.028684255847288114e+02
1.251000000000000000e+05	3.025016611519101275e+02
1.260000000000000000e+05	3.025016611519101275e+02
1.260000000000000000e+05	2.999193753242255411e+02
1.269000000000000000e+05	2.999193753242255411e+02
1.269000000000000000e+05	3.009652932405431329e+02
1.278000000000000000e+05	3.009652932405431329e+02
1.278000000000000000e+05	3.000778297172769271e+02
1.287000000000000000e+05	3.000778297172769271e+02
1.287000000000000000e+05	2.999420812083739634e+02
1.296000000000000000e+05	2.999420812083739634e+02
1.296000000000000000e+05	2.971798298165332994e+02
1.305000000000000000e+05	2.971798298165332994e+02
1.305000000000000000e+05	2.985460773594350030e+02
1.314000000000000000e+05	2.985460773594350030e+02
1.314000000000000000e+05	2.967126922430474565e+02
1.323000000000000000e+05	2.967126922430474565e+02
1.323000000000000000e+05	3.001407053133736440e+02
1.332000000000000000e+05	3.001407053133736440e+02
1.332000000000000000e+05	2.973200625927917713e+02
1.341000000000000000e+05	2.973200625927917713e+02
1.341000000000000000e+05	2.988166033195109890e+02
1.350000000000000000e+05	2.988166033195109890e+02
1.350000000000000000e+05	2.977257139462482769e+02
1.359000000000000000e+05	2.977257139462482769e+02
1.359000000000000000e+05	2.976754269398361998e+02
1.368000000000000000e+05	2.976754269398361998e+02
1.368000000000000000e+05	2.985414604152165907e+02
1.377000000000000000e+05	2.985414604152165907e+02
1.377000000000000000e+05	2.941086699108022913e+02
1.386000000000000000e+05	2.941086699108022913e+02
1.386000000000000000e+05	2.955359688712283628e+02
1.395000000000000000e+05	2.955359688712283628e+02
1.395000000000000000e+05	2.960741779319724856e+02
1.404000000000000000e+05	2.960741779319724856e+02
1.404000000000000000e+05	2.956308354395504807e+02
1.413000000000000000e+05	2.956308354395504807e+02
1.413000000000000000e+05	2.964738365189226101e+02
1.422000000000000000e+05	2.964738365189226101e+02
1.422000000000000000e+05	2.955799648688955585e+02
1.431000000000000000e+05	2.955799648688955585e+02
1.431000000000000000e+05	2.955225248754682070e+02
1.440000000000000000e+05	2.955225248754682070e+02
1.440000000000000000e+05	2.954518888696467798e+02
1.449000000000000000e+05	2.954518888696467798e+02
1.449000000000000000e+05	2.952762870991738851e+02
1.458000000000000000e+05	2.952762870991738851e+02
1.458000000000000000e+05	2.952685272474801081e+02
1.467000000000000000e+05	2.952685272474801081e+02
1.467000000000000000e+05	2.952615744500002393e+02
1.476000000000000000e+05	2.952615744500002393e+02
1.476000000000000000e+05	2.945443737349578441e+02
1.485000000000000000e+05	2.945443737349578441e+02
1.485000000000000000e+05	2.970042926693851086e+02
1.494000000000000000e+05	2.970042926693851086e+02
1.494000000000000000e+05	2.954528624706044866e+02
1.503000000000000000e+05	2.954528624706044866e+02
1.503000000000000000e+05	2.983290717372372001e+02
1.512000000000000000e+05	2.983290717372372001e+02
1.512000000000000000e+05	2.963792555171065146e+02
1.521000000000000000e+05	2.963792555171065146e+02
1.521000000000000000e+05	3.007667906329370453e+02
1.530000000000000000e+05	3.007667906329370453e+02
1.530000000000000000e+05	2.973789270142008263e+02
1.539000000000000000e+05	2.973789270142008263e+02
1.539000000000000000e+05	2.978037284876778585e+02
1.548000000000000000e+05	2.978037284876778585e+02
1.548000000000000000e+05	2.949845718303099034e+02
1.557000000000000000e+05	2.949845718303099034e+02
1.557000000000000000e+05	3.009710504882731357e+02
1.566000000000000000e+05	3.009710504882731357e+02
1.566000000000000000e+05	2.969641785013063782e+02
1.575000000000000000e+05	2.969641785013063782e+02
1.575000000000000000e+05	2.978552579735940071e+02
1.584000000000000000e+05	2.978552579735940071e+02
1.584000000000000000e+05	2.940335705391078704e+02
1.593000000000000000e+05	2.940335705391078704e+02
1.593000000000000000e+05	3.024298997328908172e+02
1.602000000000000000e+05	3.024298997328908172e+02
1.602000000000000000e+05	2.981754799504478228e+02
1.611000000000000000e+05	2.981754799504478228e+02
1.611000000000000000e+05	2.966646472839378816e+02
1.620000000000000000e+05	2.966646472839378816e+02
1.620000000000000000e+05	2.945008921056672762e+02
1.629000000000000000e+05	2.945008921056672762e+02
1.629000000000000000e+05	2.967683387129807215e+02
1.638000000000000000e+05	2.967683387129807215e+02
1.638000000000000000e+05	2.951792935811154734e+02
1.647000000000000000e+05	2.951792935811154734e+02
1.647000000000000000e+05	2.944353832688877333e+02
1.656000000000000000e+05	2.944353832688877333e+02
1.656000000000000000e+05	2.931198367292063836e+02
1.665000000000000000e+05	2.931198367292063836e+02
1.665000000000000000e+05	2.898545976160698956e+02
1.674000000000000000e+05	2.898545976160698956e+02
1.674000000000000000e+05	2.911537363621166037e+02
1.683000000000000000e+05	2.911537363621166037e+02
1.683000000000000000e+05	2.915348347459115530e+02
1.692000000000000000e+05	2.915348347459115530e+02
1.692000000000000000e+05	2.923214779220953119e+02
1.701000000000000000e+05	2.923214779220953119e+02
1.701000000000000000e+05	2.897615135833889894e+02
1.710000000000000000e+05	2.897615135833889894e+02
1.710000000000000000e+05	2.909060957069634696e+02
1.719000000000000000e+05	2.909060957069634696e+02
1.719000000000000000e+05	2.912732491161133339e+02
1.728000000000000000e+05	2.912732491161133339e+02
1.728000000000000000e+05	2.921242950425946674e+02
1.737000000000000000e+05	2.921242950425946674e+02
1.737000000000000000e+05	2.896288722341208768e+02
1.746000000000000000e+05	2.896288722341208768e+02
1.746000000000000000e+05	2.907492509202116366e+02
1.755000000000000000e+05	2.907492509202116366e+02
1.755000000000000000e+05	2.911104238331976148e+02
1.764000000000000000e+05	2.911104238331976148e+02
1.764000000000000000e+05	2.919593409375058286e+02
1.773000000000000000e+05	2.919593409375058286e+02
1.773000000000000000e+05	2.894928926821029904e+02
1.782000000000000000e+05	2.894928926821029904e+02
1.782000000000000000e+05	2.912150301073234573e+02
1.791000000000000000e+05	2.912150301073234573e+02
1.791000000000000000e+05	2.914613457750683665e+02
1.800000000000000000e+05	2.914613457750683665e+02
1.800000000000000000e+05	2.917965452983644923e+02
1.809000000000000000e+05	2.917965452983644923e+02
1.809000000000000000e+05	2.894463959660824344e+02
1.818000000000000000e+05	2.894463959660824344e+02
1.818000000000000000e+05	2.941919408238463234e+02
1.827000000000000000e+05	2.941919408238463234e+02
1.827000000000000000e+05	2.921849600961683677e+02
1.836000000000000000e+05	2.921849600961683677e+02
1.836000000000000000e+05	2.932939438583194942e+02
1.845000000000000000e+05	2.932939438583194942e+02
1.845000000000000000e+05	2.916447253318903563e+02
1.854000000000000000e+05	2.916447253318903563e+02
1.854000000000000000e+05	2.937047536020846792e+02
1.863000000000000000e+05	2.937047536020846792e+02
1.863000000000000000e+05	2.932789251300362707e+02
1.872000000000000000e+05	2.932789251300362707e+02
1.872000000000000000e+05	2.939234631305997141e+02
1.881000000000000000e+05	2.939234631305997141e+02
1.881000000000000000e+05	2.941640733353061137e+02
1.890000000000000000e+05	2.941640733353061137e+02
1.890000000000000000e+05	2.944070886927387960e+02
1.899000000000000000e+05	2.944070886927387960e+02
1.899000000000000000e+05	2.944781294299232286e+02
1.908000000000000000e+05	2.944781294299232286e+02
1.908000000000000000e+05	2.938631664279361644e+02
1.917000000000000000e+05	2.938631664279361644e+02
1.917000000000000000e+05	2.938213851184934811e+02
1.926000000000000000e+05	2.938213851184934811e+02
1.926000000000000000e+05	2.927089537353885476e+02
1.935000000000000000e+05	2.927089537353885476e+02
1.935000000000000000e+05	2.921284027942706416e+02
1.944000000000000000e+05	2.921284027942706416e+02
1.944000000000000000e+05	2.955156518881490229e+02
1.953000000000000000e+05	2.955156518881490229e+02
1.953000000000000000e+05	2.938817810347944715e+02
1.962000000000000000e+05	2.938817810347944715e+02
1.962000000000000000e+05	2.932681495797329490e+02
1.971000000000000000e+05	2.932681495797329490e+02
1.971000000000000000e+05	2.929057359470777442e+02
1.980000000000000000e+05	2.929057359470777442e+02
1.980000000000000000e+05	2.929986073065684877e+02
1.989000000000000000e+05	2.929986073065684877e+02
1.989000000000000000e+05	2.925503962492849723e+02
1.998000000000000000e+05	2.925503962492849723e+02
1.998000000000000000e+05	2.987183870717491345e+02
2.007000000000000000e+05	2.987183870717491345e+02
2.007000000000000000e+05	3.020089272364982094e+02
2.016000000000000000e+05	3.020089272364982094e+02
2.016000000000000000e+05	3.021588147719698441e+02
2.025000000000000000e+05	3.021588147719698441e+02
2.025000000000000000e+05	3.105329296165908772e+02
2.034000000000000000e+05	3.105329296165908772e+02
2.034000000000000000e+05	3.100619536584070488e+02
2.043000000000000000e+05	3.100619536584070488e+02
2.043000000000000000e+05	3.087853810486088264e+02
2.052000000000000000e+05	3.087853810486088264e+02
2.052000000000000000e+05	3.082106765945104598e+02
2.061000000000000000e+05	3.082106765945104598e+02
2.061000000000000000e+05	3.034594652919215605e+02
2.070000000000000000e+05	3.034594652919215605e+02
2.070000000000000000e+05	3.052350979514851019e+02
2.079000000000000000e+05	3.052350979514851019e+02
2.079000000000000000e+05	3.049144873557150959e+02
2.088000000000000000e+05	3.049144873557150959e+02
2.088000000000000000e+05	3.028735366014022929e+02
2.097000000000000000e+05	3.028735366014022929e+02
2.097000000000000000e+05	3.032144099799929791e+02
2.106000000000000000e+05	3.032144099799929791e+02
2.106000000000000000e+05	3.017430039508304276e+02
2.115000000000000000e+05	3.017430039508304276e+02
2.115000000000000000e+05	3.016941174368499219e+02
2.124000000000000000e+05	3.016941174368499219e+02
2.124000000000000000e+05	3.002788661930418925e+02
2.133000000000000000e+05	3.002788661930418925e+02
2.133000000000000000e+05	3.002904013336575986e+02
2.142000000000000000e+05	3.002904013336575986e+02
2.142000000000000000e+05	2.996529979155949945e+02
2.151000000000000000e+05	2.996529979155949945e+02
2.151000000000000000e+05	2.996905434895730878e+02
2.160000000000000000e+05	2.996905434895730878e+02
2.160000000000000000e+05	2.975117345711992130e+02
2.169000000000000000e+05	2.975117345711992130e+02
2.169000000000000000e+05	2.999762252836540597e+02
2.178000000000000000e+05	2.999762252836540597e+02
2.178000000000000000e+05	2.987070454275092288e+02
2.187000000000000000e+05	2.987070454275092288e+02
2.187000000000000000e+05	2.990351760704957655e+02
2.196000000000000000e+05	2.990351760704957655e+02
2.196000000000000000e+05	2.954539966765631220e+02
2.205000000000000000e+05	2.954539966765631220e+02
2.205000000000000000e+05	3.031277893765865201e+02
2.214000000000000000e+05	3.031277893765865201e+02
2.214000000000000000e+05	2.981459437086482467e+02
2.223000000000000000e+05	2.981459437086482467e+02
2.223000000000000000e+05	2.987484329815725914e+02
2.232000000000000000e+05	2.987484329815725914e+02
2.232000000000000000e+05	2.969858231623672964e+02
2.241000000000000000e+05	2.969858231623672964e+02
2.241000000000000000e+05	2.984717420278735176e+02
2.250000000000000000e+05	2.984717420278735176e+02
2.250000000000000000e+05	2.985438034035436772e+02
2.259000000000000000e+05	2.985438034035436772e+02
2.259000000000000000e+05	2.979773183999761841e+02
2.268000000000000000e+05	2.979773183999761841e+02
2.268000000000000000e+05	2.968139119144930191e+02
2.277000000000000000e+05	2.968139119144930191e+02
2.277000000000000000e+05	2.991164264195326155e+02
2.286000000000000000e+05	2.991164264195326155e+02
2.286000000000000000e+05	2.968376001367423669e+02
2.295000000000000000e+05	2.968376001367423669e+02
2.295000000000000000e+05	2.970081010062973519e+02
2.304000000000000000e+05	2.970081010062973519e+02
2.304000000000000000e+05	2.944497847931571641e+02
2.313000000000000000e+05	2.944497847931571641e+02
2.313000000000000000e+05	2.999404411778807003e+02
2.322000000000000000e+05	2.999404411778807003e+02
2.322000000000000000e+05	2.961111898191775822e+02
2.331000000000000000e+05	2.961111898191775822e+02
2.331000000000000000e+05	2.965765980353827445e+02
2.340000000000000000e+05	2.965765980353827445e+02
2.340000000000000000e+05	2.940517188967484117e+02
2.349000000000000000e+05	2.940517188967484117e+02
2.349000000000000000e+05	3.029623117173702553e+02
2.358000000000000000e+05	3.029623117173702553e+02
2.358000000000000000e+05	2.983777792976233059e+02
2.367000000000000000e+05	2.983777792976233059e+02
2.367000000000000000e+05	2.996496088539295783e+02
2.376000000000000000e+05	2.996496088539295783e+02
2.376000000000000000e+05	2.981604215372626072e+02
2.385000000000000000e+05	2.981604215372626072e+02
2.385000000000000000e+05	3.026670877205686452e+02
2.394000000000000000e+05	3.026670877205686452e+02
2.394000000000000000e+05	2.990570361958732519e+02
2.403000000000000000e+05	2.990570361958732519e+02
2.403000000000000000e+05	2.995621124517346630e+02
2.412000000000000000e+05	2.995621124517346630e+02
2.412000000000000000e+05	2.986710312562187823e+02
2.421000000000000000e+05	2.986710312562187823e+02
2.421000000000000000e+05	3.010636163044945874e+02
2.430000000000000000e+05	3.010636163044945874e+02
2.430000000000000000e+05	2.982306148144165832e+02
2.439000000000000000e+05	2.982306148144165832e+02
2.439000000000000000e+05	2.997637843311740653e+02
2.448000000000000000e+05	2.997637843311740653e+02
2.448000000000000000e+05	2.970017658399216884e+02
2.457000000000000000e+05	2.970017658399216884e+02
2.457000000000000000e+05	2.983563869737527625e+02
2.466000000000000000e+05	2.983563869737527625e+02
2.466000000000000000e+05	2.965180245837138386e+02
2.475000000000000000e+05	2.965180245837138386e+02
2.475000000000000000e+05	2.956431060291006929e+02
2.484000000000000000e+05	2.956431060291006929e+02
2.484000000000000000e+05	2.940393986885176218e+02
2.493000000000000000e+05	2.940393986885176218e+02
2.493000000000000000e+05	2.964961489016301357e+02
2.502000000000000000e+05	2.964961489016301357e+02
2.502000000000000000e+05	2.949586968855854821e+02
2.511000000000000000e+05	2.949586968855854821e+02
2.511000000000000000e+05	2.939677531897973495e+02
2.520000000000000000e+05	2.939677531897973495e+02
2.520000000000000000e+05	2.929842397018378506e+02
2.529000000000000000e+05	2.929842397018378506e+02
2.529000000000000000e+05	2.897742821381175418e+02
2.538000000000000000e+05	2.897742821381175418e+02
2.538000000000000000e+05	2.910881649520291035e+02
2.547000000000000000e+05	2.910881649520291035e+02
2.547000000000000000e+05	2.914823874822330367e+02
2.556000000000000000e+05	2.914823874822330367e+02
2.556000000000000000e+05	2.923040512707950143e+02
2.565000000000000000e+05	2.923040512707950143e+02
2.565000000000000000e+05	2.896860033025404846e+02
2.574000000000000000e+05	2.896860033025404846e+02
2.574000000000000000e+05	2.908588414039415966e+02
2.583000000000000000e+05	2.908588414039415966e+02
2.583000000000000000e+05	2.912349702861698120e+02
2.592000000000000000e+05	2.912349702861698120e+02
2.592000000000000000e+05	2.920915655174604240e+02
2.601000000000000000e+05	2.920915655174604240e+02
2.601000000000000000e+05	2.895552629985241424e+02
2.610000000000000000e+05	2.895552629985241424e+02
2.610000000000000000e+05	2.906939926354527302e+02
2.619000000000000000e+05	2.906939926354527302e+02
2.619000000000000000e+05	2.910604220090644390e+02
2.628000000000000000e+05	2.910604220090644390e+02
2.628000000000000000e+05	2.919064481375473861e+02
2.637000000000000000e+05	2.919064481375473861e+02
2.637000000000000000e+05	2.894181688516604822e+02
2.646000000000000000e+05	2.894181688516604822e+02
2.646000000000000000e+05	2.905335316310147391e+02
2.655000000000000000e+05	2.905335316310147391e+02
2.655000000000000000e+05	2.908920240946931131e+02
2.664000000000000000e+05	2.908920240946931131e+02
2.664000000000000000e+05	2.917247696087059126e+02
2.673000000000000000e+05	2.917247696087059126e+02
2.673000000000000000e+05	2.892738111597222428e+02
2.682000000000000000e+05	2.892738111597222428e+02
2.682000000000000000e+05	2.903705062132749504e+02
2.691000000000000000e+05	2.903705062132749504e+02
2.691000000000000000e+05	2.907225532838761524e+02
2.700000000000000000e+05	2.907225532838761524e+02
2.700000000000000000e+05	2.915444700559991134e+02
2.709000000000000000e+05	2.915444700559991134e+02
2.709000000000000000e+05	2.891237056599379116e+02
2.718000000000000000e+05	2.891237056599379116e+02
2.718000000000000000e+05	2.902055581992657380e+02
2.727000000000000000e+05	2.902055581992657380e+02
2.727000000000000000e+05	2.905526372880793247e+02
2.736000000000000000e+05	2.905526372880793247e+02
2.736000000000000000e+05	2.913671032126049454e+02
2.745000000000000000e+05	2.913671032126049454e+02
2.745000000000000000e+05	2.905091455492984096e+02
2.754000000000000000e+05	2.905091455492984096e+02
2.754000000000000000e+05	2.917494987114557148e+02
2.763000000000000000e+05	2.917494987114557148e+02
2.763000000000000000e+05	2.919201397974600241e+02
2.772000000000000000e+05	2.919201397974600241e+02
2.772000000000000000e+05	2.919594328151509330e+02
2.781000000000000000e+05	2.919594328151509330e+02
2.781000000000000000e+05	3.032559923944677394e+02
2.790000000000000000e+05	3.032559923944677394e+02
2.790000000000000000e+05	2.947791697211529822e+02
2.799000000000000000e+05	2.947791697211529822e+02
2.799000000000000000e+05	2.948667158586628148e+02
2.808000000000000000e+05	2.948667158586628148e+02
2.808000000000000000e+05	2.929038956764980526e+02
2.817000000000000000e+05	2.929038956764980526e+02
2.817000000000000000e+05	2.952562465634882187e+02
2.826000000000000000e+05	2.952562465634882187e+02
2.826000000000000000e+05	2.956172072150593522e+02
2.835000000000000000e+05	2.956172072150593522e+02
2.835000000000000000e+05	2.881820807905044717e+02
2.844000000000000000e+05	2.881820807905044717e+02
2.844000000000000000e+05	2.925129270420307535e+02
2.853000000000000000e+05	2.925129270420307535e+02
2.853000000000000000e+05	2.966590316694563398e+02
2.862000000000000000e+05	2.966590316694563398e+02
2.862000000000000000e+05	3.007610803272702356e+02
2.871000000000000000e+05	3.007610803272702356e+02
2.871000000000000000e+05	3.033679347635508634e+02
2.880000000000000000e+05	3.033679347635508634e+02
2.880000000000000000e+05	3.037071425919543231e+02
2.889000000000000000e+05	3.037071425919543231e+02
2.889000000000000000e+05	3.092623793948882849e+02
2.898000000000000000e+05	3.092623793948882849e+02
2.898000000000000000e+05	3.095494446024545709e+02
2.907000000000000000e+05	3.095494446024545709e+02
2.907000000000000000e+05	3.102592747942852043e+02
2.916000000000000000e+05	3.102592747942852043e+02
2.916000000000000000e+05	3.092526417166436090e+02
2.925000000000000000e+05	3.092526417166436090e+02
2.925000000000000000e+05	3.082044551600956197e+02
2.934000000000000000e+05	3.082044551600956197e+02
2.934000000000000000e+05	3.072254357201032917e+02
2.943000000000000000e+05	3.072254357201032917e+02
2.943000000000000000e+05	3.071041879728602453e+02
2.952000000000000000e+05	3.071041879728602453e+02
2.952000000000000000e+05	3.051337203618006697e+02
2.961000000000000000e+05	3.051337203618006697e+02
2.961000000000000000e+05	3.040871506494433447e+02
2.970000000000000000e+05	3.040871506494433447e+02
2.970000000000000000e+05	3.033684427234703094e+02
2.979000000000000000e+05	3.033684427234703094e+02
2.979000000000000000e+05	3.031753790573077936e+02
2.988000000000000000e+05	3.031753790573077936e+02
2.988000000000000000e+05	2.989021232639527739e+02
2.997000000000000000e+05	2.989021232639527739e+02
2.997000000000000000e+05	3.052708483001225090e+02
3.006000000000000000e+05	3.052708483001225090e+02
3.006000000000000000e+05	3.007691619765897144e+02
3.015000000000000000e+05	3.007691619765897144e+02
3.015000000000000000e+05	3.011700067393789482e+02
3.024000000000000000e+05	3.011700067393789482e+02
3.024000000000000000e+05	2.999878762681837543e+02
3.033000000000000000e+05	2.999878762681837543e+02
3.033000000000000000e+05	2.985634021998749859e+02
3.042000000000000000e+05	2.985634021998749859e+02
3.042000000000000000e+05	2.997288780055004622e+02
3.051000000000000000e+05	2.997288780055004622e+02
3.051000000000000000e+05	3.001990222385331322e+02
3.060000000000000000e+05	3.001990222385331322e+02
3.060000000000000000e+05	2.962315914255926828e+02
3.069000000000000000e+05	2.962315914255926828e+02
3.069000000000000000e+05	3.023817944681106837e+02
3.078000000000000000e+05	3.023817944681106837e+02
3.078000000000000000e+05	2.981133100988164415e+02
3.087000000000000000e+05	2.981133100988164415e+02
3.087000000000000000e+05	2.986581255685950964e+02
3.096000000000000000e+05	2.986581255685950964e+02
3.096000000000000000e+05	2.959998438521918729e+02
3.105000000000000000e+05	2.959998438521918729e+02
3.105000000000000000e+05	2.978571213074230286e+02
3.114000000000000000e+05	2.978571213074230286e+02
3.114000000000000000e+05	2.991154986294038167e+02
3.123000000000000000e+05	2.991154986294038167e+02
3.123000000000000000e+05	2.976255958779217963e+02
3.132000000000000000e+05	2.976255958779217963e+02
3.132000000000000000e+05	2.959470473442800653e+02
3.141000000000000000e+05	2.959470473442800653e+02
3.141000000000000000e+05	2.997986658720478204e+02
3.150000000000000000e+05	2.997986658720478204e+02
3.150000000000000000e+05	2.967279659575880828e+02
3.159000000000000000e+05	2.967279659575880828e+02
3.159000000000000000e+05	2.969739595294502692e+02
3.168000000000000000e+05	2.969739595294502692e+02
3.168000000000000000e+05	2.940983347400630237e+02
3.177000000000000000e+05	2.940983347400630237e+02
3.177000000000000000e+05	3.018579803622049553e+02
3.186000000000000000e+05	3.018579803622049553e+02
3.186000000000000000e+05	2.965832234125624041e+02
3.195000000000000000e+05	2.965832234125624041e+02
3.195000000000000000e+05	2.972201866558204983e+02
3.204000000000000000e+05	2.972201866558204983e+02
3.204000000000000000e+05	2.944347229354659703e+02
3.213000000000000000e+05	2.944347229354659703e+02
3.213000000000000000e+05	3.031252053518840626e+02
3.222000000000000000e+05	3.031252053518840626e+02
3.222000000000000000e+05	2.987961925271376344e+02
3.231000000000000000e+05	2.987961925271376344e+02
3.231000000000000000e+05	2.998994450052744014e+02
3.240000000000000000e+05	2.998994450052744014e+02
3.240000000000000000e+05	2.989988537563377236e+02
3.249000000000000000e+05	2.989988537563377236e+02
3.249000000000000000e+05	2.993731352891961137e+02
3.258000000000000000e+05	2.993731352891961137e+02
3.258000000000000000e+05	3.005691773331526520e+02
3.267000000000000000e+05	3.005691773331526520e+02
3.267000000000000000e+05	2.993896140537833617e+02
3.276000000000000000e+05	2.993896140537833617e+02
3.276000000000000000e+05	2.965307805563645616e+02
3.285000000000000000e+05	2.965307805563645616e+02
3.285000000000000000e+05	3.043004547781075075e+02
3.294000000000000000e+05	3.043004547781075075e+02
3.294000000000000000e+05	2.996037493945711958e+02
3.303000000000000000e+05	2.996037493945711958e+02
3.303000000000000000e+05	3.006306345786795191e+02
3.312000000000000000e+05	3.006306345786795191e+02
3.312000000000000000e+05	2.982541375719659413e+02
3.321000000000000000e+05	2.982541375719659413e+02
3.321000000000000000e+05	2.988177686439852323e+02
3.330000000000000000e+05	2.988177686439852323e+02
3.330000000000000000e+05	2.969068565936930213e+02
3.339000000000000000e+05	2.969068565936930213e+02
3.339000000000000000e+05	2.959500797368272629e+02
3.348000000000000000e+05	2.959500797368272629e+02
3.348000000000000000e+05	2.943476371213062066e+02
3.357000000000000000e+05	2.943476371213062066e+02
3.357000000000000000e+05	2.966690381399385501e+02
3.366000000000000000e+05	2.966690381399385501e+02
3.366000000000000000e+05	2.950943872550861329e+02
3.375000000000000000e+05	2.950943872550861329e+02
3.375000000000000000e+05	2.942298676526059467e+02
3.384000000000000000e+05	2.942298676526059467e+02
3.384000000000000000e+05	2.930520424053680131e+02
3.393000000000000000e+05	2.930520424053680131e+02
3.393000000000000000e+05	2.898008047912721850e+02
3.402000000000000000e+05	2.898008047912721850e+02
3.402000000000000000e+05	2.911035285666818595e+02
3.411000000000000000e+05	2.911035285666818595e+02
3.411000000000000000e+05	2.914876918838908182e+02
3.420000000000000000e+05	2.914876918838908182e+02
3.420000000000000000e+05	2.922755096189916344e+02
3.429000000000000000e+05	2.922755096189916344e+02
3.429000000000000000e+05	2.940117827189829427e+02
3.438000000000000000e+05	2.940117827189829427e+02
3.438000000000000000e+05	2.931785777863960334e+02
3.447000000000000000e+05	2.931785777863960334e+02
3.447000000000000000e+05	2.928857380386573368e+02
3.456000000000000000e+05	2.928857380386573368e+02
3.456000000000000000e+05	2.928861237789540723e+02
3.465000000000000000e+05	2.928861237789540723e+02
3.465000000000000000e+05	2.907703052152129430e+02
3.474000000000000000e+05	2.907703052152129430e+02
3.474000000000000000e+05	2.914910980701504855e+02
3.483000000000000000e+05	2.914910980701504855e+02
3.483000000000000000e+05	2.916721316039240151e+02
3.492000000000000000e+05	2.916721316039240151e+02
3.492000000000000000e+05	2.920600802813385712e+02
3.501000000000000000e+05	2.920600802813385712e+02
3.501000000000000000e+05	2.904395304146852936e+02
3.510000000000000000e+05	2.904395304146852936e+02
3.510000000000000000e+05	2.911190573673785025e+02
3.519000000000000000e+05	2.911190573673785025e+02
3.519000000000000000e+05	2.913245124088614944e+02
3.528000000000000000e+05	2.913245124088614944e+02
3.528000000000000000e+05	2.918473890042304220e+02
3.537000000000000000e+05	2.918473890042304220e+02
3.537000000000000000e+05	2.901730827761038540e+02
3.546000000000000000e+05	2.901730827761038540e+02
3.546000000000000000e+05	2.908867852249326802e+02
3.555000000000000000e+05	2.908867852249326802e+02
3.555000000000000000e+05	2.923850218720037333e+02
3.564000000000000000e+05	2.923850218720037333e+02
3.564000000000000000e+05	2.923047964987546266e+02
3.573000000000000000e+05	2.923047964987546266e+02
3.573000000000000000e+05	2.895349113457720023e+02
3.582000000000000000e+05	2.895349113457720023e+02
3.582000000000000000e+05	2.905722172337837037e+02
3.591000000000000000e+05	2.905722172337837037e+02
3.591000000000000000e+05	2.908652688826991266e+02
3.600000000000000000e+05	2.908652688826991266e+02
3.600000000000000000e+05	2.915007404914671270e+02
3.609000000000000000e+05	2.915007404914671270e+02
3.609000000000000000e+05	2.893102488503329823e+02
3.618000000000000000e+05	2.893102488503329823e+02
3.618000000000000000e+05	2.906430832706606111e+02
3.627000000000000000e+05	2.906430832706606111e+02
3.627000000000000000e+05	2.958712965670885069e+02
3.636000000000000000e+05	2.958712965670885069e+02
3.636000000000000000e+05	2.918140347823077150e+02
3.645000000000000000e+05	2.918140347823077150e+02
3.645000000000000000e+05	2.996982814219380202e+02
3.654000000000000000e+05	2.996982814219380202e+02
3.654000000000000000e+05	2.952215109217070790e+02
3.663000000000000000e+05	2.952215109217070790e+02
3.663000000000000000e+05	2.938893443196659518e+02
3.672000000000000000e+05	2.938893443196659518e+02
3.672000000000000000e+05	2.926008163729822513e+02
3.681000000000000000e+05	2.926008163729822513e+02
3.681000000000000000e+05	2.938394628665428741e+02
3.690000000000000000e+05	2.938394628665428741e+02
3.690000000000000000e+05	2.920383484205784725e+02
3.699000000000000000e+05	2.920383484205784725e+02
3.699000000000000000e+05	2.910773220463097459e+02
3.708000000000000000e+05	2.910773220463097459e+02
3.708000000000000000e+05	2.933321309459587383e+02
3.717000000000000000e+05	2.933321309459587383e+02
3.717000000000000000e+05	2.982962261764498635e+02
3.726000000000000000e+05	2.982962261764498635e+02
3.726000000000000000e+05	3.018127457213942080e+02
3.735000000000000000e+05	3.018127457213942080e+02
3.735000000000000000e+05	3.041818152628196685e+02
3.744000000000000000e+05	3.041818152628196685e+02
3.744000000000000000e+05	3.044952921355442186e+02
3.753000000000000000e+05	3.044952921355442186e+02
3.753000000000000000e+05	3.099334666167525256e+02
3.762000000000000000e+05	3.099334666167525256e+02
3.762000000000000000e+05	3.100881251367185882e+02
3.771000000000000000e+05	3.100881251367185882e+02
3.771000000000000000e+05	3.107144167096766978e+02
3.780000000000000000e+05	3.107144167096766978e+02
3.780000000000000000e+05	3.086113633855312628e+02
3.789000000000000000e+05	3.086113633855312628e+02
3.789000000000000000e+05	3.061435959540567637e+02
3.798000000000000000e+05	3.061435959540567637e+02
3.798000000000000000e+05	3.063847016905368719e+02
3.807000000000000000e+05	3.063847016905368719e+02
3.807000000000000000e+05	3.061636145843175427e+02
3.816000000000000000e+05	3.061636145843175427e+02
3.816000000000000000e+05	3.060666559593243505e+02
3.825000000000000000e+05	3.060666559593243505e+02
3.825000000000000000e+05	3.004531012809144386e+02
3.834000000000000000e+05	3.004531012809144386e+02
3.834000000000000000e+05	3.026672992507746471e+02
3.843000000000000000e+05	3.026672992507746471e+02
3.843000000000000000e+05	3.021657662208318698e+02
3.852000000000000000e+05	3.021657662208318698e+02
3.852000000000000000e+05	3.026205732498347061e+02
3.861000000000000000e+05	3.026205732498347061e+02
3.861000000000000000e+05	2.969520707299507762e+02
3.870000000000000000e+05	2.969520707299507762e+02
3.870000000000000000e+05	2.967153427018754428e+02
3.879000000000000000e+05	2.967153427018754428e+02
3.879000000000000000e+05	2.960659629928904337e+02
3.888000000000000000e+05	2.960659629928904337e+02
3.888000000000000000e+05	2.960269330189819925e+02
3.897000000000000000e+05	2.960269330189819925e+02
3.897000000000000000e+05	3.043827475949250356e+02
3.906000000000000000e+05	3.043827475949250356e+02
3.906000000000000000e+05	2.988861923087576997e+02
3.915000000000000000e+05	2.988861923087576997e+02
3.915000000000000000e+05	2.998169925816396812e+02
3.924000000000000000e+05	2.998169925816396812e+02
3.924000000000000000e+05	2.975506425274135722e+02
3.933000000000000000e+05	2.975506425274135722e+02
3.933000000000000000e+05	3.008747945802720665e+02
3.942000000000000000e+05	3.008747945802720665e+02
3.942000000000000000e+05	2.988671194020058124e+02
3.951000000000000000e+05	2.988671194020058124e+02
3.951000000000000000e+05	2.991331888405209156e+02
3.960000000000000000e+05	2.991331888405209156e+02
3.960000000000000000e+05	2.950299657121697692e+02
3.969000000000000000e+05	2.950299657121697692e+02
3.969000000000000000e+05	3.036142250403810863e+02
3.978000000000000000e+05	3.036142250403810863e+02
3.978000000000000000e+05	2.987990329509476624e+02
3.987000000000000000e+05	2.987990329509476624e+02
3.987000000000000000e+05	2.997531131849870007e+02
3.996000000000000000e+05	2.997531131849870007e+02
3.996000000000000000e+05	2.993035271970093163e+02
4.005000000000000000e+05	2.993035271970093163e+02
4.005000000000000000e+05	2.960471309102097734e+02
4.014000000000000000e+05	2.960471309102097734e+02
4.014000000000000000e+05	2.978905881712104815e+02
4.023000000000000000e+05	2.978905881712104815e+02
4.023000000000000000e+05	2.974520537947516914e+02
4.032000000000000000e+05	2.974520537947516914e+02
4.032000000000000000e+05	2.960403442368090623e+02
4.041000000000000000e+05	2.960403442368090623e+02
4.041000000000000000e+05	2.986301077805666750e+02
4.050000000000000000e+05	2.986301077805666750e+02
4.050000000000000000e+05	2.969203082585657967e+02
4.059000000000000000e+05	2.969203082585657967e+02
4.059000000000000000e+05	2.971509466205584431e+02
4.068000000000000000e+05	2.971509466205584431e+02
4.068000000000000000e+05	2.981191108959754956e+02
4.077000000000000000e+05	2.981191108959754956e+02
4.077000000000000000e+05	2.957283362856139206e+02
4.086000000000000000e+05	2.957283362856139206e+02
4.086000000000000000e+05	2.984442570426352290e+02
4.095000000000000000e+05	2.984442570426352290e+02
4.095000000000000000e+05	2.988623023957476335e+02
4.104000000000000000e+05	2.988623023957476335e+02
4.104000000000000000e+05	2.955199909186124501e+02
4.113000000000000000e+05	2.955199909186124501e+02
4.113000000000000000e+05	3.039247144339550459e+02
4.122000000000000000e+05	3.039247144339550459e+02
4.122000000000000000e+05	2.990262915730014015e+02
4.131000000000000000e+05	2.990262915730014015e+02
4.131000000000000000e+05	2.993839551018174916e+02
4.140000000000000000e+05	2.993839551018174916e+02
4.140000000000000000e+05	2.963392781760434218e+02
4.149000000000000000e+05	2.963392781760434218e+02
4.149000000000000000e+05	3.043948097672151221e+02
4.158000000000000000e+05	3.043948097672151221e+02
4.158000000000000000e+05	2.996932257464408735e+02
4.167000000000000000e+05	2.996932257464408735e+02
4.167000000000000000e+05	3.005462904310435874e+02
4.176000000000000000e+05	3.005462904310435874e+02
4.176000000000000000e+05	2.990533695875984677e+02
4.185000000000000000e+05	2.990533695875984677e+02
4.185000000000000000e+05	2.994050219542562559e+02
4.194000000000000000e+05	2.994050219542562559e+02
4.194000000000000000e+05	2.974043624019205936e+02
4.203000000000000000e+05	2.974043624019205936e+02
4.203000000000000000e+05	2.963718775116433335e+02
4.212000000000000000e+05	2.963718775116433335e+02
4.212000000000000000e+05	2.946775523782331447e+02
4.221000000000000000e+05	2.946775523782331447e+02
4.221000000000000000e+05	2.969118811886878575e+02
4.230000000000000000e+05	2.969118811886878575e+02
4.230000000000000000e+05	2.953128116175415130e+02
4.239000000000000000e+05	2.953128116175415130e+02
4.239000000000000000e+05	2.946471986851718725e+02
4.248000000000000000e+05	2.946471986851718725e+02
4.248000000000000000e+05	2.932207025948247292e+02
4.257000000000000000e+05	2.932207025948247292e+02
4.257000000000000000e+05	2.899396015142515921e+02
4.266000000000000000e+05	2.899396015142515921e+02
4.266000000000000000e+05	2.912334384800298039e+02
4.275000000000000000e+05	2.912334384800298039e+02
4.275000000000000000e+05	2.916090610113278672e+02
4.284000000000000000e+05	2.916090610113278672e+02
4.284000000000000000e+05	2.923591712615833558e+02
4.293000000000000000e+05	2.923591712615833558e+02
4.293000000000000000e+05	2.898334190274175626e+02
4.302000000000000000e+05	2.898334190274175626e+02
4.302000000000000000e+05	2.909588926142728837e+02
4.311000000000000000e+05	2.909588926142728837e+02
4.311000000000000000e+05	2.913178385041546221e+02
4.320000000000000000e+05	2.913178385041546221e+02
4.320000000000000000e+05	2.921314342527544454e+02
4.329000000000000000e+05	2.921314342527544454e+02
4.329000000000000000e+05	2.896855052208987900e+02
4.338000000000000000e+05	2.896855052208987900e+02
4.338000000000000000e+05	2.907795314483559537e+02
4.347000000000000000e+05	2.907795314483559537e+02
4.347000000000000000e+05	2.911301897469481901e+02
4.356000000000000000e+05	2.911301897469481901e+02
4.356000000000000000e+05	2.919385483602825957e+02
4.365000000000000000e+05	2.919385483602825957e+02
4.365000000000000000e+05	2.895334587778900755e+02
4.374000000000000000e+05	2.895334587778900755e+02
4.374000000000000000e+05	2.906076633923083250e+02
4.383000000000000000e+05	2.906076633923083250e+02
4.383000000000000000e+05	2.909516035202784678e+02
4.392000000000000000e+05	2.909516035202784678e+02
4.392000000000000000e+05	2.917498135102334231e+02
4.401000000000000000e+05	2.917498135102334231e+02
4.401000000000000000e+05	2.941018349894926018e+02
4.410000000000000000e+05	2.941018349894926018e+02
4.410000000000000000e+05	2.931086513073790911e+02
4.419000000000000000e+05	2.931086513073790911e+02
4.419000000000000000e+05	2.933620511497863959e+02
4.428000000000000000e+05	2.933620511497863959e+02
4.428000000000000000e+05	2.927471484579658068e+02
4.437000000000000000e+05	2.927471484579658068e+02
4.437000000000000000e+05	2.959434690703084243e+02
4.446000000000000000e+05	2.959434690703084243e+02
4.446000000000000000e+05	2.942301332150851181e+02
4.455000000000000000e+05	2.942301332150851181e+02
4.455000000000000000e+05	2.945665950784841129e+02
4.464000000000000000e+05	2.945665950784841129e+02
4.464000000000000000e+05	2.919499213355281881e+02
4.473000000000000000e+05	2.919499213355281881e+02
4.473000000000000000e+05	3.006919230247146402e+02
4.482000000000000000e+05	3.006919230247146402e+02
4.482000000000000000e+05	2.951799867740654690e+02
4.491000000000000000e+05	2.951799867740654690e+02
4.491000000000000000e+05	2.958926354750931296e+02
4.500000000000000000e+05	2.958926354750931296e+02
4.500000000000000000e+05	2.953641051693912232e+02
4.509000000000000000e+05	2.953641051693912232e+02
4.509000000000000000e+05	2.980362289383386383e+02
4.518000000000000000e+05	2.980362289383386383e+02
4.518000000000000000e+05	2.962695772107235825e+02
4.527000000000000000e+05	2.962695772107235825e+02
4.527000000000000000e+05	2.967038876675584902e+02
4.536000000000000000e+05	2.967038876675584902e+02
4.536000000000000000e+05	2.946112547571776190e+02
4.545000000000000000e+05	2.946112547571776190e+02
4.545000000000000000e+05	2.963349743376678589e+02
4.554000000000000000e+05	2.963349743376678589e+02
4.554000000000000000e+05	2.919281369169752907e+02
4.563000000000000000e+05	2.919281369169752907e+02
4.563000000000000000e+05	2.890251767410408092e+02
4.572000000000000000e+05	2.890251767410408092e+02
4.572000000000000000e+05	2.936585208131564855e+02
4.581000000000000000e+05	2.936585208131564855e+02
4.581000000000000000e+05	2.989565770609748370e+02
4.590000000000000000e+05	2.989565770609748370e+02
4.590000000000000000e+05	3.021901204553855678e+02
4.599000000000000000e+05	3.021901204553855678e+02
4.599000000000000000e+05	3.044436061437908734e+02
4.608000000000000000e+05	3.044436061437908734e+02
4.608000000000000000e+05	3.047389284813111203e+02
4.617000000000000000e+05	3.047389284813111203e+02
4.617000000000000000e+05	3.101562946794384175e+02
4.626000000000000000e+05	3.101562946794384175e+02
4.626000000000000000e+05	3.102321913498466301e+02
4.635000000000000000e+05	3.102321913498466301e+02
4.635000000000000000e+05	3.108139157963372554e+02
4.644000000000000000e+05	3.108139157963372554e+02
4.644000000000000000e+05	3.097987016940226681e+02
4.653000000000000000e+05	3.097987016940226681e+02
4.653000000000000000e+05	3.054273976566365150e+02
4.662000000000000000e+05	3.054273976566365150e+02
4.662000000000000000e+05	3.084260038185707344e+02
4.671000000000000000e+05	3.084260038185707344e+02
4.671000000000000000e+05	3.071649671313678027e+02
4.680000000000000000e+05	3.071649671313678027e+02
4.680000000000000000e+05	3.056154348003256018e+02
4.689000000000000000e+05	3.056154348003256018e+02
4.689000000000000000e+05	3.038976414605299965e+02
4.698000000000000000e+05	3.038976414605299965e+02
4.698000000000000000e+05	3.037823491565269478e+02
4.707000000000000000e+05	3.037823491565269478e+02
4.707000000000000000e+05	3.035898970968047479e+02
4.716000000000000000e+05	3.035898970968047479e+02
4.716000000000000000e+05	3.013445047298907298e+02
4.725000000000000000e+05	3.013445047298907298e+02
4.725000000000000000e+05	3.035977051867432124e+02
4.734000000000000000e+05	3.035977051867432124e+02
4.734000000000000000e+05	3.014599773193488090e+02
4.743000000000000000e+05	3.014599773193488090e+02
4.743000000000000000e+05	3.017224826932360884e+02
4.752000000000000000e+05	3.017224826932360884e+02
4.752000000000000000e+05	3.009088390054588444e+02
4.761000000000000000e+05	3.009088390054588444e+02
4.761000000000000000e+05	2.993162391718935282e+02
4.770000000000000000e+05	2.993162391718935282e+02
4.770000000000000000e+05	3.007514878848808166e+02
4.779000000000000000e+05	3.007514878848808166e+02
4.779000000000000000e+05	3.006959080030139262e+02
4.788000000000000000e+05	3.006959080030139262e+02
4.788000000000000000e+05	2.989895322217060993e+02
4.797000000000000000e+05	2.989895322217060993e+02
4.797000000000000000e+05	2.996737289347015007e+02
4.806000000000000000e+05	2.996737289347015007e+02
4.806000000000000000e+05	2.976571537791964488e+02
4.815000000000000000e+05	2.976571537791964488e+02
4.815000000000000000e+05	3.015767249191761721e+02
4.824000000000000000e+05	3.015767249191761721e+02
4.824000000000000000e+05	2.988426124759644722e+02
4.833000000000000000e+05	2.988426124759644722e+02
4.833000000000000000e+05	2.993036887478420454e+02
4.842000000000000000e+05	2.993036887478420454e+02
4.842000000000000000e+05	3.000907406736175744e+02
4.851000000000000000e+05	3.000907406736175744e+02
4.851000000000000000e+05	2.991846122916521722e+02
4.860000000000000000e+05	2.991846122916521722e+02
4.860000000000000000e+05	2.976009263457868883e+02
4.869000000000000000e+05	2.976009263457868883e+02
4.869000000000000000e+05	2.988338836148449786e+02
4.878000000000000000e+05	2.988338836148449786e+02
4.878000000000000000e+05	2.969500527183977852e+02
4.887000000000000000e+05	2.969500527183977852e+02
4.887000000000000000e+05	2.998392734522801675e+02
4.896000000000000000e+05	2.998392734522801675e+02
4.896000000000000000e+05	2.974840861016097051e+02
4.905000000000000000e+05	2.974840861016097051e+02
4.905000000000000000e+05	3.001542533977055314e+02
4.914000000000000000e+05	3.001542533977055314e+02
4.914000000000000000e+05	2.974549770352065252e+02
4.923000000000000000e+05	2.974549770352065252e+02
4.923000000000000000e+05	2.978992777407475501e+02
4.932000000000000000e+05	2.978992777407475501e+02
4.932000000000000000e+05	2.953790487275022087e+02
4.941000000000000000e+05	2.953790487275022087e+02
4.941000000000000000e+05	3.014280873934283136e+02
4.950000000000000000e+05	3.014280873934283136e+02
4.950000000000000000e+05	2.973575075836834003e+02
4.959000000000000000e+05	2.973575075836834003e+02
4.959000000000000000e+05	2.978617493067695250e+02
4.968000000000000000e+05	2.978617493067695250e+02
4.968000000000000000e+05	2.950683252505348833e+02
4.977000000000000000e+05	2.950683252505348833e+02
4.977000000000000000e+05	3.028348667905466982e+02
4.986000000000000000e+05	3.028348667905466982e+02
4.986000000000000000e+05	2.972793847317831819e+02
4.995000000000000000e+05	2.972793847317831819e+02
4.995000000000000000e+05	2.979768031030016573e+02
5.004000000000000000e+05	2.979768031030016573e+02
5.004000000000000000e+05	2.955775975376897691e+02
5.013000000000000000e+05	2.955775975376897691e+02
5.013000000000000000e+05	3.029092110644182867e+02
5.022000000000000000e+05	3.029092110644182867e+02
5.022000000000000000e+05	2.996267477155151369e+02
5.031000000000000000e+05	2.996267477155151369e+02
5.031000000000000000e+05	3.007555693925233413e+02
5.040000000000000000e+05	3.007555693925233413e+02
5.040000000000000000e+05	2.990405683032391266e+02
5.049000000000000000e+05	2.990405683032391266e+02
5.049000000000000000e+05	2.993594772268698421e+02
5.058000000000000000e+05	2.993594772268698421e+02
5.058000000000000000e+05	2.973661101228378243e+02
5.067000000000000000e+05	2.973661101228378243e+02
5.067000000000000000e+05	2.963357771315007199e+02
5.076000000000000000e+05	2.963357771315007199e+02
5.076000000000000000e+05	2.946460538313634743e+02
5.085000000000000000e+05	2.946460538313634743e+02
5.085000000000000000e+05	2.968770576738205023e+02
5.094000000000000000e+05	2.968770576738205023e+02
5.094000000000000000e+05	2.952766711093097456e+02
5.103000000000000000e+05	2.952766711093097456e+02
5.103000000000000000e+05	2.946097348421198490e+02
5.112000000000000000e+05	2.946097348421198490e+02
5.112000000000000000e+05	2.931785025811266792e+02
5.121000000000000000e+05	2.931785025811266792e+02
5.121000000000000000e+05	2.898950639490165031e+02
5.130000000000000000e+05	2.898950639490165031e+02
5.130000000000000000e+05	2.911884165505732653e+02
5.139000000000000000e+05	2.911884165505732653e+02
5.139000000000000000e+05	2.915637562262820666e+02
5.148000000000000000e+05	2.915637562262820666e+02
5.148000000000000000e+05	2.923111122600882368e+02
5.157000000000000000e+05	2.923111122600882368e+02
5.157000000000000000e+05	2.897884631144403329e+02
5.166000000000000000e+05	2.897884631144403329e+02
5.166000000000000000e+05	2.909128631639071045e+02
5.175000000000000000e+05	2.909128631639071045e+02
5.175000000000000000e+05	2.912715728932653860e+02
5.184000000000000000e+05	2.912715728932653860e+02
5.184000000000000000e+05	2.920840433010307038e+02
5.193000000000000000e+05	2.920840433010307038e+02
5.193000000000000000e+05	2.896402431835102789e+02
5.202000000000000000e+05	2.896402431835102789e+02
5.202000000000000000e+05	2.907329041033800650e+02
5.211000000000000000e+05	2.907329041033800650e+02
5.211000000000000000e+05	2.910827370902696885e+02
5.220000000000000000e+05	2.910827370902696885e+02
5.220000000000000000e+05	2.918860762601144074e+02
5.229000000000000000e+05	2.918860762601144074e+02
5.229000000000000000e+05	2.910579465944063031e+02
5.238000000000000000e+05	2.910579465944063031e+02
5.238000000000000000e+05	2.923551008606416985e+02
5.247000000000000000e+05	2.923551008606416985e+02
5.247000000000000000e+05	2.923123279111578086e+02
5.256000000000000000e+05	2.923123279111578086e+02
5.256000000000000000e+05	2.920942590636933005e+02
5.265000000000000000e+05	2.920942590636933005e+02
5.265000000000000000e+05	2.935907696415199553e+02
5.274000000000000000e+05	2.935907696415199553e+02
5.274000000000000000e+05	2.920708940384849370e+02
5.283000000000000000e+05	2.920708940384849370e+02
5.283000000000000000e+05	2.918844423215953157e+02
5.292000000000000000e+05	2.918844423215953157e+02
5.292000000000000000e+05	2.916633007294899471e+02
5.301000000000000000e+05	2.916633007294899471e+02
5.301000000000000000e+05	3.000529358853846134e+02
5.310000000000000000e+05	3.000529358853846134e+02
5.310000000000000000e+05	2.946477183161866833e+02
5.319000000000000000e+05	2.946477183161866833e+02
5.319000000000000000e+05	2.955089023991388899e+02
5.328000000000000000e+05	2.955089023991388899e+02
5.328000000000000000e+05	2.929807777861815339e+02
5.337000000000000000e+05	2.929807777861815339e+02
5.337000000000000000e+05	3.008016096910084798e+02
5.346000000000000000e+05	3.008016096910084798e+02
5.346000000000000000e+05	2.960614979539005844e+02
5.355000000000000000e+05	2.960614979539005844e+02
5.355000000000000000e+05	2.967063550600115605e+02
5.364000000000000000e+05	2.967063550600115605e+02
5.364000000000000000e+05	2.963376746563293977e+02
5.373000000000000000e+05	2.963376746563293977e+02
5.373000000000000000e+05	2.970727680575523095e+02
5.382000000000000000e+05	2.970727680575523095e+02
5.382000000000000000e+05	2.968700675570948988e+02
5.391000000000000000e+05	2.968700675570948988e+02
5.391000000000000000e+05	2.969333040051765806e+02
5.400000000000000000e+05	2.969333040051765806e+02
5.400000000000000000e+05	2.947207147720635589e+02
5.409000000000000000e+05	2.947207147720635589e+02
5.409000000000000000e+05	2.994083766141190495e+02
5.418000000000000000e+05	2.994083766141190495e+02
5.418000000000000000e+05	2.960150128809314083e+02
5.427000000000000000e+05	2.960150128809314083e+02
5.427000000000000000e+05	2.891193353223541749e+02
5.436000000000000000e+05	2.891193353223541749e+02
5.436000000000000000e+05	2.945141545539296999e+02
5.445000000000000000e+05	2.945141545539296999e+02
5.445000000000000000e+05	2.999828769785441978e+02
5.454000000000000000e+05	2.999828769785441978e+02
5.454000000000000000e+05	3.029227172979934721e+02
5.463000000000000000e+05	3.029227172979934721e+02
5.463000000000000000e+05	3.050245811964010159e+02
5.472000000000000000e+05	3.050245811964010159e+02
5.472000000000000000e+05	3.053054098457024566e+02
5.481000000000000000e+05	3.053054098457024566e+02
5.481000000000000000e+05	3.104560733837818702e+02
5.490000000000000000e+05	3.104560733837818702e+02
5.490000000000000000e+05	3.105089356102316742e+02
5.499000000000000000e+05	3.105089356102316742e+02
5.499000000000000000e+05	3.110537361610837479e+02
5.508000000000000000e+05	3.110537361610837479e+02
5.508000000000000000e+05	3.100308341646953636e+02
5.517000000000000000e+05	3.100308341646953636e+02
5.517000000000000000e+05	3.053620813007540278e+02
5.526000000000000000e+05	3.053620813007540278e+02
5.526000000000000000e+05	3.069265765019519563e+02
5.535000000000000000e+05	3.069265765019519563e+02
5.535000000000000000e+05	3.066547830958822942e+02
5.544000000000000000e+05	3.066547830958822942e+02
5.544000000000000000e+05	3.046571912684885319e+02
5.553000000000000000e+05	3.046571912684885319e+02
5.553000000000000000e+05	3.047099163634976549e+02
5.562000000000000000e+05	3.047099163634976549e+02
5.562000000000000000e+05	3.032971842019670703e+02
5.571000000000000000e+05	3.032971842019670703e+02
5.571000000000000000e+05	3.032664385035022860e+02
5.580000000000000000e+05	3.032664385035022860e+02
5.580000000000000000e+05	3.032303925024534124e+02
5.589000000000000000e+05	3.032303925024534124e+02
5.589000000000000000e+05	2.995652323996447990e+02
5.598000000000000000e+05	2.995652323996447990e+02
5.598000000000000000e+05	3.012444614568556744e+02
5.607000000000000000e+05	3.012444614568556744e+02
5.607000000000000000e+05	3.009953865259701047e+02
5.616000000000000000e+05	3.009953865259701047e+02
5.616000000000000000e+05	2.989130562612203335e+02
5.625000000000000000e+05	2.989130562612203335e+02
5.625000000000000000e+05	3.011059472689883023e+02
5.634000000000000000e+05	3.011059472689883023e+02
5.634000000000000000e+05	3.001727190514097288e+02
5.643000000000000000e+05	3.001727190514097288e+02
5.643000000000000000e+05	3.004452986543601014e+02
5.652000000000000000e+05	3.004452986543601014e+02
5.652000000000000000e+05	2.982292120747756030e+02
5.661000000000000000e+05	2.982292120747756030e+02
5.661000000000000000e+05	3.020460052117812211e+02
5.670000000000000000e+05	3.020460052117812211e+02
5.670000000000000000e+05	2.995480833007833894e+02
5.679000000000000000e+05	2.995480833007833894e+02
5.679000000000000000e+05	2.998824580928986165e+02
5.688000000000000000e+05	2.998824580928986165e+02
5.688000000000000000e+05	2.998340341614353974e+02
5.697000000000000000e+05	2.998340341614353974e+02
5.697000000000000000e+05	2.985853074171185995e+02
5.706000000000000000e+05	2.985853074171185995e+02
5.706000000000000000e+05	2.986064233828400347e+02
5.715000000000000000e+05	2.986064233828400347e+02
5.715000000000000000e+05	2.994448591857151314e+02
5.724000000000000000e+05	2.994448591857151314e+02
5.724000000000000000e+05	2.957797102350286877e+02
5.733000000000000000e+05	2.957797102350286877e+02
5.733000000000000000e+05	3.035697117174055393e+02
5.742000000000000000e+05	3.035697117174055393e+02
5.742000000000000000e+05	2.981511674819366817e+02
5.751000000000000000e+05	2.981511674819366817e+02
5.751000000000000000e+05	2.985524963457126546e+02
5.760000000000000000e+05	2.985524963457126546e+02
5.760000000000000000e+05	2.958020151239902020e+02
5.769000000000000000e+05	2.958020151239902020e+02
5.769000000000000000e+05	3.036897500291133838e+02
5.778000000000000000e+05	3.036897500291133838e+02
5.778000000000000000e+05	2.980343718341687804e+02
5.787000000000000000e+05	2.980343718341687804e+02
5.787000000000000000e+05	2.987831650806945163e+02
5.796000000000000000e+05	2.987831650806945163e+02
5.796000000000000000e+05	2.989474559807023297e+02
5.805000000000000000e+05	2.989474559807023297e+02
5.805000000000000000e+05	2.974339097072413551e+02
5.814000000000000000e+05	2.974339097072413551e+02
5.814000000000000000e+05	2.981984869976755590e+02
5.823000000000000000e+05	2.981984869976755590e+02
5.823000000000000000e+05	2.966398309630258723e+02
5.832000000000000000e+05	2.966398309630258723e+02
5.832000000000000000e+05	2.948338371928331867e+02
5.841000000000000000e+05	2.948338371928331867e+02
5.841000000000000000e+05	3.034271380062826324e+02
5.850000000000000000e+05	3.034271380062826324e+02
5.850000000000000000e+05	2.977115963371518887e+02
5.859000000000000000e+05	2.977115963371518887e+02
5.859000000000000000e+05	2.984207236561856575e+02
5.868000000000000000e+05	2.984207236561856575e+02
5.868000000000000000e+05	2.987894421869982011e+02
5.877000000000000000e+05	2.987894421869982011e+02
5.877000000000000000e+05	2.977323918288594200e+02
5.886000000000000000e+05	2.977323918288594200e+02
5.886000000000000000e+05	2.997103807893619205e+02
5.895000000000000000e+05	2.997103807893619205e+02
5.895000000000000000e+05	3.002967579373636227e+02
5.904000000000000000e+05	3.002967579373636227e+02
5.904000000000000000e+05	2.977703741795361907e+02
5.913000000000000000e+05	2.977703741795361907e+02
5.913000000000000000e+05	3.013349653028084276e+02
5.922000000000000000e+05	3.013349653028084276e+02
5.922000000000000000e+05	2.983099757517815647e+02
5.931000000000000000e+05	2.983099757517815647e+02
5.931000000000000000e+05	2.969855078724428381e+02
5.940000000000000000e+05	2.969855078724428381e+02
5.940000000000000000e+05	2.952935599719497191e+02
5.949000000000000000e+05	2.952935599719497191e+02
5.949000000000000000e+05	2.973017462647249545e+02
5.958000000000000000e+05	2.973017462647249545e+02
5.958000000000000000e+05	2.956383528058067895e+02
5.967000000000000000e+05	2.956383528058067895e+02
5.967000000000000000e+05	2.949126242489223841e+02
5.976000000000000000e+05	2.949126242489223841e+02
5.976000000000000000e+05	2.934104514965216595e+02
5.985000000000000000e+05	2.934104514965216595e+02
5.985000000000000000e+05	2.900503869128416454e+02
5.994000000000000000e+05	2.900503869128416454e+02
5.994000000000000000e+05	2.913209875513866791e+02
6.003000000000000000e+05	2.913209875513866791e+02
6.003000000000000000e+05	2.916744888236457882e+02
6.012000000000000000e+05	2.916744888236457882e+02
6.012000000000000000e+05	2.923251239868379230e+02
6.021000000000000000e+05	2.923251239868379230e+02
6.021000000000000000e+05	2.899133547882154289e+02
6.030000000000000000e+05	2.899133547882154289e+02
6.030000000000000000e+05	2.909785622726026872e+02
6.039000000000000000e+05	2.909785622726026872e+02
6.039000000000000000e+05	2.913140687472051695e+02
6.048000000000000000e+05	2.913140687472051695e+02
