# #1
# double t_TES(1344, 2)
0.000000000000000000e+00	3.031499999999999773e+02
9.000000000000000000e+02	3.031499999999999773e+02
9.000000000000000000e+02	2.997875033493480714e+02
1.800000000000000000e+03	2.997875033493480714e+02
1.800000000000000000e+03	2.992785146113785686e+02
2.700000000000000000e+03	2.992785146113785686e+02
2.700000000000000000e+03	2.981211846988496745e+02
3.600000000000000000e+03	2.981211846988496745e+02
3.600000000000000000e+03	2.974718804118782032e+02
4.500000000000000000e+03	2.974718804118782032e+02
4.500000000000000000e+03	2.983588850024999601e+02
5.400000000000000000e+03	2.983588850024999601e+02
5.400000000000000000e+03	2.969451348859383870e+02
6.300000000000000000e+03	2.969451348859383870e+02
6.300000000000000000e+03	2.989557074474848832e+02
7.200000000000000000e+03	2.989557074474848832e+02
7.200000000000000000e+03	2.951408086516985918e+02
8.100000000000000000e+03	2.951408086516985918e+02
8.100000000000000000e+03	2.939616198469899473e+02
9.000000000000000000e+03	2.939616198469899473e+02
9.000000000000000000e+03	2.970886028712925508e+02
9.900000000000000000e+03	2.970886028712925508e+02
9.900000000000000000e+03	2.948454916379081965e+02
1.080000000000000000e+04	2.948454916379081965e+02
1.080000000000000000e+04	2.944913668058361509e+02
1.170000000000000000e+04	2.944913668058361509e+02
1.170000000000000000e+04	2.981947895847260952e+02
1.260000000000000000e+04	2.981947895847260952e+02
1.260000000000000000e+04	2.942016390445501202e+02
1.350000000000000000e+04	2.942016390445501202e+02
1.350000000000000000e+04	2.944254566551355765e+02
1.440000000000000000e+04	2.944254566551355765e+02
1.440000000000000000e+04	2.944551484344239043e+02
1.530000000000000000e+04	2.944551484344239043e+02
1.530000000000000000e+04	2.989348800907843042e+02
1.620000000000000000e+04	2.989348800907843042e+02
1.620000000000000000e+04	3.021658870662259915e+02
1.710000000000000000e+04	3.021658870662259915e+02
1.710000000000000000e+04	2.995304241309505073e+02
1.800000000000000000e+04	2.995304241309505073e+02
1.800000000000000000e+04	2.946798820448330503e+02
1.890000000000000000e+04	2.946798820448330503e+02
1.890000000000000000e+04	2.980954346522291303e+02
1.980000000000000000e+04	2.980954346522291303e+02
1.980000000000000000e+04	2.948614027234810351e+02
2.070000000000000000e+04	2.948614027234810351e+02
2.070000000000000000e+04	2.941002454337669292e+02
2.160000000000000000e+04	2.941002454337669292e+02
2.160000000000000000e+04	2.928961846985151851e+02
2.250000000000000000e+04	2.928961846985151851e+02
2.250000000000000000e+04	2.939911037728306837e+02
2.340000000000000000e+04	2.939911037728306837e+02
2.340000000000000000e+04	2.916758508116831194e+02
2.430000000000000000e+04	2.916758508116831194e+02
2.430000000000000000e+04	2.911499999999999773e+02
2.520000000000000000e+04	2.911499999999999773e+02
2.520000000000000000e+04	2.933653721159811880e+02
2.610000000000000000e+04	2.933653721159811880e+02
2.610000000000000000e+04	2.994167956021461237e+02
2.700000000000000000e+04	2.994167956021461237e+02
2.700000000000000000e+04	3.036075039831241611e+02
2.790000000000000000e+04	3.036075039831241611e+02
2.790000000000000000e+04	3.062555833544461734e+02
2.880000000000000000e+04	3.062555833544461734e+02
2.880000000000000000e+04	3.033689528596086120e+02
2.970000000000000000e+04	3.033689528596086120e+02
2.970000000000000000e+04	3.062008719937556975e+02
3.060000000000000000e+04	3.062008719937556975e+02
3.060000000000000000e+04	3.065059291772589631e+02
3.150000000000000000e+04	3.065059291772589631e+02
3.150000000000000000e+04	3.072298856027560419e+02
3.240000000000000000e+04	3.072298856027560419e+02
3.240000000000000000e+04	3.071426300172361152e+02
3.330000000000000000e+04	3.071426300172361152e+02
3.330000000000000000e+04	3.084553527809618458e+02
3.420000000000000000e+04	3.084553527809618458e+02
3.420000000000000000e+04	3.037533268464241587e+02
3.510000000000000000e+04	3.037533268464241587e+02
3.510000000000000000e+04	3.053749006750776402e+02
3.600000000000000000e+04	3.053749006750776402e+02
3.600000000000000000e+04	3.048332855458650101e+02
3.690000000000000000e+04	3.048332855458650101e+02
3.690000000000000000e+04	3.037407466337906499e+02
3.780000000000000000e+04	3.037407466337906499e+02
3.780000000000000000e+04	3.017004765528419625e+02
3.870000000000000000e+04	3.017004765528419625e+02
3.870000000000000000e+04	3.019234355047017857e+02
3.960000000000000000e+04	3.019234355047017857e+02
3.960000000000000000e+04	3.014975755947864400e+02
4.050000000000000000e+04	3.014975755947864400e+02
4.050000000000000000e+04	2.985969179030680039e+02
4.140000000000000000e+04	2.985969179030680039e+02
4.140000000000000000e+04	2.975696375916779743e+02
4.230000000000000000e+04	2.975696375916779743e+02
4.230000000000000000e+04	2.952889837013154306e+02
4.320000000000000000e+04	2.952889837013154306e+02
4.320000000000000000e+04	2.978597373976130029e+02
4.410000000000000000e+04	2.978597373976130029e+02
4.410000000000000000e+04	3.020400987947576255e+02
4.500000000000000000e+04	3.020400987947576255e+02
4.500000000000000000e+04	2.997018047241548970e+02
4.590000000000000000e+04	2.997018047241548970e+02
4.590000000000000000e+04	2.982412304019616158e+02
4.680000000000000000e+04	2.982412304019616158e+02
4.680000000000000000e+04	2.949612884545332463e+02
4.770000000000000000e+04	2.949612884545332463e+02
4.770000000000000000e+04	2.943822174848256736e+02
4.860000000000000000e+04	2.943822174848256736e+02
4.860000000000000000e+04	2.983600105330412475e+02
4.950000000000000000e+04	2.983600105330412475e+02
4.950000000000000000e+04	2.965638965939774607e+02
5.040000000000000000e+04	2.965638965939774607e+02
5.040000000000000000e+04	2.942812460938093864e+02
5.130000000000000000e+04	2.942812460938093864e+02
5.130000000000000000e+04	2.939527304310664135e+02
5.220000000000000000e+04	2.939527304310664135e+02
5.220000000000000000e+04	2.924433306797103569e+02
5.310000000000000000e+04	2.924433306797103569e+02
5.310000000000000000e+04	2.961496329247286781e+02
5.400000000000000000e+04	2.961496329247286781e+02
5.400000000000000000e+04	2.962104203445711050e+02
5.490000000000000000e+04	2.962104203445711050e+02
5.490000000000000000e+04	2.952449318258115909e+02
5.580000000000000000e+04	2.952449318258115909e+02
5.580000000000000000e+04	2.956960465296621123e+02
5.670000000000000000e+04	2.956960465296621123e+02
5.670000000000000000e+04	2.950516348429133586e+02
5.760000000000000000e+04	2.950516348429133586e+02
5.760000000000000000e+04	2.944430075528238149e+02
5.850000000000000000e+04	2.944430075528238149e+02
5.850000000000000000e+04	2.940967028490206872e+02
5.940000000000000000e+04	2.940967028490206872e+02
5.940000000000000000e+04	2.933682422349144190e+02
6.030000000000000000e+04	2.933682422349144190e+02
6.030000000000000000e+04	2.928388848381412117e+02
6.120000000000000000e+04	2.928388848381412117e+02
6.120000000000000000e+04	2.935836988516805377e+02
6.210000000000000000e+04	2.935836988516805377e+02
6.210000000000000000e+04	2.934469260293030288e+02
6.300000000000000000e+04	2.934469260293030288e+02
6.300000000000000000e+04	2.920045887259677215e+02
6.390000000000000000e+04	2.920045887259677215e+02
6.390000000000000000e+04	2.914784512071569793e+02
6.480000000000000000e+04	2.914784512071569793e+02
6.480000000000000000e+04	2.963099207276482048e+02
6.570000000000000000e+04	2.963099207276482048e+02
6.570000000000000000e+04	3.008583814993908163e+02
6.660000000000000000e+04	3.008583814993908163e+02
6.660000000000000000e+04	2.963120983303499543e+02
6.750000000000000000e+04	2.963120983303499543e+02
6.750000000000000000e+04	2.999440932655941765e+02
6.840000000000000000e+04	2.999440932655941765e+02
6.840000000000000000e+04	2.988080169038493068e+02
6.930000000000000000e+04	2.988080169038493068e+02
6.930000000000000000e+04	3.031389741108945373e+02
7.020000000000000000e+04	3.031389741108945373e+02
7.020000000000000000e+04	3.008830510142183243e+02
7.110000000000000000e+04	3.008830510142183243e+02
7.110000000000000000e+04	2.993403510393180795e+02
7.200000000000000000e+04	2.993403510393180795e+02
7.200000000000000000e+04	2.956608647243308496e+02
7.290000000000000000e+04	2.956608647243308496e+02
7.290000000000000000e+04	2.988021377936552767e+02
7.380000000000000000e+04	2.988021377936552767e+02
7.380000000000000000e+04	2.952299896153848522e+02
7.470000000000000000e+04	2.952299896153848522e+02
7.470000000000000000e+04	2.938317271618558948e+02
7.560000000000000000e+04	2.938317271618558948e+02
7.560000000000000000e+04	2.944603167563553825e+02
7.650000000000000000e+04	2.944603167563553825e+02
7.650000000000000000e+04	2.939111828327623925e+02
7.740000000000000000e+04	2.939111828327623925e+02
7.740000000000000000e+04	2.923101521146372193e+02
7.830000000000000000e+04	2.923101521146372193e+02
7.830000000000000000e+04	2.916420662355351965e+02
7.920000000000000000e+04	2.916420662355351965e+02
7.920000000000000000e+04	2.931255414635635361e+02
8.010000000000000000e+04	2.931255414635635361e+02
8.010000000000000000e+04	2.929199801618141805e+02
8.100000000000000000e+04	2.929199801618141805e+02
8.100000000000000000e+04	2.942110477929238641e+02
8.190000000000000000e+04	2.942110477929238641e+02
8.190000000000000000e+04	2.945836925206463093e+02
8.280000000000000000e+04	2.945836925206463093e+02
8.280000000000000000e+04	2.928333562510879347e+02
8.370000000000000000e+04	2.928333562510879347e+02
8.370000000000000000e+04	2.928055894811897701e+02
8.460000000000000000e+04	2.928055894811897701e+02
8.460000000000000000e+04	2.939204865489498388e+02
8.550000000000000000e+04	2.939204865489498388e+02
8.550000000000000000e+04	2.942749023741969268e+02
8.640000000000000000e+04	2.942749023741969268e+02
8.640000000000000000e+04	2.926733702623961335e+02
8.730000000000000000e+04	2.926733702623961335e+02
8.730000000000000000e+04	2.926490153288007150e+02
8.820000000000000000e+04	2.926490153288007150e+02
8.820000000000000000e+04	2.937280062620284298e+02
8.910000000000000000e+04	2.937280062620284298e+02
8.910000000000000000e+04	2.940724095938362552e+02
9.000000000000000000e+04	2.940724095938362552e+02
9.000000000000000000e+04	2.925123502023465676e+02
9.090000000000000000e+04	2.925123502023465676e+02
9.090000000000000000e+04	2.924860892222116036e+02
9.180000000000000000e+04	2.924860892222116036e+02
9.180000000000000000e+04	2.935398378731290450e+02
9.270000000000000000e+04	2.935398378731290450e+02
9.270000000000000000e+04	2.938753099869638845e+02
9.360000000000000000e+04	2.938753099869638845e+02
9.360000000000000000e+04	2.923424189622795097e+02
9.450000000000000000e+04	2.923424189622795097e+02
9.450000000000000000e+04	2.923853779111054223e+02
9.540000000000000000e+04	2.923853779111054223e+02
9.540000000000000000e+04	2.933854322209536463e+02
9.630000000000000000e+04	2.933854322209536463e+02
9.630000000000000000e+04	2.937740565536198005e+02
9.720000000000000000e+04	2.937740565536198005e+02
9.720000000000000000e+04	2.940224388545861984e+02
9.810000000000000000e+04	2.940224388545861984e+02
9.810000000000000000e+04	2.936837122980765002e+02
9.900000000000000000e+04	2.936837122980765002e+02
9.900000000000000000e+04	2.918291789704778125e+02
9.990000000000000000e+04	2.918291789704778125e+02
9.990000000000000000e+04	2.950297038476593912e+02
1.008000000000000000e+05	2.950297038476593912e+02
1.008000000000000000e+05	2.947013181772785515e+02
1.017000000000000000e+05	2.947013181772785515e+02
1.017000000000000000e+05	2.979895610285512930e+02
1.026000000000000000e+05	2.979895610285512930e+02
1.026000000000000000e+05	2.955872294116497301e+02
1.035000000000000000e+05	2.955872294116497301e+02
1.035000000000000000e+05	2.941094335759967748e+02
1.044000000000000000e+05	2.941094335759967748e+02
1.044000000000000000e+05	2.929602014530220231e+02
1.053000000000000000e+05	2.929602014530220231e+02
1.053000000000000000e+05	2.988135816671684211e+02
1.062000000000000000e+05	2.988135816671684211e+02
1.062000000000000000e+05	2.942760773397103549e+02
1.071000000000000000e+05	2.942760773397103549e+02
1.071000000000000000e+05	2.937642863872442831e+02
1.080000000000000000e+05	2.937642863872442831e+02
1.080000000000000000e+05	2.923765928099496705e+02
1.089000000000000000e+05	2.923765928099496705e+02
1.089000000000000000e+05	2.920148786361357907e+02
1.098000000000000000e+05	2.920148786361357907e+02
1.098000000000000000e+05	2.911499999999999773e+02
1.107000000000000000e+05	2.911499999999999773e+02
1.107000000000000000e+05	2.938767940519482522e+02
1.116000000000000000e+05	2.938767940519482522e+02
1.116000000000000000e+05	2.957726343194980245e+02
1.125000000000000000e+05	2.957726343194980245e+02
1.125000000000000000e+05	3.014972535279890735e+02
1.134000000000000000e+05	3.014972535279890735e+02
1.134000000000000000e+05	3.049585408911079867e+02
1.143000000000000000e+05	3.049585408911079867e+02
1.143000000000000000e+05	3.072834637245985050e+02
1.152000000000000000e+05	3.072834637245985050e+02
1.152000000000000000e+05	3.043618903030636602e+02
1.161000000000000000e+05	3.043618903030636602e+02
1.161000000000000000e+05	3.069181610776175262e+02
1.170000000000000000e+05	3.069181610776175262e+02
1.170000000000000000e+05	3.070664862033316354e+02
1.179000000000000000e+05	3.070664862033316354e+02
1.179000000000000000e+05	3.076787657653054566e+02
1.188000000000000000e+05	3.076787657653054566e+02
1.188000000000000000e+05	3.075231628334057632e+02
1.197000000000000000e+05	3.075231628334057632e+02
1.197000000000000000e+05	3.023228055057540473e+02
1.206000000000000000e+05	3.023228055057540473e+02
1.206000000000000000e+05	3.054401386325640146e+02
1.215000000000000000e+05	3.054401386325640146e+02
1.215000000000000000e+05	3.040312965350599370e+02
1.224000000000000000e+05	3.040312965350599370e+02
1.224000000000000000e+05	3.038884180688339711e+02
1.233000000000000000e+05	3.038884180688339711e+02
1.233000000000000000e+05	3.009754501982119450e+02
1.242000000000000000e+05	3.009754501982119450e+02
1.242000000000000000e+05	3.024317885704181208e+02
1.251000000000000000e+05	3.024317885704181208e+02
1.251000000000000000e+05	3.044863963289043909e+02
1.260000000000000000e+05	3.044863963289043909e+02
1.260000000000000000e+05	2.991382810484572587e+02
1.269000000000000000e+05	2.991382810484572587e+02
1.269000000000000000e+05	3.007006514886476793e+02
1.278000000000000000e+05	3.007006514886476793e+02
1.278000000000000000e+05	3.015064980979063876e+02
1.287000000000000000e+05	3.015064980979063876e+02
1.287000000000000000e+05	2.994927015831095218e+02
1.296000000000000000e+05	2.994927015831095218e+02
1.296000000000000000e+05	2.967114052480426380e+02
1.305000000000000000e+05	2.967114052480426380e+02
1.305000000000000000e+05	2.955460773594406874e+02
1.314000000000000000e+05	2.955460773594406874e+02
1.314000000000000000e+05	2.937126922430475133e+02
1.323000000000000000e+05	2.937126922430475133e+02
1.323000000000000000e+05	2.971407053133736440e+02
1.332000000000000000e+05	2.971407053133736440e+02
1.332000000000000000e+05	2.968464705763070128e+02
1.341000000000000000e+05	2.968464705763070128e+02
1.341000000000000000e+05	2.984300226152709001e+02
1.350000000000000000e+05	2.984300226152709001e+02
1.350000000000000000e+05	2.964995762375223762e+02
1.359000000000000000e+05	2.964995762375223762e+02
1.359000000000000000e+05	2.990500927292882807e+02
1.368000000000000000e+05	2.990500927292882807e+02
1.368000000000000000e+05	2.987283770872819559e+02
1.377000000000000000e+05	2.987283770872819559e+02
1.377000000000000000e+05	2.971086699108312246e+02
1.386000000000000000e+05	2.971086699108312246e+02
1.386000000000000000e+05	2.975566171453234574e+02
1.395000000000000000e+05	2.975566171453234574e+02
1.395000000000000000e+05	2.969409535882961109e+02
1.404000000000000000e+05	2.969409535882961109e+02
1.404000000000000000e+05	2.955253717370710547e+02
1.413000000000000000e+05	2.955253717370710547e+02
1.413000000000000000e+05	2.973126420866746571e+02
1.422000000000000000e+05	2.973126420866746571e+02
1.422000000000000000e+05	2.961989175740156384e+02
1.431000000000000000e+05	2.961989175740156384e+02
1.431000000000000000e+05	2.955728386328143529e+02
1.440000000000000000e+05	2.955728386328143529e+02
1.440000000000000000e+05	2.960786148734823087e+02
1.449000000000000000e+05	2.960786148734823087e+02
1.449000000000000000e+05	2.954055439196961856e+02
1.458000000000000000e+05	2.954055439196961856e+02
1.458000000000000000e+05	2.948105845937534468e+02
1.467000000000000000e+05	2.948105845937534468e+02
1.467000000000000000e+05	2.982478355864651007e+02
1.476000000000000000e+05	2.982478355864651007e+02
1.476000000000000000e+05	2.944075633226929654e+02
1.485000000000000000e+05	2.944075633226929654e+02
1.485000000000000000e+05	2.940042926694272865e+02
1.494000000000000000e+05	2.940042926694272865e+02
1.494000000000000000e+05	2.924528624706044866e+02
1.503000000000000000e+05	2.924528624706044866e+02
1.503000000000000000e+05	2.961202982939724961e+02
1.512000000000000000e+05	2.961202982939724961e+02
1.512000000000000000e+05	2.958208805870726223e+02
1.521000000000000000e+05	2.958208805870726223e+02
1.521000000000000000e+05	2.989830445671863686e+02
1.530000000000000000e+05	2.989830445671863686e+02
1.530000000000000000e+05	2.958886358841227775e+02
1.539000000000000000e+05	2.958886358841227775e+02
1.539000000000000000e+05	2.948037284876778585e+02
1.548000000000000000e+05	2.948037284876778585e+02
1.548000000000000000e+05	2.947241018547299518e+02
1.557000000000000000e+05	2.947241018547299518e+02
1.557000000000000000e+05	3.004795978043469518e+02
1.566000000000000000e+05	3.004795978043469518e+02
1.566000000000000000e+05	2.970844132016251251e+02
1.575000000000000000e+05	2.970844132016251251e+02
1.575000000000000000e+05	2.960983335416430009e+02
1.584000000000000000e+05	2.960983335416430009e+02
1.584000000000000000e+05	2.938848445553446709e+02
1.593000000000000000e+05	2.938848445553446709e+02
1.593000000000000000e+05	2.994298997328553469e+02
1.602000000000000000e+05	2.994298997328553469e+02
1.602000000000000000e+05	2.951754799504478228e+02
1.611000000000000000e+05	2.951754799504478228e+02
1.611000000000000000e+05	2.936646472839378816e+02
1.620000000000000000e+05	2.936646472839378816e+02
1.620000000000000000e+05	2.942909989642706705e+02
1.629000000000000000e+05	2.942909989642706705e+02
1.629000000000000000e+05	2.937683387129558810e+02
1.638000000000000000e+05	2.937683387129558810e+02
1.638000000000000000e+05	2.921792935811154734e+02
1.647000000000000000e+05	2.921792935811154734e+02
1.647000000000000000e+05	2.915235000504791287e+02
1.656000000000000000e+05	2.915235000504791287e+02
1.656000000000000000e+05	2.930441335729165075e+02
1.665000000000000000e+05	2.930441335729165075e+02
1.665000000000000000e+05	2.928545976160738746e+02
1.674000000000000000e+05	2.928545976160738746e+02
1.674000000000000000e+05	2.941537363621166037e+02
1.683000000000000000e+05	2.941537363621166037e+02
1.683000000000000000e+05	2.945348347459115530e+02
1.692000000000000000e+05	2.945348347459115530e+02
1.692000000000000000e+05	2.927857324964595591e+02
1.701000000000000000e+05	2.927857324964595591e+02
1.701000000000000000e+05	2.927615135833841578e+02
1.710000000000000000e+05	2.927615135833841578e+02
1.710000000000000000e+05	2.939060957069635265e+02
1.719000000000000000e+05	2.939060957069635265e+02
1.719000000000000000e+05	2.942732491161133339e+02
1.728000000000000000e+05	2.942732491161133339e+02
1.728000000000000000e+05	2.926493376191170341e+02
1.737000000000000000e+05	2.926493376191170341e+02
1.737000000000000000e+05	2.926288722341225252e+02
1.746000000000000000e+05	2.926288722341225252e+02
1.746000000000000000e+05	2.937492509202116366e+02
1.755000000000000000e+05	2.937492509202116366e+02
1.755000000000000000e+05	2.941104238331976148e+02
1.764000000000000000e+05	2.941104238331976148e+02
1.764000000000000000e+05	2.925145591991270067e+02
1.773000000000000000e+05	2.925145591991270067e+02
1.773000000000000000e+05	2.924928926821180539e+02
1.782000000000000000e+05	2.924928926821180539e+02
1.782000000000000000e+05	2.935987848174084434e+02
1.791000000000000000e+05	2.935987848174084434e+02
1.791000000000000000e+05	2.936715100823498119e+02
1.800000000000000000e+05	2.936715100823498119e+02
1.800000000000000000e+05	2.923743405642402990e+02
1.809000000000000000e+05	2.923743405642402990e+02
1.809000000000000000e+05	2.923516021708757648e+02
1.818000000000000000e+05	2.923516021708757648e+02
1.818000000000000000e+05	2.934031114311198962e+02
1.827000000000000000e+05	2.934031114311198962e+02
1.827000000000000000e+05	2.921132248361660118e+02
1.836000000000000000e+05	2.921132248361660118e+02
1.836000000000000000e+05	2.950997132230265834e+02
1.845000000000000000e+05	2.950997132230265834e+02
1.845000000000000000e+05	2.946447253318856951e+02
1.854000000000000000e+05	2.946447253318856951e+02
1.854000000000000000e+05	2.949278148263902608e+02
1.863000000000000000e+05	2.949278148263902608e+02
1.863000000000000000e+05	2.940947767392728451e+02
1.872000000000000000e+05	2.940947767392728451e+02
1.872000000000000000e+05	2.965639986385332918e+02
1.881000000000000000e+05	2.965639986385332918e+02
1.881000000000000000e+05	2.958930454869738469e+02
1.890000000000000000e+05	2.958930454869738469e+02
1.890000000000000000e+05	2.950966204968431157e+02
1.899000000000000000e+05	2.950966204968431157e+02
1.899000000000000000e+05	2.942026710429821605e+02
1.908000000000000000e+05	2.942026710429821605e+02
1.908000000000000000e+05	2.936803030411190889e+02
1.917000000000000000e+05	2.936803030411190889e+02
1.917000000000000000e+05	2.930850163676792590e+02
1.926000000000000000e+05	2.930850163676792590e+02
1.926000000000000000e+05	2.924939987069766403e+02
1.935000000000000000e+05	2.924939987069766403e+02
1.935000000000000000e+05	2.923363777870179661e+02
1.944000000000000000e+05	2.923363777870179661e+02
1.944000000000000000e+05	2.985156518881490229e+02
1.953000000000000000e+05	2.985156518881490229e+02
1.953000000000000000e+05	2.968817810347952104e+02
1.962000000000000000e+05	2.968817810347952104e+02
1.962000000000000000e+05	2.962681495797330058e+02
1.971000000000000000e+05	2.962681495797330058e+02
1.971000000000000000e+05	2.959057359470777442e+02
1.980000000000000000e+05	2.959057359470777442e+02
1.980000000000000000e+05	2.959986073065684877e+02
1.989000000000000000e+05	2.959986073065684877e+02
1.989000000000000000e+05	2.955503962492671235e+02
1.998000000000000000e+05	2.955503962492671235e+02
1.998000000000000000e+05	3.017183870717491345e+02
2.007000000000000000e+05	3.017183870717491345e+02
2.007000000000000000e+05	3.050089272364982094e+02
2.016000000000000000e+05	3.050089272364982094e+02
2.016000000000000000e+05	3.041812694637503114e+02
2.025000000000000000e+05	3.041812694637503114e+02
2.025000000000000000e+05	3.075329296165809296e+02
2.034000000000000000e+05	3.075329296165809296e+02
2.034000000000000000e+05	3.070619536584070488e+02
2.043000000000000000e+05	3.070619536584070488e+02
2.043000000000000000e+05	3.057853810486088264e+02
2.052000000000000000e+05	3.057853810486088264e+02
2.052000000000000000e+05	3.063158205929013320e+02
2.061000000000000000e+05	3.063158205929013320e+02
2.061000000000000000e+05	3.016526834237986350e+02
2.070000000000000000e+05	3.016526834237986350e+02
2.070000000000000000e+05	3.023920020490845104e+02
2.079000000000000000e+05	3.023920020490845104e+02
2.079000000000000000e+05	3.019144873557150959e+02
2.088000000000000000e+05	3.019144873557150959e+02
2.088000000000000000e+05	3.016447146302331248e+02
2.097000000000000000e+05	3.016447146302331248e+02
2.097000000000000000e+05	3.017959446430106709e+02
2.106000000000000000e+05	3.017959446430106709e+02
2.106000000000000000e+05	3.014650947213021936e+02
2.115000000000000000e+05	3.014650947213021936e+02
2.115000000000000000e+05	2.990454081360228997e+02
2.124000000000000000e+05	2.990454081360228997e+02
2.124000000000000000e+05	2.994062945614142563e+02
2.133000000000000000e+05	2.994062945614142563e+02
2.133000000000000000e+05	3.008906778960609927e+02
2.142000000000000000e+05	3.008906778960609927e+02
2.142000000000000000e+05	3.024664597314186949e+02
2.151000000000000000e+05	3.024664597314186949e+02
2.151000000000000000e+05	3.005986017539121349e+02
2.160000000000000000e+05	3.005986017539121349e+02
2.160000000000000000e+05	2.970186041029626267e+02
2.169000000000000000e+05	2.970186041029626267e+02
2.169000000000000000e+05	3.021730875158895060e+02
2.178000000000000000e+05	3.021730875158895060e+02
2.178000000000000000e+05	2.997499640132602394e+02
2.187000000000000000e+05	2.997499640132602394e+02
2.187000000000000000e+05	2.981226958835839582e+02
2.196000000000000000e+05	2.981226958835839582e+02
2.196000000000000000e+05	2.951780941993684451e+02
2.205000000000000000e+05	2.951780941993684451e+02
2.205000000000000000e+05	3.001277893765945919e+02
2.214000000000000000e+05	3.001277893765945919e+02
2.214000000000000000e+05	3.008557710365227535e+02
2.223000000000000000e+05	3.008557710365227535e+02
2.223000000000000000e+05	2.996152848580852606e+02
2.232000000000000000e+05	2.996152848580852606e+02
2.232000000000000000e+05	2.965463145284984989e+02
2.241000000000000000e+05	2.965463145284984989e+02
2.241000000000000000e+05	2.954717420278450390e+02
2.250000000000000000e+05	2.954717420278450390e+02
2.250000000000000000e+05	2.955438034035436772e+02
2.259000000000000000e+05	2.955438034035436772e+02
2.259000000000000000e+05	2.967119081934760061e+02
2.268000000000000000e+05	2.967119081934760061e+02
2.268000000000000000e+05	2.963053495385458973e+02
2.277000000000000000e+05	2.963053495385458973e+02
2.277000000000000000e+05	2.991194767158082755e+02
2.286000000000000000e+05	2.991194767158082755e+02
2.286000000000000000e+05	2.969217243211502364e+02
2.295000000000000000e+05	2.969217243211502364e+02
2.295000000000000000e+05	2.960096829990583274e+02
2.304000000000000000e+05	2.960096829990583274e+02
2.304000000000000000e+05	2.942878129150354312e+02
2.313000000000000000e+05	2.942878129150354312e+02
2.313000000000000000e+05	3.002790999450086247e+02
2.322000000000000000e+05	3.002790999450086247e+02
2.322000000000000000e+05	2.973318651609613994e+02
2.331000000000000000e+05	2.973318651609613994e+02
2.331000000000000000e+05	2.966594288212149877e+02
2.340000000000000000e+05	2.966594288212149877e+02
2.340000000000000000e+05	2.939284038719866885e+02
2.349000000000000000e+05	2.939284038719866885e+02
2.349000000000000000e+05	2.999623117173614446e+02
2.358000000000000000e+05	2.999623117173614446e+02
2.358000000000000000e+05	2.955362726265640276e+02
2.367000000000000000e+05	2.955362726265640276e+02
2.367000000000000000e+05	2.979970367823009951e+02
2.376000000000000000e+05	2.979970367823009951e+02
2.376000000000000000e+05	2.973848319825179374e+02
2.385000000000000000e+05	2.973848319825179374e+02
2.385000000000000000e+05	2.997493232113858426e+02
2.394000000000000000e+05	2.997493232113858426e+02
2.394000000000000000e+05	2.960570361958732519e+02
2.403000000000000000e+05	2.960570361958732519e+02
2.403000000000000000e+05	2.983792215001731165e+02
2.412000000000000000e+05	2.983792215001731165e+02
2.412000000000000000e+05	2.979190283756087183e+02
2.421000000000000000e+05	2.979190283756087183e+02
2.421000000000000000e+05	2.980636163045199396e+02
2.430000000000000000e+05	2.980636163045199396e+02
2.430000000000000000e+05	2.952306148144165832e+02
2.439000000000000000e+05	2.952306148144165832e+02
2.439000000000000000e+05	2.967637843311740653e+02
2.448000000000000000e+05	2.967637843311740653e+02
2.448000000000000000e+05	2.965513824889006287e+02
2.457000000000000000e+05	2.965513824889006287e+02
2.457000000000000000e+05	2.953563869737483856e+02
2.466000000000000000e+05	2.953563869737483856e+02
2.466000000000000000e+05	2.935180245837138386e+02
2.475000000000000000e+05	2.935180245837138386e+02
2.475000000000000000e+05	2.926431060291006929e+02
2.484000000000000000e+05	2.926431060291006929e+02
2.484000000000000000e+05	2.938838954735695097e+02
2.493000000000000000e+05	2.938838954735695097e+02
2.493000000000000000e+05	2.934961489016240535e+02
2.502000000000000000e+05	2.934961489016240535e+02
2.502000000000000000e+05	2.919586968855854821e+02
2.511000000000000000e+05	2.919586968855854821e+02
2.511000000000000000e+05	2.913498274744861760e+02
2.520000000000000000e+05	2.913498274744861760e+02
2.520000000000000000e+05	2.929244476662376542e+02
2.529000000000000000e+05	2.929244476662376542e+02
2.529000000000000000e+05	2.927742821381125964e+02
2.538000000000000000e+05	2.927742821381125964e+02
2.538000000000000000e+05	2.940881649520291035e+02
2.547000000000000000e+05	2.940881649520291035e+02
2.547000000000000000e+05	2.944823874822330367e+02
2.556000000000000000e+05	2.944823874822330367e+02
2.556000000000000000e+05	2.927081166301954340e+02
2.565000000000000000e+05	2.927081166301954340e+02
2.565000000000000000e+05	2.926860033025390067e+02
2.574000000000000000e+05	2.926860033025390067e+02
2.574000000000000000e+05	2.938588414039415966e+02
2.583000000000000000e+05	2.938588414039415966e+02
2.583000000000000000e+05	2.942349702861698120e+02
2.592000000000000000e+05	2.942349702861698120e+02
2.592000000000000000e+05	2.925753871723858310e+02
2.601000000000000000e+05	2.925753871723858310e+02
2.601000000000000000e+05	2.925552629985136832e+02
2.610000000000000000e+05	2.925552629985136832e+02
2.610000000000000000e+05	2.936939926354527870e+02
2.619000000000000000e+05	2.936939926354527870e+02
2.619000000000000000e+05	2.940604220090644390e+02
2.628000000000000000e+05	2.940604220090644390e+02
2.628000000000000000e+05	2.924397649615787032e+02
2.637000000000000000e+05	2.924397649615787032e+02
2.637000000000000000e+05	2.924181688516818554e+02
2.646000000000000000e+05	2.924181688516818554e+02
2.646000000000000000e+05	2.935335316310147959e+02
2.655000000000000000e+05	2.935335316310147959e+02
2.655000000000000000e+05	2.938920240946931131e+02
2.664000000000000000e+05	2.938920240946931131e+02
2.664000000000000000e+05	2.922969442740059094e+02
2.673000000000000000e+05	2.922969442740059094e+02
2.673000000000000000e+05	2.922738111597017792e+02
2.682000000000000000e+05	2.922738111597017792e+02
2.682000000000000000e+05	2.933705062132750072e+02
2.691000000000000000e+05	2.933705062132750072e+02
2.691000000000000000e+05	2.937225532838761524e+02
2.700000000000000000e+05	2.937225532838761524e+02
2.700000000000000000e+05	2.921479619920552295e+02
2.709000000000000000e+05	2.921479619920552295e+02
2.709000000000000000e+05	2.921237056599042035e+02
2.718000000000000000e+05	2.921237056599042035e+02
2.718000000000000000e+05	2.932055581992657949e+02
2.727000000000000000e+05	2.932055581992657949e+02
2.727000000000000000e+05	2.935526372880793247e+02
2.736000000000000000e+05	2.935526372880793247e+02
2.736000000000000000e+05	2.919948011657218672e+02
2.745000000000000000e+05	2.919948011657218672e+02
2.745000000000000000e+05	2.919697206317753739e+02
2.754000000000000000e+05	2.919697206317753739e+02
2.754000000000000000e+05	2.923320634265807598e+02
2.763000000000000000e+05	2.923320634265807598e+02
2.763000000000000000e+05	2.949201397974600241e+02
2.772000000000000000e+05	2.949201397974600241e+02
2.772000000000000000e+05	2.945589379939551122e+02
2.781000000000000000e+05	2.945589379939551122e+02
2.781000000000000000e+05	3.002559923944645561e+02
2.790000000000000000e+05	3.002559923944645561e+02
2.790000000000000000e+05	2.948319184166861646e+02
2.799000000000000000e+05	2.948319184166861646e+02
2.799000000000000000e+05	2.943748650356415055e+02
2.808000000000000000e+05	2.943748650356415055e+02
2.808000000000000000e+05	2.927180374306674366e+02
2.817000000000000000e+05	2.927180374306674366e+02
2.817000000000000000e+05	2.922562465634739510e+02
2.826000000000000000e+05	2.922562465634739510e+02
2.826000000000000000e+05	2.926172072150593522e+02
2.835000000000000000e+05	2.926172072150593522e+02
2.835000000000000000e+05	2.911820807905044717e+02
2.844000000000000000e+05	2.911820807905044717e+02
2.844000000000000000e+05	2.936516900327385429e+02
2.853000000000000000e+05	2.936516900327385429e+02
2.853000000000000000e+05	2.996590316694587841e+02
2.862000000000000000e+05	2.996590316694587841e+02
2.862000000000000000e+05	3.037610803272702356e+02
2.871000000000000000e+05	3.037610803272702356e+02
2.871000000000000000e+05	3.063679347635508634e+02
2.880000000000000000e+05	3.063679347635508634e+02
2.880000000000000000e+05	3.034682062276950205e+02
2.889000000000000000e+05	3.034682062276950205e+02
2.889000000000000000e+05	3.062623793949113065e+02
2.898000000000000000e+05	3.062623793949113065e+02
2.898000000000000000e+05	3.065494446024546278e+02
2.907000000000000000e+05	3.065494446024546278e+02
2.907000000000000000e+05	3.072592747942852043e+02
2.916000000000000000e+05	3.072592747942852043e+02
2.916000000000000000e+05	3.071596282763314889e+02
2.925000000000000000e+05	3.071596282763314889e+02
2.925000000000000000e+05	3.052044551600993145e+02
2.934000000000000000e+05	3.052044551600993145e+02
2.934000000000000000e+05	3.044093390523756852e+02
2.943000000000000000e+05	3.044093390523756852e+02
2.943000000000000000e+05	3.041041879728602453e+02
2.952000000000000000e+05	3.041041879728602453e+02
2.952000000000000000e+05	3.036406120923856520e+02
2.961000000000000000e+05	3.036406120923856520e+02
2.961000000000000000e+05	3.038958361563088602e+02
2.970000000000000000e+05	3.038958361563088602e+02
2.970000000000000000e+05	3.006903421563961842e+02
2.979000000000000000e+05	3.006903421563961842e+02
2.979000000000000000e+05	3.027105633149395771e+02
2.988000000000000000e+05	3.027105633149395771e+02
2.988000000000000000e+05	2.982159037391193124e+02
2.997000000000000000e+05	2.982159037391193124e+02
2.997000000000000000e+05	3.022708483001333661e+02
3.006000000000000000e+05	3.022708483001333661e+02
3.006000000000000000e+05	3.006647241433566364e+02
3.015000000000000000e+05	3.006647241433566364e+02
3.015000000000000000e+05	3.019245142581003734e+02
3.024000000000000000e+05	3.019245142581003734e+02
3.024000000000000000e+05	2.990434280006472818e+02
3.033000000000000000e+05	2.990434280006472818e+02
3.033000000000000000e+05	2.970698116122763395e+02
3.042000000000000000e+05	2.970698116122763395e+02
3.042000000000000000e+05	3.000091708213279276e+02
3.051000000000000000e+05	3.000091708213279276e+02
3.051000000000000000e+05	2.979485981176920859e+02
3.060000000000000000e+05	2.979485981176920859e+02
3.060000000000000000e+05	2.958665139531230466e+02
3.069000000000000000e+05	2.958665139531230466e+02
3.069000000000000000e+05	2.993817944681289305e+02
3.078000000000000000e+05	2.993817944681289305e+02
3.078000000000000000e+05	2.956140958671823569e+02
3.087000000000000000e+05	2.956140958671823569e+02
3.087000000000000000e+05	2.988598452360542979e+02
3.096000000000000000e+05	2.988598452360542979e+02
3.096000000000000000e+05	2.956718733312909535e+02
3.105000000000000000e+05	2.956718733312909535e+02
3.105000000000000000e+05	2.948571213074474713e+02
3.114000000000000000e+05	2.948571213074474713e+02
3.114000000000000000e+05	2.975699519055797850e+02
3.123000000000000000e+05	2.975699519055797850e+02
3.123000000000000000e+05	2.954512601411244646e+02
3.132000000000000000e+05	2.954512601411244646e+02
3.132000000000000000e+05	2.955840159943341519e+02
3.141000000000000000e+05	2.955840159943341519e+02
3.141000000000000000e+05	2.986510051275619730e+02
3.150000000000000000e+05	2.986510051275619730e+02
3.150000000000000000e+05	2.960144787118891259e+02
3.159000000000000000e+05	2.960144787118891259e+02
3.159000000000000000e+05	2.951613147369724857e+02
3.168000000000000000e+05	2.951613147369724857e+02
3.168000000000000000e+05	2.939729199454546915e+02
3.177000000000000000e+05	2.939729199454546915e+02
3.177000000000000000e+05	2.988579803621978499e+02
3.186000000000000000e+05	2.988579803621978499e+02
3.186000000000000000e+05	2.949609059915065927e+02
3.195000000000000000e+05	2.949609059915065927e+02
3.195000000000000000e+05	2.942201866558204983e+02
3.204000000000000000e+05	2.942201866558204983e+02
3.204000000000000000e+05	2.942155329129926713e+02
3.213000000000000000e+05	2.942155329129926713e+02
3.213000000000000000e+05	3.001252053518773550e+02
3.222000000000000000e+05	3.001252053518773550e+02
3.222000000000000000e+05	2.990307776101240620e+02
3.231000000000000000e+05	2.990307776101240620e+02
3.231000000000000000e+05	2.973770062608403464e+02
3.240000000000000000e+05	2.973770062608403464e+02
3.240000000000000000e+05	2.982093480777556351e+02
3.249000000000000000e+05	2.982093480777556351e+02
3.249000000000000000e+05	2.963731352891791744e+02
3.258000000000000000e+05	2.963731352891791744e+02
3.258000000000000000e+05	2.988760140150871507e+02
3.267000000000000000e+05	2.988760140150871507e+02
3.267000000000000000e+05	2.963896140537833617e+02
3.276000000000000000e+05	2.963896140537833617e+02
3.276000000000000000e+05	2.960483029205984167e+02
3.285000000000000000e+05	2.960483029205984167e+02
3.285000000000000000e+05	3.013004547781447968e+02
3.294000000000000000e+05	3.013004547781447968e+02
3.294000000000000000e+05	2.966037493945712527e+02
3.303000000000000000e+05	2.966037493945712527e+02
3.303000000000000000e+05	2.976306345786795191e+02
3.312000000000000000e+05	2.976306345786795191e+02
3.312000000000000000e+05	2.975168378911048990e+02
3.321000000000000000e+05	2.975168378911048990e+02
3.321000000000000000e+05	2.958177686439905187e+02
3.330000000000000000e+05	2.958177686439905187e+02
3.330000000000000000e+05	2.939068565936930213e+02
3.339000000000000000e+05	2.939068565936930213e+02
3.339000000000000000e+05	2.929500797368272629e+02
3.348000000000000000e+05	2.929500797368272629e+02
3.348000000000000000e+05	2.941532484307413142e+02
3.357000000000000000e+05	2.941532484307413142e+02
3.357000000000000000e+05	2.936690381399602074e+02
3.366000000000000000e+05	2.936690381399602074e+02
3.366000000000000000e+05	2.920943872550860760e+02
3.375000000000000000e+05	2.920943872550860760e+02
3.375000000000000000e+05	2.914515397662653413e+02
3.384000000000000000e+05	2.914515397662653413e+02
3.384000000000000000e+05	2.929803849367642101e+02
3.393000000000000000e+05	2.929803849367642101e+02
3.393000000000000000e+05	2.928008047912844063e+02
3.402000000000000000e+05	2.928008047912844063e+02
3.402000000000000000e+05	2.941035285666818595e+02
3.411000000000000000e+05	2.941035285666818595e+02
3.411000000000000000e+05	2.944876918838908182e+02
3.420000000000000000e+05	2.944876918838908182e+02
3.420000000000000000e+05	2.927300214445319853e+02
3.429000000000000000e+05	2.927300214445319853e+02
3.429000000000000000e+05	2.970117827190336470e+02
3.438000000000000000e+05	2.970117827190336470e+02
3.438000000000000000e+05	2.961785777863960902e+02
3.447000000000000000e+05	2.961785777863960902e+02
3.447000000000000000e+05	2.958857380386573368e+02
3.456000000000000000e+05	2.958857380386573368e+02
3.456000000000000000e+05	2.940142288239433697e+02
3.465000000000000000e+05	2.940142288239433697e+02
3.465000000000000000e+05	2.937703052151972543e+02
3.474000000000000000e+05	2.937703052151972543e+02
3.474000000000000000e+05	2.944910980701504855e+02
3.483000000000000000e+05	2.944910980701504855e+02
3.483000000000000000e+05	2.946721316039240151e+02
3.492000000000000000e+05	2.946721316039240151e+02
3.492000000000000000e+05	2.934970015085648356e+02
3.501000000000000000e+05	2.934970015085648356e+02
3.501000000000000000e+05	2.934395304146960939e+02
3.510000000000000000e+05	2.934395304146960939e+02
3.510000000000000000e+05	2.941190573673785025e+02
3.519000000000000000e+05	2.941190573673785025e+02
3.519000000000000000e+05	2.943245124088614944e+02
3.528000000000000000e+05	2.943245124088614944e+02
3.528000000000000000e+05	2.932221027279545069e+02
3.537000000000000000e+05	2.932221027279545069e+02
3.537000000000000000e+05	2.931730827761400064e+02
3.546000000000000000e+05	2.931730827761400064e+02
3.546000000000000000e+05	2.938867852249326802e+02
3.555000000000000000e+05	2.938867852249326802e+02
3.555000000000000000e+05	2.941060823939066040e+02
3.564000000000000000e+05	2.941060823939066040e+02
3.564000000000000000e+05	2.927696599132751203e+02
3.573000000000000000e+05	2.927696599132751203e+02
3.573000000000000000e+05	2.925349113457688759e+02
3.582000000000000000e+05	2.925349113457688759e+02
3.582000000000000000e+05	2.935722172337837605e+02
3.591000000000000000e+05	2.935722172337837605e+02
3.591000000000000000e+05	2.938652688826991266e+02
3.600000000000000000e+05	2.938652688826991266e+02
3.600000000000000000e+05	2.923511288977505842e+02
3.609000000000000000e+05	2.923511288977505842e+02
3.609000000000000000e+05	2.923102488503161567e+02
3.618000000000000000e+05	2.923102488503161567e+02
3.618000000000000000e+05	2.932690508729276644e+02
3.627000000000000000e+05	2.932690508729276644e+02
3.627000000000000000e+05	2.933995587569056056e+02
3.636000000000000000e+05	2.933995587569056056e+02
3.636000000000000000e+05	2.918451208214266899e+02
3.645000000000000000e+05	2.918451208214266899e+02
3.645000000000000000e+05	2.966982814219279589e+02
3.654000000000000000e+05	2.966982814219279589e+02
3.654000000000000000e+05	2.929182516757341546e+02
3.663000000000000000e+05	2.929182516757341546e+02
3.663000000000000000e+05	2.919354960723201202e+02
3.672000000000000000e+05	2.919354960723201202e+02
3.672000000000000000e+05	2.924547461019577668e+02
3.681000000000000000e+05	2.924547461019577668e+02
3.681000000000000000e+05	2.920922595082400903e+02
3.690000000000000000e+05	2.920922595082400903e+02
3.690000000000000000e+05	2.911499999999998636e+02
3.699000000000000000e+05	2.911499999999998636e+02
3.699000000000000000e+05	2.911499999999999773e+02
3.708000000000000000e+05	2.911499999999999773e+02
3.708000000000000000e+05	2.954973122122679570e+02
3.717000000000000000e+05	2.954973122122679570e+02
3.717000000000000000e+05	3.012962261764659502e+02
3.726000000000000000e+05	3.012962261764659502e+02
3.726000000000000000e+05	3.048127457213942080e+02
3.735000000000000000e+05	3.048127457213942080e+02
3.735000000000000000e+05	3.071818152628196685e+02
3.744000000000000000e+05	3.071818152628196685e+02
3.744000000000000000e+05	3.043230383778004580e+02
3.753000000000000000e+05	3.043230383778004580e+02
3.753000000000000000e+05	3.069334666167166574e+02
3.762000000000000000e+05	3.069334666167166574e+02
3.762000000000000000e+05	3.070881251367186451e+02
3.771000000000000000e+05	3.070881251367186451e+02
3.771000000000000000e+05	3.077144167096766978e+02
3.780000000000000000e+05	3.077144167096766978e+02
3.780000000000000000e+05	3.066764005485036932e+02
3.789000000000000000e+05	3.066764005485036932e+02
3.789000000000000000e+05	3.068436535948554251e+02
3.798000000000000000e+05	3.068436535948554251e+02
3.798000000000000000e+05	3.081837288989696049e+02
3.807000000000000000e+05	3.081837288989696049e+02
3.807000000000000000e+05	3.042294598826784977e+02
3.816000000000000000e+05	3.042294598826784977e+02
3.816000000000000000e+05	3.045101765937761797e+02
3.825000000000000000e+05	3.045101765937761797e+02
3.825000000000000000e+05	3.005152378590622106e+02
3.834000000000000000e+05	3.005152378590622106e+02
3.834000000000000000e+05	3.024831698921430529e+02
3.843000000000000000e+05	3.024831698921430529e+02
3.843000000000000000e+05	3.029451858503825292e+02
3.852000000000000000e+05	3.029451858503825292e+02
3.852000000000000000e+05	3.028247713780920662e+02
3.861000000000000000e+05	3.028247713780920662e+02
3.861000000000000000e+05	2.999520707299503783e+02
3.870000000000000000e+05	2.999520707299503783e+02
3.870000000000000000e+05	2.997153427018754996e+02
3.879000000000000000e+05	2.997153427018754996e+02
3.879000000000000000e+05	2.990659629928904337e+02
3.888000000000000000e+05	2.990659629928904337e+02
3.888000000000000000e+05	2.974232207438866453e+02
3.897000000000000000e+05	2.974232207438866453e+02
3.897000000000000000e+05	3.013827475949365180e+02
3.906000000000000000e+05	3.013827475949365180e+02
3.906000000000000000e+05	2.966213930703873984e+02
3.915000000000000000e+05	2.966213930703873984e+02
3.915000000000000000e+05	2.998864897965777345e+02
3.924000000000000000e+05	2.998864897965777345e+02
3.924000000000000000e+05	2.970528905451988066e+02
3.933000000000000000e+05	2.970528905451988066e+02
3.933000000000000000e+05	3.021829195490918210e+02
3.942000000000000000e+05	3.021829195490918210e+02
3.942000000000000000e+05	2.993556690706496966e+02
3.951000000000000000e+05	2.993556690706496966e+02
3.951000000000000000e+05	2.977452689534543993e+02
3.960000000000000000e+05	2.977452689534543993e+02
3.960000000000000000e+05	2.947976521588473702e+02
3.969000000000000000e+05	2.947976521588473702e+02
3.969000000000000000e+05	3.006142250404042784e+02
3.978000000000000000e+05	3.006142250404042784e+02
3.978000000000000000e+05	2.998038671000607565e+02
3.987000000000000000e+05	2.998038671000607565e+02
3.987000000000000000e+05	3.027531131849870007e+02
3.996000000000000000e+05	3.027531131849870007e+02
3.996000000000000000e+05	2.988435397560133424e+02
4.005000000000000000e+05	2.988435397560133424e+02
4.005000000000000000e+05	2.970636555798538438e+02
4.014000000000000000e+05	2.970636555798538438e+02
4.014000000000000000e+05	2.968348299391527689e+02
4.023000000000000000e+05	2.968348299391527689e+02
4.023000000000000000e+05	2.967909970451724462e+02
4.032000000000000000e+05	2.967909970451724462e+02
4.032000000000000000e+05	2.956902514701330347e+02
4.041000000000000000e+05	2.956902514701330347e+02
4.041000000000000000e+05	2.986503024188823474e+02
4.050000000000000000e+05	2.986503024188823474e+02
4.050000000000000000e+05	2.966118981818806333e+02
4.059000000000000000e+05	2.966118981818806333e+02
4.059000000000000000e+05	2.955912382028147931e+02
4.068000000000000000e+05	2.955912382028147931e+02
4.068000000000000000e+05	2.981178100266653246e+02
4.077000000000000000e+05	2.981178100266653246e+02
4.077000000000000000e+05	2.966367384911840759e+02
4.086000000000000000e+05	2.966367384911840759e+02
4.086000000000000000e+05	2.962637418138106682e+02
4.095000000000000000e+05	2.962637418138106682e+02
4.095000000000000000e+05	2.983762495223433007e+02
4.104000000000000000e+05	2.983762495223433007e+02
4.104000000000000000e+05	2.952360286621465093e+02
4.113000000000000000e+05	2.952360286621465093e+02
4.113000000000000000e+05	3.009247144339864803e+02
4.122000000000000000e+05	3.009247144339864803e+02
4.122000000000000000e+05	3.017810542799641098e+02
4.131000000000000000e+05	3.017810542799641098e+02
4.131000000000000000e+05	3.002026475920578150e+02
4.140000000000000000e+05	3.002026475920578150e+02
4.140000000000000000e+05	2.959553785536027135e+02
4.149000000000000000e+05	2.959553785536027135e+02
4.149000000000000000e+05	3.013948097672015933e+02
4.158000000000000000e+05	3.013948097672015933e+02
4.158000000000000000e+05	2.966932257464408735e+02
4.167000000000000000e+05	2.966932257464408735e+02
4.167000000000000000e+05	2.987175185884827329e+02
4.176000000000000000e+05	2.987175185884827329e+02
4.176000000000000000e+05	2.982758247993632494e+02
4.185000000000000000e+05	2.982758247993632494e+02
4.185000000000000000e+05	2.964050219542563696e+02
4.194000000000000000e+05	2.964050219542563696e+02
4.194000000000000000e+05	2.944043624019205936e+02
4.203000000000000000e+05	2.944043624019205936e+02
4.203000000000000000e+05	2.933718775116433335e+02
4.212000000000000000e+05	2.933718775116433335e+02
4.212000000000000000e+05	2.944581759206737956e+02
4.221000000000000000e+05	2.944581759206737956e+02
4.221000000000000000e+05	2.939118811886605158e+02
4.230000000000000000e+05	2.939118811886605158e+02
4.230000000000000000e+05	2.923128116175415698e+02
4.239000000000000000e+05	2.923128116175415698e+02
4.239000000000000000e+05	2.916471986851718725e+02
4.248000000000000000e+05	2.916471986851718725e+02
4.248000000000000000e+05	2.931405047778796416e+02
4.257000000000000000e+05	2.931405047778796416e+02
4.257000000000000000e+05	2.929396015142211240e+02
4.266000000000000000e+05	2.929396015142211240e+02
4.266000000000000000e+05	2.942334384800298039e+02
4.275000000000000000e+05	2.942334384800298039e+02
4.275000000000000000e+05	2.946090610113278672e+02
4.284000000000000000e+05	2.946090610113278672e+02
4.284000000000000000e+05	2.928599204210344169e+02
4.293000000000000000e+05	2.928599204210344169e+02
4.293000000000000000e+05	2.928334190274295565e+02
4.302000000000000000e+05	2.928334190274295565e+02
4.302000000000000000e+05	2.939588926142728837e+02
4.311000000000000000e+05	2.939588926142728837e+02
4.311000000000000000e+05	2.943178385041546221e+02
4.320000000000000000e+05	2.943178385041546221e+02
4.320000000000000000e+05	2.927085135208767497e+02
4.329000000000000000e+05	2.927085135208767497e+02
4.329000000000000000e+05	2.926855052209061796e+02
4.338000000000000000e+05	2.926855052209061796e+02
4.338000000000000000e+05	2.937795314483559537e+02
4.347000000000000000e+05	2.937795314483559537e+02
4.347000000000000000e+05	2.941301897469481901e+02
4.356000000000000000e+05	2.941301897469481901e+02
4.356000000000000000e+05	2.925577260260201911e+02
4.365000000000000000e+05	2.925577260260201911e+02
4.365000000000000000e+05	2.925334587778667697e+02
4.374000000000000000e+05	2.925334587778667697e+02
4.374000000000000000e+05	2.936076633923083250e+02
4.383000000000000000e+05	2.936076633923083250e+02
4.383000000000000000e+05	2.939516035202784678e+02
4.392000000000000000e+05	2.939516035202784678e+02
4.392000000000000000e+05	2.924008844778219327e+02
4.401000000000000000e+05	2.924008844778219327e+02
4.401000000000000000e+05	2.927078037289207941e+02
4.410000000000000000e+05	2.927078037289207941e+02
4.410000000000000000e+05	2.915923727218477097e+02
4.419000000000000000e+05	2.915923727218477097e+02
4.419000000000000000e+05	2.911499999999999773e+02
4.428000000000000000e+05	2.911499999999999773e+02
4.428000000000000000e+05	2.926395298057007608e+02
4.437000000000000000e+05	2.926395298057007608e+02
4.437000000000000000e+05	2.951700022587093599e+02
4.446000000000000000e+05	2.951700022587093599e+02
4.446000000000000000e+05	2.933371979846862132e+02
4.455000000000000000e+05	2.933371979846862132e+02
4.455000000000000000e+05	2.925899226630299381e+02
4.464000000000000000e+05	2.925899226630299381e+02
4.464000000000000000e+05	2.918842598978059186e+02
4.473000000000000000e+05	2.918842598978059186e+02
4.473000000000000000e+05	2.979355003659144359e+02
4.482000000000000000e+05	2.979355003659144359e+02
4.482000000000000000e+05	2.937354445749086835e+02
4.491000000000000000e+05	2.937354445749086835e+02
4.491000000000000000e+05	2.928926354750931296e+02
4.500000000000000000e+05	2.928926354750931296e+02
4.500000000000000000e+05	2.948631418644571909e+02
4.509000000000000000e+05	2.948631418644571909e+02
4.509000000000000000e+05	2.977161285317533270e+02
4.518000000000000000e+05	2.977161285317533270e+02
4.518000000000000000e+05	2.963414145209785033e+02
4.527000000000000000e+05	2.963414145209785033e+02
4.527000000000000000e+05	2.949939320257064423e+02
4.536000000000000000e+05	2.949939320257064423e+02
4.536000000000000000e+05	2.942477851387782266e+02
4.545000000000000000e+05	2.942477851387782266e+02
4.545000000000000000e+05	2.933349743376650736e+02
4.554000000000000000e+05	2.933349743376650736e+02
4.554000000000000000e+05	2.915926128184405002e+02
4.563000000000000000e+05	2.915926128184405002e+02
4.563000000000000000e+05	2.920251767410408092e+02
4.572000000000000000e+05	2.920251767410408092e+02
4.572000000000000000e+05	2.962931794481368684e+02
4.581000000000000000e+05	2.962931794481368684e+02
4.581000000000000000e+05	3.019565770610117852e+02
4.590000000000000000e+05	3.019565770610117852e+02
4.590000000000000000e+05	3.051901204553856246e+02
4.599000000000000000e+05	3.051901204553856246e+02
4.599000000000000000e+05	3.074436061437908734e+02
4.608000000000000000e+05	3.074436061437908734e+02
4.608000000000000000e+05	3.046340881723722873e+02
4.617000000000000000e+05	3.046340881723722873e+02
4.617000000000000000e+05	3.071562946794845743e+02
4.626000000000000000e+05	3.071562946794845743e+02
4.626000000000000000e+05	3.072321913498466301e+02
4.635000000000000000e+05	3.072321913498466301e+02
4.635000000000000000e+05	3.078139157963372554e+02
4.644000000000000000e+05	3.078139157963372554e+02
4.644000000000000000e+05	3.076573140337827681e+02
4.653000000000000000e+05	3.076573140337827681e+02
4.653000000000000000e+05	3.024273976566008741e+02
4.662000000000000000e+05	3.024273976566008741e+02
4.662000000000000000e+05	3.054260038185707344e+02
4.671000000000000000e+05	3.054260038185707344e+02
4.671000000000000000e+05	3.042688415560544399e+02
4.680000000000000000e+05	3.042688415560544399e+02
4.680000000000000000e+05	3.040854319251279207e+02
4.689000000000000000e+05	3.040854319251279207e+02
4.689000000000000000e+05	3.038012823481856231e+02
4.698000000000000000e+05	3.038012823481856231e+02
4.698000000000000000e+05	3.007823491565269478e+02
4.707000000000000000e+05	3.007823491565269478e+02
4.707000000000000000e+05	3.009562917552522094e+02
4.716000000000000000e+05	3.009562917552522094e+02
4.716000000000000000e+05	3.003416415825585091e+02
4.725000000000000000e+05	3.003416415825585091e+02
4.725000000000000000e+05	3.016573241665648766e+02
4.734000000000000000e+05	3.016573241665648766e+02
4.734000000000000000e+05	3.018481847503346671e+02
4.743000000000000000e+05	3.018481847503346671e+02
4.743000000000000000e+05	3.044750000101082605e+02
4.752000000000000000e+05	3.044750000101082605e+02
4.752000000000000000e+05	2.999203591493068757e+02
4.761000000000000000e+05	2.999203591493068757e+02
4.761000000000000000e+05	2.976755356833679116e+02
4.770000000000000000e+05	2.976755356833679116e+02
4.770000000000000000e+05	3.010927173139755837e+02
4.779000000000000000e+05	3.010927173139755837e+02
4.779000000000000000e+05	3.036766914114960514e+02
4.788000000000000000e+05	3.036766914114960514e+02
4.788000000000000000e+05	2.983106861868256487e+02
4.797000000000000000e+05	2.983106861868256487e+02
4.797000000000000000e+05	2.966737289347020692e+02
4.806000000000000000e+05	2.966737289347020692e+02
4.806000000000000000e+05	2.946571537791964488e+02
4.815000000000000000e+05	2.946571537791964488e+02
4.815000000000000000e+05	2.985767249191761721e+02
4.824000000000000000e+05	2.985767249191761721e+02
4.824000000000000000e+05	2.980902057328348178e+02
4.833000000000000000e+05	2.980902057328348178e+02
4.833000000000000000e+05	2.963036887478481844e+02
4.842000000000000000e+05	2.963036887478481844e+02
4.842000000000000000e+05	2.982091965076221527e+02
4.851000000000000000e+05	2.982091965076221527e+02
4.851000000000000000e+05	2.961846122916521722e+02
4.860000000000000000e+05	2.961846122916521722e+02
4.860000000000000000e+05	2.971207286395445522e+02
4.869000000000000000e+05	2.971207286395445522e+02
4.869000000000000000e+05	2.958338836148425344e+02
4.878000000000000000e+05	2.958338836148425344e+02
4.878000000000000000e+05	2.939500527183977852e+02
4.887000000000000000e+05	2.939500527183977852e+02
4.887000000000000000e+05	2.972754678563099446e+02
4.896000000000000000e+05	2.972754678563099446e+02
4.896000000000000000e+05	2.968081294385352749e+02
4.905000000000000000e+05	2.968081294385352749e+02
4.905000000000000000e+05	2.982317385128288834e+02
4.914000000000000000e+05	2.982317385128288834e+02
4.914000000000000000e+05	2.956251881499264300e+02
4.923000000000000000e+05	2.956251881499264300e+02
4.923000000000000000e+05	3.001966839961461346e+02
4.932000000000000000e+05	3.001966839961461346e+02
4.932000000000000000e+05	2.951143579164644279e+02
4.941000000000000000e+05	2.951143579164644279e+02
4.941000000000000000e+05	2.993654810454628432e+02
4.950000000000000000e+05	2.993654810454628432e+02
4.950000000000000000e+05	2.958964179263191454e+02
4.959000000000000000e+05	2.958964179263191454e+02
4.959000000000000000e+05	2.948617493067695250e+02
4.968000000000000000e+05	2.948617493067695250e+02
4.968000000000000000e+05	2.947640664506756139e+02
4.977000000000000000e+05	2.947640664506756139e+02
4.977000000000000000e+05	2.998348667905374896e+02
4.986000000000000000e+05	2.998348667905374896e+02
4.986000000000000000e+05	2.956051422750325059e+02
4.995000000000000000e+05	2.956051422750325059e+02
4.995000000000000000e+05	2.949768031030016573e+02
5.004000000000000000e+05	2.949768031030016573e+02
5.004000000000000000e+05	2.952889625675138063e+02
5.013000000000000000e+05	2.952889625675138063e+02
5.013000000000000000e+05	2.999092110644269269e+02
5.022000000000000000e+05	2.999092110644269269e+02
5.022000000000000000e+05	2.966267477155151369e+02
5.031000000000000000e+05	2.966267477155151369e+02
5.031000000000000000e+05	2.984930314338130870e+02
5.040000000000000000e+05	2.984930314338130870e+02
5.040000000000000000e+05	2.982433845272107078e+02
5.049000000000000000e+05	2.982433845272107078e+02
5.049000000000000000e+05	2.963594772268825750e+02
5.058000000000000000e+05	2.963594772268825750e+02
5.058000000000000000e+05	2.943661101228378243e+02
5.067000000000000000e+05	2.943661101228378243e+02
5.067000000000000000e+05	2.933357771315007199e+02
5.076000000000000000e+05	2.933357771315007199e+02
5.076000000000000000e+05	2.944257465144509638e+02
5.085000000000000000e+05	2.944257465144509638e+02
5.085000000000000000e+05	2.938770576738274940e+02
5.094000000000000000e+05	2.938770576738274940e+02
5.094000000000000000e+05	2.922766711093097456e+02
5.103000000000000000e+05	2.922766711093097456e+02
5.103000000000000000e+05	2.916097348421198490e+02
5.112000000000000000e+05	2.916097348421198490e+02
5.112000000000000000e+05	2.930976359668740088e+02
5.121000000000000000e+05	2.930976359668740088e+02
5.121000000000000000e+05	2.928950639490135472e+02
5.130000000000000000e+05	2.928950639490135472e+02
5.130000000000000000e+05	2.941884165505732653e+02
5.139000000000000000e+05	2.941884165505732653e+02
5.139000000000000000e+05	2.945637562262820666e+02
5.148000000000000000e+05	2.945637562262820666e+02
5.148000000000000000e+05	2.928147828234817212e+02
5.157000000000000000e+05	2.928147828234817212e+02
5.157000000000000000e+05	2.927884631144360696e+02
5.166000000000000000e+05	2.927884631144360696e+02
5.166000000000000000e+05	2.939128631639071045e+02
5.175000000000000000e+05	2.939128631639071045e+02
5.175000000000000000e+05	2.942715728932653860e+02
5.184000000000000000e+05	2.942715728932653860e+02
5.184000000000000000e+05	2.926634210004976921e+02
5.193000000000000000e+05	2.926634210004976921e+02
5.193000000000000000e+05	2.926402431834977733e+02
5.202000000000000000e+05	2.926402431834977733e+02
5.202000000000000000e+05	2.937329041033800650e+02
5.211000000000000000e+05	2.937329041033800650e+02
5.211000000000000000e+05	2.940827370902696885e+02
5.220000000000000000e+05	2.940827370902696885e+02
5.220000000000000000e+05	2.925108758506473237e+02
5.229000000000000000e+05	2.925108758506473237e+02
5.229000000000000000e+05	2.924860961031865827e+02
5.238000000000000000e+05	2.924860961031865827e+02
5.238000000000000000e+05	2.928341234851340005e+02
5.247000000000000000e+05	2.928341234851340005e+02
5.247000000000000000e+05	2.924990326706050041e+02
5.256000000000000000e+05	2.924990326706050041e+02
5.256000000000000000e+05	2.921202989392195377e+02
5.265000000000000000e+05	2.921202989392195377e+02
5.265000000000000000e+05	2.919836201998381853e+02
5.274000000000000000e+05	2.919836201998381853e+02
5.274000000000000000e+05	2.911499999999998636e+02
5.283000000000000000e+05	2.911499999999998636e+02
5.283000000000000000e+05	2.911499999999999773e+02
5.292000000000000000e+05	2.911499999999999773e+02
5.292000000000000000e+05	2.918629454834936041e+02
5.301000000000000000e+05	2.918629454834936041e+02
5.301000000000000000e+05	2.980905749893529446e+02
5.310000000000000000e+05	2.980905749893529446e+02
5.310000000000000000e+05	2.941061350421424549e+02
5.319000000000000000e+05	2.941061350421424549e+02
5.319000000000000000e+05	2.934214736700261597e+02
5.328000000000000000e+05	2.934214736700261597e+02
5.328000000000000000e+05	2.927975048086462380e+02
5.337000000000000000e+05	2.927975048086462380e+02
5.337000000000000000e+05	2.978016096909996122e+02
5.346000000000000000e+05	2.978016096909996122e+02
5.346000000000000000e+05	2.965391933729849256e+02
5.355000000000000000e+05	2.965391933729849256e+02
5.355000000000000000e+05	2.972721122929345370e+02
5.364000000000000000e+05	2.972721122929345370e+02
5.364000000000000000e+05	2.960462015885154869e+02
5.373000000000000000e+05	2.960462015885154869e+02
5.373000000000000000e+05	2.946228826457057721e+02
5.382000000000000000e+05	2.946228826457057721e+02
5.382000000000000000e+05	2.956556062039483095e+02
5.391000000000000000e+05	2.956556062039483095e+02
5.391000000000000000e+05	2.976275734288343529e+02
5.400000000000000000e+05	2.976275734288343529e+02
5.400000000000000000e+05	2.943415049978519846e+02
5.409000000000000000e+05	2.943415049978519846e+02
5.409000000000000000e+05	2.964083766141266096e+02
5.418000000000000000e+05	2.964083766141266096e+02
5.418000000000000000e+05	2.932687062686784429e+02
5.427000000000000000e+05	2.932687062686784429e+02
5.427000000000000000e+05	2.921193353223541749e+02
5.436000000000000000e+05	2.921193353223541749e+02
5.436000000000000000e+05	2.975141545539296999e+02
5.445000000000000000e+05	2.975141545539296999e+02
5.445000000000000000e+05	3.029828769785622740e+02
5.454000000000000000e+05	3.029828769785622740e+02
5.454000000000000000e+05	3.059227172979935290e+02
5.463000000000000000e+05	3.059227172979935290e+02
5.463000000000000000e+05	3.080245811964010159e+02
5.472000000000000000e+05	3.080245811964010159e+02
5.472000000000000000e+05	3.050804300514165561e+02
5.481000000000000000e+05	3.050804300514165561e+02
5.481000000000000000e+05	3.074560733837833482e+02
5.490000000000000000e+05	3.074560733837833482e+02
5.490000000000000000e+05	3.075089356102317311e+02
5.499000000000000000e+05	3.075089356102317311e+02
5.499000000000000000e+05	3.080537361610837479e+02
5.508000000000000000e+05	3.080537361610837479e+02
5.508000000000000000e+05	3.078729261195579738e+02
5.517000000000000000e+05	3.078729261195579738e+02
5.517000000000000000e+05	3.032383234810710064e+02
5.526000000000000000e+05	3.032383234810710064e+02
5.526000000000000000e+05	3.039265765019519563e+02
5.535000000000000000e+05	3.039265765019519563e+02
5.535000000000000000e+05	3.037270628407488857e+02
5.544000000000000000e+05	3.037270628407488857e+02
5.544000000000000000e+05	3.031890438854995296e+02
5.553000000000000000e+05	3.031890438854995296e+02
5.553000000000000000e+05	3.024132432566140096e+02
5.562000000000000000e+05	3.024132432566140096e+02
5.562000000000000000e+05	3.019113357831528788e+02
5.571000000000000000e+05	3.019113357831528788e+02
5.571000000000000000e+05	3.021578273503366745e+02
5.580000000000000000e+05	3.021578273503366745e+02
5.580000000000000000e+05	3.020064947900913808e+02
5.589000000000000000e+05	3.020064947900913808e+02
5.589000000000000000e+05	2.989310753193249184e+02
5.598000000000000000e+05	2.989310753193249184e+02
5.598000000000000000e+05	3.011080086656969002e+02
5.607000000000000000e+05	3.011080086656969002e+02
5.607000000000000000e+05	3.018903299685779302e+02
5.616000000000000000e+05	3.018903299685779302e+02
5.616000000000000000e+05	2.982562253405661181e+02
5.625000000000000000e+05	2.982562253405661181e+02
5.625000000000000000e+05	2.998755543628002442e+02
5.634000000000000000e+05	2.998755543628002442e+02
5.634000000000000000e+05	2.971727190514097288e+02
5.643000000000000000e+05	2.971727190514097288e+02
5.643000000000000000e+05	2.980282171447184965e+02
5.652000000000000000e+05	2.980282171447184965e+02
5.652000000000000000e+05	2.976486921685727793e+02
5.661000000000000000e+05	2.976486921685727793e+02
5.661000000000000000e+05	2.998433617832587288e+02
5.670000000000000000e+05	2.998433617832587288e+02
5.670000000000000000e+05	2.999746377715784433e+02
5.679000000000000000e+05	2.999746377715784433e+02
5.679000000000000000e+05	2.981966870391490261e+02
5.688000000000000000e+05	2.981966870391490261e+02
5.688000000000000000e+05	2.990392917157597594e+02
5.697000000000000000e+05	2.990392917157597594e+02
5.697000000000000000e+05	2.970247245642811436e+02
5.706000000000000000e+05	2.970247245642811436e+02
5.706000000000000000e+05	2.956064233828400347e+02
5.715000000000000000e+05	2.956064233828400347e+02
5.715000000000000000e+05	2.980674539616668994e+02
5.724000000000000000e+05	2.980674539616668994e+02
5.724000000000000000e+05	2.954707283012070320e+02
5.733000000000000000e+05	2.954707283012070320e+02
5.733000000000000000e+05	3.010984803118095101e+02
5.742000000000000000e+05	3.010984803118095101e+02
5.742000000000000000e+05	2.967161824554896725e+02
5.751000000000000000e+05	2.967161824554896725e+02
5.751000000000000000e+05	2.955524963457126546e+02
5.760000000000000000e+05	2.955524963457126546e+02
5.760000000000000000e+05	2.954216914170099244e+02
5.769000000000000000e+05	2.954216914170099244e+02
5.769000000000000000e+05	3.006897500291233882e+02
5.778000000000000000e+05	3.006897500291233882e+02
5.778000000000000000e+05	2.962023602516753158e+02
5.787000000000000000e+05	2.962023602516753158e+02
5.787000000000000000e+05	2.989485520952699744e+02
5.796000000000000000e+05	2.989485520952699744e+02
5.796000000000000000e+05	2.981917013734727107e+02
5.805000000000000000e+05	2.981917013734727107e+02
5.805000000000000000e+05	2.963033576914439209e+02
5.814000000000000000e+05	2.963033576914439209e+02
5.814000000000000000e+05	2.951984869976755590e+02
5.823000000000000000e+05	2.951984869976755590e+02
5.823000000000000000e+05	2.936398309630258723e+02
5.832000000000000000e+05	2.936398309630258723e+02
5.832000000000000000e+05	2.946252046269446510e+02
5.841000000000000000e+05	2.946252046269446510e+02
5.841000000000000000e+05	3.004271380062855314e+02
5.850000000000000000e+05	3.004271380062855314e+02
5.850000000000000000e+05	2.959317312021857447e+02
5.859000000000000000e+05	2.959317312021857447e+02
5.859000000000000000e+05	2.987730749126944829e+02
5.868000000000000000e+05	2.987730749126944829e+02
5.868000000000000000e+05	2.983300525363849829e+02
5.877000000000000000e+05	2.983300525363849829e+02
5.877000000000000000e+05	2.965608195695842255e+02
5.886000000000000000e+05	2.965608195695842255e+02
5.886000000000000000e+05	2.995232844618834065e+02
5.895000000000000000e+05	2.995232844618834065e+02
5.895000000000000000e+05	3.022628301815180976e+02
5.904000000000000000e+05	3.022628301815180976e+02
5.904000000000000000e+05	2.972423111631461552e+02
5.913000000000000000e+05	2.972423111631461552e+02
5.913000000000000000e+05	2.983349653027914314e+02
5.922000000000000000e+05	2.983349653027914314e+02
5.922000000000000000e+05	2.953099757517815647e+02
5.931000000000000000e+05	2.953099757517815647e+02
5.931000000000000000e+05	2.939855078724428381e+02
5.940000000000000000e+05	2.939855078724428381e+02
5.940000000000000000e+05	2.950093397211282422e+02
5.949000000000000000e+05	2.950093397211282422e+02
5.949000000000000000e+05	2.943017462647114257e+02
5.958000000000000000e+05	2.943017462647114257e+02
5.958000000000000000e+05	2.926383528058067895e+02
5.967000000000000000e+05	2.926383528058067895e+02
5.967000000000000000e+05	2.919126242489223841e+02
5.976000000000000000e+05	2.919126242489223841e+02
5.976000000000000000e+05	2.933076532506806302e+02
5.985000000000000000e+05	2.933076532506806302e+02
5.985000000000000000e+05	2.930503869128013434e+02
5.994000000000000000e+05	2.930503869128013434e+02
5.994000000000000000e+05	2.943209875513867360e+02
6.003000000000000000e+05	2.943209875513867360e+02
6.003000000000000000e+05	2.946744888236457882e+02
6.012000000000000000e+05	2.946744888236457882e+02
6.012000000000000000e+05	2.929459398679804281e+02
6.021000000000000000e+05	2.929459398679804281e+02
6.021000000000000000e+05	2.929133547882311746e+02
6.030000000000000000e+05	2.929133547882311746e+02
6.030000000000000000e+05	2.939785622726026872e+02
6.039000000000000000e+05	2.939785622726026872e+02
6.039000000000000000e+05	2.943140687472051695e+02
6.048000000000000000e+05	2.943140687472051695e+02
