# #1
# double ch_TES(1344, 2)
0.000000000000000000e+00	0.000000000000000000e+00
9.000000000000000000e+02	0.000000000000000000e+00
9.000000000000000000e+02	0.000000000000000000e+00
1.800000000000000000e+03	0.000000000000000000e+00
1.800000000000000000e+03	0.000000000000000000e+00
2.700000000000000000e+03	0.000000000000000000e+00
2.700000000000000000e+03	0.000000000000000000e+00
3.600000000000000000e+03	0.000000000000000000e+00
3.600000000000000000e+03	5.820766091346740723e-11
4.500000000000000000e+03	5.820766091346740723e-11
4.500000000000000000e+03	0.000000000000000000e+00
5.400000000000000000e+03	0.000000000000000000e+00
5.400000000000000000e+03	9.000000000000000000e+03
6.300000000000000000e+03	9.000000000000000000e+03
6.300000000000000000e+03	6.060000000000000000e+03
7.200000000000000000e+03	6.060000000000000000e+03
7.200000000000000000e+03	0.000000000000000000e+00
8.100000000000000000e+03	0.000000000000000000e+00
8.100000000000000000e+03	0.000000000000000000e+00
9.000000000000000000e+03	0.000000000000000000e+00
9.000000000000000000e+03	0.000000000000000000e+00
9.900000000000000000e+03	0.000000000000000000e+00
9.900000000000000000e+03	8.435029911548086602e+03
1.080000000000000000e+04	8.435029911548086602e+03
1.080000000000000000e+04	0.000000000000000000e+00
1.170000000000000000e+04	0.000000000000000000e+00
1.170000000000000000e+04	7.000000000000000000e+03
1.260000000000000000e+04	7.000000000000000000e+03
1.260000000000000000e+04	0.000000000000000000e+00
1.350000000000000000e+04	0.000000000000000000e+00
1.350000000000000000e+04	0.000000000000000000e+00
1.440000000000000000e+04	0.000000000000000000e+00
1.440000000000000000e+04	7.000000000000058208e+03
1.530000000000000000e+04	7.000000000000058208e+03
1.530000000000000000e+04	0.000000000000000000e+00
1.620000000000000000e+04	0.000000000000000000e+00
1.620000000000000000e+04	7.000000000000000000e+03
1.710000000000000000e+04	7.000000000000000000e+03
1.710000000000000000e+04	0.000000000000000000e+00
1.800000000000000000e+04	0.000000000000000000e+00
1.800000000000000000e+04	8.286749619752808940e+03
1.890000000000000000e+04	8.286749619752808940e+03
1.890000000000000000e+04	0.000000000000000000e+00
1.980000000000000000e+04	0.000000000000000000e+00
1.980000000000000000e+04	0.000000000000000000e+00
2.070000000000000000e+04	0.000000000000000000e+00
2.070000000000000000e+04	0.000000000000000000e+00
2.160000000000000000e+04	0.000000000000000000e+00
2.160000000000000000e+04	7.000000000000000000e+03
2.250000000000000000e+04	7.000000000000000000e+03
2.250000000000000000e+04	0.000000000000000000e+00
2.340000000000000000e+04	0.000000000000000000e+00
2.340000000000000000e+04	0.000000000000000000e+00
2.430000000000000000e+04	0.000000000000000000e+00
2.430000000000000000e+04	7.000000000000000000e+03
2.520000000000000000e+04	7.000000000000000000e+03
2.520000000000000000e+04	8.999999999999825377e+03
2.610000000000000000e+04	8.999999999999825377e+03
2.610000000000000000e+04	9.000000000000000000e+03
2.700000000000000000e+04	9.000000000000000000e+03
2.700000000000000000e+04	9.000000000000000000e+03
2.790000000000000000e+04	9.000000000000000000e+03
2.790000000000000000e+04	9.000000000000000000e+03
2.880000000000000000e+04	9.000000000000000000e+03
2.880000000000000000e+04	9.000000000000000000e+03
2.970000000000000000e+04	9.000000000000000000e+03
2.970000000000000000e+04	9.000000000000000000e+03
3.060000000000000000e+04	9.000000000000000000e+03
3.060000000000000000e+04	9.000000000000000000e+03
3.150000000000000000e+04	9.000000000000000000e+03
3.150000000000000000e+04	9.000000000000000000e+03
3.240000000000000000e+04	9.000000000000000000e+03
3.240000000000000000e+04	5.246283540182223078e+03
3.330000000000000000e+04	5.246283540182223078e+03
3.330000000000000000e+04	5.964441874068370453e+03
3.420000000000000000e+04	5.964441874068370453e+03
3.420000000000000000e+04	0.000000000000000000e+00
3.510000000000000000e+04	0.000000000000000000e+00
3.510000000000000000e+04	9.000000000000000000e+03
3.600000000000000000e+04	9.000000000000000000e+03
3.600000000000000000e+04	6.920505853451730218e+03
3.690000000000000000e+04	6.920505853451730218e+03
3.690000000000000000e+04	3.964441874068372272e+03
3.780000000000000000e+04	3.964441874068372272e+03
3.780000000000000000e+04	4.422648534093142189e+03
3.870000000000000000e+04	4.422648534093142189e+03
3.870000000000000000e+04	4.346150475728236415e+03
3.960000000000000000e+04	4.346150475728236415e+03
3.960000000000000000e+04	5.820766091346740723e-11
4.050000000000000000e+04	5.820766091346740723e-11
4.050000000000000000e+04	5.129036436469595174e+03
4.140000000000000000e+04	5.129036436469595174e+03
4.140000000000000000e+04	0.000000000000000000e+00
4.230000000000000000e+04	0.000000000000000000e+00
4.230000000000000000e+04	0.000000000000000000e+00
4.320000000000000000e+04	0.000000000000000000e+00
4.320000000000000000e+04	5.820766091346740723e-11
4.410000000000000000e+04	5.820766091346740723e-11
4.410000000000000000e+04	0.000000000000000000e+00
4.500000000000000000e+04	0.000000000000000000e+00
4.500000000000000000e+04	0.000000000000000000e+00
4.590000000000000000e+04	0.000000000000000000e+00
4.590000000000000000e+04	0.000000000000000000e+00
4.680000000000000000e+04	0.000000000000000000e+00
4.680000000000000000e+04	8.999999999999941792e+03
4.770000000000000000e+04	8.999999999999941792e+03
4.770000000000000000e+04	4.567503010736818396e+03
4.860000000000000000e+04	4.567503010736818396e+03
4.860000000000000000e+04	9.999999999999636202e+01
4.950000000000000000e+04	9.999999999999636202e+01
4.950000000000000000e+04	0.000000000000000000e+00
5.040000000000000000e+04	0.000000000000000000e+00
5.040000000000000000e+04	0.000000000000000000e+00
5.130000000000000000e+04	0.000000000000000000e+00
5.130000000000000000e+04	0.000000000000000000e+00
5.220000000000000000e+04	0.000000000000000000e+00
5.220000000000000000e+04	0.000000000000000000e+00
5.310000000000000000e+04	0.000000000000000000e+00
5.310000000000000000e+04	0.000000000000000000e+00
5.400000000000000000e+04	0.000000000000000000e+00
5.400000000000000000e+04	0.000000000000000000e+00
5.490000000000000000e+04	0.000000000000000000e+00
5.490000000000000000e+04	0.000000000000000000e+00
5.580000000000000000e+04	0.000000000000000000e+00
5.580000000000000000e+04	0.000000000000000000e+00
5.670000000000000000e+04	0.000000000000000000e+00
5.670000000000000000e+04	0.000000000000000000e+00
5.760000000000000000e+04	0.000000000000000000e+00
5.760000000000000000e+04	5.716420858038414735e+03
5.850000000000000000e+04	5.716420858038414735e+03
5.850000000000000000e+04	0.000000000000000000e+00
5.940000000000000000e+04	0.000000000000000000e+00
5.940000000000000000e+04	9.999999999999727152e+01
6.030000000000000000e+04	9.999999999999727152e+01
6.030000000000000000e+04	9.999999999999636202e+01
6.120000000000000000e+04	9.999999999999636202e+01
6.120000000000000000e+04	0.000000000000000000e+00
6.210000000000000000e+04	0.000000000000000000e+00
6.210000000000000000e+04	0.000000000000000000e+00
6.300000000000000000e+04	0.000000000000000000e+00
6.300000000000000000e+04	0.000000000000000000e+00
6.390000000000000000e+04	0.000000000000000000e+00
6.390000000000000000e+04	5.674629455871087885e+03
6.480000000000000000e+04	5.674629455871087885e+03
6.480000000000000000e+04	-5.820766091346740723e-11
6.570000000000000000e+04	-5.820766091346740723e-11
6.570000000000000000e+04	5.428860782993233443e+03
6.660000000000000000e+04	5.428860782993233443e+03
6.660000000000000000e+04	0.000000000000000000e+00
6.750000000000000000e+04	0.000000000000000000e+00
6.750000000000000000e+04	0.000000000000000000e+00
6.840000000000000000e+04	0.000000000000000000e+00
6.840000000000000000e+04	9.000000000000000000e+03
6.930000000000000000e+04	9.000000000000000000e+03
6.930000000000000000e+04	0.000000000000000000e+00
7.020000000000000000e+04	0.000000000000000000e+00
7.020000000000000000e+04	6.060000000000000000e+03
7.110000000000000000e+04	6.060000000000000000e+03
7.110000000000000000e+04	0.000000000000000000e+00
7.200000000000000000e+04	0.000000000000000000e+00
7.200000000000000000e+04	0.000000000000000000e+00
7.290000000000000000e+04	0.000000000000000000e+00
7.290000000000000000e+04	0.000000000000000000e+00
7.380000000000000000e+04	0.000000000000000000e+00
7.380000000000000000e+04	0.000000000000000000e+00
7.470000000000000000e+04	0.000000000000000000e+00
7.470000000000000000e+04	0.000000000000000000e+00
7.560000000000000000e+04	0.000000000000000000e+00
7.560000000000000000e+04	5.820766091346740723e-11
7.650000000000000000e+04	5.820766091346740723e-11
7.650000000000000000e+04	0.000000000000000000e+00
7.740000000000000000e+04	0.000000000000000000e+00
7.740000000000000000e+04	0.000000000000000000e+00
7.830000000000000000e+04	0.000000000000000000e+00
7.830000000000000000e+04	0.000000000000000000e+00
7.920000000000000000e+04	0.000000000000000000e+00
7.920000000000000000e+04	5.820766091346740723e-11
8.010000000000000000e+04	5.820766091346740723e-11
8.010000000000000000e+04	0.000000000000000000e+00
8.100000000000000000e+04	0.000000000000000000e+00
8.100000000000000000e+04	0.000000000000000000e+00
8.190000000000000000e+04	0.000000000000000000e+00
8.190000000000000000e+04	0.000000000000000000e+00
8.280000000000000000e+04	0.000000000000000000e+00
8.280000000000000000e+04	-5.820766091346740723e-11
8.370000000000000000e+04	-5.820766091346740723e-11
8.370000000000000000e+04	0.000000000000000000e+00
8.460000000000000000e+04	0.000000000000000000e+00
8.460000000000000000e+04	0.000000000000000000e+00
8.550000000000000000e+04	0.000000000000000000e+00
8.550000000000000000e+04	0.000000000000000000e+00
8.640000000000000000e+04	0.000000000000000000e+00
8.640000000000000000e+04	-5.820766091346740723e-11
8.730000000000000000e+04	-5.820766091346740723e-11
8.730000000000000000e+04	0.000000000000000000e+00
8.820000000000000000e+04	0.000000000000000000e+00
8.820000000000000000e+04	0.000000000000000000e+00
8.910000000000000000e+04	0.000000000000000000e+00
8.910000000000000000e+04	0.000000000000000000e+00
9.000000000000000000e+04	0.000000000000000000e+00
9.000000000000000000e+04	5.820766091346740723e-11
9.090000000000000000e+04	5.820766091346740723e-11
9.090000000000000000e+04	0.000000000000000000e+00
9.180000000000000000e+04	0.000000000000000000e+00
9.180000000000000000e+04	0.000000000000000000e+00
9.270000000000000000e+04	0.000000000000000000e+00
9.270000000000000000e+04	0.000000000000000000e+00
9.360000000000000000e+04	0.000000000000000000e+00
9.360000000000000000e+04	4.062885366181959398e+03
9.450000000000000000e+04	4.062885366181959398e+03
9.450000000000000000e+04	0.000000000000000000e+00
9.540000000000000000e+04	0.000000000000000000e+00
9.540000000000000000e+04	0.000000000000000000e+00
9.630000000000000000e+04	0.000000000000000000e+00
9.630000000000000000e+04	4.060000000000012733e+03
9.720000000000000000e+04	4.060000000000012733e+03
9.720000000000000000e+04	0.000000000000000000e+00
9.810000000000000000e+04	0.000000000000000000e+00
9.810000000000000000e+04	0.000000000000000000e+00
9.900000000000000000e+04	0.000000000000000000e+00
9.900000000000000000e+04	0.000000000000000000e+00
9.990000000000000000e+04	0.000000000000000000e+00
9.990000000000000000e+04	6.060000000000012733e+03
1.008000000000000000e+05	6.060000000000012733e+03
1.008000000000000000e+05	6.060000000000058208e+03
1.017000000000000000e+05	6.060000000000058208e+03
1.017000000000000000e+05	0.000000000000000000e+00
1.026000000000000000e+05	0.000000000000000000e+00
1.026000000000000000e+05	0.000000000000000000e+00
1.035000000000000000e+05	0.000000000000000000e+00
1.035000000000000000e+05	0.000000000000000000e+00
1.044000000000000000e+05	0.000000000000000000e+00
1.044000000000000000e+05	8.999999999999941792e+03
1.053000000000000000e+05	8.999999999999941792e+03
1.053000000000000000e+05	0.000000000000000000e+00
1.062000000000000000e+05	0.000000000000000000e+00
1.062000000000000000e+05	0.000000000000000000e+00
1.071000000000000000e+05	0.000000000000000000e+00
1.071000000000000000e+05	0.000000000000000000e+00
1.080000000000000000e+05	0.000000000000000000e+00
1.080000000000000000e+05	5.820766091346740723e-11
1.089000000000000000e+05	5.820766091346740723e-11
1.089000000000000000e+05	0.000000000000000000e+00
1.098000000000000000e+05	0.000000000000000000e+00
1.098000000000000000e+05	7.000000000000000000e+03
1.107000000000000000e+05	7.000000000000000000e+03
1.107000000000000000e+05	6.320186523836155175e+03
1.116000000000000000e+05	6.320186523836155175e+03
1.116000000000000000e+05	9.000000000000058208e+03
1.125000000000000000e+05	9.000000000000058208e+03
1.125000000000000000e+05	9.000000000000000000e+03
1.134000000000000000e+05	9.000000000000000000e+03
1.134000000000000000e+05	9.000000000000000000e+03
1.143000000000000000e+05	9.000000000000000000e+03
1.143000000000000000e+05	9.000000000000000000e+03
1.152000000000000000e+05	9.000000000000000000e+03
1.152000000000000000e+05	8.999999999999941792e+03
1.161000000000000000e+05	8.999999999999941792e+03
1.161000000000000000e+05	9.000000000000000000e+03
1.170000000000000000e+05	9.000000000000000000e+03
1.170000000000000000e+05	9.000000000000000000e+03
1.179000000000000000e+05	9.000000000000000000e+03
1.179000000000000000e+05	9.000000000000000000e+03
1.188000000000000000e+05	9.000000000000000000e+03
1.188000000000000000e+05	-5.820766091346740723e-11
1.197000000000000000e+05	-5.820766091346740723e-11
1.197000000000000000e+05	7.950190588008868872e+03
1.206000000000000000e+05	7.950190588008868872e+03
1.206000000000000000e+05	4.845787498814034734e+03
1.215000000000000000e+05	4.845787498814034734e+03
1.215000000000000000e+05	5.100958774695543980e+03
1.224000000000000000e+05	5.100958774695543980e+03
1.224000000000000000e+05	0.000000000000000000e+00
1.233000000000000000e+05	0.000000000000000000e+00
1.233000000000000000e+05	4.799137613151267942e+03
1.242000000000000000e+05	4.799137613151267942e+03
1.242000000000000000e+05	4.629399321758284714e+03
1.251000000000000000e+05	4.629399321758284714e+03
1.251000000000000000e+05	4.528384110328204770e+03
1.260000000000000000e+05	4.528384110328204770e+03
1.260000000000000000e+05	3.964441874068405014e+03
1.269000000000000000e+05	3.964441874068405014e+03
1.269000000000000000e+05	4.261184376861318015e+03
1.278000000000000000e+05	4.261184376861318015e+03
1.278000000000000000e+05	0.000000000000000000e+00
1.287000000000000000e+05	0.000000000000000000e+00
1.287000000000000000e+05	0.000000000000000000e+00
1.296000000000000000e+05	0.000000000000000000e+00
1.296000000000000000e+05	5.820766091346740723e-11
1.305000000000000000e+05	5.820766091346740723e-11
1.305000000000000000e+05	0.000000000000000000e+00
1.314000000000000000e+05	0.000000000000000000e+00
1.314000000000000000e+05	5.787996903071636552e+03
1.323000000000000000e+05	5.787996903071636552e+03
1.323000000000000000e+05	6.583166268928507634e+03
1.332000000000000000e+05	6.583166268928507634e+03
1.332000000000000000e+05	5.820766091346740723e-11
1.341000000000000000e+05	5.820766091346740723e-11
1.341000000000000000e+05	0.000000000000000000e+00
1.350000000000000000e+05	0.000000000000000000e+00
1.350000000000000000e+05	6.953711288529625563e+03
1.359000000000000000e+05	6.953711288529625563e+03
1.359000000000000000e+05	0.000000000000000000e+00
1.368000000000000000e+05	0.000000000000000000e+00
1.368000000000000000e+05	5.091207063347508665e+03
1.377000000000000000e+05	5.091207063347508665e+03
1.377000000000000000e+05	5.223390121163266485e+03
1.386000000000000000e+05	5.223390121163266485e+03
1.386000000000000000e+05	0.000000000000000000e+00
1.395000000000000000e+05	0.000000000000000000e+00
1.395000000000000000e+05	0.000000000000000000e+00
1.404000000000000000e+05	0.000000000000000000e+00
1.404000000000000000e+05	3.964441874068288598e+03
1.413000000000000000e+05	3.964441874068288598e+03
1.413000000000000000e+05	0.000000000000000000e+00
1.422000000000000000e+05	0.000000000000000000e+00
1.422000000000000000e+05	0.000000000000000000e+00
1.431000000000000000e+05	0.000000000000000000e+00
1.431000000000000000e+05	0.000000000000000000e+00
1.440000000000000000e+05	0.000000000000000000e+00
1.440000000000000000e+05	0.000000000000000000e+00
1.449000000000000000e+05	0.000000000000000000e+00
1.449000000000000000e+05	0.000000000000000000e+00
1.458000000000000000e+05	0.000000000000000000e+00
1.458000000000000000e+05	0.000000000000000000e+00
1.467000000000000000e+05	0.000000000000000000e+00
1.467000000000000000e+05	5.021184511835783269e+03
1.476000000000000000e+05	5.021184511835783269e+03
1.476000000000000000e+05	-5.820766091346740723e-11
1.485000000000000000e+05	-5.820766091346740723e-11
1.485000000000000000e+05	7.158381639091084253e+03
1.494000000000000000e+05	7.158381639091084253e+03
1.494000000000000000e+05	0.000000000000000000e+00
1.503000000000000000e+05	0.000000000000000000e+00
1.503000000000000000e+05	0.000000000000000000e+00
1.512000000000000000e+05	0.000000000000000000e+00
1.512000000000000000e+05	8.999999999999825377e+03
1.521000000000000000e+05	8.999999999999825377e+03
1.521000000000000000e+05	0.000000000000000000e+00
1.530000000000000000e+05	0.000000000000000000e+00
1.530000000000000000e+05	4.060000000000470209e+03
1.539000000000000000e+05	4.060000000000470209e+03
1.539000000000000000e+05	4.992598647487437120e+03
1.548000000000000000e+05	4.992598647487437120e+03
1.548000000000000000e+05	0.000000000000000000e+00
1.557000000000000000e+05	0.000000000000000000e+00
1.557000000000000000e+05	6.300257714865482740e+03
1.566000000000000000e+05	6.300257714865482740e+03
1.566000000000000000e+05	0.000000000000000000e+00
1.575000000000000000e+05	0.000000000000000000e+00
1.575000000000000000e+05	0.000000000000000000e+00
1.584000000000000000e+05	0.000000000000000000e+00
1.584000000000000000e+05	0.000000000000000000e+00
1.593000000000000000e+05	0.000000000000000000e+00
1.593000000000000000e+05	0.000000000000000000e+00
1.602000000000000000e+05	0.000000000000000000e+00
1.602000000000000000e+05	0.000000000000000000e+00
1.611000000000000000e+05	0.000000000000000000e+00
1.611000000000000000e+05	0.000000000000000000e+00
1.620000000000000000e+05	0.000000000000000000e+00
1.620000000000000000e+05	-5.820766091346740723e-11
1.629000000000000000e+05	-5.820766091346740723e-11
1.629000000000000000e+05	0.000000000000000000e+00
1.638000000000000000e+05	0.000000000000000000e+00
1.638000000000000000e+05	0.000000000000000000e+00
1.647000000000000000e+05	0.000000000000000000e+00
1.647000000000000000e+05	0.000000000000000000e+00
1.656000000000000000e+05	0.000000000000000000e+00
1.656000000000000000e+05	0.000000000000000000e+00
1.665000000000000000e+05	0.000000000000000000e+00
1.665000000000000000e+05	0.000000000000000000e+00
1.674000000000000000e+05	0.000000000000000000e+00
1.674000000000000000e+05	0.000000000000000000e+00
1.683000000000000000e+05	0.000000000000000000e+00
1.683000000000000000e+05	0.000000000000000000e+00
1.692000000000000000e+05	0.000000000000000000e+00
1.692000000000000000e+05	5.820766091346740723e-11
1.701000000000000000e+05	5.820766091346740723e-11
1.701000000000000000e+05	0.000000000000000000e+00
1.710000000000000000e+05	0.000000000000000000e+00
1.710000000000000000e+05	0.000000000000000000e+00
1.719000000000000000e+05	0.000000000000000000e+00
1.719000000000000000e+05	0.000000000000000000e+00
1.728000000000000000e+05	0.000000000000000000e+00
1.728000000000000000e+05	0.000000000000000000e+00
1.737000000000000000e+05	0.000000000000000000e+00
1.737000000000000000e+05	0.000000000000000000e+00
1.746000000000000000e+05	0.000000000000000000e+00
1.746000000000000000e+05	0.000000000000000000e+00
1.755000000000000000e+05	0.000000000000000000e+00
1.755000000000000000e+05	0.000000000000000000e+00
1.764000000000000000e+05	0.000000000000000000e+00
1.764000000000000000e+05	0.000000000000000000e+00
1.773000000000000000e+05	0.000000000000000000e+00
1.773000000000000000e+05	0.000000000000000000e+00
1.782000000000000000e+05	0.000000000000000000e+00
1.782000000000000000e+05	0.000000000000000000e+00
1.791000000000000000e+05	0.000000000000000000e+00
1.791000000000000000e+05	0.000000000000000000e+00
1.800000000000000000e+05	0.000000000000000000e+00
1.800000000000000000e+05	9.999999999959254637e+01
1.809000000000000000e+05	9.999999999959254637e+01
1.809000000000000000e+05	9.999999999998817657e+01
1.818000000000000000e+05	9.999999999998817657e+01
1.818000000000000000e+05	0.000000000000000000e+00
1.827000000000000000e+05	0.000000000000000000e+00
1.827000000000000000e+05	0.000000000000000000e+00
1.836000000000000000e+05	0.000000000000000000e+00
1.836000000000000000e+05	9.999999999959254637e+01
1.845000000000000000e+05	9.999999999959254637e+01
1.845000000000000000e+05	0.000000000000000000e+00
1.854000000000000000e+05	0.000000000000000000e+00
1.854000000000000000e+05	9.999999999997726263e+01
1.863000000000000000e+05	9.999999999997726263e+01
1.863000000000000000e+05	0.000000000000000000e+00
1.872000000000000000e+05	0.000000000000000000e+00
1.872000000000000000e+05	5.820766091346740723e-11
1.881000000000000000e+05	5.820766091346740723e-11
1.881000000000000000e+05	0.000000000000000000e+00
1.890000000000000000e+05	0.000000000000000000e+00
1.890000000000000000e+05	0.000000000000000000e+00
1.899000000000000000e+05	0.000000000000000000e+00
1.899000000000000000e+05	0.000000000000000000e+00
1.908000000000000000e+05	0.000000000000000000e+00
1.908000000000000000e+05	2.678914926755591296e+03
1.917000000000000000e+05	2.678914926755591296e+03
1.917000000000000000e+05	9.999999999998271960e+01
1.926000000000000000e+05	9.999999999998271960e+01
1.926000000000000000e+05	0.000000000000000000e+00
1.935000000000000000e+05	0.000000000000000000e+00
1.935000000000000000e+05	0.000000000000000000e+00
1.944000000000000000e+05	0.000000000000000000e+00
1.944000000000000000e+05	3.964441874068288598e+03
1.953000000000000000e+05	3.964441874068288598e+03
1.953000000000000000e+05	0.000000000000000000e+00
1.962000000000000000e+05	0.000000000000000000e+00
1.962000000000000000e+05	0.000000000000000000e+00
1.971000000000000000e+05	0.000000000000000000e+00
1.971000000000000000e+05	9.999999999998817657e+01
1.980000000000000000e+05	9.999999999998817657e+01
1.980000000000000000e+05	0.000000000000000000e+00
1.989000000000000000e+05	0.000000000000000000e+00
1.989000000000000000e+05	9.000000000000000000e+03
1.998000000000000000e+05	9.000000000000000000e+03
1.998000000000000000e+05	9.000000000000000000e+03
2.007000000000000000e+05	9.000000000000000000e+03
2.007000000000000000e+05	9.000000000000000000e+03
2.016000000000000000e+05	9.000000000000000000e+03
2.016000000000000000e+05	9.000000000000000000e+03
2.025000000000000000e+05	9.000000000000000000e+03
2.025000000000000000e+05	9.000000000000000000e+03
2.034000000000000000e+05	9.000000000000000000e+03
2.034000000000000000e+05	6.220936814517622224e+03
2.043000000000000000e+05	6.220936814517622224e+03
2.043000000000000000e+05	5.964441874068370453e+03
2.052000000000000000e+05	5.964441874068370453e+03
2.052000000000000000e+05	0.000000000000000000e+00
2.061000000000000000e+05	0.000000000000000000e+00
2.061000000000000000e+05	5.263149055798545305e+03
2.070000000000000000e+05	5.263149055798545305e+03
2.070000000000000000e+05	4.918972500712455258e+03
2.079000000000000000e+05	4.918972500712455258e+03
2.079000000000000000e+05	4.771197822846876988e+03
2.088000000000000000e+05	4.771197822846876988e+03
2.088000000000000000e+05	4.830047866203531157e+03
2.097000000000000000e+05	4.830047866203531157e+03
2.097000000000000000e+05	0.000000000000000000e+00
2.106000000000000000e+05	0.000000000000000000e+00
2.106000000000000000e+05	3.413893986396630225e+03
2.115000000000000000e+05	3.413893986396630225e+03
2.115000000000000000e+05	4.975727188263235803e+03
2.124000000000000000e+05	4.975727188263235803e+03
2.124000000000000000e+05	5.076957134606258478e+03
2.133000000000000000e+05	5.076957134606258478e+03
2.133000000000000000e+05	4.738768889910346843e+03
2.142000000000000000e+05	4.738768889910346843e+03
2.142000000000000000e+05	0.000000000000000000e+00
2.151000000000000000e+05	0.000000000000000000e+00
2.151000000000000000e+05	5.127596790806219360e+03
2.160000000000000000e+05	5.127596790806219360e+03
2.160000000000000000e+05	5.820766091346740723e-11
2.169000000000000000e+05	5.820766091346740723e-11
2.169000000000000000e+05	0.000000000000000000e+00
2.178000000000000000e+05	0.000000000000000000e+00
2.178000000000000000e+05	0.000000000000000000e+00
2.187000000000000000e+05	0.000000000000000000e+00
2.187000000000000000e+05	0.000000000000000000e+00
2.196000000000000000e+05	0.000000000000000000e+00
2.196000000000000000e+05	8.999999999999883585e+03
2.205000000000000000e+05	8.999999999999883585e+03
2.205000000000000000e+05	0.000000000000000000e+00
2.214000000000000000e+05	0.000000000000000000e+00
2.214000000000000000e+05	4.060000000000000000e+03
2.223000000000000000e+05	4.060000000000000000e+03
2.223000000000000000e+05	5.780177422501546971e+03
2.232000000000000000e+05	5.780177422501546971e+03
2.232000000000000000e+05	-5.820766091346740723e-11
2.241000000000000000e+05	-5.820766091346740723e-11
2.241000000000000000e+05	7.453299085698043200e+03
2.250000000000000000e+05	7.453299085698043200e+03
2.250000000000000000e+05	0.000000000000000000e+00
2.259000000000000000e+05	0.000000000000000000e+00
2.259000000000000000e+05	0.000000000000000000e+00
2.268000000000000000e+05	0.000000000000000000e+00
2.268000000000000000e+05	8.999999999999883585e+03
2.277000000000000000e+05	8.999999999999883585e+03
2.277000000000000000e+05	0.000000000000000000e+00
2.286000000000000000e+05	0.000000000000000000e+00
2.286000000000000000e+05	0.000000000000000000e+00
2.295000000000000000e+05	0.000000000000000000e+00
2.295000000000000000e+05	0.000000000000000000e+00
2.304000000000000000e+05	0.000000000000000000e+00
2.304000000000000000e+05	8.020034230742487125e+03
2.313000000000000000e+05	8.020034230742487125e+03
2.313000000000000000e+05	0.000000000000000000e+00
2.322000000000000000e+05	0.000000000000000000e+00
2.322000000000000000e+05	5.591161080421828956e+03
2.331000000000000000e+05	5.591161080421828956e+03
2.331000000000000000e+05	0.000000000000000000e+00
2.340000000000000000e+05	0.000000000000000000e+00
2.340000000000000000e+05	7.526979699117480777e+03
2.349000000000000000e+05	7.526979699117480777e+03
2.349000000000000000e+05	0.000000000000000000e+00
2.358000000000000000e+05	0.000000000000000000e+00
2.358000000000000000e+05	9.000000000000000000e+03
2.367000000000000000e+05	9.000000000000000000e+03
2.367000000000000000e+05	0.000000000000000000e+00
2.376000000000000000e+05	0.000000000000000000e+00
2.376000000000000000e+05	9.000000000000000000e+03
2.385000000000000000e+05	9.000000000000000000e+03
2.385000000000000000e+05	0.000000000000000000e+00
2.394000000000000000e+05	0.000000000000000000e+00
2.394000000000000000e+05	0.000000000000000000e+00
2.403000000000000000e+05	0.000000000000000000e+00
2.403000000000000000e+05	9.000000000000000000e+03
2.412000000000000000e+05	9.000000000000000000e+03
2.412000000000000000e+05	9.999999999988358468e+01
2.421000000000000000e+05	9.999999999988358468e+01
2.421000000000000000e+05	3.964441874068372272e+03
2.430000000000000000e+05	3.964441874068372272e+03
2.430000000000000000e+05	2.700142242644873477e+03
2.439000000000000000e+05	2.700142242644873477e+03
2.439000000000000000e+05	0.000000000000000000e+00
2.448000000000000000e+05	0.000000000000000000e+00
2.448000000000000000e+05	0.000000000000000000e+00
2.457000000000000000e+05	0.000000000000000000e+00
2.457000000000000000e+05	0.000000000000000000e+00
2.466000000000000000e+05	0.000000000000000000e+00
2.466000000000000000e+05	0.000000000000000000e+00
2.475000000000000000e+05	0.000000000000000000e+00
2.475000000000000000e+05	0.000000000000000000e+00
2.484000000000000000e+05	0.000000000000000000e+00
2.484000000000000000e+05	-5.820766091346740723e-11
2.493000000000000000e+05	-5.820766091346740723e-11
2.493000000000000000e+05	0.000000000000000000e+00
2.502000000000000000e+05	0.000000000000000000e+00
2.502000000000000000e+05	0.000000000000000000e+00
2.511000000000000000e+05	0.000000000000000000e+00
2.511000000000000000e+05	0.000000000000000000e+00
2.520000000000000000e+05	0.000000000000000000e+00
2.520000000000000000e+05	5.820766091346740723e-11
2.529000000000000000e+05	5.820766091346740723e-11
2.529000000000000000e+05	0.000000000000000000e+00
2.538000000000000000e+05	0.000000000000000000e+00
2.538000000000000000e+05	0.000000000000000000e+00
2.547000000000000000e+05	0.000000000000000000e+00
2.547000000000000000e+05	0.000000000000000000e+00
2.556000000000000000e+05	0.000000000000000000e+00
2.556000000000000000e+05	5.820766091346740723e-11
2.565000000000000000e+05	5.820766091346740723e-11
2.565000000000000000e+05	0.000000000000000000e+00
2.574000000000000000e+05	0.000000000000000000e+00
2.574000000000000000e+05	0.000000000000000000e+00
2.583000000000000000e+05	0.000000000000000000e+00
2.583000000000000000e+05	0.000000000000000000e+00
2.592000000000000000e+05	0.000000000000000000e+00
2.592000000000000000e+05	0.000000000000000000e+00
2.601000000000000000e+05	0.000000000000000000e+00
2.601000000000000000e+05	0.000000000000000000e+00
2.610000000000000000e+05	0.000000000000000000e+00
2.610000000000000000e+05	0.000000000000000000e+00
2.619000000000000000e+05	0.000000000000000000e+00
2.619000000000000000e+05	0.000000000000000000e+00
2.628000000000000000e+05	0.000000000000000000e+00
2.628000000000000000e+05	0.000000000000000000e+00
2.637000000000000000e+05	0.000000000000000000e+00
2.637000000000000000e+05	0.000000000000000000e+00
2.646000000000000000e+05	0.000000000000000000e+00
2.646000000000000000e+05	0.000000000000000000e+00
2.655000000000000000e+05	0.000000000000000000e+00
2.655000000000000000e+05	0.000000000000000000e+00
2.664000000000000000e+05	0.000000000000000000e+00
2.664000000000000000e+05	5.820766091346740723e-11
2.673000000000000000e+05	5.820766091346740723e-11
2.673000000000000000e+05	0.000000000000000000e+00
2.682000000000000000e+05	0.000000000000000000e+00
2.682000000000000000e+05	0.000000000000000000e+00
2.691000000000000000e+05	0.000000000000000000e+00
2.691000000000000000e+05	0.000000000000000000e+00
2.700000000000000000e+05	0.000000000000000000e+00
2.700000000000000000e+05	-5.820766091346740723e-11
2.709000000000000000e+05	-5.820766091346740723e-11
2.709000000000000000e+05	0.000000000000000000e+00
2.718000000000000000e+05	0.000000000000000000e+00
2.718000000000000000e+05	0.000000000000000000e+00
2.727000000000000000e+05	0.000000000000000000e+00
2.727000000000000000e+05	0.000000000000000000e+00
2.736000000000000000e+05	0.000000000000000000e+00
2.736000000000000000e+05	5.820766091346740723e-11
2.745000000000000000e+05	5.820766091346740723e-11
2.745000000000000000e+05	0.000000000000000000e+00
2.754000000000000000e+05	0.000000000000000000e+00
2.754000000000000000e+05	0.000000000000000000e+00
2.763000000000000000e+05	0.000000000000000000e+00
2.763000000000000000e+05	0.000000000000000000e+00
2.772000000000000000e+05	0.000000000000000000e+00
2.772000000000000000e+05	8.747727605036750901e+03
2.781000000000000000e+05	8.747727605036750901e+03
2.781000000000000000e+05	0.000000000000000000e+00
2.790000000000000000e+05	0.000000000000000000e+00
2.790000000000000000e+05	0.000000000000000000e+00
2.799000000000000000e+05	0.000000000000000000e+00
2.799000000000000000e+05	0.000000000000000000e+00
2.808000000000000000e+05	0.000000000000000000e+00
2.808000000000000000e+05	5.601954700257687364e+03
2.817000000000000000e+05	5.601954700257687364e+03
2.817000000000000000e+05	0.000000000000000000e+00
2.826000000000000000e+05	0.000000000000000000e+00
2.826000000000000000e+05	0.000000000000000000e+00
2.835000000000000000e+05	0.000000000000000000e+00
2.835000000000000000e+05	9.000000000000000000e+03
2.844000000000000000e+05	9.000000000000000000e+03
2.844000000000000000e+05	9.000000000000000000e+03
2.853000000000000000e+05	9.000000000000000000e+03
2.853000000000000000e+05	9.000000000000000000e+03
2.862000000000000000e+05	9.000000000000000000e+03
2.862000000000000000e+05	9.000000000000000000e+03
2.871000000000000000e+05	9.000000000000000000e+03
2.871000000000000000e+05	9.000000000000000000e+03
2.880000000000000000e+05	9.000000000000000000e+03
2.880000000000000000e+05	9.000000000000058208e+03
2.889000000000000000e+05	9.000000000000058208e+03
2.889000000000000000e+05	9.000000000000000000e+03
2.898000000000000000e+05	9.000000000000000000e+03
2.898000000000000000e+05	9.000000000000000000e+03
2.907000000000000000e+05	9.000000000000000000e+03
2.907000000000000000e+05	9.000000000000000000e+03
2.916000000000000000e+05	9.000000000000000000e+03
2.916000000000000000e+05	5.180836580479226541e+03
2.925000000000000000e+05	5.180836580479226541e+03
2.925000000000000000e+05	5.316202792919692911e+03
2.934000000000000000e+05	5.316202792919692911e+03
2.934000000000000000e+05	5.266800000000069303e+03
2.943000000000000000e+05	5.266800000000069303e+03
2.943000000000000000e+05	5.447128748108874788e+03
2.952000000000000000e+05	5.447128748108874788e+03
2.952000000000000000e+05	1.746229827404022217e-10
2.961000000000000000e+05	1.746229827404022217e-10
2.961000000000000000e+05	4.736677821181253421e+03
2.970000000000000000e+05	4.736677821181253421e+03
2.970000000000000000e+05	3.482058515433619505e+03
2.979000000000000000e+05	3.482058515433619505e+03
2.979000000000000000e+05	4.746455542241302282e+03
2.988000000000000000e+05	4.746455542241302282e+03
2.988000000000000000e+05	4.778114886619790923e+03
2.997000000000000000e+05	4.778114886619790923e+03
2.997000000000000000e+05	4.593815449824365714e+03
3.006000000000000000e+05	4.593815449824365714e+03
3.006000000000000000e+05	1.461064405068449332e+02
3.015000000000000000e+05	1.461064405068449332e+02
3.015000000000000000e+05	4.963714894862854635e+03
3.024000000000000000e+05	4.963714894862854635e+03
3.024000000000000000e+05	0.000000000000000000e+00
3.033000000000000000e+05	0.000000000000000000e+00
3.033000000000000000e+05	0.000000000000000000e+00
3.042000000000000000e+05	0.000000000000000000e+00
3.042000000000000000e+05	6.566973709305125340e+03
3.051000000000000000e+05	6.566973709305125340e+03
3.051000000000000000e+05	0.000000000000000000e+00
3.060000000000000000e+05	0.000000000000000000e+00
3.060000000000000000e+05	5.499050127243157476e+03
3.069000000000000000e+05	5.499050127243157476e+03
3.069000000000000000e+05	5.266800000000000182e+03
3.078000000000000000e+05	5.266800000000000182e+03
3.078000000000000000e+05	5.552688669700849459e+03
3.087000000000000000e+05	5.552688669700849459e+03
3.087000000000000000e+05	0.000000000000000000e+00
3.096000000000000000e+05	0.000000000000000000e+00
3.096000000000000000e+05	0.000000000000000000e+00
3.105000000000000000e+05	0.000000000000000000e+00
3.105000000000000000e+05	0.000000000000000000e+00
3.114000000000000000e+05	0.000000000000000000e+00
3.114000000000000000e+05	0.000000000000000000e+00
3.123000000000000000e+05	0.000000000000000000e+00
3.123000000000000000e+05	0.000000000000000000e+00
3.132000000000000000e+05	0.000000000000000000e+00
3.132000000000000000e+05	0.000000000000000000e+00
3.141000000000000000e+05	0.000000000000000000e+00
3.141000000000000000e+05	0.000000000000000000e+00
3.150000000000000000e+05	0.000000000000000000e+00
3.150000000000000000e+05	2.193463216003470279e+03
3.159000000000000000e+05	2.193463216003470279e+03
3.159000000000000000e+05	0.000000000000000000e+00
3.168000000000000000e+05	0.000000000000000000e+00
3.168000000000000000e+05	-5.820766091346740723e-11
3.177000000000000000e+05	-5.820766091346740723e-11
3.177000000000000000e+05	0.000000000000000000e+00
3.186000000000000000e+05	0.000000000000000000e+00
3.186000000000000000e+05	9.000000000000000000e+03
3.195000000000000000e+05	9.000000000000000000e+03
3.195000000000000000e+05	0.000000000000000000e+00
3.204000000000000000e+05	0.000000000000000000e+00
3.204000000000000000e+05	0.000000000000000000e+00
3.213000000000000000e+05	0.000000000000000000e+00
3.213000000000000000e+05	8.231147875119002492e+03
3.222000000000000000e+05	8.231147875119002492e+03
3.222000000000000000e+05	0.000000000000000000e+00
3.231000000000000000e+05	0.000000000000000000e+00
3.231000000000000000e+05	9.000000000000000000e+03
3.240000000000000000e+05	9.000000000000000000e+03
3.240000000000000000e+05	0.000000000000000000e+00
3.249000000000000000e+05	0.000000000000000000e+00
3.249000000000000000e+05	9.000000000000000000e+03
3.258000000000000000e+05	9.000000000000000000e+03
3.258000000000000000e+05	0.000000000000000000e+00
3.267000000000000000e+05	0.000000000000000000e+00
3.267000000000000000e+05	0.000000000000000000e+00
3.276000000000000000e+05	0.000000000000000000e+00
3.276000000000000000e+05	9.000000000000000000e+03
3.285000000000000000e+05	9.000000000000000000e+03
3.285000000000000000e+05	7.937377871481250622e+03
3.294000000000000000e+05	7.937377871481250622e+03
3.294000000000000000e+05	0.000000000000000000e+00
3.303000000000000000e+05	0.000000000000000000e+00
3.303000000000000000e+05	0.000000000000000000e+00
3.312000000000000000e+05	0.000000000000000000e+00
3.312000000000000000e+05	4.231197631888266187e+03
3.321000000000000000e+05	4.231197631888266187e+03
3.321000000000000000e+05	0.000000000000000000e+00
3.330000000000000000e+05	0.000000000000000000e+00
3.330000000000000000e+05	0.000000000000000000e+00
3.339000000000000000e+05	0.000000000000000000e+00
3.339000000000000000e+05	0.000000000000000000e+00
3.348000000000000000e+05	0.000000000000000000e+00
3.348000000000000000e+05	0.000000000000000000e+00
3.357000000000000000e+05	0.000000000000000000e+00
3.357000000000000000e+05	0.000000000000000000e+00
3.366000000000000000e+05	0.000000000000000000e+00
3.366000000000000000e+05	0.000000000000000000e+00
3.375000000000000000e+05	0.000000000000000000e+00
3.375000000000000000e+05	0.000000000000000000e+00
3.384000000000000000e+05	0.000000000000000000e+00
3.384000000000000000e+05	0.000000000000000000e+00
3.393000000000000000e+05	0.000000000000000000e+00
3.393000000000000000e+05	0.000000000000000000e+00
3.402000000000000000e+05	0.000000000000000000e+00
3.402000000000000000e+05	0.000000000000000000e+00
3.411000000000000000e+05	0.000000000000000000e+00
3.411000000000000000e+05	0.000000000000000000e+00
3.420000000000000000e+05	0.000000000000000000e+00
3.420000000000000000e+05	0.000000000000000000e+00
3.429000000000000000e+05	0.000000000000000000e+00
3.429000000000000000e+05	0.000000000000000000e+00
3.438000000000000000e+05	0.000000000000000000e+00
3.438000000000000000e+05	0.000000000000000000e+00
3.447000000000000000e+05	0.000000000000000000e+00
3.447000000000000000e+05	0.000000000000000000e+00
3.456000000000000000e+05	0.000000000000000000e+00
3.456000000000000000e+05	5.820766091346740723e-11
3.465000000000000000e+05	5.820766091346740723e-11
3.465000000000000000e+05	0.000000000000000000e+00
3.474000000000000000e+05	0.000000000000000000e+00
3.474000000000000000e+05	0.000000000000000000e+00
3.483000000000000000e+05	0.000000000000000000e+00
3.483000000000000000e+05	0.000000000000000000e+00
3.492000000000000000e+05	0.000000000000000000e+00
3.492000000000000000e+05	0.000000000000000000e+00
3.501000000000000000e+05	0.000000000000000000e+00
3.501000000000000000e+05	0.000000000000000000e+00
3.510000000000000000e+05	0.000000000000000000e+00
3.510000000000000000e+05	0.000000000000000000e+00
3.519000000000000000e+05	0.000000000000000000e+00
3.519000000000000000e+05	0.000000000000000000e+00
3.528000000000000000e+05	0.000000000000000000e+00
3.528000000000000000e+05	0.000000000000000000e+00
3.537000000000000000e+05	0.000000000000000000e+00
3.537000000000000000e+05	0.000000000000000000e+00
3.546000000000000000e+05	0.000000000000000000e+00
3.546000000000000000e+05	0.000000000000000000e+00
3.555000000000000000e+05	0.000000000000000000e+00
3.555000000000000000e+05	0.000000000000000000e+00
3.564000000000000000e+05	0.000000000000000000e+00
3.564000000000000000e+05	9.999999999988358468e+01
3.573000000000000000e+05	9.999999999988358468e+01
3.573000000000000000e+05	9.999999999998817657e+01
3.582000000000000000e+05	9.999999999998817657e+01
3.582000000000000000e+05	9.999999999998817657e+01
3.591000000000000000e+05	9.999999999998817657e+01
3.591000000000000000e+05	9.999999999998817657e+01
3.600000000000000000e+05	9.999999999998817657e+01
3.600000000000000000e+05	0.000000000000000000e+00
3.609000000000000000e+05	0.000000000000000000e+00
3.609000000000000000e+05	0.000000000000000000e+00
3.618000000000000000e+05	0.000000000000000000e+00
3.618000000000000000e+05	0.000000000000000000e+00
3.627000000000000000e+05	0.000000000000000000e+00
3.627000000000000000e+05	0.000000000000000000e+00
3.636000000000000000e+05	0.000000000000000000e+00
3.636000000000000000e+05	6.609321113818092272e+03
3.645000000000000000e+05	6.609321113818092272e+03
3.645000000000000000e+05	0.000000000000000000e+00
3.654000000000000000e+05	0.000000000000000000e+00
3.654000000000000000e+05	1.000000000000000000e+02
3.663000000000000000e+05	1.000000000000000000e+02
3.663000000000000000e+05	0.000000000000000000e+00
3.672000000000000000e+05	0.000000000000000000e+00
3.672000000000000000e+05	-5.820766091346740723e-11
3.681000000000000000e+05	-5.820766091346740723e-11
3.681000000000000000e+05	0.000000000000000000e+00
3.690000000000000000e+05	0.000000000000000000e+00
3.690000000000000000e+05	0.000000000000000000e+00
3.699000000000000000e+05	0.000000000000000000e+00
3.699000000000000000e+05	7.579577966438867406e+03
3.708000000000000000e+05	7.579577966438867406e+03
3.708000000000000000e+05	9.000000000000000000e+03
3.717000000000000000e+05	9.000000000000000000e+03
3.717000000000000000e+05	9.000000000000000000e+03
3.726000000000000000e+05	9.000000000000000000e+03
3.726000000000000000e+05	9.000000000000000000e+03
3.735000000000000000e+05	9.000000000000000000e+03
3.735000000000000000e+05	9.000000000000000000e+03
3.744000000000000000e+05	9.000000000000000000e+03
3.744000000000000000e+05	8.999999999999941792e+03
3.753000000000000000e+05	8.999999999999941792e+03
3.753000000000000000e+05	9.000000000000000000e+03
3.762000000000000000e+05	9.000000000000000000e+03
3.762000000000000000e+05	9.000000000000000000e+03
3.771000000000000000e+05	9.000000000000000000e+03
3.771000000000000000e+05	9.000000000000000000e+03
3.780000000000000000e+05	9.000000000000000000e+03
3.780000000000000000e+05	4.688660225464962423e+03
3.789000000000000000e+05	4.688660225464962423e+03
3.789000000000000000e+05	5.964441874068370453e+03
3.798000000000000000e+05	5.964441874068370453e+03
3.798000000000000000e+05	0.000000000000000000e+00
3.807000000000000000e+05	0.000000000000000000e+00
3.807000000000000000e+05	0.000000000000000000e+00
3.816000000000000000e+05	0.000000000000000000e+00
3.816000000000000000e+05	9.000000000000058208e+03
3.825000000000000000e+05	9.000000000000058208e+03
3.825000000000000000e+05	0.000000000000000000e+00
3.834000000000000000e+05	0.000000000000000000e+00
3.834000000000000000e+05	5.633758499211869093e+03
3.843000000000000000e+05	5.633758499211869093e+03
3.843000000000000000e+05	4.683738605456539517e+03
3.852000000000000000e+05	4.683738605456539517e+03
3.852000000000000000e+05	5.780484945648058783e+03
3.861000000000000000e+05	5.780484945648058783e+03
3.861000000000000000e+05	0.000000000000000000e+00
3.870000000000000000e+05	0.000000000000000000e+00
3.870000000000000000e+05	5.241318138376480420e+03
3.879000000000000000e+05	5.241318138376480420e+03
3.879000000000000000e+05	4.910037597240539071e+03
3.888000000000000000e+05	4.910037597240539071e+03
3.888000000000000000e+05	0.000000000000000000e+00
3.897000000000000000e+05	0.000000000000000000e+00
3.897000000000000000e+05	7.000000000000000000e+03
3.906000000000000000e+05	7.000000000000000000e+03
3.906000000000000000e+05	0.000000000000000000e+00
3.915000000000000000e+05	0.000000000000000000e+00
3.915000000000000000e+05	3.327747955587998149e+03
3.924000000000000000e+05	3.327747955587998149e+03
3.924000000000000000e+05	6.430299219307955354e+03
3.933000000000000000e+05	6.430299219307955354e+03
3.933000000000000000e+05	0.000000000000000000e+00
3.942000000000000000e+05	0.000000000000000000e+00
3.942000000000000000e+05	6.633664021026131195e+03
3.951000000000000000e+05	6.633664021026131195e+03
3.951000000000000000e+05	0.000000000000000000e+00
3.960000000000000000e+05	0.000000000000000000e+00
3.960000000000000000e+05	9.000000000000116415e+03
3.969000000000000000e+05	9.000000000000116415e+03
3.969000000000000000e+05	0.000000000000000000e+00
3.978000000000000000e+05	0.000000000000000000e+00
3.978000000000000000e+05	5.443337532426365215e+03
3.987000000000000000e+05	5.443337532426365215e+03
3.987000000000000000e+05	5.072794838060797701e+03
3.996000000000000000e+05	5.072794838060797701e+03
3.996000000000000000e+05	5.820766091346740723e-11
4.005000000000000000e+05	5.820766091346740723e-11
4.005000000000000000e+05	5.463714091746423946e+03
4.014000000000000000e+05	5.463714091746423946e+03
4.014000000000000000e+05	0.000000000000000000e+00
4.023000000000000000e+05	0.000000000000000000e+00
4.023000000000000000e+05	5.444054050700077823e+03
4.032000000000000000e+05	5.444054050700077823e+03
4.032000000000000000e+05	0.000000000000000000e+00
4.041000000000000000e+05	0.000000000000000000e+00
4.041000000000000000e+05	6.060000000000000000e+03
4.050000000000000000e+05	6.060000000000000000e+03
4.050000000000000000e+05	0.000000000000000000e+00
4.059000000000000000e+05	0.000000000000000000e+00
4.059000000000000000e+05	9.000000000000000000e+03
4.068000000000000000e+05	9.000000000000000000e+03
4.068000000000000000e+05	0.000000000000000000e+00
4.077000000000000000e+05	0.000000000000000000e+00
4.077000000000000000e+05	0.000000000000000000e+00
4.086000000000000000e+05	0.000000000000000000e+00
4.086000000000000000e+05	9.000000000000000000e+03
4.095000000000000000e+05	9.000000000000000000e+03
4.095000000000000000e+05	0.000000000000000000e+00
4.104000000000000000e+05	0.000000000000000000e+00
4.104000000000000000e+05	7.748301147163438145e+03
4.113000000000000000e+05	7.748301147163438145e+03
4.113000000000000000e+05	2.152009851008187979e+02
4.122000000000000000e+05	2.152009851008187979e+02
4.122000000000000000e+05	5.384314164179738327e+03
4.131000000000000000e+05	5.384314164179738327e+03
4.131000000000000000e+05	6.976764089086932472e+03
4.140000000000000000e+05	6.976764089086932472e+03
4.140000000000000000e+05	-5.820766091346740723e-11
4.149000000000000000e+05	-5.820766091346740723e-11
4.149000000000000000e+05	5.405523173902038252e+03
4.158000000000000000e+05	5.405523173902038252e+03
4.158000000000000000e+05	5.593459351451401744e+03
4.167000000000000000e+05	5.593459351451401744e+03
4.167000000000000000e+05	0.000000000000000000e+00
4.176000000000000000e+05	0.000000000000000000e+00
4.176000000000000000e+05	4.190622433734766673e+03
4.185000000000000000e+05	4.190622433734766673e+03
4.185000000000000000e+05	0.000000000000000000e+00
4.194000000000000000e+05	0.000000000000000000e+00
4.194000000000000000e+05	0.000000000000000000e+00
4.203000000000000000e+05	0.000000000000000000e+00
4.203000000000000000e+05	0.000000000000000000e+00
4.212000000000000000e+05	0.000000000000000000e+00
4.212000000000000000e+05	0.000000000000000000e+00
4.221000000000000000e+05	0.000000000000000000e+00
4.221000000000000000e+05	0.000000000000000000e+00
4.230000000000000000e+05	0.000000000000000000e+00
4.230000000000000000e+05	0.000000000000000000e+00
4.239000000000000000e+05	0.000000000000000000e+00
4.239000000000000000e+05	0.000000000000000000e+00
4.248000000000000000e+05	0.000000000000000000e+00
4.248000000000000000e+05	0.000000000000000000e+00
4.257000000000000000e+05	0.000000000000000000e+00
4.257000000000000000e+05	0.000000000000000000e+00
4.266000000000000000e+05	0.000000000000000000e+00
4.266000000000000000e+05	0.000000000000000000e+00
4.275000000000000000e+05	0.000000000000000000e+00
4.275000000000000000e+05	0.000000000000000000e+00
4.284000000000000000e+05	0.000000000000000000e+00
4.284000000000000000e+05	0.000000000000000000e+00
4.293000000000000000e+05	0.000000000000000000e+00
4.293000000000000000e+05	0.000000000000000000e+00
4.302000000000000000e+05	0.000000000000000000e+00
4.302000000000000000e+05	0.000000000000000000e+00
4.311000000000000000e+05	0.000000000000000000e+00
4.311000000000000000e+05	0.000000000000000000e+00
4.320000000000000000e+05	0.000000000000000000e+00
4.320000000000000000e+05	0.000000000000000000e+00
4.329000000000000000e+05	0.000000000000000000e+00
4.329000000000000000e+05	0.000000000000000000e+00
4.338000000000000000e+05	0.000000000000000000e+00
4.338000000000000000e+05	0.000000000000000000e+00
4.347000000000000000e+05	0.000000000000000000e+00
4.347000000000000000e+05	0.000000000000000000e+00
4.356000000000000000e+05	0.000000000000000000e+00
4.356000000000000000e+05	0.000000000000000000e+00
4.365000000000000000e+05	0.000000000000000000e+00
4.365000000000000000e+05	0.000000000000000000e+00
4.374000000000000000e+05	0.000000000000000000e+00
4.374000000000000000e+05	0.000000000000000000e+00
4.383000000000000000e+05	0.000000000000000000e+00
4.383000000000000000e+05	0.000000000000000000e+00
4.392000000000000000e+05	0.000000000000000000e+00
4.392000000000000000e+05	9.999999999982537702e+01
4.401000000000000000e+05	9.999999999982537702e+01
4.401000000000000000e+05	0.000000000000000000e+00
4.410000000000000000e+05	0.000000000000000000e+00
4.410000000000000000e+05	9.999999999999717204e+01
4.419000000000000000e+05	9.999999999999717204e+01
4.419000000000000000e+05	1.614102244214860320e+03
4.428000000000000000e+05	1.614102244214860320e+03
4.428000000000000000e+05	-5.820766091346740723e-11
4.437000000000000000e+05	-5.820766091346740723e-11
4.437000000000000000e+05	0.000000000000000000e+00
4.446000000000000000e+05	0.000000000000000000e+00
4.446000000000000000e+05	3.964441874068370453e+03
4.455000000000000000e+05	3.964441874068370453e+03
4.455000000000000000e+05	0.000000000000000000e+00
4.464000000000000000e+05	0.000000000000000000e+00
4.464000000000000000e+05	5.645581881122372579e+03
4.473000000000000000e+05	5.645581881122372579e+03
4.473000000000000000e+05	0.000000000000000000e+00
4.482000000000000000e+05	0.000000000000000000e+00
4.482000000000000000e+05	0.000000000000000000e+00
4.491000000000000000e+05	0.000000000000000000e+00
4.491000000000000000e+05	5.956936900257412162e+03
4.500000000000000000e+05	5.956936900257412162e+03
4.500000000000000000e+05	8.999999999999941792e+03
4.509000000000000000e+05	8.999999999999941792e+03
4.509000000000000000e+05	5.173687079814356366e+03
4.518000000000000000e+05	5.173687079814356366e+03
4.518000000000000000e+05	5.266800000000000182e+03
4.527000000000000000e+05	5.266800000000000182e+03
4.527000000000000000e+05	0.000000000000000000e+00
4.536000000000000000e+05	0.000000000000000000e+00
4.536000000000000000e+05	0.000000000000000000e+00
4.545000000000000000e+05	0.000000000000000000e+00
4.545000000000000000e+05	0.000000000000000000e+00
4.554000000000000000e+05	0.000000000000000000e+00
4.554000000000000000e+05	0.000000000000000000e+00
4.563000000000000000e+05	0.000000000000000000e+00
4.563000000000000000e+05	6.661315745254214562e+03
4.572000000000000000e+05	6.661315745254214562e+03
4.572000000000000000e+05	9.000000000000000000e+03
4.581000000000000000e+05	9.000000000000000000e+03
4.581000000000000000e+05	9.000000000000000000e+03
4.590000000000000000e+05	9.000000000000000000e+03
4.590000000000000000e+05	9.000000000000000000e+03
4.599000000000000000e+05	9.000000000000000000e+03
4.599000000000000000e+05	9.000000000000000000e+03
4.608000000000000000e+05	9.000000000000000000e+03
4.608000000000000000e+05	8.999999999999941792e+03
4.617000000000000000e+05	8.999999999999941792e+03
4.617000000000000000e+05	9.000000000000000000e+03
4.626000000000000000e+05	9.000000000000000000e+03
4.626000000000000000e+05	9.000000000000000000e+03
4.635000000000000000e+05	9.000000000000000000e+03
4.635000000000000000e+05	9.000000000000000000e+03
4.644000000000000000e+05	9.000000000000000000e+03
4.644000000000000000e+05	0.000000000000000000e+00
4.653000000000000000e+05	0.000000000000000000e+00
4.653000000000000000e+05	7.057477221035544062e+03
4.662000000000000000e+05	7.057477221035544062e+03
4.662000000000000000e+05	5.276392208256481354e+03
4.671000000000000000e+05	5.276392208256481354e+03
4.671000000000000000e+05	5.764870839546962998e+03
4.680000000000000000e+05	5.764870839546962998e+03
4.680000000000000000e+05	3.964441874068463221e+03
4.689000000000000000e+05	3.964441874068463221e+03
4.689000000000000000e+05	4.271791694273832945e+03
4.698000000000000000e+05	4.271791694273832945e+03
4.698000000000000000e+05	4.335626732261171128e+03
4.707000000000000000e+05	4.335626732261171128e+03
4.707000000000000000e+05	4.315005674764822288e+03
4.716000000000000000e+05	4.315005674764822288e+03
4.716000000000000000e+05	-5.820766091346740723e-11
4.725000000000000000e+05	-5.820766091346740723e-11
4.725000000000000000e+05	0.000000000000000000e+00
4.734000000000000000e+05	0.000000000000000000e+00
4.734000000000000000e+05	5.147452304725213253e+03
4.743000000000000000e+05	5.147452304725213253e+03
4.743000000000000000e+05	1.594788416614579546e+03
4.752000000000000000e+05	1.594788416614579546e+03
4.752000000000000000e+05	0.000000000000000000e+00
4.761000000000000000e+05	0.000000000000000000e+00
4.761000000000000000e+05	5.763465731582343324e+03
4.770000000000000000e+05	5.763465731582343324e+03
4.770000000000000000e+05	5.126728877366280358e+03
4.779000000000000000e+05	5.126728877366280358e+03
4.779000000000000000e+05	5.266799999999993815e+03
4.788000000000000000e+05	5.266799999999993815e+03
4.788000000000000000e+05	5.820766091346740723e-11
4.797000000000000000e+05	5.820766091346740723e-11
4.797000000000000000e+05	0.000000000000000000e+00
4.806000000000000000e+05	0.000000000000000000e+00
4.806000000000000000e+05	5.625945726152403040e+03
4.815000000000000000e+05	5.625945726152403040e+03
4.815000000000000000e+05	5.166557278931072688e+03
4.824000000000000000e+05	5.166557278931072688e+03
4.824000000000000000e+05	5.245325670720718335e+03
4.833000000000000000e+05	5.245325670720718335e+03
4.833000000000000000e+05	0.000000000000000000e+00
4.842000000000000000e+05	0.000000000000000000e+00
4.842000000000000000e+05	1.764926123137249533e+03
4.851000000000000000e+05	1.764926123137249533e+03
4.851000000000000000e+05	5.434262893439700747e+03
4.860000000000000000e+05	5.434262893439700747e+03
4.860000000000000000e+05	7.826191066924948245e+03
4.869000000000000000e+05	7.826191066924948245e+03
4.869000000000000000e+05	0.000000000000000000e+00
4.878000000000000000e+05	0.000000000000000000e+00
4.878000000000000000e+05	0.000000000000000000e+00
4.887000000000000000e+05	0.000000000000000000e+00
4.887000000000000000e+05	0.000000000000000000e+00
4.896000000000000000e+05	0.000000000000000000e+00
4.896000000000000000e+05	9.000000000000000000e+03
4.905000000000000000e+05	9.000000000000000000e+03
4.905000000000000000e+05	0.000000000000000000e+00
4.914000000000000000e+05	0.000000000000000000e+00
4.914000000000000000e+05	5.824711742537211649e+03
4.923000000000000000e+05	5.824711742537211649e+03
4.923000000000000000e+05	0.000000000000000000e+00
4.932000000000000000e+05	0.000000000000000000e+00
4.932000000000000000e+05	1.460916318599658553e+03
4.941000000000000000e+05	1.460916318599658553e+03
4.941000000000000000e+05	0.000000000000000000e+00
4.950000000000000000e+05	0.000000000000000000e+00
4.950000000000000000e+05	0.000000000000000000e+00
4.959000000000000000e+05	0.000000000000000000e+00
4.959000000000000000e+05	5.692618881651767879e+03
4.968000000000000000e+05	5.692618881651767879e+03
4.968000000000000000e+05	5.820766091346740723e-11
4.977000000000000000e+05	5.820766091346740723e-11
4.977000000000000000e+05	0.000000000000000000e+00
4.986000000000000000e+05	0.000000000000000000e+00
4.986000000000000000e+05	0.000000000000000000e+00
4.995000000000000000e+05	0.000000000000000000e+00
4.995000000000000000e+05	0.000000000000000000e+00
5.004000000000000000e+05	0.000000000000000000e+00
5.004000000000000000e+05	7.444179636175977066e+03
5.013000000000000000e+05	7.444179636175977066e+03
5.013000000000000000e+05	0.000000000000000000e+00
5.022000000000000000e+05	0.000000000000000000e+00
5.022000000000000000e+05	5.581774763766316028e+03
5.031000000000000000e+05	5.581774763766316028e+03
5.031000000000000000e+05	3.033733208899355759e+03
5.040000000000000000e+05	3.033733208899355759e+03
5.040000000000000000e+05	0.000000000000000000e+00
5.049000000000000000e+05	0.000000000000000000e+00
5.049000000000000000e+05	0.000000000000000000e+00
5.058000000000000000e+05	0.000000000000000000e+00
5.058000000000000000e+05	0.000000000000000000e+00
5.067000000000000000e+05	0.000000000000000000e+00
5.067000000000000000e+05	0.000000000000000000e+00
5.076000000000000000e+05	0.000000000000000000e+00
5.076000000000000000e+05	5.820766091346740723e-11
5.085000000000000000e+05	5.820766091346740723e-11
5.085000000000000000e+05	0.000000000000000000e+00
5.094000000000000000e+05	0.000000000000000000e+00
5.094000000000000000e+05	0.000000000000000000e+00
5.103000000000000000e+05	0.000000000000000000e+00
5.103000000000000000e+05	0.000000000000000000e+00
5.112000000000000000e+05	0.000000000000000000e+00
5.112000000000000000e+05	0.000000000000000000e+00
5.121000000000000000e+05	0.000000000000000000e+00
5.121000000000000000e+05	0.000000000000000000e+00
5.130000000000000000e+05	0.000000000000000000e+00
5.130000000000000000e+05	0.000000000000000000e+00
5.139000000000000000e+05	0.000000000000000000e+00
5.139000000000000000e+05	0.000000000000000000e+00
5.148000000000000000e+05	0.000000000000000000e+00
5.148000000000000000e+05	5.820766091346740723e-11
5.157000000000000000e+05	5.820766091346740723e-11
5.157000000000000000e+05	0.000000000000000000e+00
5.166000000000000000e+05	0.000000000000000000e+00
5.166000000000000000e+05	0.000000000000000000e+00
5.175000000000000000e+05	0.000000000000000000e+00
5.175000000000000000e+05	0.000000000000000000e+00
5.184000000000000000e+05	0.000000000000000000e+00
5.184000000000000000e+05	5.820766091346740723e-11
5.193000000000000000e+05	5.820766091346740723e-11
5.193000000000000000e+05	0.000000000000000000e+00
5.202000000000000000e+05	0.000000000000000000e+00
5.202000000000000000e+05	0.000000000000000000e+00
5.211000000000000000e+05	0.000000000000000000e+00
5.211000000000000000e+05	0.000000000000000000e+00
5.220000000000000000e+05	0.000000000000000000e+00
5.220000000000000000e+05	9.999999999994179234e+01
5.229000000000000000e+05	9.999999999994179234e+01
5.229000000000000000e+05	0.000000000000000000e+00
5.238000000000000000e+05	0.000000000000000000e+00
5.238000000000000000e+05	9.999999999999636202e+01
5.247000000000000000e+05	9.999999999999636202e+01
5.247000000000000000e+05	9.999999999999636202e+01
5.256000000000000000e+05	9.999999999999636202e+01
5.256000000000000000e+05	0.000000000000000000e+00
5.265000000000000000e+05	0.000000000000000000e+00
5.265000000000000000e+05	9.999999999999717204e+01
5.274000000000000000e+05	9.999999999999717204e+01
5.274000000000000000e+05	0.000000000000000000e+00
5.283000000000000000e+05	0.000000000000000000e+00
5.283000000000000000e+05	9.999999999999447198e+01
5.292000000000000000e+05	9.999999999999447198e+01
5.292000000000000000e+05	-5.820766091346740723e-11
5.301000000000000000e+05	-5.820766091346740723e-11
5.301000000000000000e+05	0.000000000000000000e+00
5.310000000000000000e+05	0.000000000000000000e+00
5.310000000000000000e+05	0.000000000000000000e+00
5.319000000000000000e+05	0.000000000000000000e+00
5.319000000000000000e+05	0.000000000000000000e+00
5.328000000000000000e+05	0.000000000000000000e+00
5.328000000000000000e+05	4.480755317698407453e+03
5.337000000000000000e+05	4.480755317698407453e+03
5.337000000000000000e+05	9.999999999999909051e+01
5.346000000000000000e+05	9.999999999999909051e+01
5.346000000000000000e+05	0.000000000000000000e+00
5.355000000000000000e+05	0.000000000000000000e+00
5.355000000000000000e+05	0.000000000000000000e+00
5.364000000000000000e+05	0.000000000000000000e+00
5.364000000000000000e+05	0.000000000000000000e+00
5.373000000000000000e+05	0.000000000000000000e+00
5.373000000000000000e+05	0.000000000000000000e+00
5.382000000000000000e+05	0.000000000000000000e+00
5.382000000000000000e+05	5.851654793998471177e+03
5.391000000000000000e+05	5.851654793998471177e+03
5.391000000000000000e+05	0.000000000000000000e+00
5.400000000000000000e+05	0.000000000000000000e+00
5.400000000000000000e+05	3.964441874068405014e+03
5.409000000000000000e+05	3.964441874068405014e+03
5.409000000000000000e+05	0.000000000000000000e+00
5.418000000000000000e+05	0.000000000000000000e+00
5.418000000000000000e+05	0.000000000000000000e+00
5.427000000000000000e+05	0.000000000000000000e+00
5.427000000000000000e+05	5.026133871130701664e+03
5.436000000000000000e+05	5.026133871130701664e+03
5.436000000000000000e+05	8.833231884557520971e+03
5.445000000000000000e+05	8.833231884557520971e+03
5.445000000000000000e+05	9.000000000000000000e+03
5.454000000000000000e+05	9.000000000000000000e+03
5.454000000000000000e+05	9.000000000000000000e+03
5.463000000000000000e+05	9.000000000000000000e+03
5.463000000000000000e+05	9.000000000000000000e+03
5.472000000000000000e+05	9.000000000000000000e+03
5.472000000000000000e+05	9.000000000000000000e+03
5.481000000000000000e+05	9.000000000000000000e+03
5.481000000000000000e+05	9.000000000000000000e+03
5.490000000000000000e+05	9.000000000000000000e+03
5.490000000000000000e+05	9.000000000000000000e+03
5.499000000000000000e+05	9.000000000000000000e+03
5.499000000000000000e+05	9.000000000000000000e+03
5.508000000000000000e+05	9.000000000000000000e+03
5.508000000000000000e+05	0.000000000000000000e+00
5.517000000000000000e+05	0.000000000000000000e+00
5.517000000000000000e+05	5.215125098152584542e+03
5.526000000000000000e+05	5.215125098152584542e+03
5.526000000000000000e+05	5.266799999999993815e+03
5.535000000000000000e+05	5.266799999999993815e+03
5.535000000000000000e+05	5.266799999999993815e+03
5.544000000000000000e+05	5.266799999999993815e+03
5.544000000000000000e+05	2.959049675079644658e+03
5.553000000000000000e+05	2.959049675079644658e+03
5.553000000000000000e+05	4.487327839119766395e+03
5.562000000000000000e+05	4.487327839119766395e+03
5.562000000000000000e+05	2.331418814254934205e+03
5.571000000000000000e+05	2.331418814254934205e+03
5.571000000000000000e+05	4.770445710424429308e+03
5.580000000000000000e+05	4.770445710424429308e+03
5.580000000000000000e+05	5.266799999999988358e+03
5.589000000000000000e+05	5.266799999999988358e+03
5.589000000000000000e+05	0.000000000000000000e+00
5.598000000000000000e+05	0.000000000000000000e+00
5.598000000000000000e+05	6.466473882671003594e+03
5.607000000000000000e+05	6.466473882671003594e+03
5.607000000000000000e+05	0.000000000000000000e+00
5.616000000000000000e+05	0.000000000000000000e+00
5.616000000000000000e+05	7.348793970103841275e+03
5.625000000000000000e+05	7.348793970103841275e+03
5.625000000000000000e+05	4.540364337101522324e+03
5.634000000000000000e+05	4.540364337101522324e+03
5.634000000000000000e+05	0.000000000000000000e+00
5.643000000000000000e+05	0.000000000000000000e+00
5.643000000000000000e+05	3.964441874068372272e+03
5.652000000000000000e+05	3.964441874068372272e+03
5.652000000000000000e+05	-5.820766091346740723e-11
5.661000000000000000e+05	-5.820766091346740723e-11
5.661000000000000000e+05	5.296570561535948400e+03
5.670000000000000000e+05	5.296570561535948400e+03
5.670000000000000000e+05	5.811440759124599026e+03
5.679000000000000000e+05	5.811440759124599026e+03
5.679000000000000000e+05	0.000000000000000000e+00
5.688000000000000000e+05	0.000000000000000000e+00
5.688000000000000000e+05	5.340180740783107467e+03
5.697000000000000000e+05	5.340180740783107467e+03
5.697000000000000000e+05	5.266800000000000182e+03
5.706000000000000000e+05	5.266800000000000182e+03
5.706000000000000000e+05	6.080101047524055502e+03
5.715000000000000000e+05	6.080101047524055502e+03
5.715000000000000000e+05	4.420382948996995765e+03
5.724000000000000000e+05	4.420382948996995765e+03
5.724000000000000000e+05	5.820766091346740723e-11
5.733000000000000000e+05	5.820766091346740723e-11
5.733000000000000000e+05	0.000000000000000000e+00
5.742000000000000000e+05	0.000000000000000000e+00
5.742000000000000000e+05	0.000000000000000000e+00
5.751000000000000000e+05	0.000000000000000000e+00
5.751000000000000000e+05	0.000000000000000000e+00
5.760000000000000000e+05	0.000000000000000000e+00
5.760000000000000000e+05	-5.820766091346740723e-11
5.769000000000000000e+05	-5.820766091346740723e-11
5.769000000000000000e+05	0.000000000000000000e+00
5.778000000000000000e+05	0.000000000000000000e+00
5.778000000000000000e+05	0.000000000000000000e+00
5.787000000000000000e+05	0.000000000000000000e+00
5.787000000000000000e+05	9.000000000000000000e+03
5.796000000000000000e+05	9.000000000000000000e+03
5.796000000000000000e+05	-5.820766091346740723e-11
5.805000000000000000e+05	-5.820766091346740723e-11
5.805000000000000000e+05	0.000000000000000000e+00
5.814000000000000000e+05	0.000000000000000000e+00
5.814000000000000000e+05	0.000000000000000000e+00
5.823000000000000000e+05	0.000000000000000000e+00
5.823000000000000000e+05	4.060000000000000000e+03
5.832000000000000000e+05	4.060000000000000000e+03
5.832000000000000000e+05	-1.164153218269348145e-10
5.841000000000000000e+05	-1.164153218269348145e-10
5.841000000000000000e+05	9.999999999999909051e+01
5.850000000000000000e+05	9.999999999999909051e+01
5.850000000000000000e+05	8.972630547470710098e+02
5.859000000000000000e+05	8.972630547470710098e+02
5.859000000000000000e+05	5.806016590681621892e+03
5.868000000000000000e+05	5.806016590681621892e+03
5.868000000000000000e+05	0.000000000000000000e+00
5.877000000000000000e+05	0.000000000000000000e+00
5.877000000000000000e+05	6.060000000000005457e+03
5.886000000000000000e+05	6.060000000000005457e+03
5.886000000000000000e+05	0.000000000000000000e+00
5.895000000000000000e+05	0.000000000000000000e+00
5.895000000000000000e+05	0.000000000000000000e+00
5.904000000000000000e+05	0.000000000000000000e+00
5.904000000000000000e+05	7.497546747257583775e+03
5.913000000000000000e+05	7.497546747257583775e+03
5.913000000000000000e+05	0.000000000000000000e+00
5.922000000000000000e+05	0.000000000000000000e+00
5.922000000000000000e+05	0.000000000000000000e+00
5.931000000000000000e+05	0.000000000000000000e+00
5.931000000000000000e+05	0.000000000000000000e+00
5.940000000000000000e+05	0.000000000000000000e+00
5.940000000000000000e+05	0.000000000000000000e+00
5.949000000000000000e+05	0.000000000000000000e+00
5.949000000000000000e+05	0.000000000000000000e+00
5.958000000000000000e+05	0.000000000000000000e+00
5.958000000000000000e+05	0.000000000000000000e+00
5.967000000000000000e+05	0.000000000000000000e+00
5.967000000000000000e+05	0.000000000000000000e+00
5.976000000000000000e+05	0.000000000000000000e+00
5.976000000000000000e+05	0.000000000000000000e+00
5.985000000000000000e+05	0.000000000000000000e+00
5.985000000000000000e+05	0.000000000000000000e+00
5.994000000000000000e+05	0.000000000000000000e+00
5.994000000000000000e+05	0.000000000000000000e+00
6.003000000000000000e+05	0.000000000000000000e+00
6.003000000000000000e+05	0.000000000000000000e+00
6.012000000000000000e+05	0.000000000000000000e+00
6.012000000000000000e+05	0.000000000000000000e+00
6.021000000000000000e+05	0.000000000000000000e+00
6.021000000000000000e+05	0.000000000000000000e+00
6.030000000000000000e+05	0.000000000000000000e+00
6.030000000000000000e+05	0.000000000000000000e+00
6.039000000000000000e+05	0.000000000000000000e+00
6.039000000000000000e+05	0.000000000000000000e+00
6.048000000000000000e+05	0.000000000000000000e+00
