# #1
# double t_DHW(1344, 2)
0.000000000000000000e+00	3.231499999999999773e+02
9.000000000000000000e+02	3.231499999999999773e+02
9.000000000000000000e+02	3.231380000000000337e+02
1.800000000000000000e+03	3.231380000000000337e+02
1.800000000000000000e+03	3.231260044999999081e+02
2.700000000000000000e+03	3.231260044999999081e+02
2.700000000000000000e+03	3.231140134983123176e+02
3.600000000000000000e+03	3.231140134983123176e+02
3.600000000000000000e+03	3.230506284580427518e+02
4.500000000000000000e+03	3.230506284580427518e+02
4.500000000000000000e+03	3.249421052755917572e+02
5.400000000000000000e+03	3.249421052755917572e+02
5.400000000000000000e+03	3.254945219280789388e+02
6.300000000000000000e+03	3.254945219280789388e+02
6.300000000000000000e+03	3.254816427323559083e+02
7.200000000000000000e+03	3.254816427323559083e+02
7.200000000000000000e+03	3.260705036123746936e+02
8.100000000000000000e+03	3.260705036123746936e+02
8.100000000000000000e+03	3.260574084235200303e+02
9.000000000000000000e+03	3.260574084235200303e+02
9.000000000000000000e+03	3.260443181453611032e+02
9.900000000000000000e+03	3.260443181453611032e+02
9.900000000000000000e+03	3.260312327760564699e+02
1.080000000000000000e+04	3.260312327760564699e+02
1.080000000000000000e+04	3.259620558827805894e+02
1.170000000000000000e+04	3.259620558827805894e+02
1.170000000000000000e+04	3.271502332474934178e+02
1.260000000000000000e+04	3.271502332474934178e+02
1.260000000000000000e+04	3.271367331600251873e+02
1.350000000000000000e+04	3.271367331600251873e+02
1.350000000000000000e+04	3.271232381350896503e+02
1.440000000000000000e+04	3.271232381350896503e+02
1.440000000000000000e+04	3.258888291212589365e+02
1.530000000000000000e+04	3.258888291212589365e+02
1.530000000000000000e+04	3.258758020603385148e+02
1.620000000000000000e+04	3.258758020603385148e+02
1.620000000000000000e+04	3.258627798845657821e+02
1.710000000000000000e+04	3.258627798845657821e+02
1.710000000000000000e+04	3.258497625921089593e+02
1.800000000000000000e+04	3.258497625921089593e+02
1.800000000000000000e+04	3.257809729261486495e+02
1.890000000000000000e+04	3.257809729261486495e+02
1.890000000000000000e+04	3.257679863113013425e+02
1.980000000000000000e+04	3.257679863113013425e+02
1.980000000000000000e+04	3.257550045664344793e+02
2.070000000000000000e+04	3.257550045664344793e+02
2.070000000000000000e+04	3.257420276897219651e+02
2.160000000000000000e+04	3.257420276897219651e+02
2.160000000000000000e+04	3.256734619720174351e+02
2.250000000000000000e+04	3.256734619720174351e+02
2.250000000000000000e+04	3.256605156737779794e+02
2.340000000000000000e+04	3.256605156737779794e+02
2.340000000000000000e+04	3.256475742304003234e+02
2.430000000000000000e+04	3.256475742304003234e+02
2.430000000000000000e+04	3.256346376400639429e+02
2.520000000000000000e+04	3.256346376400639429e+02
2.520000000000000000e+04	3.255662949968547650e+02
2.610000000000000000e+04	3.255662949968547650e+02
2.610000000000000000e+04	3.179033888412309921e+02
2.700000000000000000e+04	3.179033888412309921e+02
2.700000000000000000e+04	3.178933563204155348e+02
2.790000000000000000e+04	3.178933563204155348e+02
2.790000000000000000e+04	3.177933275617951381e+02
2.880000000000000000e+04	3.177933275617951381e+02
2.880000000000000000e+04	3.182301139929164151e+02
2.970000000000000000e+04	3.182301139929164151e+02
2.970000000000000000e+04	3.181299589501690548e+02
3.060000000000000000e+04	3.181299589501690548e+02
3.060000000000000000e+04	3.180298414655626971e+02
3.150000000000000000e+04	3.180298414655626971e+02
3.150000000000000000e+04	3.179297615250128501e+02
3.240000000000000000e+04	3.179297615250128501e+02
3.240000000000000000e+04	3.177862383574843648e+02
3.330000000000000000e+04	3.177862383574843648e+02
3.330000000000000000e+04	3.176862497681003106e+02
3.420000000000000000e+04	3.176862497681003106e+02
3.420000000000000000e+04	3.176762986744372483e+02
3.510000000000000000e+04	3.176762986744372483e+02
3.510000000000000000e+04	3.194797908656554455e+02
3.600000000000000000e+04	3.194797908656554455e+02
3.600000000000000000e+04	3.185553214515830405e+02
3.690000000000000000e+04	3.185553214515830405e+02
3.690000000000000000e+04	3.185450444560387382e+02
3.780000000000000000e+04	3.185450444560387382e+02
3.780000000000000000e+04	3.185347713143677311e+02
3.870000000000000000e+04	3.185347713143677311e+02
3.870000000000000000e+04	3.185045020271248291e+02
3.960000000000000000e+04	3.185045020271248291e+02
3.960000000000000000e+04	3.184481998594943093e+02
4.050000000000000000e+04	3.184481998594943093e+02
4.050000000000000000e+04	3.184379630345469536e+02
4.140000000000000000e+04	3.184379630345469536e+02
4.140000000000000000e+04	3.184277300484089892e+02
4.230000000000000000e+04	3.184277300484089892e+02
4.230000000000000000e+04	3.183275008996405973e+02
4.320000000000000000e+04	3.183275008996405973e+02
4.320000000000000000e+04	3.181827523824561581e+02
4.410000000000000000e+04	3.181827523824561581e+02
4.410000000000000000e+04	3.182436677318913212e+02
4.500000000000000000e+04	3.182436677318913212e+02
4.500000000000000000e+04	3.183045602380707919e+02
4.590000000000000000e+04	3.183045602380707919e+02
4.590000000000000000e+04	3.183654299095603051e+02
4.680000000000000000e+04	3.183654299095603051e+02
4.680000000000000000e+04	3.192649493435841350e+02
4.770000000000000000e+04	3.192649493435841350e+02
4.770000000000000000e+04	3.192544062375803264e+02
4.860000000000000000e+04	3.192544062375803264e+02
4.860000000000000000e+04	3.192438670852412201e+02
4.950000000000000000e+04	3.192438670852412201e+02
4.950000000000000000e+04	3.192333318850842829e+02
5.040000000000000000e+04	3.192333318850842829e+02
5.040000000000000000e+04	3.196869558771822994e+02
5.130000000000000000e+04	3.196869558771822994e+02
5.130000000000000000e+04	3.196762545187283422e+02
5.220000000000000000e+04	3.196762545187283422e+02
5.220000000000000000e+04	3.196655571732838439e+02
5.310000000000000000e+04	3.196655571732838439e+02
5.310000000000000000e+04	3.195648638393438432e+02
5.400000000000000000e+04	3.195648638393438432e+02
5.400000000000000000e+04	3.195643125870086578e+02
5.490000000000000000e+04	3.195643125870086578e+02
5.490000000000000000e+04	3.195536572197885334e+02
5.580000000000000000e+04	3.195536572197885334e+02
5.580000000000000000e+04	3.195430058483311200e+02
5.670000000000000000e+04	3.195430058483311200e+02
5.670000000000000000e+04	3.194423584711377657e+02
5.760000000000000000e+04	3.194423584711377657e+02
5.760000000000000000e+04	3.193868348337878160e+02
5.850000000000000000e+04	3.193868348337878160e+02
5.850000000000000000e+04	3.193762460207251479e+02
5.940000000000000000e+04	3.193762460207251479e+02
5.940000000000000000e+04	3.193656611784674055e+02
6.030000000000000000e+04	3.193656611784674055e+02
6.030000000000000000e+04	3.192650803055254300e+02
6.120000000000000000e+04	3.192650803055254300e+02
6.120000000000000000e+04	3.192098533498536881e+02
6.210000000000000000e+04	3.192098533498536881e+02
6.210000000000000000e+04	3.192703835364263227e+02
6.300000000000000000e+04	3.192703835364263227e+02
6.300000000000000000e+04	3.192598383926001588e+02
6.390000000000000000e+04	3.192598383926001588e+02
6.390000000000000000e+04	3.192492972032029570e+02
6.480000000000000000e+04	3.192492972032029570e+02
6.480000000000000000e+04	3.187689770960657825e+02
6.570000000000000000e+04	3.187689770960657825e+02
6.570000000000000000e+04	3.184931199796548071e+02
6.660000000000000000e+04	3.184931199796548071e+02
6.660000000000000000e+04	3.184628663116624239e+02
6.750000000000000000e+04	3.184628663116624239e+02
6.750000000000000000e+04	3.184326239887955694e+02
6.840000000000000000e+04	3.184326239887955694e+02
6.840000000000000000e+04	3.183834028232705577e+02
6.930000000000000000e+04	3.183834028232705577e+02
6.930000000000000000e+04	3.182831902972117746e+02
7.020000000000000000e+04	3.182831902972117746e+02
7.020000000000000000e+04	3.201764549040713632e+02
7.110000000000000000e+04	3.201764549040713632e+02
7.110000000000000000e+04	3.201655699834821576e+02
7.200000000000000000e+04	3.201655699834821576e+02
7.200000000000000000e+04	3.179058362603644241e+02
7.290000000000000000e+04	3.179058362603644241e+02
7.290000000000000000e+04	3.179668554533456017e+02
7.380000000000000000e+04	3.179668554533456017e+02
7.380000000000000000e+04	3.179567991325506000e+02
7.470000000000000000e+04	3.179567991325506000e+02
7.470000000000000000e+04	3.173067465388759274e+02
7.560000000000000000e+04	3.173067465388759274e+02
7.560000000000000000e+04	3.169559218003307137e+02
7.650000000000000000e+04	3.169559218003307137e+02
7.650000000000000000e+04	3.169462445796555130e+02
7.740000000000000000e+04	3.169462445796555130e+02
7.740000000000000000e+04	3.168465709879380938e+02
7.830000000000000000e+04	3.168465709879380938e+02
7.830000000000000000e+04	3.148769347598176864e+02
7.920000000000000000e+04	3.148769347598176864e+02
7.920000000000000000e+04	3.148524771287887916e+02
8.010000000000000000e+04	3.148524771287887916e+02
8.010000000000000000e+04	3.148435886998654496e+02
8.100000000000000000e+04	3.148435886998654496e+02
8.100000000000000000e+04	3.148347036041030265e+02
8.190000000000000000e+04	3.148347036041030265e+02
8.190000000000000000e+04	3.148258218402514785e+02
8.280000000000000000e+04	3.148258218402514785e+02
8.280000000000000000e+04	3.147799645351120148e+02
8.370000000000000000e+04	3.147799645351120148e+02
8.370000000000000000e+04	3.147711032984113331e+02
8.460000000000000000e+04	3.147711032984113331e+02
8.460000000000000000e+04	3.147622453846744293e+02
8.550000000000000000e+04	3.147622453846744293e+02
8.550000000000000000e+04	3.147533907926551819e+02
8.640000000000000000e+04	3.147533907926551819e+02
8.640000000000000000e+04	3.147076677051292108e+02
8.730000000000000000e+04	3.147076677051292108e+02
8.730000000000000000e+04	3.146988335797398122e+02
8.820000000000000000e+04	3.146988335797398122e+02
8.820000000000000000e+04	3.146900027671474049e+02
8.910000000000000000e+04	3.146900027671474049e+02
8.910000000000000000e+04	3.146811752661097330e+02
9.000000000000000000e+04	3.146811752661097330e+02
9.000000000000000000e+04	3.146355860927930053e+02
9.090000000000000000e+04	3.146355860927930053e+02
9.090000000000000000e+04	3.146267789980080920e+02
9.180000000000000000e+04	3.146267789980080920e+02
9.180000000000000000e+04	3.146179752058838517e+02
9.270000000000000000e+04	3.146179752058838517e+02
9.270000000000000000e+04	3.146091747151816662e+02
9.360000000000000000e+04	3.146091747151816662e+02
9.360000000000000000e+04	3.145637191473842904e+02
9.450000000000000000e+04	3.145637191473842904e+02
9.450000000000000000e+04	3.145549390027040317e+02
9.540000000000000000e+04	3.145549390027040317e+02
9.540000000000000000e+04	3.145461621505780272e+02
9.630000000000000000e+04	3.145461621505780272e+02
9.630000000000000000e+04	3.145373885897715809e+02
9.720000000000000000e+04	3.145373885897715809e+02
9.720000000000000000e+04	3.144920663169290265e+02
9.810000000000000000e+04	3.144920663169290265e+02
9.810000000000000000e+04	3.145543656736390972e+02
9.900000000000000000e+04	3.145543656736390972e+02
9.900000000000000000e+04	3.145455890365115010e+02
9.990000000000000000e+04	3.145455890365115010e+02
9.990000000000000000e+04	3.145368156906228023e+02
1.008000000000000000e+05	3.145368156906228023e+02
1.008000000000000000e+05	3.140776391578997959e+02
1.017000000000000000e+05	3.140776391578997959e+02
1.017000000000000000e+05	3.140690412932156050e+02
1.026000000000000000e+05	3.140690412932156050e+02
1.026000000000000000e+05	3.140604466527306613e+02
1.035000000000000000e+05	3.140604466527306613e+02
1.035000000000000000e+05	3.140518552352359052e+02
1.044000000000000000e+05	3.140518552352359052e+02
1.044000000000000000e+05	3.137952043457482887e+02
1.053000000000000000e+05	3.137952043457482887e+02
1.053000000000000000e+05	3.137867123941186378e+02
1.062000000000000000e+05	3.137867123941186378e+02
1.062000000000000000e+05	3.162730236269708826e+02
1.071000000000000000e+05	3.162730236269708826e+02
1.071000000000000000e+05	3.187584024931107365e+02
1.080000000000000000e+05	3.187584024931107365e+02
1.080000000000000000e+05	3.202034917247976296e+02
1.089000000000000000e+05	3.202034917247976296e+02
1.089000000000000000e+05	3.201925966654008562e+02
1.098000000000000000e+05	3.201925966654008562e+02
1.098000000000000000e+05	3.201817056916513593e+02
1.107000000000000000e+05	3.201817056916513593e+02
1.107000000000000000e+05	3.201708188020169814e+02
1.116000000000000000e+05	3.201708188020169814e+02
1.116000000000000000e+05	3.201620619744176111e+02
1.125000000000000000e+05	3.201620619744176111e+02
1.125000000000000000e+05	3.172611824341771580e+02
1.134000000000000000e+05	3.172611824341771580e+02
1.134000000000000000e+05	3.172513907407643501e+02
1.143000000000000000e+05	3.172513907407643501e+02
1.143000000000000000e+05	3.171516027192365641e+02
1.152000000000000000e+05	3.171516027192365641e+02
1.152000000000000000e+05	3.171515508112495922e+02
1.161000000000000000e+05	3.171515508112495922e+02
1.161000000000000000e+05	3.170518002296954023e+02
1.170000000000000000e+05	3.170518002296954023e+02
1.170000000000000000e+05	3.169520870546092510e+02
1.179000000000000000e+05	3.169520870546092510e+02
1.179000000000000000e+05	3.168524112719638310e+02
1.188000000000000000e+05	3.168524112719638310e+02
1.188000000000000000e+05	3.167133497051957534e+02
1.197000000000000000e+05	3.167133497051957534e+02
1.197000000000000000e+05	3.166137634490563073e+02
1.206000000000000000e+05	3.166137634490563073e+02
1.206000000000000000e+05	3.166042145377629140e+02
1.215000000000000000e+05	3.166042145377629140e+02
1.215000000000000000e+05	3.165046692073112808e+02
1.224000000000000000e+05	3.165046692073112808e+02
1.224000000000000000e+05	3.164539785223254853e+02
1.233000000000000000e+05	3.164539785223254853e+02
1.233000000000000000e+05	3.164444895303795988e+02
1.242000000000000000e+05	3.164444895303795988e+02
1.242000000000000000e+05	3.164350040968056987e+02
1.251000000000000000e+05	3.164350040968056987e+02
1.251000000000000000e+05	3.164055222222693828e+02
1.260000000000000000e+05	3.164055222222693828e+02
1.260000000000000000e+05	3.163531688766389038e+02
1.269000000000000000e+05	3.163531688766389038e+02
1.269000000000000000e+05	3.163437176883101642e+02
1.278000000000000000e+05	3.163437176883101642e+02
1.278000000000000000e+05	3.163342700441770603e+02
1.287000000000000000e+05	3.163342700441770603e+02
1.287000000000000000e+05	3.162348259429104473e+02
1.296000000000000000e+05	3.162348259429104473e+02
1.296000000000000000e+05	3.160940559108568664e+02
1.305000000000000000e+05	3.160940559108568664e+02
1.305000000000000000e+05	3.183786022293488713e+02
1.314000000000000000e+05	3.183786022293488713e+02
1.314000000000000000e+05	3.195137053952672090e+02
1.323000000000000000e+05	3.195137053952672090e+02
1.323000000000000000e+05	3.195030690057440665e+02
1.332000000000000000e+05	3.195030690057440665e+02
1.332000000000000000e+05	3.186817614588977108e+02
1.341000000000000000e+05	3.186817614588977108e+02
1.341000000000000000e+05	3.186714370483505832e+02
1.350000000000000000e+05	3.186714370483505832e+02
1.350000000000000000e+05	3.234577487522683441e+02
1.359000000000000000e+05	3.234577487522683441e+02
1.359000000000000000e+05	3.234456333464862610e+02
1.368000000000000000e+05	3.234456333464862610e+02
1.368000000000000000e+05	3.183718640227199899e+02
1.377000000000000000e+05	3.183718640227199899e+02
1.377000000000000000e+05	3.183616558237114305e+02
1.386000000000000000e+05	3.183616558237114305e+02
1.386000000000000000e+05	3.183514514527775532e+02
1.395000000000000000e+05	3.183514514527775532e+02
1.395000000000000000e+05	3.225693388875335472e+02
1.404000000000000000e+05	3.225693388875335472e+02
1.404000000000000000e+05	3.191963178650054829e+02
1.413000000000000000e+05	3.191963178650054829e+02
1.413000000000000000e+05	3.191858004958061201e+02
1.422000000000000000e+05	3.191858004958061201e+02
1.422000000000000000e+05	3.191752870706201861e+02
1.431000000000000000e+05	3.191752870706201861e+02
1.431000000000000000e+05	3.190747775879686969e+02
1.440000000000000000e+05	3.190747775879686969e+02
1.440000000000000000e+05	3.190193842964546320e+02
1.449000000000000000e+05	3.190193842964546320e+02
1.449000000000000000e+05	3.190089332773434876e+02
1.458000000000000000e+05	3.190089332773434876e+02
1.458000000000000000e+05	3.189984861773644980e+02
1.467000000000000000e+05	3.189984861773644980e+02
1.467000000000000000e+05	3.188980429950480016e+02
1.476000000000000000e+05	3.188980429950480016e+02
1.476000000000000000e+05	3.188429500799325638e+02
1.485000000000000000e+05	3.188429500799325638e+02
1.485000000000000000e+05	3.188325652236525798e+02
1.494000000000000000e+05	3.188325652236525798e+02
1.494000000000000000e+05	3.188221842616937352e+02
1.503000000000000000e+05	3.188221842616937352e+02
1.503000000000000000e+05	3.188118071925956087e+02
1.512000000000000000e+05	3.188118071925956087e+02
1.512000000000000000e+05	3.187574528518566126e+02
1.521000000000000000e+05	3.187574528518566126e+02
1.521000000000000000e+05	3.186571000570371552e+02
1.530000000000000000e+05	3.186571000570371552e+02
1.530000000000000000e+05	3.186267848965157441e+02
1.539000000000000000e+05	3.186267848965157441e+02
1.539000000000000000e+05	3.185964811041792473e+02
1.548000000000000000e+05	3.185964811041792473e+02
1.548000000000000000e+05	3.185429943274786524e+02
1.557000000000000000e+05	3.185429943274786524e+02
1.557000000000000000e+05	3.204852090138844005e+02
1.566000000000000000e+05	3.204852090138844005e+02
1.566000000000000000e+05	3.204742083105041957e+02
1.575000000000000000e+05	3.204742083105041957e+02
1.575000000000000000e+05	3.204632117323877765e+02
1.584000000000000000e+05	3.204632117323877765e+02
1.584000000000000000e+05	3.182424484790930705e+02
1.593000000000000000e+05	3.182424484790930705e+02
1.593000000000000000e+05	3.182322888109134169e+02
1.602000000000000000e+05	3.182322888109134169e+02
1.602000000000000000e+05	3.182221329526093427e+02
1.611000000000000000e+05	3.182221329526093427e+02
1.611000000000000000e+05	3.175719808587521129e+02
1.620000000000000000e+05	3.175719808587521129e+02
1.620000000000000000e+05	3.175261785673096711e+02
1.629000000000000000e+05	3.175261785673096711e+02
1.629000000000000000e+05	3.204010243424521036e+02
1.638000000000000000e+05	3.204010243424521036e+02
1.638000000000000000e+05	3.231847920504289959e+02
1.647000000000000000e+05	3.231847920504289959e+02
1.647000000000000000e+05	3.168727789584100947e+02
1.656000000000000000e+05	3.168727789584100947e+02
1.656000000000000000e+05	3.153942979869029841e+02
1.665000000000000000e+05	3.153942979869029841e+02
1.665000000000000000e+05	3.154562590067368433e+02
1.674000000000000000e+05	3.154562590067368433e+02
1.674000000000000000e+05	3.154471441596093086e+02
1.683000000000000000e+05	3.154471441596093086e+02
1.683000000000000000e+05	3.154380327305494802e+02
1.692000000000000000e+05	3.154380327305494802e+02
1.692000000000000000e+05	3.168899966688183554e+02
1.701000000000000000e+05	3.168899966688183554e+02
1.701000000000000000e+05	3.168803441700674171e+02
1.710000000000000000e+05	3.168803441700674171e+02
1.710000000000000000e+05	3.168706952910036421e+02
1.719000000000000000e+05	3.168706952910036421e+02
1.719000000000000000e+05	3.168610500302695527e+02
1.728000000000000000e+05	3.168610500302695527e+02
1.728000000000000000e+05	3.168110275451001598e+02
1.737000000000000000e+05	3.168110275451001598e+02
1.737000000000000000e+05	3.168014046597706965e+02
1.746000000000000000e+05	3.168014046597706965e+02
1.746000000000000000e+05	3.167917853830232957e+02
1.755000000000000000e+05	3.167917853830232957e+02
1.755000000000000000e+05	3.196756659653182737e+02
1.764000000000000000e+05	3.196756659653182737e+02
1.764000000000000000e+05	3.169723429599636120e+02
1.773000000000000000e+05	3.169723429599636120e+02
1.773000000000000000e+05	3.169626595813535914e+02
1.782000000000000000e+05	3.169626595813535914e+02
1.782000000000000000e+05	3.169529798340105913e+02
1.791000000000000000e+05	3.169529798340105913e+02
1.791000000000000000e+05	3.169433037165728706e+02
1.800000000000000000e+05	3.169433037165728706e+02
1.800000000000000000e+05	3.168927568905620547e+02
1.809000000000000000e+05	3.168927568905620547e+02
1.809000000000000000e+05	3.168831033567283271e+02
1.818000000000000000e+05	3.168831033567283271e+02
1.818000000000000000e+05	3.168734534429695486e+02
1.827000000000000000e+05	3.168734534429695486e+02
1.827000000000000000e+05	3.197485439900337383e+02
1.836000000000000000e+05	3.197485439900337383e+02
1.836000000000000000e+05	3.202794699785065404e+02
1.845000000000000000e+05	3.202794699785065404e+02
1.845000000000000000e+05	3.202685464272645959e+02
1.854000000000000000e+05	3.202685464272645959e+02
1.854000000000000000e+05	3.202576269723543874e+02
1.863000000000000000e+05	3.202576269723543874e+02
1.863000000000000000e+05	3.202467116122397215e+02
1.872000000000000000e+05	3.202467116122397215e+02
1.872000000000000000e+05	3.202755769996306299e+02
1.881000000000000000e+05	3.202755769996306299e+02
1.881000000000000000e+05	3.202646549082558067e+02
1.890000000000000000e+05	3.202646549082558067e+02
1.890000000000000000e+05	3.202537369126652038e+02
1.899000000000000000e+05	3.202537369126652038e+02
1.899000000000000000e+05	3.230349893175159650e+02
1.908000000000000000e+05	3.230349893175159650e+02
1.908000000000000000e+05	3.198348235457109467e+02
1.917000000000000000e+05	3.198348235457109467e+02
1.917000000000000000e+05	3.198240667368812638e+02
1.926000000000000000e+05	3.198240667368812638e+02
1.926000000000000000e+05	3.198133139618549308e+02
1.935000000000000000e+05	3.198133139618549308e+02
1.935000000000000000e+05	3.226873020612245000e+02
1.944000000000000000e+05	3.226873020612245000e+02
1.944000000000000000e+05	3.232712489480154545e+02
1.953000000000000000e+05	3.232712489480154545e+02
1.953000000000000000e+05	3.232592034796599023e+02
1.962000000000000000e+05	3.232592034796599023e+02
1.962000000000000000e+05	3.232471625283550338e+02
1.971000000000000000e+05	3.232471625283550338e+02
1.971000000000000000e+05	3.232351260924069152e+02
1.980000000000000000e+05	3.232351260924069152e+02
1.980000000000000000e+05	3.232605837377641933e+02
1.989000000000000000e+05	3.232605837377641933e+02
1.989000000000000000e+05	3.232396344917673900e+02
1.998000000000000000e+05	3.232396344917673900e+02
1.998000000000000000e+05	3.232276008788329591e+02
2.007000000000000000e+05	3.232276008788329591e+02
2.007000000000000000e+05	3.231255717785034562e+02
2.016000000000000000e+05	3.231255717785034562e+02
2.016000000000000000e+05	3.207916417665772997e+02
2.025000000000000000e+05	3.207916417665772997e+02
2.025000000000000000e+05	3.206905261509148204e+02
2.034000000000000000e+05	3.206905261509148204e+02
2.034000000000000000e+05	3.205894484536082132e+02
2.043000000000000000e+05	3.205894484536082132e+02
2.043000000000000000e+05	3.204884086604380968e+02
2.052000000000000000e+05	3.204884086604380968e+02
2.052000000000000000e+05	3.203428318977752269e+02
2.061000000000000000e+05	3.203428318977752269e+02
2.061000000000000000e+05	3.250057903515861426e+02
2.070000000000000000e+05	3.250057903515861426e+02
2.070000000000000000e+05	3.249930944302042803e+02
2.079000000000000000e+05	3.249930944302042803e+02
2.079000000000000000e+05	3.248904032697930120e+02
2.088000000000000000e+05	3.248904032697930120e+02
2.088000000000000000e+05	3.201701769559784339e+02
2.097000000000000000e+05	3.201701769559784339e+02
2.097000000000000000e+05	3.201592943896199017e+02
2.106000000000000000e+05	3.201592943896199017e+02
2.106000000000000000e+05	3.202194685358027186e+02
2.115000000000000000e+05	3.202194685358027186e+02
2.115000000000000000e+05	3.201885674871018637e+02
2.124000000000000000e+05	3.201885674871018637e+02
2.124000000000000000e+05	3.201242126828690857e+02
2.133000000000000000e+05	3.201242126828690857e+02
2.133000000000000000e+05	3.201133473531129994e+02
2.142000000000000000e+05	3.201133473531129994e+02
2.142000000000000000e+05	3.201024860978556035e+02
2.151000000000000000e+05	3.201024860978556035e+02
2.151000000000000000e+05	3.222865773891275580e+02
2.160000000000000000e+05	3.222865773891275580e+02
2.160000000000000000e+05	3.212401785522387172e+02
2.169000000000000000e+05	3.212401785522387172e+02
2.169000000000000000e+05	3.212288947352816422e+02
2.178000000000000000e+05	3.212288947352816422e+02
2.178000000000000000e+05	3.231210547029770055e+02
2.187000000000000000e+05	3.231210547029770055e+02
2.187000000000000000e+05	3.231090655574633956e+02
2.196000000000000000e+05	3.231090655574633956e+02
2.196000000000000000e+05	3.236393735484686545e+02
2.205000000000000000e+05	3.236393735484686545e+02
2.205000000000000000e+05	3.236271900333879898e+02
2.214000000000000000e+05	3.236271900333879898e+02
2.214000000000000000e+05	3.236150110871254810e+02
2.223000000000000000e+05	3.236150110871254810e+02
2.223000000000000000e+05	3.236028367079678674e+02
2.232000000000000000e+05	3.236028367079678674e+02
2.232000000000000000e+05	3.236413889280415219e+02
2.241000000000000000e+05	3.236413889280415219e+02
2.241000000000000000e+05	3.236292046571934975e+02
2.250000000000000000e+05	3.236292046571934975e+02
2.250000000000000000e+05	3.236170249554470502e+02
2.259000000000000000e+05	3.236170249554470502e+02
2.259000000000000000e+05	3.235148498210887738e+02
2.268000000000000000e+05	3.235148498210887738e+02
2.268000000000000000e+05	3.234502356554141898e+02
2.277000000000000000e+05	3.234502356554141898e+02
2.277000000000000000e+05	3.234381230670433638e+02
2.286000000000000000e+05	3.234381230670433638e+02
2.286000000000000000e+05	3.253639582925949298e+02
2.295000000000000000e+05	3.253639582925949298e+02
2.295000000000000000e+05	3.252611280582352151e+02
2.304000000000000000e+05	3.252611280582352151e+02
2.304000000000000000e+05	3.228465633135591020e+02
2.313000000000000000e+05	3.228465633135591020e+02
2.313000000000000000e+05	3.228346771023165047e+02
2.322000000000000000e+05	3.228346771023165047e+02
2.322000000000000000e+05	3.228227953484031332e+02
2.331000000000000000e+05	3.228227953484031332e+02
2.331000000000000000e+05	3.227209180501474748e+02
2.340000000000000000e+05	3.227209180501474748e+02
2.340000000000000000e+05	3.226584909681960198e+02
2.349000000000000000e+05	3.226584909681960198e+02
2.349000000000000000e+05	3.226466752840829599e+02
2.358000000000000000e+05	3.226466752840829599e+02
2.358000000000000000e+05	3.227059166624303543e+02
2.367000000000000000e+05	3.227059166624303543e+02
2.367000000000000000e+05	3.226940831936819336e+02
2.376000000000000000e+05	3.226940831936819336e+02
2.376000000000000000e+05	3.227778549409526931e+02
2.385000000000000000e+05	3.227778549409526931e+02
2.385000000000000000e+05	3.226759944953498689e+02
2.394000000000000000e+05	3.226759944953498689e+02
2.394000000000000000e+05	3.227152248809930484e+02
2.403000000000000000e+05	3.227152248809930484e+02
2.403000000000000000e+05	3.242568275098838058e+02
2.412000000000000000e+05	3.242568275098838058e+02
2.412000000000000000e+05	3.234520388296955389e+02
2.421000000000000000e+05	3.234520388296955389e+02
2.421000000000000000e+05	3.233499255651344129e+02
2.430000000000000000e+05	3.233499255651344129e+02
2.430000000000000000e+05	3.233378505930473921e+02
2.439000000000000000e+05	3.233378505930473921e+02
2.439000000000000000e+05	3.233257801490748875e+02
2.448000000000000000e+05	3.233257801490748875e+02
2.448000000000000000e+05	3.232630083686863713e+02
2.457000000000000000e+05	3.232630083686863713e+02
2.457000000000000000e+05	3.232509659905481385e+02
2.466000000000000000e+05	3.232509659905481385e+02
2.466000000000000000e+05	3.232389281283016658e+02
2.475000000000000000e+05	3.232389281283016658e+02
2.475000000000000000e+05	3.208268946152535932e+02
2.484000000000000000e+05	3.208268946152535932e+02
2.484000000000000000e+05	3.210100395030264053e+02
2.493000000000000000e+05	3.210100395030264053e+02
2.493000000000000000e+05	3.209988419882128028e+02
2.502000000000000000e+05	3.209988419882128028e+02
2.502000000000000000e+05	3.208976486724671986e+02
2.511000000000000000e+05	3.208976486724671986e+02
2.511000000000000000e+05	3.189264932902150349e+02
2.520000000000000000e+05	3.189264932902150349e+02
2.520000000000000000e+05	3.188924882916429056e+02
2.529000000000000000e+05	3.188924882916429056e+02
2.529000000000000000e+05	3.188820848585335170e+02
2.538000000000000000e+05	3.188820848585335170e+02
2.538000000000000000e+05	3.188716853267115425e+02
2.547000000000000000e+05	3.188716853267115425e+02
2.547000000000000000e+05	3.188612896947137756e+02
2.556000000000000000e+05	3.188612896947137756e+02
2.556000000000000000e+05	3.188078597172645914e+02
2.565000000000000000e+05	3.188078597172645914e+02
2.565000000000000000e+05	3.187974880198706273e+02
2.574000000000000000e+05	3.187974880198706273e+02
2.574000000000000000e+05	3.187871202118631686e+02
2.583000000000000000e+05	3.187871202118631686e+02
2.583000000000000000e+05	3.187767562917837267e+02
2.592000000000000000e+05	3.187767562917837267e+02
2.592000000000000000e+05	3.187234792184344769e+02
2.601000000000000000e+05	3.187234792184344769e+02
2.601000000000000000e+05	3.187131391637275897e+02
2.610000000000000000e+05	3.187131391637275897e+02
2.610000000000000000e+05	3.187028029865412009e+02
2.619000000000000000e+05	3.187028029865412009e+02
2.619000000000000000e+05	3.186924706854210285e+02
2.628000000000000000e+05	3.186924706854210285e+02
2.628000000000000000e+05	3.186393462181010818e+02
2.637000000000000000e+05	3.186393462181010818e+02
2.637000000000000000e+05	3.186290377132692697e+02
2.646000000000000000e+05	3.186290377132692697e+02
2.646000000000000000e+05	3.186187330741267942e+02
2.655000000000000000e+05	3.186187330741267942e+02
2.655000000000000000e+05	3.186084322992239777e+02
2.664000000000000000e+05	3.186084322992239777e+02
2.664000000000000000e+05	3.185554601441634190e+02
2.673000000000000000e+05	3.185554601441634190e+02
2.673000000000000000e+05	3.185451830966093212e+02
2.682000000000000000e+05	3.185451830966093212e+02
2.682000000000000000e+05	3.185349099029480726e+02
2.691000000000000000e+05	3.185349099029480726e+02
2.691000000000000000e+05	3.185246405617342589e+02
2.700000000000000000e+05	3.185246405617342589e+02
2.700000000000000000e+05	3.184718204164711324e+02
2.709000000000000000e+05	3.184718204164711324e+02
2.709000000000000000e+05	3.184615747338149845e+02
2.718000000000000000e+05	3.184615747338149845e+02
2.718000000000000000e+05	3.184513328932898162e+02
2.727000000000000000e+05	3.184513328932898162e+02
2.727000000000000000e+05	3.184410948934545331e+02
2.736000000000000000e+05	3.184410948934545331e+02
2.736000000000000000e+05	3.183884264614241602e+02
2.745000000000000000e+05	3.183884264614241602e+02
2.745000000000000000e+05	3.183782120515011229e+02
2.754000000000000000e+05	3.183782120515011229e+02
2.754000000000000000e+05	3.183680014719818132e+02
2.763000000000000000e+05	3.183680014719818132e+02
2.763000000000000000e+05	3.183577947214298547e+02
2.772000000000000000e+05	3.183577947214298547e+02
2.772000000000000000e+05	3.183052777060681819e+02
2.781000000000000000e+05	3.183052777060681819e+02
2.781000000000000000e+05	3.182950944769283979e+02
2.790000000000000000e+05	3.182950944769283979e+02
2.790000000000000000e+05	3.182849150664995364e+02
2.799000000000000000e+05	3.182849150664995364e+02
2.799000000000000000e+05	3.182747394733493707e+02
2.808000000000000000e+05	3.182747394733493707e+02
2.808000000000000000e+05	3.182223735748537479e+02
2.817000000000000000e+05	3.182223735748537479e+02
2.817000000000000000e+05	3.182122214347631939e+02
2.826000000000000000e+05	3.182122214347631939e+02
2.826000000000000000e+05	3.182020731017251478e+02
2.835000000000000000e+05	3.182020731017251478e+02
2.835000000000000000e+05	3.181919285743120440e+02
2.844000000000000000e+05	3.181919285743120440e+02
2.844000000000000000e+05	3.181397134872263450e+02
2.853000000000000000e+05	3.181397134872263450e+02
2.853000000000000000e+05	3.152395923276686176e+02
2.862000000000000000e+05	3.152395923276686176e+02
2.862000000000000000e+05	3.152305587305457379e+02
2.871000000000000000e+05	3.152305587305457379e+02
2.871000000000000000e+05	3.151315285210215507e+02
2.880000000000000000e+05	3.151315285210215507e+02
2.880000000000000000e+05	3.151325329178832249e+02
2.889000000000000000e+05	3.151325329178832249e+02
2.889000000000000000e+05	3.150335394680390095e+02
2.898000000000000000e+05	3.150335394680390095e+02
2.898000000000000000e+05	3.149345831407384821e+02
2.907000000000000000e+05	3.149345831407384821e+02
2.907000000000000000e+05	3.148356639220603483e+02
2.916000000000000000e+05	3.148356639220603483e+02
2.916000000000000000e+05	3.146984396351501800e+02
2.925000000000000000e+05	3.146984396351501800e+02
2.925000000000000000e+05	3.145996089702869654e+02
2.934000000000000000e+05	3.145996089702869654e+02
2.934000000000000000e+05	3.145908153669230956e+02
2.943000000000000000e+05	3.145908153669230956e+02
2.943000000000000000e+05	3.144920250611605184e+02
2.952000000000000000e+05	3.144920250611605184e+02
2.952000000000000000e+05	3.144432097242965938e+02
2.961000000000000000e+05	3.144432097242965938e+02
2.961000000000000000e+05	3.144344747706499561e+02
2.970000000000000000e+05	3.144344747706499561e+02
2.970000000000000000e+05	3.144257430926109578e+02
2.979000000000000000e+05	3.144257430926109578e+02
2.979000000000000000e+05	3.143970146909510390e+02
2.988000000000000000e+05	3.143970146909510390e+02
2.988000000000000000e+05	3.143468209670328406e+02
2.997000000000000000e+05	3.143468209670328406e+02
2.997000000000000000e+05	3.143381221591702115e+02
3.006000000000000000e+05	3.143381221591702115e+02
3.006000000000000000e+05	3.143294266133605106e+02
3.015000000000000000e+05	3.143294266133605106e+02
3.015000000000000000e+05	3.142307343283805494e+02
3.024000000000000000e+05	3.142307343283805494e+02
3.024000000000000000e+05	3.140918673044067759e+02
3.033000000000000000e+05	3.140918673044067759e+02
3.033000000000000000e+05	3.140832641041675970e+02
3.042000000000000000e+05	3.140832641041675970e+02
3.042000000000000000e+05	3.140746641301285536e+02
3.051000000000000000e+05	3.140746641301285536e+02
3.051000000000000000e+05	3.140660673810797334e+02
3.060000000000000000e+05	3.140660673810797334e+02
3.060000000000000000e+05	3.138573271219919434e+02
3.069000000000000000e+05	3.138573271219919434e+02
3.069000000000000000e+05	3.138488118743211999e+02
3.078000000000000000e+05	3.138488118743211999e+02
3.078000000000000000e+05	3.138402998198683349e+02
3.087000000000000000e+05	3.138402998198683349e+02
3.087000000000000000e+05	3.138317909574358850e+02
3.096000000000000000e+05	3.138317909574358850e+02
3.096000000000000000e+05	3.137884345397432071e+02
3.105000000000000000e+05	3.137884345397432071e+02
3.105000000000000000e+05	3.137799451267907784e+02
3.114000000000000000e+05	3.137799451267907784e+02
3.114000000000000000e+05	3.166561957394735032e+02
3.123000000000000000e+05	3.166561957394735032e+02
3.123000000000000000e+05	3.165566309160712422e+02
3.132000000000000000e+05	3.165566309160712422e+02
3.132000000000000000e+05	3.136327735836666761e+02
3.141000000000000000e+05	3.136327735836666761e+02
3.141000000000000000e+05	3.136243425435727659e+02
3.150000000000000000e+05	3.136243425435727659e+02
3.150000000000000000e+05	3.136159146651189076e+02
3.159000000000000000e+05	3.136159146651189076e+02
3.159000000000000000e+05	3.135174899471190884e+02
3.168000000000000000e+05	3.135174899471190884e+02
3.168000000000000000e+05	3.134713660081827697e+02
3.177000000000000000e+05	3.134713660081827697e+02
3.177000000000000000e+05	3.134629954959297038e+02
3.186000000000000000e+05	3.134629954959297038e+02
3.186000000000000000e+05	3.134546281226187148e+02
3.195000000000000000e+05	3.134546281226187148e+02
3.195000000000000000e+05	3.133562638870727710e+02
3.204000000000000000e+05	3.133562638870727710e+02
3.204000000000000000e+05	3.133104203090509259e+02
3.213000000000000000e+05	3.133104203090509259e+02
3.213000000000000000e+05	3.133731627830140383e+02
3.222000000000000000e+05	3.133731627830140383e+02
3.222000000000000000e+05	3.133648290969704249e+02
3.231000000000000000e+05	3.133648290969704249e+02
3.231000000000000000e+05	3.133564985360590640e+02
3.240000000000000000e+05	3.133564985360590640e+02
3.240000000000000000e+05	3.130256770124414061e+02
3.249000000000000000e+05	3.130256770124414061e+02
3.249000000000000000e+05	3.129274736335617035e+02
3.258000000000000000e+05	3.129274736335617035e+02
3.258000000000000000e+05	3.128993070829491217e+02
3.267000000000000000e+05	3.128993070829491217e+02
3.267000000000000000e+05	3.128711510947930492e+02
3.276000000000000000e+05	3.128711510947930492e+02
3.276000000000000000e+05	3.128286616486172989e+02
3.285000000000000000e+05	3.128286616486172989e+02
3.285000000000000000e+05	3.127305321504990161e+02
3.294000000000000000e+05	3.127305321504990161e+02
3.294000000000000000e+05	3.127224394509426020e+02
3.303000000000000000e+05	3.127224394509426020e+02
3.303000000000000000e+05	3.127143497861484889e+02
3.312000000000000000e+05	3.127143497861484889e+02
3.312000000000000000e+05	3.140922732404122257e+02
3.321000000000000000e+05	3.140922732404122257e+02
3.321000000000000000e+05	3.140836698879470532e+02
3.330000000000000000e+05	3.140836698879470532e+02
3.330000000000000000e+05	3.140750697617390870e+02
3.339000000000000000e+05	3.140750697617390870e+02
3.339000000000000000e+05	3.134264728165784391e+02
3.348000000000000000e+05	3.134264728165784391e+02
3.348000000000000000e+05	3.134123715383823310e+02
3.357000000000000000e+05	3.134123715383823310e+02
3.357000000000000000e+05	3.134040231490554334e+02
3.366000000000000000e+05	3.134040231490554334e+02
3.366000000000000000e+05	3.133056778903745112e+02
3.375000000000000000e+05	3.133056778903745112e+02
3.375000000000000000e+05	3.113373694971655823e+02
3.384000000000000000e+05	3.113373694971655823e+02
3.384000000000000000e+05	3.113190595263397427e+02
3.393000000000000000e+05	3.113190595263397427e+02
3.393000000000000000e+05	3.113114961290173142e+02
3.402000000000000000e+05	3.113114961290173142e+02
3.402000000000000000e+05	3.113039355679689493e+02
3.411000000000000000e+05	3.113039355679689493e+02
3.411000000000000000e+05	3.112963778421309371e+02
3.420000000000000000e+05	3.112963778421309371e+02
3.420000000000000000e+05	3.112575656061757172e+02
3.429000000000000000e+05	3.112575656061757172e+02
3.429000000000000000e+05	3.112500252690734328e+02
3.438000000000000000e+05	3.112500252690734328e+02
3.438000000000000000e+05	3.112424877595975090e+02
3.447000000000000000e+05	3.112424877595975090e+02
3.447000000000000000e+05	3.112349530766876455e+02
3.456000000000000000e+05	3.112349530766876455e+02
3.456000000000000000e+05	3.111962514509403945e+02
3.465000000000000000e+05	3.111962514509403945e+02
3.465000000000000000e+05	3.140734709487514920e+02
3.474000000000000000e+05	3.140734709487514920e+02
3.474000000000000000e+05	3.140648746471457002e+02
3.483000000000000000e+05	3.140648746471457002e+02
3.483000000000000000e+05	3.140562815691529863e+02
3.492000000000000000e+05	3.140562815691529863e+02
3.492000000000000000e+05	3.109666617299318432e+02
3.501000000000000000e+05	3.109666617299318432e+02
3.501000000000000000e+05	3.138439673238883643e+02
3.510000000000000000e+05	3.138439673238883643e+02
3.510000000000000000e+05	3.138354570861419006e+02
3.519000000000000000e+05	3.138354570861419006e+02
3.519000000000000000e+05	3.138269500397345837e+02
3.528000000000000000e+05	3.138269500397345837e+02
3.528000000000000000e+05	3.113656475730296052e+02
3.537000000000000000e+05	3.113656475730296052e+02
3.537000000000000000e+05	3.113580667051897422e+02
3.546000000000000000e+05	3.113580667051897422e+02
3.546000000000000000e+05	3.113504886801753173e+02
3.555000000000000000e+05	3.113504886801753173e+02
3.555000000000000000e+05	3.113429134969202323e+02
3.564000000000000000e+05	3.113429134969202323e+02
3.564000000000000000e+05	3.113032926772546602e+02
3.573000000000000000e+05	3.113032926772546602e+02
3.573000000000000000e+05	3.112957351925007288e+02
3.582000000000000000e+05	3.112957351925007288e+02
3.582000000000000000e+05	3.112881805418035697e+02
3.591000000000000000e+05	3.112881805418035697e+02
3.591000000000000000e+05	3.112806287241003815e+02
3.600000000000000000e+05	3.112806287241003815e+02
3.600000000000000000e+05	3.112411285809526476e+02
3.609000000000000000e+05	3.112411285809526476e+02
3.609000000000000000e+05	3.112335944077348699e+02
3.618000000000000000e+05	3.112335944077348699e+02
3.618000000000000000e+05	3.112260630598319722e+02
3.627000000000000000e+05	3.112260630598319722e+02
3.627000000000000000e+05	3.112185345361845066e+02
3.636000000000000000e+05	3.112185345361845066e+02
3.636000000000000000e+05	3.111791547205781399e+02
3.645000000000000000e+05	3.111791547205781399e+02
3.645000000000000000e+05	3.111716437875579118e+02
3.654000000000000000e+05	3.111716437875579118e+02
3.654000000000000000e+05	3.161378198816638587e+02
3.663000000000000000e+05	3.161378198816638587e+02
3.663000000000000000e+05	3.161284494492082331e+02
3.672000000000000000e+05	3.161284494492082331e+02
3.672000000000000000e+05	3.127462792401737488e+02
3.681000000000000000e+05	3.127462792401737488e+02
3.681000000000000000e+05	3.176092602448160278e+02
3.690000000000000000e+05	3.176092602448160278e+02
3.690000000000000000e+05	3.225163050744205293e+02
3.699000000000000000e+05	3.225163050744205293e+02
3.699000000000000000e+05	3.260182782351014339e+02
3.708000000000000000e+05	3.260182782351014339e+02
3.708000000000000000e+05	3.217523236630952397e+02
3.717000000000000000e+05	3.217523236630952397e+02
3.717000000000000000e+05	3.188508477747215579e+02
3.726000000000000000e+05	3.188508477747215579e+02
3.726000000000000000e+05	3.188404599568060576e+02
3.735000000000000000e+05	3.188404599568060576e+02
3.735000000000000000e+05	3.187400760343222146e+02
3.744000000000000000e+05	3.187400760343222146e+02
3.744000000000000000e+05	3.187366048626660131e+02
3.753000000000000000e+05	3.187366048626660131e+02
3.753000000000000000e+05	3.186362598858424917e+02
3.762000000000000000e+05	3.186362598858424917e+02
3.762000000000000000e+05	3.185359525383852883e+02
3.771000000000000000e+05	3.185359525383852883e+02
3.771000000000000000e+05	3.184356828061834221e+02
3.780000000000000000e+05	3.184356828061834221e+02
3.780000000000000000e+05	3.182932475829820760e+02
3.789000000000000000e+05	3.182932475829820760e+02
3.789000000000000000e+05	3.181930688651384571e+02
3.798000000000000000e+05	3.181930688651384571e+02
3.798000000000000000e+05	3.181829277143140189e+02
3.807000000000000000e+05	3.181829277143140189e+02
3.807000000000000000e+05	3.199862299196422555e+02
3.816000000000000000e+05	3.199862299196422555e+02
3.816000000000000000e+05	3.185233202635672569e+02
3.825000000000000000e+05	3.185233202635672569e+02
3.825000000000000000e+05	3.185130552684684062e+02
3.834000000000000000e+05	3.185130552684684062e+02
3.834000000000000000e+05	3.185027941227427277e+02
3.843000000000000000e+05	3.185027941227427277e+02
3.843000000000000000e+05	3.184725368269467367e+02
3.852000000000000000e+05	3.184725368269467367e+02
3.852000000000000000e+05	3.184171689296451291e+02
3.861000000000000000e+05	3.184171689296451291e+02
3.861000000000000000e+05	3.184069437412965158e+02
3.870000000000000000e+05	3.184069437412965158e+02
3.870000000000000000e+05	3.222516631236713351e+02
3.879000000000000000e+05	3.222516631236713351e+02
3.879000000000000000e+05	3.221499999999999773e+02
3.888000000000000000e+05	3.221499999999999773e+02
3.888000000000000000e+05	3.169830899403604008e+02
3.897000000000000000e+05	3.169830899403604008e+02
3.897000000000000000e+05	3.172341513227443102e+02
3.906000000000000000e+05	3.172341513227443102e+02
3.906000000000000000e+05	3.172243697659982899e+02
3.915000000000000000e+05	3.172243697659982899e+02
3.915000000000000000e+05	3.172145918773360336e+02
3.924000000000000000e+05	3.172145918773360336e+02
3.924000000000000000e+05	3.166385838688879630e+02
3.933000000000000000e+05	3.166385838688879630e+02
3.933000000000000000e+05	3.166290256499370912e+02
3.942000000000000000e+05	3.166290256499370912e+02
3.942000000000000000e+05	3.166194710153183678e+02
3.951000000000000000e+05	3.166194710153183678e+02
3.951000000000000000e+05	3.166099199636876733e+02
3.960000000000000000e+05	3.166099199636876733e+02
3.960000000000000000e+05	3.165601013748445780e+02
3.969000000000000000e+05	3.165601013748445780e+02
3.969000000000000000e+05	3.165505725868289915e+02
3.978000000000000000e+05	3.165505725868289915e+02
3.978000000000000000e+05	3.207087477882396342e+02
3.987000000000000000e+05	3.207087477882396342e+02
3.987000000000000000e+05	3.206076632578190697e+02
3.996000000000000000e+05	3.206076632578190697e+02
3.996000000000000000e+05	3.167775675857387796e+02
4.005000000000000000e+05	3.167775675857387796e+02
4.005000000000000000e+05	3.167679572478941168e+02
4.014000000000000000e+05	3.167679572478941168e+02
4.014000000000000000e+05	3.167583505139261320e+02
4.023000000000000000e+05	3.167583505139261320e+02
4.023000000000000000e+05	3.166587473824833978e+02
4.032000000000000000e+05	3.166587473824833978e+02
4.032000000000000000e+05	3.166084384765378559e+02
4.041000000000000000e+05	3.166084384765378559e+02
4.041000000000000000e+05	3.188678604697206538e+02
4.050000000000000000e+05	3.188678604697206538e+02
4.050000000000000000e+05	3.188574662720445190e+02
4.059000000000000000e+05	3.188574662720445190e+02
4.059000000000000000e+05	3.187570759721924674e+02
4.068000000000000000e+05	3.187570759721924674e+02
4.068000000000000000e+05	3.161903918767079631e+02
4.077000000000000000e+05	3.161903918767079631e+02
4.077000000000000000e+05	3.161810017297542004e+02
4.086000000000000000e+05	3.161810017297542004e+02
4.086000000000000000e+05	3.188303354307766995e+02
4.095000000000000000e+05	3.188303354307766995e+02
4.095000000000000000e+05	3.188199553049901738e+02
4.104000000000000000e+05	3.188199553049901738e+02
4.104000000000000000e+05	3.159139600464086470e+02
4.113000000000000000e+05	3.159139600464086470e+02
4.113000000000000000e+05	3.158146735613912597e+02
4.122000000000000000e+05	3.158146735613912597e+02
4.122000000000000000e+05	3.157854243108057517e+02
4.131000000000000000e+05	3.157854243108057517e+02
4.131000000000000000e+05	3.157561860286891715e+02
4.140000000000000000e+05	3.157561860286891715e+02
4.140000000000000000e+05	3.157091600135408953e+02
4.149000000000000000e+05	3.157091600135408953e+02
4.149000000000000000e+05	3.156099503285357741e+02
4.158000000000000000e+05	3.156099503285357741e+02
4.158000000000000000e+05	3.156007778471625898e+02
4.167000000000000000e+05	3.156007778471625898e+02
4.167000000000000000e+05	3.155916088054698889e+02
4.176000000000000000e+05	3.155916088054698889e+02
4.176000000000000000e+05	3.155443443870575493e+02
4.185000000000000000e+05	3.155443443870575493e+02
4.185000000000000000e+05	3.155351965079124170e+02
4.194000000000000000e+05	3.155351965079124170e+02
4.194000000000000000e+05	3.155260520592219677e+02
4.203000000000000000e+05	3.155260520592219677e+02
4.203000000000000000e+05	3.148769109956998022e+02
4.212000000000000000e+05	3.148769109956998022e+02
4.212000000000000000e+05	3.148366894993979486e+02
4.221000000000000000e+05	3.148366894993979486e+02
4.221000000000000000e+05	3.148278069908356542e+02
4.230000000000000000e+05	3.148278069908356542e+02
4.230000000000000000e+05	3.147289278132140566e+02
4.239000000000000000e+05	3.147289278132140566e+02
4.239000000000000000e+05	3.127600857012841402e+02
4.248000000000000000e+05	3.127600857012841402e+02
4.248000000000000000e+05	3.127395821265953373e+02
4.257000000000000000e+05	3.127395821265953373e+02
4.257000000000000000e+05	3.127314860332979265e+02
4.266000000000000000e+05	3.127314860332979265e+02
4.266000000000000000e+05	3.127233929760354272e+02
4.275000000000000000e+05	3.127233929760354272e+02
4.275000000000000000e+05	3.127153029536694362e+02
4.284000000000000000e+05	3.127153029536694362e+02
4.284000000000000000e+05	3.126736866248285196e+02
4.293000000000000000e+05	3.126736866248285196e+02
4.293000000000000000e+05	3.126656152423442450e+02
4.302000000000000000e+05	3.126656152423442450e+02
4.302000000000000000e+05	3.126575468866283813e+02
4.311000000000000000e+05	3.126575468866283813e+02
4.311000000000000000e+05	3.126494815565458794e+02
4.320000000000000000e+05	3.126494815565458794e+02
4.320000000000000000e+05	3.126079848436062321e+02
4.329000000000000000e+05	3.126079848436062321e+02
4.329000000000000000e+05	3.125999380992874990e+02
4.338000000000000000e+05	3.125999380992874990e+02
4.338000000000000000e+05	3.125918943725002919e+02
4.347000000000000000e+05	3.125918943725002919e+02
4.347000000000000000e+05	3.125838536621105277e+02
4.356000000000000000e+05	3.125838536621105277e+02
4.356000000000000000e+05	3.125424763223340392e+02
4.365000000000000000e+05	3.125424763223340392e+02
4.365000000000000000e+05	3.125344541437132193e+02
4.374000000000000000e+05	3.125344541437132193e+02
4.374000000000000000e+05	3.125264349734093230e+02
4.383000000000000000e+05	3.125264349734093230e+02
4.383000000000000000e+05	3.125184188102942358e+02
4.392000000000000000e+05	3.125184188102942358e+02
4.392000000000000000e+05	3.124771606135896604e+02
4.401000000000000000e+05	3.124771606135896604e+02
4.401000000000000000e+05	3.124691629283595944e+02
4.410000000000000000e+05	3.124691629283595944e+02
4.410000000000000000e+05	3.124611682422614649e+02
4.419000000000000000e+05	3.124611682422614649e+02
4.419000000000000000e+05	3.124531765541705681e+02
4.428000000000000000e+05	3.124531765541705681e+02
4.428000000000000000e+05	3.124120372497248468e+02
4.437000000000000000e+05	3.124120372497248468e+02
4.437000000000000000e+05	3.124040639857561814e+02
4.446000000000000000e+05	3.124040639857561814e+02
4.446000000000000000e+05	3.123960937117615231e+02
4.455000000000000000e+05	3.123960937117615231e+02
4.455000000000000000e+05	3.123881264266196354e+02
4.464000000000000000e+05	3.123881264266196354e+02
4.464000000000000000e+05	3.123471057787395466e+02
4.473000000000000000e+05	3.123471057787395466e+02
4.473000000000000000e+05	3.123391568640725495e+02
4.482000000000000000e+05	3.123391568640725495e+02
4.482000000000000000e+05	3.123312109302485169e+02
4.491000000000000000e+05	3.123312109302485169e+02
4.491000000000000000e+05	3.123232679761496797e+02
4.500000000000000000e+05	3.123232679761496797e+02
4.500000000000000000e+05	3.122823657427411490e+02
4.509000000000000000e+05	3.122823657427411490e+02
4.509000000000000000e+05	3.122744411055876412e+02
4.518000000000000000e+05	3.122744411055876412e+02
4.518000000000000000e+05	3.122665194401730560e+02
4.527000000000000000e+05	3.122665194401730560e+02
4.527000000000000000e+05	3.122586007453829779e+02
4.536000000000000000e+05	3.122586007453829779e+02
4.536000000000000000e+05	3.139480370900288335e+02
4.545000000000000000e+05	3.139480370900288335e+02
4.545000000000000000e+05	3.189131720366463014e+02
4.554000000000000000e+05	3.189131720366463014e+02
4.554000000000000000e+05	3.237610861819278512e+02
4.563000000000000000e+05	3.237610861819278512e+02
4.563000000000000000e+05	3.274023917120553619e+02
4.572000000000000000e+05	3.274023917120553619e+02
4.572000000000000000e+05	3.230557469807529287e+02
4.581000000000000000e+05	3.230557469807529287e+02
4.581000000000000000e+05	3.201537823086351295e+02
4.590000000000000000e+05	3.201537823086351295e+02
4.590000000000000000e+05	3.201429058902693896e+02
4.599000000000000000e+05	3.201429058902693896e+02
4.599000000000000000e+05	3.200420335505605181e+02
4.608000000000000000e+05	3.200420335505605181e+02
4.608000000000000000e+05	3.200357184265001251e+02
4.617000000000000000e+05	3.200357184265001251e+02
4.617000000000000000e+05	3.199348862820901900e+02
4.626000000000000000e+05	3.199348862820901900e+02
4.626000000000000000e+05	3.198340919497343862e+02
4.635000000000000000e+05	3.198340919497343862e+02
4.635000000000000000e+05	3.197333354152532934e+02
4.644000000000000000e+05	3.197333354152532934e+02
4.644000000000000000e+05	3.195881126769438652e+02
4.653000000000000000e+05	3.195881126769438652e+02
4.653000000000000000e+05	3.238458727194611697e+02
4.662000000000000000e+05	3.238458727194611697e+02
4.662000000000000000e+05	3.238336117671913712e+02
4.671000000000000000e+05	3.238336117671913712e+02
4.671000000000000000e+05	3.237313554127787256e+02
4.680000000000000000e+05	3.237313554127787256e+02
4.680000000000000000e+05	3.197862311163062259e+02
4.689000000000000000e+05	3.197862311163062259e+02
4.689000000000000000e+05	3.197754925296375745e+02
4.698000000000000000e+05	3.197754925296375745e+02
4.698000000000000000e+05	3.197647579699389553e+02
4.707000000000000000e+05	3.197647579699389553e+02
4.707000000000000000e+05	3.197340274377002629e+02
4.716000000000000000e+05	3.197340274377002629e+02
4.716000000000000000e+05	3.196761100908362323e+02
4.725000000000000000e+05	3.196761100908362323e+02
4.725000000000000000e+05	3.196654127995522003e+02
4.734000000000000000e+05	3.196654127995522003e+02
4.734000000000000000e+05	3.236259480050833872e+02
4.743000000000000000e+05	3.236259480050833872e+02
4.743000000000000000e+05	3.235237695245814962e+02
4.752000000000000000e+05	3.235237695245814962e+02
4.752000000000000000e+05	3.183534088727257085e+02
4.761000000000000000e+05	3.183534088727257085e+02
4.761000000000000000e+05	3.231898315513299167e+02
4.770000000000000000e+05	3.231898315513299167e+02
4.770000000000000000e+05	3.231778166144981697e+02
4.779000000000000000e+05	3.231778166144981697e+02
4.779000000000000000e+05	3.231658061832677618e+02
4.788000000000000000e+05	3.231658061832677618e+02
4.788000000000000000e+05	3.179438822872700712e+02
4.797000000000000000e+05	3.179438822872700712e+02
4.797000000000000000e+05	3.179338345814123272e+02
4.806000000000000000e+05	3.179338345814123272e+02
4.806000000000000000e+05	3.208085274855495754e+02
4.815000000000000000e+05	3.208085274855495754e+02
4.815000000000000000e+05	3.207974055377424634e+02
4.824000000000000000e+05	3.207974055377424634e+02
4.824000000000000000e+05	3.177878679015718717e+02
4.833000000000000000e+05	3.177878679015718717e+02
4.833000000000000000e+05	3.177778787011088184e+02
4.842000000000000000e+05	3.177778787011088184e+02
4.842000000000000000e+05	3.206526300887011871e+02
4.851000000000000000e+05	3.206526300887011871e+02
4.851000000000000000e+05	3.205515666024178927e+02
4.860000000000000000e+05	3.205515666024178927e+02
4.860000000000000000e+05	3.174094883299736694e+02
4.869000000000000000e+05	3.174094883299736694e+02
4.869000000000000000e+05	3.173996410218499022e+02
4.878000000000000000e+05	3.173996410218499022e+02
4.878000000000000000e+05	3.212140902569641980e+02
4.887000000000000000e+05	3.212140902569641980e+02
4.887000000000000000e+05	3.254186056968021035e+02
4.896000000000000000e+05	3.254186056968021035e+02
4.896000000000000000e+05	3.221390536257415533e+02
4.905000000000000000e+05	3.221390536257415533e+02
4.905000000000000000e+05	3.221274327306318810e+02
4.914000000000000000e+05	3.221274327306318810e+02
4.914000000000000000e+05	3.240192557465789491e+02
4.923000000000000000e+05	3.240192557465789491e+02
4.923000000000000000e+05	3.239169297756740207e+02
4.932000000000000000e+05	3.239169297756740207e+02
4.932000000000000000e+05	3.217401443244557413e+02
4.941000000000000000e+05	3.217401443244557413e+02
4.941000000000000000e+05	3.217286730203340426e+02
4.950000000000000000e+05	3.217286730203340426e+02
4.950000000000000000e+05	3.217172060179514119e+02
4.959000000000000000e+05	3.217172060179514119e+02
4.959000000000000000e+05	3.217767959472736266e+02
4.968000000000000000e+05	3.217767959472736266e+02
4.968000000000000000e+05	3.213953098001510398e+02
4.977000000000000000e+05	3.213953098001510398e+02
4.977000000000000000e+05	3.235470251196475715e+02
4.986000000000000000e+05	3.235470251196475715e+02
4.986000000000000000e+05	3.235148762372277247e+02
4.995000000000000000e+05	3.235148762372277247e+02
4.995000000000000000e+05	3.234827394106387715e+02
5.004000000000000000e+05	3.234827394106387715e+02
5.004000000000000000e+05	3.208335953588754137e+02
5.013000000000000000e+05	3.208335953588754137e+02
5.013000000000000000e+05	3.207324640106157858e+02
5.022000000000000000e+05	3.207324640106157858e+02
5.022000000000000000e+05	3.207924232181907200e+02
5.031000000000000000e+05	3.207924232181907200e+02
5.031000000000000000e+05	3.207813073094839069e+02
5.040000000000000000e+05	3.207813073094839069e+02
5.040000000000000000e+05	3.203940860441349514e+02
5.049000000000000000e+05	3.203940860441349514e+02
5.049000000000000000e+05	3.203831195118684150e+02
5.058000000000000000e+05	3.203831195118684150e+02
5.058000000000000000e+05	3.232568939341567784e+02
5.067000000000000000e+05	3.232568939341567784e+02
5.067000000000000000e+05	3.208448536839314897e+02
5.076000000000000000e+05	3.208448536839314897e+02
5.076000000000000000e+05	3.181058910427660180e+02
5.085000000000000000e+05	3.181058910427660180e+02
5.085000000000000000e+05	3.180957825836249526e+02
5.094000000000000000e+05	3.180957825836249526e+02
5.094000000000000000e+05	3.179956779151560795e+02
5.103000000000000000e+05	3.179956779151560795e+02
5.103000000000000000e+05	3.160256107719379202e+02
5.112000000000000000e+05	3.160256107719379202e+02
5.112000000000000000e+05	3.159979070480198970e+02
5.121000000000000000e+05	3.159979070480198970e+02
5.121000000000000000e+05	3.159885890828768424e+02
5.130000000000000000e+05	3.159885890828768424e+02
5.130000000000000000e+05	3.159792746119707658e+02
5.139000000000000000e+05	3.159792746119707658e+02
5.139000000000000000e+05	3.159699636339913127e+02
5.148000000000000000e+05	3.159699636339913127e+02
5.148000000000000000e+05	3.159221122046013761e+02
5.157000000000000000e+05	3.159221122046013761e+02
5.157000000000000000e+05	3.159128226625246612e+02
5.166000000000000000e+05	3.159128226625246612e+02
5.166000000000000000e+05	3.159035366040262147e+02
5.175000000000000000e+05	3.159035366040262147e+02
5.175000000000000000e+05	3.158942540277996613e+02
5.184000000000000000e+05	3.158942540277996613e+02
5.184000000000000000e+05	3.158465394790018763e+02
5.193000000000000000e+05	3.158465394790018763e+02
5.193000000000000000e+05	3.158372782766972477e+02
5.202000000000000000e+05	3.158372782766972477e+02
5.202000000000000000e+05	3.158280205473434989e+02
5.211000000000000000e+05	3.158280205473434989e+02
5.211000000000000000e+05	3.158187662896382335e+02
5.220000000000000000e+05	3.158187662896382335e+02
5.220000000000000000e+05	3.157711883594649862e+02
5.229000000000000000e+05	3.157711883594649862e+02
5.229000000000000000e+05	3.157619554138302078e+02
5.238000000000000000e+05	3.157619554138302078e+02
5.238000000000000000e+05	3.157527259305500138e+02
5.247000000000000000e+05	3.157527259305500138e+02
5.247000000000000000e+05	3.157434999083261005e+02
5.256000000000000000e+05	3.157434999083261005e+02
5.256000000000000000e+05	3.156960583314166797e+02
5.265000000000000000e+05	3.156960583314166797e+02
5.265000000000000000e+05	3.185715904016477111e+02
5.274000000000000000e+05	3.185715904016477111e+02
5.274000000000000000e+05	3.185613073052471123e+02
5.283000000000000000e+05	3.185613073052471123e+02
5.283000000000000000e+05	3.214357649071129117e+02
5.292000000000000000e+05	3.214357649071129117e+02
5.292000000000000000e+05	3.171155474908339897e+02
5.301000000000000000e+05	3.171155474908339897e+02
5.301000000000000000e+05	3.171058104105250095e+02
5.310000000000000000e+05	3.171058104105250095e+02
5.310000000000000000e+05	3.170960769816210814e+02
5.319000000000000000e+05	3.170960769816210814e+02
5.319000000000000000e+05	3.170863472027529610e+02
5.328000000000000000e+05	3.170863472027529610e+02
5.328000000000000000e+05	3.170353703600199538e+02
5.337000000000000000e+05	3.170353703600199538e+02
5.337000000000000000e+05	3.170256633461349338e+02
5.346000000000000000e+05	3.170256633461349338e+02
5.346000000000000000e+05	3.170159599723801307e+02
5.355000000000000000e+05	3.170159599723801307e+02
5.355000000000000000e+05	3.200482901351181226e+02
5.364000000000000000e+05	3.200482901351181226e+02
5.364000000000000000e+05	3.182087433502493354e+02
5.373000000000000000e+05	3.182087433502493354e+02
5.373000000000000000e+05	3.230110800593751605e+02
5.382000000000000000e+05	3.230110800593751605e+02
5.382000000000000000e+05	3.229991321543528784e+02
5.391000000000000000e+05	3.229991321543528784e+02
5.391000000000000000e+05	3.229871887297950366e+02
5.400000000000000000e+05	3.229871887297950366e+02
5.400000000000000000e+05	3.199486589662677716e+02
5.409000000000000000e+05	3.199486589662677716e+02
5.409000000000000000e+05	3.199378594691553985e+02
5.418000000000000000e+05	3.199378594691553985e+02
5.418000000000000000e+05	3.232831971058735121e+02
5.427000000000000000e+05	3.232831971058735121e+02
5.427000000000000000e+05	3.261558839990642014e+02
5.436000000000000000e+05	3.261558839990642014e+02
5.436000000000000000e+05	3.234951936512745192e+02
5.445000000000000000e+05	3.234951936512745192e+02
5.445000000000000000e+05	3.205930641866552833e+02
5.454000000000000000e+05	3.205930641866552833e+02
5.454000000000000000e+05	3.205820230375853157e+02
5.463000000000000000e+05	3.205820230375853157e+02
5.463000000000000000e+05	3.204809860289462335e+02
5.472000000000000000e+05	3.204809860289462335e+02
5.472000000000000000e+05	3.204744606723855895e+02
5.481000000000000000e+05	3.204744606723855895e+02
5.481000000000000000e+05	3.203734639996334295e+02
5.490000000000000000e+05	3.203734639996334295e+02
5.490000000000000000e+05	3.202725052006335318e+02
5.499000000000000000e+05	3.202725052006335318e+02
5.499000000000000000e+05	3.201715842611833409e+02
5.508000000000000000e+05	3.201715842611833409e+02
5.508000000000000000e+05	3.200259993230004056e+02
5.517000000000000000e+05	3.200259993230004056e+02
5.517000000000000000e+05	3.199251708232542342e+02
5.526000000000000000e+05	3.199251708232542342e+02
5.526000000000000000e+05	3.199143801341955395e+02
5.535000000000000000e+05	3.199143801341955395e+02
5.535000000000000000e+05	3.198135934916451788e+02
5.544000000000000000e+05	3.198135934916451788e+02
5.544000000000000000e+05	3.197563933553837501e+02
5.553000000000000000e+05	3.197563933553837501e+02
5.553000000000000000e+05	3.197456659578755307e+02
5.562000000000000000e+05	3.197456659578755307e+02
5.562000000000000000e+05	3.197349425831413328e+02
5.571000000000000000e+05	3.197349425831413328e+02
5.571000000000000000e+05	3.197042232316726995e+02
5.580000000000000000e+05	3.197042232316726995e+02
5.580000000000000000e+05	3.196454864640754181e+02
5.589000000000000000e+05	3.196454864640754181e+02
5.589000000000000000e+05	3.196348006566514073e+02
5.598000000000000000e+05	3.196348006566514073e+02
5.598000000000000000e+05	3.200511651758307607e+02
5.607000000000000000e+05	3.200511651758307607e+02
5.607000000000000000e+05	3.199503272388898267e+02
5.616000000000000000e+05	3.199503272388898267e+02
5.616000000000000000e+05	3.198964366440046661e+02
5.625000000000000000e+05	3.198964366440046661e+02
5.625000000000000000e+05	3.198856567302631220e+02
5.634000000000000000e+05	3.198856567302631220e+02
5.634000000000000000e+05	3.198748808589892860e+02
5.643000000000000000e+05	3.198748808589892860e+02
5.643000000000000000e+05	3.227158584045637326e+02
5.652000000000000000e+05	3.227158584045637326e+02
5.652000000000000000e+05	3.201087458955817624e+02
5.661000000000000000e+05	3.201087458955817624e+02
5.661000000000000000e+05	3.200978863658709201e+02
5.670000000000000000e+05	3.200978863658709201e+02
5.670000000000000000e+05	3.200870309084837118e+02
5.679000000000000000e+05	3.200870309084837118e+02
5.679000000000000000e+05	3.200761795218930388e+02
5.688000000000000000e+05	3.200761795218930388e+02
5.688000000000000000e+05	3.200199792492444431e+02
5.697000000000000000e+05	3.200199792492444431e+02
5.697000000000000000e+05	3.200091530070260433e+02
5.706000000000000000e+05	3.200091530070260433e+02
5.706000000000000000e+05	3.199983308246484057e+02
5.715000000000000000e+05	3.199983308246484057e+02
5.715000000000000000e+05	3.198975127005891750e+02
5.724000000000000000e+05	3.198975127005891750e+02
5.724000000000000000e+05	3.198400243413872204e+02
5.733000000000000000e+05	3.198400243413872204e+02
5.733000000000000000e+05	3.198292655822591541e+02
5.742000000000000000e+05	3.198292655822591541e+02
5.742000000000000000e+05	3.198185108576657854e+02
5.751000000000000000e+05	3.198185108576657854e+02
5.751000000000000000e+05	3.197177601660941377e+02
5.760000000000000000e+05	3.197177601660941377e+02
5.760000000000000000e+05	3.196605809153865039e+02
5.769000000000000000e+05	3.196605809153865039e+02
5.769000000000000000e+05	3.196498894475432166e+02
5.778000000000000000e+05	3.196498894475432166e+02
5.778000000000000000e+05	3.225239388311056814e+02
5.787000000000000000e+05	3.225239388311056814e+02
5.787000000000000000e+05	3.224221736040439623e+02
5.796000000000000000e+05	3.224221736040439623e+02
5.796000000000000000e+05	3.195124954459101900e+02
5.805000000000000000e+05	3.195124954459101900e+02
5.805000000000000000e+05	3.195018595101179812e+02
5.814000000000000000e+05	3.195018595101179812e+02
5.814000000000000000e+05	3.223759644049069379e+02
5.823000000000000000e+05	3.223759644049069379e+02
5.823000000000000000e+05	3.223642546682551142e+02
5.832000000000000000e+05	3.223642546682551142e+02
5.832000000000000000e+05	3.191632105103112167e+02
5.841000000000000000e+05	3.191632105103112167e+02
5.841000000000000000e+05	3.187972055563698746e+02
5.850000000000000000e+05	3.187972055563698746e+02
5.850000000000000000e+05	3.187668378562862586e+02
5.859000000000000000e+05	3.187668378562862586e+02
5.859000000000000000e+05	3.187364815440901111e+02
5.868000000000000000e+05	3.187364815440901111e+02
5.868000000000000000e+05	3.186880723654812186e+02
5.877000000000000000e+05	3.186880723654812186e+02
5.877000000000000000e+05	3.186587982199230851e+02
5.886000000000000000e+05	3.186587982199230851e+02
5.886000000000000000e+05	3.186484824205905966e+02
5.895000000000000000e+05	3.186484824205905966e+02
5.895000000000000000e+05	3.187092231212618572e+02
5.904000000000000000e+05	3.187092231212618572e+02
5.904000000000000000e+05	3.200244173417303273e+02
5.913000000000000000e+05	3.200244173417303273e+02
5.913000000000000000e+05	3.200135894352272317e+02
5.922000000000000000e+05	3.200135894352272317e+02
5.922000000000000000e+05	3.200027655891890390e+02
5.931000000000000000e+05	3.200027655891890390e+02
5.931000000000000000e+05	3.193519457580931089e+02
5.940000000000000000e+05	3.193519457580931089e+02
5.940000000000000000e+05	3.193126377093010433e+02
5.949000000000000000e+05	3.193126377093010433e+02
5.949000000000000000e+05	3.193020767201600165e+02
5.958000000000000000e+05	3.193020767201600165e+02
5.958000000000000000e+05	3.192015196913899331e+02
5.967000000000000000e+05	3.192015196913899331e+02
5.967000000000000000e+05	3.172310003575057067e+02
5.976000000000000000e+05	3.172310003575057067e+02
5.976000000000000000e+05	3.172017129613022917e+02
5.985000000000000000e+05	3.172017129613022917e+02
5.985000000000000000e+05	3.171919435689383704e+02
5.994000000000000000e+05	3.171919435689383704e+02
5.994000000000000000e+05	3.171821778400999960e+02
6.003000000000000000e+05	3.171821778400999960e+02
6.003000000000000000e+05	3.171724157734100231e+02
6.012000000000000000e+05	3.171724157734100231e+02
6.012000000000000000e+05	3.171219139764464785e+02
6.021000000000000000e+05	3.171219139764464785e+02
6.021000000000000000e+05	3.195995402829364593e+02
6.030000000000000000e+05	3.195995402829364593e+02
6.030000000000000000e+05	3.195888717053303480e+02
6.039000000000000000e+05	3.195888717053303480e+02
6.039000000000000000e+05	3.195782071284409085e+02
6.048000000000000000e+05	3.195782071284409085e+02
