# #1
# double T_supply_UFH(1344, 2)
0.000000000000000000e+00	3.031499999999999773e+02
9.000000000000000000e+02	3.031499999999999773e+02
9.000000000000000000e+02	2.967875033493592127e+02
1.800000000000000000e+03	2.967875033493592127e+02
1.800000000000000000e+03	2.968004955869031960e+02
2.700000000000000000e+03	2.968004955869031960e+02
2.700000000000000000e+03	2.981765133759001856e+02
3.600000000000000000e+03	2.981765133759001856e+02
3.600000000000000000e+03	2.960801629939601298e+02
4.500000000000000000e+03	2.960801629939601298e+02
4.500000000000000000e+03	2.972003791867097107e+02
5.400000000000000000e+03	2.972003791867097107e+02
5.400000000000000000e+03	2.953213758146176815e+02
6.300000000000000000e+03	2.953213758146176815e+02
6.300000000000000000e+03	2.997022159201850968e+02
7.200000000000000000e+03	2.997022159201850968e+02
7.200000000000000000e+03	2.989731115881332357e+02
8.100000000000000000e+03	2.989731115881332357e+02
8.100000000000000000e+03	2.947294410140382297e+02
9.000000000000000000e+03	2.947294410140382297e+02
9.000000000000000000e+03	2.974557244113717616e+02
9.900000000000000000e+03	2.974557244113717616e+02
9.900000000000000000e+03	2.964200990575090486e+02
1.080000000000000000e+04	2.964200990575090486e+02
1.080000000000000000e+04	2.956622664984176367e+02
1.170000000000000000e+04	2.956622664984176367e+02
1.170000000000000000e+04	2.968511660528520792e+02
1.260000000000000000e+04	2.968511660528520792e+02
1.260000000000000000e+04	2.977711243592223695e+02
1.350000000000000000e+04	2.977711243592223695e+02
1.350000000000000000e+04	2.967778333989225530e+02
1.440000000000000000e+04	2.967778333989225530e+02
1.440000000000000000e+04	2.944059315537173234e+02
1.530000000000000000e+04	2.944059315537173234e+02
1.530000000000000000e+04	3.004077620332596439e+02
1.620000000000000000e+04	3.004077620332596439e+02
1.620000000000000000e+04	2.966551056844594427e+02
1.710000000000000000e+04	2.966551056844594427e+02
1.710000000000000000e+04	2.971789957404596407e+02
1.800000000000000000e+04	2.971789957404596407e+02
1.800000000000000000e+04	2.937115486426487223e+02
1.890000000000000000e+04	2.937115486426487223e+02
1.890000000000000000e+04	3.016211925800068343e+02
1.980000000000000000e+04	3.016211925800068343e+02
1.980000000000000000e+04	2.948605063602542486e+02
2.070000000000000000e+04	2.948605063602542486e+02
2.070000000000000000e+04	2.949751337880121014e+02
2.160000000000000000e+04	2.949751337880121014e+02
2.160000000000000000e+04	2.925654243622611261e+02
2.250000000000000000e+04	2.925654243622611261e+02
2.250000000000000000e+04	2.990293849129104160e+02
2.340000000000000000e+04	2.990293849129104160e+02
2.340000000000000000e+04	2.941542089891033243e+02
2.430000000000000000e+04	2.941542089891033243e+02
2.430000000000000000e+04	2.945412167525423683e+02
2.520000000000000000e+04	2.945412167525423683e+02
2.520000000000000000e+04	2.933809941579925749e+02
2.610000000000000000e+04	2.933809941579925749e+02
2.610000000000000000e+04	2.957496857786865689e+02
2.700000000000000000e+04	2.957496857786865689e+02
2.700000000000000000e+04	3.003965408757456430e+02
2.790000000000000000e+04	3.003965408757456430e+02
2.790000000000000000e+04	3.031465369413172652e+02
2.880000000000000000e+04	3.031465369413172652e+02
2.880000000000000000e+04	3.034680614602816036e+02
2.970000000000000000e+04	3.034680614602816036e+02
2.970000000000000000e+04	3.092437320557136786e+02
3.060000000000000000e+04	3.092437320557136786e+02
3.060000000000000000e+04	3.095065124266955081e+02
3.150000000000000000e+04	3.095065124266955081e+02
3.150000000000000000e+04	3.102235485686458674e+02
3.240000000000000000e+04	3.102235485686458674e+02
3.240000000000000000e+04	3.092318704255519037e+02
3.330000000000000000e+04	3.092318704255519037e+02
3.330000000000000000e+04	3.079022067256772743e+02
3.420000000000000000e+04	3.079022067256772743e+02
3.420000000000000000e+04	3.086101741940744887e+02
3.510000000000000000e+04	3.086101741940744887e+02
3.510000000000000000e+04	3.038295029641284373e+02
3.600000000000000000e+04	3.038295029641284373e+02
3.600000000000000000e+04	3.031667324516978397e+02
3.690000000000000000e+04	3.031667324516978397e+02
3.690000000000000000e+04	3.068136670283489025e+02
3.780000000000000000e+04	3.068136670283489025e+02
3.780000000000000000e+04	3.031583146318638455e+02
3.870000000000000000e+04	3.031583146318638455e+02
3.870000000000000000e+04	3.033017060038925479e+02
3.960000000000000000e+04	3.033017060038925479e+02
3.960000000000000000e+04	3.032075348736741489e+02
4.050000000000000000e+04	3.032075348736741489e+02
4.050000000000000000e+04	2.987966459225619360e+02
4.140000000000000000e+04	2.987966459225619360e+02
4.140000000000000000e+04	3.009233495835199506e+02
4.230000000000000000e+04	3.009233495835199506e+02
4.230000000000000000e+04	3.004981461139187786e+02
4.320000000000000000e+04	3.004981461139187786e+02
4.320000000000000000e+04	2.969063506610128229e+02
4.410000000000000000e+04	2.969063506610128229e+02
4.410000000000000000e+04	2.923657877458563803e+02
4.500000000000000000e+04	2.923657877458563803e+02
4.500000000000000000e+04	2.933199306826556381e+02
4.590000000000000000e+04	2.933199306826556381e+02
4.590000000000000000e+04	2.936272283808934276e+02
4.680000000000000000e+04	2.936272283808934276e+02
4.680000000000000000e+04	2.936370741801553663e+02
4.770000000000000000e+04	2.936370741801553663e+02
4.770000000000000000e+04	3.041007085370066534e+02
4.860000000000000000e+04	3.041007085370066534e+02
4.860000000000000000e+04	2.976893838929067897e+02
4.950000000000000000e+04	2.976893838929067897e+02
4.950000000000000000e+04	2.978700744679736090e+02
5.040000000000000000e+04	2.978700744679736090e+02
5.040000000000000000e+04	2.979048841213484025e+02
5.130000000000000000e+04	2.979048841213484025e+02
5.130000000000000000e+04	2.947236520937544810e+02
5.220000000000000000e+04	2.947236520937544810e+02
5.220000000000000000e+04	2.952079014275198006e+02
5.310000000000000000e+04	2.952079014275198006e+02
5.310000000000000000e+04	2.960966317303823985e+02
5.400000000000000000e+04	2.960966317303823985e+02
5.400000000000000000e+04	2.958464510822910825e+02
5.490000000000000000e+04	2.958464510822910825e+02
5.490000000000000000e+04	2.932622706825171122e+02
5.580000000000000000e+04	2.932622706825171122e+02
5.580000000000000000e+04	2.949025887537331982e+02
5.670000000000000000e+04	2.949025887537331982e+02
5.670000000000000000e+04	2.945039056184935475e+02
5.760000000000000000e+04	2.945039056184935475e+02
5.760000000000000000e+04	2.943570033505965853e+02
5.850000000000000000e+04	2.943570033505965853e+02
5.850000000000000000e+04	2.957105303023319607e+02
5.940000000000000000e+04	2.957105303023319607e+02
5.940000000000000000e+04	2.950457168053100645e+02
6.030000000000000000e+04	2.950457168053100645e+02
6.030000000000000000e+04	2.952956054270528625e+02
6.120000000000000000e+04	2.952956054270528625e+02
6.120000000000000000e+04	2.953082038737700259e+02
6.210000000000000000e+04	2.953082038737700259e+02
6.210000000000000000e+04	2.961463520346897553e+02
6.300000000000000000e+04	2.961463520346897553e+02
6.300000000000000000e+04	2.974259431014570509e+02
6.390000000000000000e+04	2.974259431014570509e+02
6.390000000000000000e+04	2.971927226852395165e+02
6.480000000000000000e+04	2.971927226852395165e+02
6.480000000000000000e+04	2.977091349823574546e+02
6.570000000000000000e+04	2.977091349823574546e+02
6.570000000000000000e+04	2.981939836002595143e+02
6.660000000000000000e+04	2.981939836002595143e+02
6.660000000000000000e+04	2.980593558162724435e+02
6.750000000000000000e+04	2.980593558162724435e+02
6.750000000000000000e+04	2.980349586057762963e+02
6.840000000000000000e+04	2.980349586057762963e+02
6.840000000000000000e+04	2.949757561709866422e+02
6.930000000000000000e+04	2.949757561709866422e+02
6.930000000000000000e+04	3.035818027423854346e+02
7.020000000000000000e+04	3.035818027423854346e+02
7.020000000000000000e+04	2.984810805255269770e+02
7.110000000000000000e+04	2.984810805255269770e+02
7.110000000000000000e+04	2.992211368479848375e+02
7.200000000000000000e+04	2.992211368479848375e+02
7.200000000000000000e+04	2.969534351798848775e+02
7.290000000000000000e+04	2.969534351798848775e+02
7.290000000000000000e+04	2.983867659406216148e+02
7.380000000000000000e+04	2.983867659406216148e+02
7.380000000000000000e+04	2.965614683958075375e+02
7.470000000000000000e+04	2.965614683958075375e+02
7.470000000000000000e+04	2.956888575405053530e+02
7.560000000000000000e+04	2.956888575405053530e+02
7.560000000000000000e+04	2.940414880239958961e+02
7.650000000000000000e+04	2.940414880239958961e+02
7.650000000000000000e+04	2.965079752958666290e+02
7.740000000000000000e+04	2.965079752958666290e+02
7.740000000000000000e+04	2.949722520797721472e+02
7.830000000000000000e+04	2.949722520797721472e+02
7.830000000000000000e+04	2.940125167893396565e+02
7.920000000000000000e+04	2.940125167893396565e+02
7.920000000000000000e+04	2.929895775090456596e+02
8.010000000000000000e+04	2.929895775090456596e+02
8.010000000000000000e+04	2.897757855361967358e+02
8.100000000000000000e+04	2.897757855361967358e+02
8.100000000000000000e+04	2.910873583257587143e+02
8.190000000000000000e+04	2.910873583257587143e+02
8.190000000000000000e+04	2.914788638756903083e+02
8.280000000000000000e+04	2.914788638756903083e+02
8.280000000000000000e+04	2.922746033895011806e+02
8.370000000000000000e+04	2.922746033895011806e+02
8.370000000000000000e+04	2.896771309111230721e+02
8.460000000000000000e+04	2.896771309111230721e+02
8.460000000000000000e+04	2.908381461012132831e+02
8.550000000000000000e+04	2.908381461012132831e+02
8.550000000000000000e+04	2.912090108161374360e+02
8.640000000000000000e+04	2.912090108161374360e+02
8.640000000000000000e+04	2.920370167961113452e+02
8.730000000000000000e+04	2.920370167961113452e+02
8.730000000000000000e+04	2.895349081624758583e+02
8.820000000000000000e+04	2.895349081624758583e+02
8.820000000000000000e+04	2.909577864164367043e+02
8.910000000000000000e+04	2.909577864164367043e+02
8.910000000000000000e+04	2.915827065145145411e+02
9.000000000000000000e+04	2.915827065145145411e+02
9.000000000000000000e+04	2.918252130927159556e+02
9.090000000000000000e+04	2.918252130927159556e+02
9.090000000000000000e+04	2.893839050788900522e+02
9.180000000000000000e+04	2.893839050788900522e+02
9.180000000000000000e+04	2.904740314730592559e+02
9.270000000000000000e+04	2.904740314730592559e+02
9.270000000000000000e+04	2.908221296747074121e+02
9.360000000000000000e+04	2.908221296747074121e+02
9.360000000000000000e+04	2.916126184017363698e+02
9.450000000000000000e+04	2.916126184017363698e+02
9.450000000000000000e+04	2.979376183585803233e+02
9.540000000000000000e+04	2.979376183585803233e+02
9.540000000000000000e+04	2.941822181423519282e+02
9.630000000000000000e+04	2.941822181423519282e+02
9.630000000000000000e+04	2.945402994682917210e+02
9.720000000000000000e+04	2.945402994682917210e+02
9.720000000000000000e+04	2.932472376299159578e+02
9.810000000000000000e+04	2.932472376299159578e+02
9.810000000000000000e+04	2.950632770639069804e+02
9.900000000000000000e+04	2.950632770639069804e+02
9.900000000000000000e+04	2.924337214465713828e+02
9.990000000000000000e+04	2.924337214465713828e+02
9.990000000000000000e+04	2.941499999999999773e+02
1.008000000000000000e+05	2.941499999999999773e+02
1.008000000000000000e+05	2.950282490038247829e+02
1.017000000000000000e+05	2.950282490038247829e+02
1.017000000000000000e+05	2.992668302605646886e+02
1.026000000000000000e+05	2.992668302605646886e+02
1.026000000000000000e+05	2.963957560432568243e+02
1.035000000000000000e+05	2.963957560432568243e+02
1.035000000000000000e+05	2.967504534081550673e+02
1.044000000000000000e+05	2.967504534081550673e+02
1.044000000000000000e+05	2.932217595978098643e+02
1.053000000000000000e+05	2.932217595978098643e+02
1.053000000000000000e+05	3.018356177286843263e+02
1.062000000000000000e+05	3.018356177286843263e+02
1.062000000000000000e+05	2.951055421139326995e+02
1.071000000000000000e+05	2.951055421139326995e+02
1.071000000000000000e+05	2.949787720932034745e+02
1.080000000000000000e+05	2.949787720932034745e+02
1.080000000000000000e+05	2.932465335062695999e+02
1.089000000000000000e+05	2.932465335062695999e+02
1.089000000000000000e+05	2.948862185904062585e+02
1.098000000000000000e+05	2.948862185904062585e+02
1.098000000000000000e+05	2.941499999999999204e+02
1.107000000000000000e+05	2.941499999999999204e+02
1.107000000000000000e+05	2.948462723233390079e+02
1.116000000000000000e+05	2.948462723233390079e+02
1.116000000000000000e+05	2.951711215550291740e+02
1.125000000000000000e+05	2.951711215550291740e+02
1.125000000000000000e+05	2.972233731754760129e+02
1.134000000000000000e+05	2.972233731754760129e+02
1.134000000000000000e+05	3.015307030707642184e+02
1.143000000000000000e+05	3.015307030707642184e+02
1.143000000000000000e+05	3.040583136470775685e+02
1.152000000000000000e+05	3.040583136470775685e+02
1.152000000000000000e+05	3.043426531427542159e+02
1.161000000000000000e+05	3.043426531427542159e+02
1.161000000000000000e+05	3.097858836952336787e+02
1.170000000000000000e+05	3.097858836952336787e+02
1.170000000000000000e+05	3.099631410557855133e+02
1.179000000000000000e+05	3.099631410557855133e+02
1.179000000000000000e+05	3.106017604589475809e+02
1.188000000000000000e+05	3.106017604589475809e+02
1.188000000000000000e+05	3.095798629155506774e+02
1.197000000000000000e+05	3.095798629155506774e+02
1.197000000000000000e+05	3.052882858434576860e+02
1.206000000000000000e+05	3.052882858434576860e+02
1.206000000000000000e+05	3.078163606830298704e+02
1.215000000000000000e+05	3.078163606830298704e+02
1.215000000000000000e+05	3.066105093308158871e+02
1.224000000000000000e+05	3.066105093308158871e+02
1.224000000000000000e+05	3.049595684043414394e+02
1.233000000000000000e+05	3.049595684043414394e+02
1.233000000000000000e+05	3.025667432341420522e+02
1.242000000000000000e+05	3.025667432341420522e+02
1.242000000000000000e+05	3.026422759829235929e+02
1.251000000000000000e+05	3.026422759829235929e+02
1.251000000000000000e+05	3.023649728518562938e+02
1.260000000000000000e+05	3.023649728518562938e+02
1.260000000000000000e+05	3.022407025094097435e+02
1.269000000000000000e+05	3.022407025094097435e+02
1.269000000000000000e+05	2.984972089813521734e+02
1.278000000000000000e+05	2.984972089813521734e+02
1.278000000000000000e+05	3.000086778961815526e+02
1.287000000000000000e+05	3.000086778961815526e+02
1.287000000000000000e+05	2.995942471825607640e+02
1.296000000000000000e+05	2.995942471825607640e+02
1.296000000000000000e+05	2.977331598500125551e+02
1.305000000000000000e+05	2.977331598500125551e+02
1.305000000000000000e+05	2.988971334614245734e+02
1.314000000000000000e+05	2.988971334614245734e+02
1.314000000000000000e+05	2.970223816133109835e+02
1.323000000000000000e+05	2.970223816133109835e+02
1.323000000000000000e+05	2.990154454196169240e+02
1.332000000000000000e+05	2.990154454196169240e+02
1.332000000000000000e+05	2.976832046491311417e+02
1.341000000000000000e+05	2.976832046491311417e+02
1.341000000000000000e+05	2.967996988922741366e+02
1.350000000000000000e+05	2.967996988922741366e+02
1.350000000000000000e+05	2.971650590609918936e+02
1.359000000000000000e+05	2.971650590609918936e+02
1.359000000000000000e+05	2.971662991814436623e+02
1.368000000000000000e+05	2.971662991814436623e+02
1.368000000000000000e+05	2.963289212602974771e+02
1.377000000000000000e+05	2.963289212602974771e+02
1.377000000000000000e+05	2.956859023219760161e+02
1.386000000000000000e+05	2.956859023219760161e+02
1.386000000000000000e+05	2.987835274708016868e+02
1.395000000000000000e+05	2.987835274708016868e+02
1.395000000000000000e+05	2.966691575414309341e+02
1.404000000000000000e+05	2.966691575414309341e+02
1.404000000000000000e+05	2.962450899086687741e+02
1.413000000000000000e+05	2.962450899086687741e+02
1.413000000000000000e+05	2.949951033620461089e+02
1.422000000000000000e+05	2.949951033620461089e+02
1.422000000000000000e+05	2.954896588709894445e+02
1.431000000000000000e+05	2.954896588709894445e+02
1.431000000000000000e+05	2.952995282794389027e+02
1.440000000000000000e+05	2.952995282794389027e+02
1.440000000000000000e+05	2.952273599339123393e+02
1.449000000000000000e+05	2.952273599339123393e+02
1.449000000000000000e+05	2.949049690418556793e+02
1.458000000000000000e+05	2.949049690418556793e+02
1.458000000000000000e+05	2.950118226435937459e+02
1.467000000000000000e+05	2.950118226435937459e+02
1.467000000000000000e+05	2.949879235817051040e+02
1.476000000000000000e+05	2.949879235817051040e+02
1.476000000000000000e+05	2.947922108745057130e+02
1.485000000000000000e+05	2.947922108745057130e+02
1.485000000000000000e+05	2.961672949170196034e+02
1.494000000000000000e+05	2.961672949170196034e+02
1.494000000000000000e+05	2.965815863492749713e+02
1.503000000000000000e+05	2.965815863492749713e+02
1.503000000000000000e+05	2.972060356732969240e+02
1.512000000000000000e+05	2.972060356732969240e+02
1.512000000000000000e+05	2.938971172137996746e+02
1.521000000000000000e+05	2.938971172137996746e+02
1.521000000000000000e+05	3.029182418450379828e+02
1.530000000000000000e+05	3.029182418450379828e+02
1.530000000000000000e+05	2.977844179725370850e+02
1.539000000000000000e+05	2.977844179725370850e+02
1.539000000000000000e+05	2.979856285628771957e+02
1.548000000000000000e+05	2.979856285628771957e+02
1.548000000000000000e+05	2.981038386467774899e+02
1.557000000000000000e+05	2.981038386467774899e+02
1.557000000000000000e+05	2.988200330591010356e+02
1.566000000000000000e+05	2.988200330591010356e+02
1.566000000000000000e+05	2.981071800889336600e+02
1.575000000000000000e+05	2.981071800889336600e+02
1.575000000000000000e+05	2.985885341388017764e+02
1.584000000000000000e+05	2.985885341388017764e+02
1.584000000000000000e+05	2.956897029152594882e+02
1.593000000000000000e+05	2.956897029152594882e+02
1.593000000000000000e+05	2.975848593513156288e+02
1.602000000000000000e+05	2.975848593513156288e+02
1.602000000000000000e+05	2.958922449001372001e+02
1.611000000000000000e+05	2.958922449001372001e+02
1.611000000000000000e+05	2.951412464089257242e+02
1.620000000000000000e+05	2.951412464089257242e+02
1.620000000000000000e+05	2.936355384260274377e+02
1.629000000000000000e+05	2.936355384260274377e+02
1.629000000000000000e+05	2.962544545008809678e+02
1.638000000000000000e+05	2.962544545008809678e+02
1.638000000000000000e+05	2.947625936875725188e+02
1.647000000000000000e+05	2.947625936875725188e+02
1.647000000000000000e+05	2.935560861753745598e+02
1.656000000000000000e+05	2.935560861753745598e+02
1.656000000000000000e+05	2.928782563714725597e+02
1.665000000000000000e+05	2.928782563714725597e+02
1.665000000000000000e+05	2.897226209698591788e+02
1.674000000000000000e+05	2.897226209698591788e+02
1.674000000000000000e+05	2.910521253818790797e+02
1.683000000000000000e+05	2.910521253818790797e+02
1.683000000000000000e+05	2.914610908493463057e+02
1.692000000000000000e+05	2.914610908493463057e+02
1.692000000000000000e+05	2.923453119147864072e+02
1.701000000000000000e+05	2.923453119147864072e+02
1.701000000000000000e+05	2.896494818974729810e+02
1.710000000000000000e+05	2.896494818974729810e+02
1.710000000000000000e+05	2.908628770112460984e+02
1.719000000000000000e+05	2.908628770112460984e+02
1.719000000000000000e+05	2.912543809466609446e+02
1.728000000000000000e+05	2.912543809466609446e+02
1.728000000000000000e+05	2.921573712165197776e+02
1.737000000000000000e+05	2.921573712165197776e+02
1.737000000000000000e+05	2.895377101529162474e+02
1.746000000000000000e+05	2.895377101529162474e+02
1.746000000000000000e+05	2.907188795779287034e+02
1.755000000000000000e+05	2.907188795779287034e+02
1.755000000000000000e+05	2.911010450538014993e+02
1.764000000000000000e+05	2.911010450538014993e+02
1.764000000000000000e+05	2.919929768929506508e+02
1.773000000000000000e+05	2.919929768929506508e+02
1.773000000000000000e+05	2.894191411988709888e+02
1.782000000000000000e+05	2.894191411988709888e+02
1.782000000000000000e+05	2.905776623343953702e+02
1.791000000000000000e+05	2.905776623343953702e+02
1.791000000000000000e+05	2.909520101603991407e+02
1.800000000000000000e+05	2.909520101603991407e+02
1.800000000000000000e+05	2.918303963296177699e+02
1.809000000000000000e+05	2.918303963296177699e+02
1.809000000000000000e+05	2.893642403906879963e+02
1.818000000000000000e+05	2.893642403906879963e+02
1.818000000000000000e+05	2.905430557064586310e+02
1.827000000000000000e+05	2.905430557064586310e+02
1.827000000000000000e+05	2.908677946016999840e+02
1.836000000000000000e+05	2.908677946016999840e+02
1.836000000000000000e+05	2.919703416004576866e+02
1.845000000000000000e+05	2.919703416004576866e+02
1.845000000000000000e+05	2.937870565149148092e+02
1.854000000000000000e+05	2.937870565149148092e+02
1.854000000000000000e+05	2.930802979600584308e+02
1.863000000000000000e+05	2.930802979600584308e+02
1.863000000000000000e+05	2.932652473785469169e+02
1.872000000000000000e+05	2.932652473785469169e+02
1.872000000000000000e+05	2.931897008913000491e+02
1.881000000000000000e+05	2.931897008913000491e+02
1.881000000000000000e+05	2.945015380795236410e+02
1.890000000000000000e+05	2.945015380795236410e+02
1.890000000000000000e+05	2.940208060640418353e+02
1.899000000000000000e+05	2.940208060640418353e+02
1.899000000000000000e+05	2.941771277406431295e+02
1.908000000000000000e+05	2.941771277406431295e+02
1.908000000000000000e+05	2.932900772496745958e+02
1.917000000000000000e+05	2.932900772496745958e+02
1.917000000000000000e+05	2.951951827441526461e+02
1.926000000000000000e+05	2.951951827441526461e+02
1.926000000000000000e+05	2.927665569098996343e+02
1.935000000000000000e+05	2.927665569098996343e+02
1.935000000000000000e+05	2.923630962670846429e+02
1.944000000000000000e+05	2.923630962670846429e+02
1.944000000000000000e+05	2.923887555867540868e+02
1.953000000000000000e+05	2.923887555867540868e+02
1.953000000000000000e+05	2.938961881581138300e+02
1.962000000000000000e+05	2.938961881581138300e+02
1.962000000000000000e+05	2.929394934395883752e+02
1.971000000000000000e+05	2.929394934395883752e+02
1.971000000000000000e+05	2.925655674847092769e+02
1.980000000000000000e+05	2.925655674847092769e+02
1.980000000000000000e+05	2.932224289897755511e+02
1.989000000000000000e+05	2.932224289897755511e+02
1.989000000000000000e+05	2.927100655679368515e+02
1.998000000000000000e+05	2.927100655679368515e+02
1.998000000000000000e+05	2.988354505533142174e+02
2.007000000000000000e+05	2.988354505533142174e+02
2.007000000000000000e+05	3.020921164788348392e+02
2.016000000000000000e+05	3.020921164788348392e+02
2.016000000000000000e+05	3.022295235182307351e+02
2.025000000000000000e+05	3.022295235182307351e+02
2.025000000000000000e+05	3.109236099488981040e+02
2.034000000000000000e+05	3.109236099488981040e+02
2.034000000000000000e+05	3.102722252012854938e+02
2.043000000000000000e+05	3.102722252012854938e+02
2.043000000000000000e+05	3.087884780410694248e+02
2.052000000000000000e+05	3.087884780410694248e+02
2.052000000000000000e+05	3.081972627130945739e+02
2.061000000000000000e+05	3.081972627130945739e+02
2.061000000000000000e+05	3.043820544480381045e+02
2.070000000000000000e+05	3.043820544480381045e+02
2.070000000000000000e+05	3.055286809081259207e+02
2.079000000000000000e+05	3.055286809081259207e+02
2.079000000000000000e+05	3.052933821407222013e+02
2.088000000000000000e+05	3.052933821407222013e+02
2.088000000000000000e+05	3.032454142302662490e+02
2.097000000000000000e+05	3.032454142302662490e+02
2.097000000000000000e+05	3.035016150737536691e+02
2.106000000000000000e+05	3.035016150737536691e+02
2.106000000000000000e+05	3.019981109984247496e+02
2.115000000000000000e+05	3.019981109984247496e+02
2.115000000000000000e+05	3.019317836193449693e+02
2.124000000000000000e+05	3.019317836193449693e+02
2.124000000000000000e+05	2.990873366726366385e+02
2.133000000000000000e+05	2.990873366726366385e+02
2.133000000000000000e+05	3.029754496931474819e+02
2.142000000000000000e+05	3.029754496931474819e+02
2.142000000000000000e+05	2.998817633331397587e+02
2.151000000000000000e+05	2.998817633331397587e+02
2.151000000000000000e+05	3.002142758381883709e+02
2.160000000000000000e+05	3.002142758381883709e+02
2.160000000000000000e+05	2.999484587873096757e+02
2.169000000000000000e+05	2.999484587873096757e+02
2.169000000000000000e+05	2.966756171556824597e+02
2.178000000000000000e+05	2.966756171556824597e+02
2.178000000000000000e+05	2.996792589690250566e+02
2.187000000000000000e+05	2.996792589690250566e+02
2.187000000000000000e+05	2.974739467054144484e+02
2.196000000000000000e+05	2.974739467054144484e+02
2.196000000000000000e+05	2.952163657810990003e+02
2.205000000000000000e+05	2.952163657810990003e+02
2.205000000000000000e+05	3.037333585344807148e+02
2.214000000000000000e+05	3.037333585344807148e+02
2.214000000000000000e+05	2.982029885761069750e+02
2.223000000000000000e+05	2.982029885761069750e+02
2.223000000000000000e+05	2.988574431995930354e+02
2.232000000000000000e+05	2.988574431995930354e+02
2.232000000000000000e+05	2.979250825557520557e+02
2.241000000000000000e+05	2.979250825557520557e+02
2.241000000000000000e+05	2.987618886189943623e+02
2.250000000000000000e+05	2.987618886189943623e+02
2.250000000000000000e+05	2.983357600470675948e+02
2.259000000000000000e+05	2.983357600470675948e+02
2.259000000000000000e+05	2.981023118510282188e+02
2.268000000000000000e+05	2.981023118510282188e+02
2.268000000000000000e+05	2.950883618923616609e+02
2.277000000000000000e+05	2.950883618923616609e+02
2.277000000000000000e+05	3.013319637443173633e+02
2.286000000000000000e+05	3.013319637443173633e+02
2.286000000000000000e+05	2.967949824366202733e+02
2.295000000000000000e+05	2.967949824366202733e+02
2.295000000000000000e+05	2.971867961917168941e+02
2.304000000000000000e+05	2.971867961917168941e+02
2.304000000000000000e+05	2.942495455750693623e+02
2.313000000000000000e+05	2.942495455750693623e+02
2.313000000000000000e+05	3.024391055773613175e+02
2.322000000000000000e+05	3.024391055773613175e+02
2.322000000000000000e+05	2.968418594366015100e+02
2.331000000000000000e+05	2.968418594366015100e+02
2.331000000000000000e+05	2.975311079760994630e+02
2.340000000000000000e+05	2.975311079760994630e+02
2.340000000000000000e+05	2.952632197468477671e+02
2.349000000000000000e+05	2.952632197468477671e+02
2.349000000000000000e+05	3.013309697095748447e+02
2.358000000000000000e+05	3.013309697095748447e+02
2.358000000000000000e+05	2.986137546255103530e+02
2.367000000000000000e+05	2.986137546255103530e+02
2.367000000000000000e+05	2.996650820467428957e+02
2.376000000000000000e+05	2.996650820467428957e+02
2.376000000000000000e+05	2.972710279992254527e+02
2.385000000000000000e+05	2.972710279992254527e+02
2.385000000000000000e+05	3.020029080242926511e+02
2.394000000000000000e+05	3.020029080242926511e+02
2.394000000000000000e+05	2.992050677174342468e+02
2.403000000000000000e+05	2.992050677174342468e+02
2.403000000000000000e+05	2.994065421331464449e+02
2.412000000000000000e+05	2.994065421331464449e+02
2.412000000000000000e+05	2.994713229231634841e+02
2.421000000000000000e+05	2.994713229231634841e+02
2.421000000000000000e+05	2.985692405484807068e+02
2.430000000000000000e+05	2.985692405484807068e+02
2.430000000000000000e+05	2.990449005059707588e+02
2.439000000000000000e+05	2.990449005059707588e+02
2.439000000000000000e+05	2.993739000457244401e+02
2.448000000000000000e+05	2.993739000457244401e+02
2.448000000000000000e+05	2.968827617543744850e+02
2.457000000000000000e+05	2.968827617543744850e+02
2.457000000000000000e+05	2.983348025545849964e+02
2.466000000000000000e+05	2.983348025545849964e+02
2.466000000000000000e+05	2.965177883672288317e+02
2.475000000000000000e+05	2.965177883672288317e+02
2.475000000000000000e+05	2.956526373095861118e+02
2.484000000000000000e+05	2.956526373095861118e+02
2.484000000000000000e+05	2.940206441545538496e+02
2.493000000000000000e+05	2.940206441545538496e+02
2.493000000000000000e+05	2.964983932492804115e+02
2.502000000000000000e+05	2.964983932492804115e+02
2.502000000000000000e+05	2.949667096794370309e+02
2.511000000000000000e+05	2.949667096794370309e+02
2.511000000000000000e+05	2.940193048068616690e+02
2.520000000000000000e+05	2.940193048068616690e+02
2.520000000000000000e+05	2.930019312914372449e+02
2.529000000000000000e+05	2.930019312914372449e+02
2.529000000000000000e+05	2.897982900050853914e+02
2.538000000000000000e+05	2.897982900050853914e+02
2.538000000000000000e+05	2.911138891108753342e+02
2.547000000000000000e+05	2.911138891108753342e+02
2.547000000000000000e+05	2.915096663508520010e+02
2.556000000000000000e+05	2.915096663508520010e+02
2.556000000000000000e+05	2.923361317749664181e+02
2.565000000000000000e+05	2.923361317749664181e+02
2.565000000000000000e+05	2.897107512821049227e+02
2.574000000000000000e+05	2.897107512821049227e+02
2.574000000000000000e+05	2.908872538449920171e+02
2.583000000000000000e+05	2.908872538449920171e+02
2.583000000000000000e+05	2.912646437343103685e+02
2.592000000000000000e+05	2.912646437343103685e+02
2.592000000000000000e+05	2.921233896223617421e+02
2.601000000000000000e+05	2.921233896223617421e+02
2.601000000000000000e+05	2.895808065003652132e+02
2.610000000000000000e+05	2.895808065003652132e+02
2.610000000000000000e+05	2.907225614033363286e+02
2.619000000000000000e+05	2.907225614033363286e+02
2.619000000000000000e+05	2.910900043114761502e+02
2.628000000000000000e+05	2.910900043114761502e+02
2.628000000000000000e+05	2.919376725136007167e+02
2.637000000000000000e+05	2.919376725136007167e+02
2.637000000000000000e+05	2.894443112749519855e+02
2.646000000000000000e+05	2.894443112749519855e+02
2.646000000000000000e+05	2.905621255468861932e+02
2.655000000000000000e+05	2.905621255468861932e+02
2.655000000000000000e+05	2.909214391038669305e+02
2.664000000000000000e+05	2.909214391038669305e+02
2.664000000000000000e+05	2.917554852827482819e+02
2.673000000000000000e+05	2.917554852827482819e+02
2.673000000000000000e+05	2.893004371007515374e+02
2.682000000000000000e+05	2.893004371007515374e+02
2.682000000000000000e+05	2.903991099694429181e+02
2.691000000000000000e+05	2.903991099694429181e+02
2.691000000000000000e+05	2.907518191602238744e+02
2.700000000000000000e+05	2.907518191602238744e+02
2.700000000000000000e+05	2.915747508589353743e+02
2.709000000000000000e+05	2.915747508589353743e+02
2.709000000000000000e+05	2.891507146179121150e+02
2.718000000000000000e+05	2.891507146179121150e+02
2.718000000000000000e+05	2.902341511380226962e+02
2.727000000000000000e+05	2.902341511380226962e+02
2.727000000000000000e+05	2.905817591264088264e+02
2.736000000000000000e+05	2.905817591264088264e+02
2.736000000000000000e+05	2.913969945298593984e+02
2.745000000000000000e+05	2.913969945298593984e+02
2.745000000000000000e+05	2.898213786649178019e+02
2.754000000000000000e+05	2.898213786649178019e+02
2.754000000000000000e+05	2.915722866696459050e+02
2.763000000000000000e+05	2.915722866696459050e+02
2.763000000000000000e+05	2.914545269051484979e+02
2.772000000000000000e+05	2.914545269051484979e+02
2.772000000000000000e+05	2.914526328594632787e+02
2.781000000000000000e+05	2.914526328594632787e+02
2.781000000000000000e+05	3.008546686897261679e+02
2.790000000000000000e+05	3.008546686897261679e+02
2.790000000000000000e+05	2.964353049376753120e+02
2.799000000000000000e+05	2.964353049376753120e+02
2.799000000000000000e+05	2.944866685649484452e+02
2.808000000000000000e+05	2.944866685649484452e+02
2.808000000000000000e+05	2.922457887789915958e+02
2.817000000000000000e+05	2.922457887789915958e+02
2.817000000000000000e+05	2.988181774874558982e+02
2.826000000000000000e+05	2.988181774874558982e+02
2.826000000000000000e+05	2.944575790574802454e+02
2.835000000000000000e+05	2.944575790574802454e+02
2.835000000000000000e+05	2.887998463688125526e+02
2.844000000000000000e+05	2.887998463688125526e+02
2.844000000000000000e+05	2.924303119597289538e+02
2.853000000000000000e+05	2.924303119597289538e+02
2.853000000000000000e+05	2.965582471910491336e+02
2.862000000000000000e+05	2.965582471910491336e+02
2.862000000000000000e+05	3.006849210721791792e+02
2.871000000000000000e+05	3.006849210721791792e+02
2.871000000000000000e+05	3.033042332281970062e+02
2.880000000000000000e+05	3.033042332281970062e+02
2.880000000000000000e+05	3.036453539704078253e+02
2.889000000000000000e+05	3.036453539704078253e+02
2.889000000000000000e+05	3.092180585687946177e+02
2.898000000000000000e+05	3.092180585687946177e+02
2.898000000000000000e+05	3.095090248163667184e+02
2.907000000000000000e+05	3.095090248163667184e+02
2.907000000000000000e+05	3.102226208802655947e+02
2.916000000000000000e+05	3.102226208802655947e+02
2.916000000000000000e+05	3.092179081398703602e+02
2.925000000000000000e+05	3.092179081398703602e+02
2.925000000000000000e+05	3.087155887226228401e+02
2.934000000000000000e+05	3.087155887226228401e+02
2.934000000000000000e+05	3.073071020725349740e+02
2.943000000000000000e+05	3.073071020725349740e+02
2.943000000000000000e+05	3.073104353695332520e+02
2.952000000000000000e+05	3.073104353695332520e+02
2.952000000000000000e+05	3.055562642325940033e+02
2.961000000000000000e+05	3.055562642325940033e+02
2.961000000000000000e+05	3.032018703936273596e+02
2.970000000000000000e+05	3.032018703936273596e+02
2.970000000000000000e+05	3.037402652863808612e+02
2.979000000000000000e+05	3.037402652863808612e+02
2.979000000000000000e+05	3.031499206463634550e+02
2.988000000000000000e+05	3.031499206463634550e+02
2.988000000000000000e+05	3.009521895408668115e+02
2.997000000000000000e+05	3.009521895408668115e+02
2.997000000000000000e+05	3.027373837332661992e+02
3.006000000000000000e+05	3.027373837332661992e+02
3.006000000000000000e+05	3.007020053665389128e+02
3.015000000000000000e+05	3.007020053665389128e+02
3.015000000000000000e+05	3.009024079192362251e+02
3.024000000000000000e+05	3.009024079192362251e+02
3.024000000000000000e+05	3.006623057473537415e+02
3.033000000000000000e+05	3.006623057473537415e+02
3.033000000000000000e+05	2.973034149894446614e+02
3.042000000000000000e+05	2.973034149894446614e+02
3.042000000000000000e+05	2.997073815629673845e+02
3.051000000000000000e+05	2.997073815629673845e+02
3.051000000000000000e+05	2.994372471465966896e+02
3.060000000000000000e+05	2.994372471465966896e+02
3.060000000000000000e+05	2.962490310643942166e+02
3.069000000000000000e+05	2.962490310643942166e+02
3.069000000000000000e+05	3.014361785861202634e+02
3.078000000000000000e+05	3.014361785861202634e+02
3.078000000000000000e+05	2.975301395736433392e+02
3.087000000000000000e+05	2.975301395736433392e+02
3.087000000000000000e+05	2.992222709694381706e+02
3.096000000000000000e+05	2.992222709694381706e+02
3.096000000000000000e+05	2.989023697888831634e+02
3.105000000000000000e+05	2.989023697888831634e+02
3.105000000000000000e+05	2.939237124694220711e+02
3.114000000000000000e+05	2.939237124694220711e+02
3.114000000000000000e+05	2.971690792354916653e+02
3.123000000000000000e+05	2.971690792354916653e+02
3.123000000000000000e+05	2.968275607988396132e+02
3.132000000000000000e+05	2.968275607988396132e+02
3.132000000000000000e+05	2.953106904262035641e+02
3.141000000000000000e+05	2.953106904262035641e+02
3.141000000000000000e+05	2.974751263021145746e+02
3.150000000000000000e+05	2.974751263021145746e+02
3.150000000000000000e+05	2.958591768018214907e+02
3.159000000000000000e+05	2.958591768018214907e+02
3.159000000000000000e+05	2.962082608107527335e+02
3.168000000000000000e+05	2.962082608107527335e+02
3.168000000000000000e+05	2.950397346317138272e+02
3.177000000000000000e+05	2.950397346317138272e+02
3.177000000000000000e+05	2.971681427809025990e+02
3.186000000000000000e+05	2.971681427809025990e+02
3.186000000000000000e+05	2.957332187570459610e+02
3.195000000000000000e+05	2.957332187570459610e+02
3.195000000000000000e+05	2.959068375820635879e+02
3.204000000000000000e+05	2.959068375820635879e+02
3.204000000000000000e+05	2.947148302506835762e+02
3.213000000000000000e+05	2.947148302506835762e+02
3.213000000000000000e+05	2.970783449805717282e+02
3.222000000000000000e+05	2.970783449805717282e+02
3.222000000000000000e+05	2.991674958630269998e+02
3.231000000000000000e+05	2.991674958630269998e+02
3.231000000000000000e+05	2.983791397652134378e+02
3.240000000000000000e+05	2.983791397652134378e+02
3.240000000000000000e+05	2.973025240151798698e+02
3.249000000000000000e+05	2.973025240151798698e+02
3.249000000000000000e+05	2.983696471382554023e+02
3.258000000000000000e+05	2.983696471382554023e+02
3.258000000000000000e+05	2.997738481998775910e+02
3.267000000000000000e+05	2.997738481998775910e+02
3.267000000000000000e+05	2.982237535826271255e+02
3.276000000000000000e+05	2.982237535826271255e+02
3.276000000000000000e+05	2.951184560323824257e+02
3.285000000000000000e+05	2.951184560323824257e+02
3.285000000000000000e+05	3.036259751663732231e+02
3.294000000000000000e+05	3.036259751663732231e+02
3.294000000000000000e+05	3.000073781818013003e+02
3.303000000000000000e+05	3.000073781818013003e+02
3.303000000000000000e+05	2.996111482105668529e+02
3.312000000000000000e+05	2.996111482105668529e+02
3.312000000000000000e+05	2.962783957924648917e+02
3.321000000000000000e+05	2.962783957924648917e+02
3.321000000000000000e+05	3.009286305945019535e+02
3.330000000000000000e+05	3.009286305945019535e+02
3.330000000000000000e+05	2.977821848519869263e+02
3.339000000000000000e+05	2.977821848519869263e+02
3.339000000000000000e+05	2.965049858480746252e+02
3.348000000000000000e+05	2.965049858480746252e+02
3.348000000000000000e+05	2.945782136015009769e+02
3.357000000000000000e+05	2.945782136015009769e+02
3.357000000000000000e+05	2.968219697105162709e+02
3.366000000000000000e+05	2.968219697105162709e+02
3.366000000000000000e+05	2.952259042206241020e+02
3.375000000000000000e+05	2.952259042206241020e+02
3.375000000000000000e+05	2.945498232720643728e+02
3.384000000000000000e+05	2.945498232720643728e+02
3.384000000000000000e+05	2.931450184282938380e+02
3.393000000000000000e+05	2.931450184282938380e+02
3.393000000000000000e+05	2.898699328126769501e+02
3.402000000000000000e+05	2.898699328126769501e+02
3.402000000000000000e+05	2.911660692859215374e+02
3.411000000000000000e+05	2.911660692859215374e+02
3.411000000000000000e+05	2.915441991437490401e+02
3.420000000000000000e+05	2.915441991437490401e+02
3.420000000000000000e+05	2.923113345047656253e+02
3.429000000000000000e+05	2.923113345047656253e+02
3.429000000000000000e+05	2.897703068402823305e+02
3.438000000000000000e+05	2.897703068402823305e+02
3.438000000000000000e+05	2.909046735156047703e+02
3.447000000000000000e+05	2.909046735156047703e+02
3.447000000000000000e+05	2.912676633538823694e+02
3.456000000000000000e+05	2.912676633538823694e+02
3.456000000000000000e+05	2.921003718012398167e+02
3.465000000000000000e+05	2.921003718012398167e+02
3.465000000000000000e+05	2.896303617031686031e+02
3.474000000000000000e+05	2.896303617031686031e+02
3.474000000000000000e+05	2.907374964402959563e+02
3.483000000000000000e+05	2.907374964402959563e+02
3.483000000000000000e+05	2.910936084177220096e+02
3.492000000000000000e+05	2.910936084177220096e+02
3.492000000000000000e+05	2.919241166978965225e+02
3.501000000000000000e+05	2.919241166978965225e+02
3.501000000000000000e+05	2.894872729589554865e+02
3.510000000000000000e+05	2.894872729589554865e+02
3.510000000000000000e+05	2.916971602761572058e+02
3.519000000000000000e+05	2.916971602761572058e+02
3.519000000000000000e+05	2.916095093999428514e+02
3.528000000000000000e+05	2.916095093999428514e+02
3.528000000000000000e+05	2.917531040424109960e+02
3.537000000000000000e+05	2.917531040424109960e+02
3.537000000000000000e+05	2.934535132384879148e+02
3.546000000000000000e+05	2.934535132384879148e+02
3.546000000000000000e+05	2.928249892124194957e+02
3.555000000000000000e+05	2.928249892124194957e+02
3.555000000000000000e+05	2.920389029829265155e+02
3.564000000000000000e+05	2.920389029829265155e+02
3.564000000000000000e+05	2.917500403664946589e+02
3.573000000000000000e+05	2.917500403664946589e+02
3.573000000000000000e+05	2.888508351570897617e+02
3.582000000000000000e+05	2.888508351570897617e+02
3.582000000000000000e+05	2.901370863316774376e+02
3.591000000000000000e+05	2.901370863316774376e+02
3.591000000000000000e+05	2.905701170693232029e+02
3.600000000000000000e+05	2.905701170693232029e+02
3.600000000000000000e+05	2.922892698730468055e+02
3.609000000000000000e+05	2.922892698730468055e+02
3.609000000000000000e+05	2.963432794450423557e+02
3.618000000000000000e+05	2.963432794450423557e+02
3.618000000000000000e+05	2.926308469599964610e+02
3.627000000000000000e+05	2.926308469599964610e+02
3.627000000000000000e+05	2.921244050541618549e+02
3.636000000000000000e+05	2.921244050541618549e+02
3.636000000000000000e+05	2.918588353945952463e+02
3.645000000000000000e+05	2.918588353945952463e+02
3.645000000000000000e+05	2.996579453064038034e+02
3.654000000000000000e+05	2.996579453064038034e+02
3.654000000000000000e+05	2.957818633448642345e+02
3.663000000000000000e+05	2.957818633448642345e+02
3.663000000000000000e+05	2.938463730810574930e+02
3.672000000000000000e+05	2.938463730810574930e+02
3.672000000000000000e+05	2.931264389996645718e+02
3.681000000000000000e+05	2.931264389996645718e+02
3.681000000000000000e+05	2.954770984530316582e+02
3.690000000000000000e+05	2.954770984530316582e+02
3.690000000000000000e+05	2.927356148471491792e+02
3.699000000000000000e+05	2.927356148471491792e+02
3.699000000000000000e+05	2.881499999999999773e+02
3.708000000000000000e+05	2.881499999999999773e+02
3.708000000000000000e+05	2.935197158375486879e+02
3.717000000000000000e+05	2.935197158375486879e+02
3.717000000000000000e+05	2.986283696572502322e+02
3.726000000000000000e+05	2.986283696572502322e+02
3.726000000000000000e+05	3.020370082751058476e+02
3.735000000000000000e+05	3.020370082751058476e+02
3.735000000000000000e+05	3.043588720856436680e+02
3.744000000000000000e+05	3.043588720856436680e+02
3.744000000000000000e+05	3.046689471845998014e+02
3.753000000000000000e+05	3.046689471845998014e+02
3.753000000000000000e+05	3.100424326023118624e+02
3.762000000000000000e+05	3.100424326023118624e+02
3.762000000000000000e+05	3.101856931152440211e+02
3.771000000000000000e+05	3.101856931152440211e+02
3.771000000000000000e+05	3.107997554830141098e+02
3.780000000000000000e+05	3.107997554830141098e+02
3.780000000000000000e+05	3.097827791593851998e+02
3.789000000000000000e+05	3.097827791593851998e+02
3.789000000000000000e+05	3.036636306505023413e+02
3.798000000000000000e+05	3.036636306505023413e+02
3.798000000000000000e+05	3.060416441983844607e+02
3.807000000000000000e+05	3.060416441983844607e+02
3.807000000000000000e+05	3.066479614059163623e+02
3.816000000000000000e+05	3.066479614059163623e+02
3.816000000000000000e+05	3.005813945745236992e+02
3.825000000000000000e+05	3.005813945745236992e+02
3.825000000000000000e+05	3.068853490918072566e+02
3.834000000000000000e+05	3.068853490918072566e+02
3.834000000000000000e+05	3.017064439491477401e+02
3.843000000000000000e+05	3.017064439491477401e+02
3.843000000000000000e+05	3.034831403193769575e+02
3.852000000000000000e+05	3.034831403193769575e+02
3.852000000000000000e+05	3.007850787031328537e+02
3.861000000000000000e+05	3.007850787031328537e+02
3.861000000000000000e+05	3.037691615629987609e+02
3.870000000000000000e+05	3.037691615629987609e+02
3.870000000000000000e+05	3.005206794728552495e+02
3.879000000000000000e+05	3.005206794728552495e+02
3.879000000000000000e+05	3.010504832653317067e+02
3.888000000000000000e+05	3.010504832653317067e+02
3.888000000000000000e+05	2.995039840540214868e+02
3.897000000000000000e+05	2.995039840540214868e+02
3.897000000000000000e+05	2.996675851902176078e+02
3.906000000000000000e+05	2.996675851902176078e+02
3.906000000000000000e+05	3.009628838016259351e+02
3.915000000000000000e+05	3.009628838016259351e+02
3.915000000000000000e+05	3.000043115177269897e+02
3.924000000000000000e+05	3.000043115177269897e+02
3.924000000000000000e+05	2.974892496193015177e+02
3.933000000000000000e+05	2.974892496193015177e+02
3.933000000000000000e+05	3.031220895866608771e+02
3.942000000000000000e+05	3.031220895866608771e+02
3.942000000000000000e+05	2.990588440095565943e+02
3.951000000000000000e+05	2.990588440095565943e+02
3.951000000000000000e+05	2.996379333158693044e+02
3.960000000000000000e+05	2.996379333158693044e+02
3.960000000000000000e+05	2.954296200400405041e+02
3.969000000000000000e+05	2.954296200400405041e+02
3.969000000000000000e+05	3.038459717604201273e+02
3.978000000000000000e+05	3.038459717604201273e+02
3.978000000000000000e+05	2.992462220377808535e+02
3.987000000000000000e+05	2.992462220377808535e+02
3.987000000000000000e+05	2.997021892647074992e+02
3.996000000000000000e+05	2.997021892647074992e+02
3.996000000000000000e+05	2.986793810581813773e+02
4.005000000000000000e+05	2.986793810581813773e+02
4.005000000000000000e+05	2.991147466734452109e+02
4.014000000000000000e+05	2.991147466734452109e+02
4.014000000000000000e+05	2.990891351861934027e+02
4.023000000000000000e+05	2.990891351861934027e+02
4.023000000000000000e+05	2.983079550965412068e+02
4.032000000000000000e+05	2.983079550965412068e+02
4.032000000000000000e+05	2.964112182001740621e+02
4.041000000000000000e+05	2.964112182001740621e+02
4.041000000000000000e+05	2.979386383960954277e+02
4.050000000000000000e+05	2.979386383960954277e+02
4.050000000000000000e+05	2.992690862890142967e+02
4.059000000000000000e+05	2.992690862890142967e+02
4.059000000000000000e+05	2.976147006320776995e+02
4.068000000000000000e+05	2.976147006320776995e+02
4.068000000000000000e+05	2.976380679725327241e+02
4.077000000000000000e+05	2.976380679725327241e+02
4.077000000000000000e+05	2.987688906469903714e+02
4.086000000000000000e+05	2.987688906469903714e+02
4.086000000000000000e+05	2.968864289867372008e+02
4.095000000000000000e+05	2.968864289867372008e+02
4.095000000000000000e+05	3.018872595911955727e+02
4.104000000000000000e+05	3.018872595911955727e+02
4.104000000000000000e+05	2.967778167930966333e+02
4.113000000000000000e+05	2.967778167930966333e+02
4.113000000000000000e+05	3.038153971095171073e+02
4.122000000000000000e+05	3.038153971095171073e+02
4.122000000000000000e+05	2.996270576206042051e+02
4.131000000000000000e+05	2.996270576206042051e+02
4.131000000000000000e+05	3.000015325868222931e+02
4.140000000000000000e+05	3.000015325868222931e+02
4.140000000000000000e+05	2.991661142192490388e+02
4.149000000000000000e+05	2.991661142192490388e+02
4.149000000000000000e+05	2.994902110491912026e+02
4.158000000000000000e+05	2.994902110491912026e+02
4.158000000000000000e+05	3.010628710827015766e+02
4.167000000000000000e+05	3.010628710827015766e+02
4.167000000000000000e+05	3.002765407826680644e+02
4.176000000000000000e+05	3.002765407826680644e+02
4.176000000000000000e+05	2.968865551351719887e+02
4.185000000000000000e+05	2.968865551351719887e+02
4.185000000000000000e+05	3.013031306308797070e+02
4.194000000000000000e+05	3.013031306308797070e+02
4.194000000000000000e+05	2.981104243781629748e+02
4.203000000000000000e+05	2.981104243781629748e+02
4.203000000000000000e+05	2.967838196582659407e+02
4.212000000000000000e+05	2.967838196582659407e+02
4.212000000000000000e+05	2.944251516332303140e+02
4.221000000000000000e+05	2.944251516332303140e+02
4.221000000000000000e+05	2.967407378943715344e+02
4.230000000000000000e+05	2.967407378943715344e+02
4.230000000000000000e+05	2.951640971294461337e+02
4.239000000000000000e+05	2.951640971294461337e+02
4.239000000000000000e+05	2.944395104514570676e+02
4.248000000000000000e+05	2.944395104514570676e+02
4.248000000000000000e+05	2.931133574598657106e+02
4.257000000000000000e+05	2.931133574598657106e+02
4.257000000000000000e+05	2.898575261159760998e+02
4.266000000000000000e+05	2.898575261159760998e+02
4.266000000000000000e+05	2.911583845803510826e+02
4.275000000000000000e+05	2.911583845803510826e+02
4.275000000000000000e+05	2.915404654389219559e+02
4.284000000000000000e+05	2.915404654389219559e+02
4.284000000000000000e+05	2.923135169807779334e+02
4.293000000000000000e+05	2.923135169807779334e+02
4.293000000000000000e+05	2.897569683747862541e+02
4.302000000000000000e+05	2.897569683747862541e+02
4.302000000000000000e+05	2.908981513125859806e+02
4.311000000000000000e+05	2.908981513125859806e+02
4.311000000000000000e+05	2.912627131216737553e+02
4.320000000000000000e+05	2.912627131216737553e+02
4.320000000000000000e+05	2.920887805236623649e+02
4.329000000000000000e+05	2.920887805236623649e+02
4.329000000000000000e+05	2.896140292564958827e+02
4.338000000000000000e+05	2.896140292564958827e+02
4.338000000000000000e+05	2.907222160252533740e+02
4.347000000000000000e+05	2.907222160252533740e+02
4.347000000000000000e+05	2.910778043687122363e+02
4.356000000000000000e+05	2.910778043687122363e+02
4.356000000000000000e+05	2.918967007390705248e+02
4.365000000000000000e+05	2.918967007390705248e+02
4.365000000000000000e+05	2.894661910634364403e+02
4.374000000000000000e+05	2.894661910634364403e+02
4.374000000000000000e+05	2.905529017960028000e+02
4.383000000000000000e+05	2.905529017960028000e+02
4.383000000000000000e+05	2.909011984255869265e+02
4.392000000000000000e+05	2.909011984255869265e+02
4.392000000000000000e+05	2.917086417144949451e+02
4.401000000000000000e+05	2.917086417144949451e+02
4.401000000000000000e+05	2.893827147905059860e+02
4.410000000000000000e+05	2.893827147905059860e+02
4.410000000000000000e+05	2.904197437899155716e+02
4.419000000000000000e+05	2.904197437899155716e+02
4.419000000000000000e+05	2.908222771844490921e+02
4.428000000000000000e+05	2.908222771844490921e+02
4.428000000000000000e+05	2.925920764229963424e+02
4.437000000000000000e+05	2.925920764229963424e+02
4.437000000000000000e+05	2.907699180569283044e+02
4.446000000000000000e+05	2.907699180569283044e+02
4.446000000000000000e+05	2.936043700259414209e+02
4.455000000000000000e+05	2.936043700259414209e+02
4.455000000000000000e+05	2.982479013869930782e+02
4.464000000000000000e+05	2.982479013869930782e+02
4.464000000000000000e+05	2.935655001515009417e+02
4.473000000000000000e+05	2.935655001515009417e+02
4.473000000000000000e+05	2.981505144346463680e+02
4.482000000000000000e+05	2.981505144346463680e+02
4.482000000000000000e+05	2.955211669637977820e+02
4.491000000000000000e+05	2.955211669637977820e+02
4.491000000000000000e+05	2.959323326343779854e+02
4.500000000000000000e+05	2.959323326343779854e+02
4.500000000000000000e+05	2.930984917978462931e+02
4.509000000000000000e+05	2.930984917978462931e+02
4.509000000000000000e+05	3.016722802709355165e+02
4.518000000000000000e+05	3.016722802709355165e+02
4.518000000000000000e+05	2.968094767862775143e+02
4.527000000000000000e+05	2.968094767862775143e+02
4.527000000000000000e+05	2.971279120042356112e+02
4.536000000000000000e+05	2.971279120042356112e+02
4.536000000000000000e+05	2.969971080138948309e+02
4.545000000000000000e+05	2.969971080138948309e+02
4.545000000000000000e+05	2.962306015218915718e+02
4.554000000000000000e+05	2.962306015218915718e+02
4.554000000000000000e+05	2.961417226094787907e+02
4.563000000000000000e+05	2.961417226094787907e+02
4.563000000000000000e+05	2.896211275508508152e+02
4.572000000000000000e+05	2.896211275508508152e+02
4.572000000000000000e+05	2.941079756383193740e+02
4.581000000000000000e+05	2.941079756383193740e+02
4.581000000000000000e+05	2.995166759760696777e+02
4.590000000000000000e+05	2.995166759760696777e+02
4.590000000000000000e+05	3.026089533944648338e+02
4.599000000000000000e+05	3.026089533944648338e+02
4.599000000000000000e+05	3.047827096807951648e+02
4.608000000000000000e+05	3.047827096807951648e+02
4.608000000000000000e+05	3.050760373879415965e+02
4.617000000000000000e+05	3.050760373879415965e+02
4.617000000000000000e+05	3.102431439937974460e+02
4.626000000000000000e+05	3.102431439937974460e+02
4.626000000000000000e+05	3.103504959266956575e+02
4.635000000000000000e+05	3.103504959266956575e+02
4.635000000000000000e+05	3.109263103208685379e+02
4.644000000000000000e+05	3.109263103208685379e+02
4.644000000000000000e+05	3.099012152250478493e+02
4.653000000000000000e+05	3.099012152250478493e+02
4.653000000000000000e+05	3.055092728112435339e+02
4.662000000000000000e+05	3.055092728112435339e+02
4.662000000000000000e+05	3.073731011957812598e+02
4.671000000000000000e+05	3.073731011957812598e+02
4.671000000000000000e+05	3.067374083606426893e+02
4.680000000000000000e+05	3.067374083606426893e+02
4.680000000000000000e+05	3.050935939925572029e+02
4.689000000000000000e+05	3.050935939925572029e+02
4.689000000000000000e+05	3.044381267540941280e+02
4.698000000000000000e+05	3.044381267540941280e+02
4.698000000000000000e+05	3.034812850577687300e+02
4.707000000000000000e+05	3.034812850577687300e+02
4.707000000000000000e+05	3.033976256526761972e+02
4.716000000000000000e+05	3.033976256526761972e+02
4.716000000000000000e+05	3.035184135081236150e+02
4.725000000000000000e+05	3.035184135081236150e+02
4.725000000000000000e+05	2.993002151826414661e+02
4.734000000000000000e+05	2.993002151826414661e+02
4.734000000000000000e+05	3.010193955135284227e+02
4.743000000000000000e+05	3.010193955135284227e+02
4.743000000000000000e+05	3.013256768034709694e+02
4.752000000000000000e+05	3.013256768034709694e+02
4.752000000000000000e+05	2.993874647112869525e+02
4.761000000000000000e+05	2.993874647112869525e+02
4.761000000000000000e+05	2.996720408196044332e+02
4.770000000000000000e+05	2.996720408196044332e+02
4.770000000000000000e+05	3.017272339051905874e+02
4.779000000000000000e+05	3.017272339051905874e+02
4.779000000000000000e+05	3.004362709978232147e+02
4.788000000000000000e+05	3.004362709978232147e+02
4.788000000000000000e+05	3.002632323452298237e+02
4.797000000000000000e+05	3.002632323452298237e+02
4.797000000000000000e+05	3.000583798357494061e+02
4.806000000000000000e+05	3.000583798357494061e+02
4.806000000000000000e+05	2.980679819618267175e+02
4.815000000000000000e+05	2.980679819618267175e+02
4.815000000000000000e+05	3.007798619657932022e+02
4.824000000000000000e+05	3.007798619657932022e+02
4.824000000000000000e+05	2.981247426382865910e+02
4.833000000000000000e+05	2.981247426382865910e+02
4.833000000000000000e+05	3.014724027275479443e+02
4.842000000000000000e+05	3.014724027275479443e+02
4.842000000000000000e+05	2.989700726452737740e+02
4.851000000000000000e+05	2.989700726452737740e+02
4.851000000000000000e+05	2.993047741931400196e+02
4.860000000000000000e+05	2.993047741931400196e+02
4.860000000000000000e+05	2.970624150741904828e+02
4.869000000000000000e+05	2.970624150741904828e+02
4.869000000000000000e+05	3.014729439068398165e+02
4.878000000000000000e+05	3.014729439068398165e+02
4.878000000000000000e+05	2.981564639264749417e+02
4.887000000000000000e+05	2.981564639264749417e+02
4.887000000000000000e+05	2.984422654069320515e+02
4.896000000000000000e+05	2.984422654069320515e+02
4.896000000000000000e+05	2.945690248858977043e+02
4.905000000000000000e+05	2.945690248858977043e+02
4.905000000000000000e+05	3.033212806579326184e+02
4.914000000000000000e+05	3.033212806579326184e+02
4.914000000000000000e+05	2.986023150681303377e+02
4.923000000000000000e+05	2.986023150681303377e+02
4.923000000000000000e+05	2.984389152910270582e+02
4.932000000000000000e+05	2.984389152910270582e+02
4.932000000000000000e+05	2.979865483860550626e+02
4.941000000000000000e+05	2.979865483860550626e+02
4.941000000000000000e+05	2.973215313832620268e+02
4.950000000000000000e+05	2.973215313832620268e+02
4.950000000000000000e+05	2.977562137307031094e+02
4.959000000000000000e+05	2.977562137307031094e+02
4.959000000000000000e+05	2.976377877728543808e+02
4.968000000000000000e+05	2.976377877728543808e+02
4.968000000000000000e+05	2.975713165958605941e+02
4.977000000000000000e+05	2.975713165958605941e+02
4.977000000000000000e+05	2.965713458238968769e+02
4.986000000000000000e+05	2.965713458238968769e+02
4.986000000000000000e+05	2.972413018086906504e+02
4.995000000000000000e+05	2.972413018086906504e+02
4.995000000000000000e+05	2.967086429266261121e+02
5.004000000000000000e+05	2.967086429266261121e+02
5.004000000000000000e+05	2.944632796386122209e+02
5.013000000000000000e+05	2.944632796386122209e+02
5.013000000000000000e+05	3.018244922612505547e+02
5.022000000000000000e+05	3.018244922612505547e+02
5.022000000000000000e+05	2.983529855918107501e+02
5.031000000000000000e+05	2.983529855918107501e+02
5.031000000000000000e+05	3.003294077696280056e+02
5.040000000000000000e+05	3.003294077696280056e+02
5.040000000000000000e+05	2.981176047100962023e+02
5.049000000000000000e+05	2.981176047100962023e+02
5.049000000000000000e+05	2.989243642291093010e+02
5.058000000000000000e+05	2.989243642291093010e+02
5.058000000000000000e+05	2.970059534705642932e+02
5.067000000000000000e+05	2.970059534705642932e+02
5.067000000000000000e+05	2.960495028656933982e+02
5.076000000000000000e+05	2.960495028656933982e+02
5.076000000000000000e+05	2.943977822992864049e+02
5.085000000000000000e+05	2.943977822992864049e+02
5.085000000000000000e+05	2.967334857741954011e+02
5.094000000000000000e+05	2.967334857741954011e+02
5.094000000000000000e+05	2.951620413712074651e+02
5.103000000000000000e+05	2.951620413712074651e+02
5.103000000000000000e+05	2.944559630402129642e+02
5.112000000000000000e+05	2.944559630402129642e+02
5.112000000000000000e+05	2.931168835018185632e+02
5.121000000000000000e+05	2.931168835018185632e+02
5.121000000000000000e+05	2.898660012565865145e+02
5.130000000000000000e+05	2.898660012565865145e+02
5.130000000000000000e+05	2.911683875168191094e+02
5.139000000000000000e+05	2.911683875168191094e+02
5.139000000000000000e+05	2.915520266606134783e+02
5.148000000000000000e+05	2.915520266606134783e+02
5.148000000000000000e+05	2.923285257208963230e+02
5.157000000000000000e+05	2.923285257208963230e+02
5.157000000000000000e+05	2.897662960703024737e+02
5.166000000000000000e+05	2.897662960703024737e+02
5.166000000000000000e+05	2.909108261528404000e+02
5.175000000000000000e+05	2.909108261528404000e+02
5.175000000000000000e+05	2.912766943666463817e+02
5.184000000000000000e+05	2.912766943666463817e+02
5.184000000000000000e+05	2.921046137803296006e+02
5.193000000000000000e+05	2.921046137803296006e+02
5.193000000000000000e+05	2.896240448074783558e+02
5.202000000000000000e+05	2.896240448074783558e+02
5.202000000000000000e+05	2.907347014575764774e+02
5.211000000000000000e+05	2.907347014575764774e+02
5.211000000000000000e+05	2.910907576513648110e+02
5.220000000000000000e+05	2.910907576513648110e+02
5.220000000000000000e+05	2.919069082525090835e+02
5.229000000000000000e+05	2.919069082525090835e+02
5.229000000000000000e+05	2.904428280602214159e+02
5.238000000000000000e+05	2.904428280602214159e+02
5.238000000000000000e+05	2.921895049828239053e+02
5.247000000000000000e+05	2.921895049828239053e+02
5.247000000000000000e+05	2.920859416927664256e+02
5.256000000000000000e+05	2.920859416927664256e+02
5.256000000000000000e+05	2.929136389504207045e+02
5.265000000000000000e+05	2.929136389504207045e+02
5.265000000000000000e+05	2.927900423363230402e+02
5.274000000000000000e+05	2.927900423363230402e+02
5.274000000000000000e+05	2.934679844706614631e+02
5.283000000000000000e+05	2.934679844706614631e+02
5.283000000000000000e+05	2.935048326374633803e+02
5.292000000000000000e+05	2.935048326374633803e+02
5.292000000000000000e+05	2.953054881628794419e+02
5.301000000000000000e+05	2.953054881628794419e+02
5.301000000000000000e+05	2.938662032656113183e+02
5.310000000000000000e+05	2.938662032656113183e+02
5.310000000000000000e+05	2.940471491751990811e+02
5.319000000000000000e+05	2.940471491751990811e+02
5.319000000000000000e+05	2.944721802999040392e+02
5.328000000000000000e+05	2.944721802999040392e+02
5.328000000000000000e+05	2.943336135516362333e+02
5.337000000000000000e+05	2.943336135516362333e+02
5.337000000000000000e+05	2.957656717972465117e+02
5.346000000000000000e+05	2.957656717972465117e+02
5.346000000000000000e+05	2.951892169421556673e+02
5.355000000000000000e+05	2.951892169421556673e+02
5.355000000000000000e+05	2.953714441390457068e+02
5.364000000000000000e+05	2.953714441390457068e+02
5.364000000000000000e+05	2.949634672517886429e+02
5.373000000000000000e+05	2.949634672517886429e+02
5.373000000000000000e+05	2.964892770637168837e+02
5.382000000000000000e+05	2.964892770637168837e+02
5.382000000000000000e+05	2.951205470487917637e+02
5.391000000000000000e+05	2.951205470487917637e+02
5.391000000000000000e+05	2.964368693976065856e+02
5.400000000000000000e+05	2.964368693976065856e+02
5.400000000000000000e+05	2.942103534333440393e+02
5.409000000000000000e+05	2.942103534333440393e+02
5.409000000000000000e+05	2.985997793073479443e+02
5.418000000000000000e+05	2.985997793073479443e+02
5.418000000000000000e+05	2.951025237486358606e+02
5.427000000000000000e+05	2.951025237486358606e+02
5.427000000000000000e+05	2.892551889855985223e+02
5.436000000000000000e+05	2.892551889855985223e+02
5.436000000000000000e+05	2.942382724279653416e+02
5.445000000000000000e+05	2.942382724279653416e+02
5.445000000000000000e+05	2.995389603156343128e+02
5.454000000000000000e+05	2.995389603156343128e+02
5.454000000000000000e+05	3.026630807312998854e+02
5.463000000000000000e+05	3.026630807312998854e+02
5.463000000000000000e+05	3.048423580670605588e+02
5.472000000000000000e+05	3.048423580670605588e+02
5.472000000000000000e+05	3.051344362912429347e+02
5.481000000000000000e+05	3.051344362912429347e+02
5.481000000000000000e+05	3.102823695723934634e+02
5.490000000000000000e+05	3.102823695723934634e+02
5.490000000000000000e+05	3.103982801232133397e+02
5.499000000000000000e+05	3.103982801232133397e+02
5.499000000000000000e+05	3.109775230173410137e+02
5.508000000000000000e+05	3.109775230173410137e+02
5.508000000000000000e+05	3.099521846670947980e+02
5.517000000000000000e+05	3.099521846670947980e+02
5.517000000000000000e+05	3.044757847441314311e+02
5.526000000000000000e+05	3.044757847441314311e+02
5.526000000000000000e+05	3.066225550496640722e+02
5.535000000000000000e+05	3.066225550496640722e+02
5.535000000000000000e+05	3.062508998886019072e+02
5.544000000000000000e+05	3.062508998886019072e+02
5.544000000000000000e+05	3.043351265254570990e+02
5.553000000000000000e+05	3.043351265254570990e+02
5.553000000000000000e+05	3.045266850887899182e+02
5.562000000000000000e+05	3.045266850887899182e+02
5.562000000000000000e+05	3.030649834228498776e+02
5.571000000000000000e+05	3.030649834228498776e+02
5.571000000000000000e+05	3.030224591278751518e+02
5.580000000000000000e+05	3.030224591278751518e+02
5.580000000000000000e+05	3.009217621160983640e+02
5.589000000000000000e+05	3.009217621160983640e+02
5.589000000000000000e+05	3.026164556065767783e+02
5.598000000000000000e+05	3.026164556065767783e+02
5.598000000000000000e+05	3.010134490502132962e+02
5.607000000000000000e+05	3.010134490502132962e+02
5.607000000000000000e+05	3.011725564900928021e+02
5.616000000000000000e+05	3.011725564900928021e+02
5.616000000000000000e+05	2.977550436170536727e+02
5.625000000000000000e+05	2.977550436170536727e+02
5.625000000000000000e+05	3.040927451212182291e+02
5.634000000000000000e+05	3.040927451212182291e+02
5.634000000000000000e+05	3.004045767282389647e+02
5.643000000000000000e+05	3.004045767282389647e+02
5.643000000000000000e+05	3.009770485238948936e+02
5.652000000000000000e+05	3.009770485238948936e+02
5.652000000000000000e+05	2.998946556082740358e+02
5.661000000000000000e+05	2.998946556082740358e+02
5.661000000000000000e+05	2.999669131229401273e+02
5.670000000000000000e+05	2.999669131229401273e+02
5.670000000000000000e+05	2.999804880272142782e+02
5.679000000000000000e+05	2.999804880272142782e+02
5.679000000000000000e+05	2.999759930301743225e+02
5.688000000000000000e+05	2.999759930301743225e+02
5.688000000000000000e+05	2.973938841105513688e+02
5.697000000000000000e+05	2.973938841105513688e+02
5.697000000000000000e+05	3.023006895426870528e+02
5.706000000000000000e+05	3.023006895426870528e+02
5.706000000000000000e+05	2.992208565028323619e+02
5.715000000000000000e+05	2.992208565028323619e+02
5.715000000000000000e+05	2.993978423449956381e+02
5.724000000000000000e+05	2.993978423449956381e+02
5.724000000000000000e+05	3.000712459300509067e+02
5.733000000000000000e+05	3.000712459300509067e+02
5.733000000000000000e+05	2.976171052915344717e+02
5.742000000000000000e+05	2.976171052915344717e+02
5.742000000000000000e+05	2.978891089181161078e+02
5.751000000000000000e+05	2.978891089181161078e+02
5.751000000000000000e+05	2.982098340926026481e+02
5.760000000000000000e+05	2.982098340926026481e+02
5.760000000000000000e+05	2.974522566213571508e+02
5.769000000000000000e+05	2.974522566213571508e+02
5.769000000000000000e+05	2.973473414189301138e+02
5.778000000000000000e+05	2.973473414189301138e+02
5.778000000000000000e+05	2.975899574949995099e+02
5.787000000000000000e+05	2.975899574949995099e+02
5.787000000000000000e+05	2.962544533661268247e+02
5.796000000000000000e+05	2.962544533661268247e+02
5.796000000000000000e+05	2.972218129065619223e+02
5.805000000000000000e+05	2.972218129065619223e+02
5.805000000000000000e+05	2.977708253828840839e+02
5.814000000000000000e+05	2.977708253828840839e+02
5.814000000000000000e+05	2.974241874193307922e+02
5.823000000000000000e+05	2.974241874193307922e+02
5.823000000000000000e+05	2.963106476558650115e+02
5.832000000000000000e+05	2.963106476558650115e+02
5.832000000000000000e+05	2.968186206752949943e+02
5.841000000000000000e+05	2.968186206752949943e+02
5.841000000000000000e+05	2.972715400802363774e+02
5.850000000000000000e+05	2.972715400802363774e+02
5.850000000000000000e+05	2.968354601818501237e+02
5.859000000000000000e+05	2.968354601818501237e+02
5.859000000000000000e+05	2.969061134565265547e+02
5.868000000000000000e+05	2.969061134565265547e+02
5.868000000000000000e+05	2.950161281763048464e+02
5.877000000000000000e+05	2.950161281763048464e+02
5.877000000000000000e+05	2.941041979892394238e+02
5.886000000000000000e+05	2.941041979892394238e+02
5.886000000000000000e+05	2.966466295681491374e+02
5.895000000000000000e+05	2.966466295681491374e+02
5.895000000000000000e+05	2.972569776688102365e+02
5.904000000000000000e+05	2.972569776688102365e+02
5.904000000000000000e+05	2.961730155909407358e+02
5.913000000000000000e+05	2.961730155909407358e+02
5.913000000000000000e+05	3.031792845011617601e+02
5.922000000000000000e+05	3.031792845011617601e+02
5.922000000000000000e+05	2.989967442475797270e+02
5.931000000000000000e+05	2.989967442475797270e+02
5.931000000000000000e+05	2.973831266533395024e+02
5.940000000000000000e+05	2.973831266533395024e+02
5.940000000000000000e+05	2.948595796383041261e+02
5.949000000000000000e+05	2.948595796383041261e+02
5.949000000000000000e+05	2.970100855212508577e+02
5.958000000000000000e+05	2.970100855212508577e+02
5.958000000000000000e+05	2.953860802306566029e+02
5.967000000000000000e+05	2.953860802306566029e+02
5.967000000000000000e+05	2.946966063880209958e+02
5.976000000000000000e+05	2.946966063880209958e+02
5.976000000000000000e+05	2.932333353987143028e+02
5.985000000000000000e+05	2.932333353987143028e+02
5.985000000000000000e+05	2.899180272407457437e+02
5.994000000000000000e+05	2.899180272407457437e+02
5.994000000000000000e+05	2.912011456939542313e+02
6.003000000000000000e+05	2.912011456939542313e+02
6.003000000000000000e+05	2.915662155248124350e+02
6.012000000000000000e+05	2.915662155248124350e+02
6.012000000000000000e+05	2.922594600248236247e+02
6.021000000000000000e+05	2.922594600248236247e+02
6.021000000000000000e+05	2.897929753414882157e+02
6.030000000000000000e+05	2.897929753414882157e+02
6.030000000000000000e+05	2.908862573428664291e+02
6.039000000000000000e+05	2.908862573428664291e+02
6.039000000000000000e+05	2.912318888078356167e+02
6.048000000000000000e+05	2.912318888078356167e+02
