# #1
# double T_supply_HP_heat(1344, 2)
0.000000000000000000e+00	3.281499999999999773e+02
9.000000000000000000e+02	3.281499999999999773e+02
9.000000000000000000e+02	3.281499999999999773e+02
1.800000000000000000e+03	3.281499999999999773e+02
1.800000000000000000e+03	2.981499999999999773e+02
2.700000000000000000e+03	2.981499999999999773e+02
2.700000000000000000e+03	2.981499999999999773e+02
3.600000000000000000e+03	2.981499999999999773e+02
3.600000000000000000e+03	3.281499999999999773e+02
4.500000000000000000e+03	3.281499999999999773e+02
4.500000000000000000e+03	3.281499999999999773e+02
5.400000000000000000e+03	3.281499999999999773e+02
5.400000000000000000e+03	2.992958574733098658e+02
6.300000000000000000e+03	2.992958574733098658e+02
6.300000000000000000e+03	3.014021301256815377e+02
7.200000000000000000e+03	3.014021301256815377e+02
7.200000000000000000e+03	2.981499999999999204e+02
8.100000000000000000e+03	2.981499999999999204e+02
8.100000000000000000e+03	3.281499999999999773e+02
9.000000000000000000e+03	3.281499999999999773e+02
9.000000000000000000e+03	3.281499999999999773e+02
9.900000000000000000e+03	3.281499999999999773e+02
9.900000000000000000e+03	3.003945807162012329e+02
1.080000000000000000e+04	3.003945807162012329e+02
1.080000000000000000e+04	3.281499999999999773e+02
1.170000000000000000e+04	3.281499999999999773e+02
1.170000000000000000e+04	3.008256477115398297e+02
1.260000000000000000e+04	3.008256477115398297e+02
1.260000000000000000e+04	3.281499999999999773e+02
1.350000000000000000e+04	3.281499999999999773e+02
1.350000000000000000e+04	3.281499999999999773e+02
1.440000000000000000e+04	3.281499999999999773e+02
1.440000000000000000e+04	3.010331846551766830e+02
1.530000000000000000e+04	3.010331846551766830e+02
1.530000000000000000e+04	2.981499999999999773e+02
1.620000000000000000e+04	2.981499999999999773e+02
1.620000000000000000e+04	3.014842827414930184e+02
1.710000000000000000e+04	3.014842827414930184e+02
1.710000000000000000e+04	3.281499999999999773e+02
1.800000000000000000e+04	3.281499999999999773e+02
1.800000000000000000e+04	3.004097373365430599e+02
1.890000000000000000e+04	3.004097373365430599e+02
1.890000000000000000e+04	3.281499999999999773e+02
1.980000000000000000e+04	3.281499999999999773e+02
1.980000000000000000e+04	3.281499999999999773e+02
2.070000000000000000e+04	3.281499999999999773e+02
2.070000000000000000e+04	3.281499999999999773e+02
2.160000000000000000e+04	3.281499999999999773e+02
2.160000000000000000e+04	2.993900286571067682e+02
2.250000000000000000e+04	2.993900286571067682e+02
2.250000000000000000e+04	2.981499999999999773e+02
2.340000000000000000e+04	2.981499999999999773e+02
2.340000000000000000e+04	3.281499999999999773e+02
2.430000000000000000e+04	3.281499999999999773e+02
2.430000000000000000e+04	3.001308747346292307e+02
2.520000000000000000e+04	3.001308747346292307e+02
2.520000000000000000e+04	3.000261662733007597e+02
2.610000000000000000e+04	3.000261662733007597e+02
2.610000000000000000e+04	3.057241674373707951e+02
2.700000000000000000e+04	3.057241674373707951e+02
2.700000000000000000e+04	3.161133025738587889e+02
2.790000000000000000e+04	3.161133025738587889e+02
2.790000000000000000e+04	3.161133025738587889e+02
2.880000000000000000e+04	3.161133025738587889e+02
2.880000000000000000e+04	3.103459096658813223e+02
2.970000000000000000e+04	3.103459096658813223e+02
2.970000000000000000e+04	3.132182137144181979e+02
3.060000000000000000e+04	3.132182137144181979e+02
3.060000000000000000e+04	3.134809940853876924e+02
3.150000000000000000e+04	3.134809940853876924e+02
3.150000000000000000e+04	3.141980302273380516e+02
3.240000000000000000e+04	3.141980302273380516e+02
3.240000000000000000e+04	3.121437949542345791e+02
3.330000000000000000e+04	3.121437949542345791e+02
3.330000000000000000e+04	3.093048164713136430e+02
3.420000000000000000e+04	3.093048164713136430e+02
3.420000000000000000e+04	3.281499999999999773e+02
3.510000000000000000e+04	3.281499999999999773e+02
3.510000000000000000e+04	3.078039846228206216e+02
3.600000000000000000e+04	3.078039846228206216e+02
3.600000000000000000e+04	3.088410170469172726e+02
3.690000000000000000e+04	3.088410170469172726e+02
3.690000000000000000e+04	3.093048164713136430e+02
3.780000000000000000e+04	3.093048164713136430e+02
3.780000000000000000e+04	3.068703309678194842e+02
3.870000000000000000e+04	3.068703309678194842e+02
3.870000000000000000e+04	3.072767707479063688e+02
3.960000000000000000e+04	3.072767707479063688e+02
3.960000000000000000e+04	3.093048164713136430e+02
4.050000000000000000e+04	3.093048164713136430e+02
4.050000000000000000e+04	3.041458144082794206e+02
4.140000000000000000e+04	3.041458144082794206e+02
4.140000000000000000e+04	2.981499999999999773e+02
4.230000000000000000e+04	2.981499999999999773e+02
4.230000000000000000e+04	2.981499999999999773e+02
4.320000000000000000e+04	2.981499999999999773e+02
4.320000000000000000e+04	3.221827523824561581e+02
4.410000000000000000e+04	3.221827523824561581e+02
4.410000000000000000e+04	3.222436677318913212e+02
4.500000000000000000e+04	3.222436677318913212e+02
4.500000000000000000e+04	3.223045602380707919e+02
4.590000000000000000e+04	3.223045602380707919e+02
4.590000000000000000e+04	3.223654299095603051e+02
4.680000000000000000e+04	3.223654299095603051e+02
4.680000000000000000e+04	3.018877984815194395e+02
4.770000000000000000e+04	3.018877984815194395e+02
4.770000000000000000e+04	3.061007085370014806e+02
4.860000000000000000e+04	3.061007085370014806e+02
4.860000000000000000e+04	3.043248204003199362e+02
4.950000000000000000e+04	3.043248204003199362e+02
4.950000000000000000e+04	3.281499999999999773e+02
5.040000000000000000e+04	3.281499999999999773e+02
5.040000000000000000e+04	3.281499999999999773e+02
5.130000000000000000e+04	3.281499999999999773e+02
5.130000000000000000e+04	3.281499999999999773e+02
5.220000000000000000e+04	3.281499999999999773e+02
5.220000000000000000e+04	2.981499999999999773e+02
5.310000000000000000e+04	2.981499999999999773e+02
5.310000000000000000e+04	3.281499999999999773e+02
5.400000000000000000e+04	3.281499999999999773e+02
5.400000000000000000e+04	3.093048164713136430e+02
5.490000000000000000e+04	3.093048164713136430e+02
5.490000000000000000e+04	3.281499999999999773e+02
5.580000000000000000e+04	3.281499999999999773e+02
5.580000000000000000e+04	3.281499999999999773e+02
5.670000000000000000e+04	3.281499999999999773e+02
5.670000000000000000e+04	3.281499999999999773e+02
5.760000000000000000e+04	3.281499999999999773e+02
5.760000000000000000e+04	2.999964239685268694e+02
5.850000000000000000e+04	2.999964239685268694e+02
5.850000000000000000e+04	2.981499999999999773e+02
5.940000000000000000e+04	2.981499999999999773e+02
5.940000000000000000e+04	3.281499999999999773e+02
6.030000000000000000e+04	3.281499999999999773e+02
6.030000000000000000e+04	3.018267342231499697e+02
6.120000000000000000e+04	3.018267342231499697e+02
6.120000000000000000e+04	3.281499999999999773e+02
6.210000000000000000e+04	3.281499999999999773e+02
6.210000000000000000e+04	2.981499999999999773e+02
6.300000000000000000e+04	2.981499999999999773e+02
6.300000000000000000e+04	2.981499999999999773e+02
6.390000000000000000e+04	2.981499999999999773e+02
6.390000000000000000e+04	2.981499999999999773e+02
6.480000000000000000e+04	2.981499999999999773e+02
6.480000000000000000e+04	2.981500000000001478e+02
6.570000000000000000e+04	2.981500000000001478e+02
6.570000000000000000e+04	3.015242516828673729e+02
6.660000000000000000e+04	3.015242516828673729e+02
6.660000000000000000e+04	2.981499999999999773e+02
6.750000000000000000e+04	2.981499999999999773e+02
6.750000000000000000e+04	3.281499999999999773e+02
6.840000000000000000e+04	3.281499999999999773e+02
6.840000000000000000e+04	3.017242849359780621e+02
6.930000000000000000e+04	3.017242849359780621e+02
6.930000000000000000e+04	3.281499999999999773e+02
7.020000000000000000e+04	3.281499999999999773e+02
7.020000000000000000e+04	2.996567483127557239e+02
7.110000000000000000e+04	2.996567483127557239e+02
7.110000000000000000e+04	3.281499999999999773e+02
7.200000000000000000e+04	3.281499999999999773e+02
7.200000000000000000e+04	3.281499999999999773e+02
7.290000000000000000e+04	3.281499999999999773e+02
7.290000000000000000e+04	3.281499999999999773e+02
7.380000000000000000e+04	3.281499999999999773e+02
7.380000000000000000e+04	3.281499999999999773e+02
7.470000000000000000e+04	3.281499999999999773e+02
7.470000000000000000e+04	3.281499999999999773e+02
7.560000000000000000e+04	3.281499999999999773e+02
7.560000000000000000e+04	2.981499999999999773e+02
7.650000000000000000e+04	2.981499999999999773e+02
7.650000000000000000e+04	3.281499999999999773e+02
7.740000000000000000e+04	3.281499999999999773e+02
7.740000000000000000e+04	3.281499999999999773e+02
7.830000000000000000e+04	3.281499999999999773e+02
7.830000000000000000e+04	3.281499999999999773e+02
7.920000000000000000e+04	3.281499999999999773e+02
7.920000000000000000e+04	3.281499999999999773e+02
8.010000000000000000e+04	3.281499999999999773e+02
8.010000000000000000e+04	2.981499999999999773e+02
8.100000000000000000e+04	2.981499999999999773e+02
8.100000000000000000e+04	3.281499999999999773e+02
8.190000000000000000e+04	3.281499999999999773e+02
8.190000000000000000e+04	3.281499999999999773e+02
8.280000000000000000e+04	3.281499999999999773e+02
8.280000000000000000e+04	3.281499999999999773e+02
8.370000000000000000e+04	3.281499999999999773e+02
8.370000000000000000e+04	3.281499999999999773e+02
8.460000000000000000e+04	3.281499999999999773e+02
8.460000000000000000e+04	3.281499999999999773e+02
8.550000000000000000e+04	3.281499999999999773e+02
8.550000000000000000e+04	3.281499999999999773e+02
8.640000000000000000e+04	3.281499999999999773e+02
8.640000000000000000e+04	3.093048164713136430e+02
8.730000000000000000e+04	3.093048164713136430e+02
8.730000000000000000e+04	3.281499999999999773e+02
8.820000000000000000e+04	3.281499999999999773e+02
8.820000000000000000e+04	3.281499999999999773e+02
8.910000000000000000e+04	3.281499999999999773e+02
8.910000000000000000e+04	3.281499999999999773e+02
9.000000000000000000e+04	3.281499999999999773e+02
9.000000000000000000e+04	3.281499999999999773e+02
9.090000000000000000e+04	3.281499999999999773e+02
9.090000000000000000e+04	3.281499999999999773e+02
9.180000000000000000e+04	3.281499999999999773e+02
9.180000000000000000e+04	3.281499999999999773e+02
9.270000000000000000e+04	3.281499999999999773e+02
9.270000000000000000e+04	3.281499999999999773e+02
9.360000000000000000e+04	3.281499999999999773e+02
9.360000000000000000e+04	3.281499999999999773e+02
9.450000000000000000e+04	3.281499999999999773e+02
9.450000000000000000e+04	2.981499999999999773e+02
9.540000000000000000e+04	2.981499999999999773e+02
9.540000000000000000e+04	2.981499999999999773e+02
9.630000000000000000e+04	2.981499999999999773e+02
9.630000000000000000e+04	3.281499999999999773e+02
9.720000000000000000e+04	3.281499999999999773e+02
9.720000000000000000e+04	3.281499999999999773e+02
9.810000000000000000e+04	3.281499999999999773e+02
9.810000000000000000e+04	3.281499999999999773e+02
9.900000000000000000e+04	3.281499999999999773e+02
9.900000000000000000e+04	3.281499999999999773e+02
9.990000000000000000e+04	3.281499999999999773e+02
9.990000000000000000e+04	3.281499999999999773e+02
1.008000000000000000e+05	3.281499999999999773e+02
1.008000000000000000e+05	3.281499999999999773e+02
1.017000000000000000e+05	3.281499999999999773e+02
1.017000000000000000e+05	2.981499999999999773e+02
1.026000000000000000e+05	2.981499999999999773e+02
1.026000000000000000e+05	3.281499999999999773e+02
1.035000000000000000e+05	3.281499999999999773e+02
1.035000000000000000e+05	3.220263368939280895e+02
1.044000000000000000e+05	3.220263368939280895e+02
1.044000000000000000e+05	2.999724408047478619e+02
1.053000000000000000e+05	2.999724408047478619e+02
1.053000000000000000e+05	3.177867123941186378e+02
1.062000000000000000e+05	3.177867123941186378e+02
1.062000000000000000e+05	3.202730236269708826e+02
1.071000000000000000e+05	3.202730236269708826e+02
1.071000000000000000e+05	3.265590853396712419e+02
1.080000000000000000e+05	3.265590853396712419e+02
1.080000000000000000e+05	3.093048164713136430e+02
1.089000000000000000e+05	3.093048164713136430e+02
1.089000000000000000e+05	3.093048164713136430e+02
1.098000000000000000e+05	3.093048164713136430e+02
1.098000000000000000e+05	2.981499999999999773e+02
1.107000000000000000e+05	2.981499999999999773e+02
1.107000000000000000e+05	3.014876753067588879e+02
1.116000000000000000e+05	3.014876753067588879e+02
1.116000000000000000e+05	3.019645941753549891e+02
1.125000000000000000e+05	3.019645941753549891e+02
1.125000000000000000e+05	3.071978548341833744e+02
1.134000000000000000e+05	3.071978548341833744e+02
1.134000000000000000e+05	3.115051847294564595e+02
1.143000000000000000e+05	3.115051847294564595e+02
1.143000000000000000e+05	3.140327953057697528e+02
1.152000000000000000e+05	3.140327953057697528e+02
1.152000000000000000e+05	3.111250281863645455e+02
1.161000000000000000e+05	3.111250281863645455e+02
1.161000000000000000e+05	3.137603653539335937e+02
1.170000000000000000e+05	3.137603653539335937e+02
1.170000000000000000e+05	3.139376227144776976e+02
1.179000000000000000e+05	3.139376227144776976e+02
1.179000000000000000e+05	3.145762421176397652e+02
1.188000000000000000e+05	3.145762421176397652e+02
1.188000000000000000e+05	3.281499999999999773e+02
1.197000000000000000e+05	3.281499999999999773e+02
1.197000000000000000e+05	3.092627675021410028e+02
1.206000000000000000e+05	3.092627675021410028e+02
1.206000000000000000e+05	3.093048164713136430e+02
1.215000000000000000e+05	3.093048164713136430e+02
1.215000000000000000e+05	3.086105093308158871e+02
1.224000000000000000e+05	3.086105093308158871e+02
1.224000000000000000e+05	3.281499999999999773e+02
1.233000000000000000e+05	3.281499999999999773e+02
1.233000000000000000e+05	3.048700169498143282e+02
1.242000000000000000e+05	3.048700169498143282e+02
1.242000000000000000e+05	3.057718489086988711e+02
1.251000000000000000e+05	3.057718489086988711e+02
1.251000000000000000e+05	3.063085501165024311e+02
1.260000000000000000e+05	3.063085501165024311e+02
1.260000000000000000e+05	3.093048164713136430e+02
1.269000000000000000e+05	3.093048164713136430e+02
1.269000000000000000e+05	3.077282018466354430e+02
1.278000000000000000e+05	3.077282018466354430e+02
1.278000000000000000e+05	3.281499999999999773e+02
1.287000000000000000e+05	3.281499999999999773e+02
1.287000000000000000e+05	3.281499999999999773e+02
1.296000000000000000e+05	3.281499999999999773e+02
1.296000000000000000e+05	3.200940559108568664e+02
1.305000000000000000e+05	3.200940559108568664e+02
1.305000000000000000e+05	3.281499999999999773e+02
1.314000000000000000e+05	3.281499999999999773e+02
1.314000000000000000e+05	2.996161352053269411e+02
1.323000000000000000e+05	2.996161352053269411e+02
1.323000000000000000e+05	3.037106370472522485e+02
1.332000000000000000e+05	3.037106370472522485e+02
1.332000000000000000e+05	2.981499999999999773e+02
1.341000000000000000e+05	2.981499999999999773e+02
1.341000000000000000e+05	3.263620451015988237e+02
1.350000000000000000e+05	3.263620451015988237e+02
1.350000000000000000e+05	3.017314372727979617e+02
1.359000000000000000e+05	3.017314372727979617e+02
1.359000000000000000e+05	2.981499999999999773e+02
1.368000000000000000e+05	2.981499999999999773e+02
1.368000000000000000e+05	3.033182305954257458e+02
1.377000000000000000e+05	3.033182305954257458e+02
1.377000000000000000e+05	3.036859023219731171e+02
1.386000000000000000e+05	3.036859023219731171e+02
1.386000000000000000e+05	3.261814786758828859e+02
1.395000000000000000e+05	3.261814786758828859e+02
1.395000000000000000e+05	2.981499999999999773e+02
1.404000000000000000e+05	2.981499999999999773e+02
1.404000000000000000e+05	3.093048164713136430e+02
1.413000000000000000e+05	3.093048164713136430e+02
1.413000000000000000e+05	3.281499999999999773e+02
1.422000000000000000e+05	3.281499999999999773e+02
1.422000000000000000e+05	2.981499999999999773e+02
1.431000000000000000e+05	2.981499999999999773e+02
1.431000000000000000e+05	2.981499999999999773e+02
1.440000000000000000e+05	2.981499999999999773e+02
1.440000000000000000e+05	3.281499999999999773e+02
1.449000000000000000e+05	3.281499999999999773e+02
1.449000000000000000e+05	3.281499999999999773e+02
1.458000000000000000e+05	3.281499999999999773e+02
1.458000000000000000e+05	3.281499999999999773e+02
1.467000000000000000e+05	3.281499999999999773e+02
1.467000000000000000e+05	3.093048164713136430e+02
1.476000000000000000e+05	3.093048164713136430e+02
1.476000000000000000e+05	3.281499999999999773e+02
1.485000000000000000e+05	3.281499999999999773e+02
1.485000000000000000e+05	3.013927254666357385e+02
1.494000000000000000e+05	3.013927254666357385e+02
1.494000000000000000e+05	2.981499999999999773e+02
1.503000000000000000e+05	2.981499999999999773e+02
1.503000000000000000e+05	2.981499999999999773e+02
1.512000000000000000e+05	2.981499999999999773e+02
1.512000000000000000e+05	3.007650493857966012e+02
1.521000000000000000e+05	3.007650493857966012e+02
1.521000000000000000e+05	2.981499999999998636e+02
1.530000000000000000e+05	2.981499999999998636e+02
1.530000000000000000e+05	3.004802137932395567e+02
1.539000000000000000e+05	3.004802137932395567e+02
1.539000000000000000e+05	3.010708952258648310e+02
1.548000000000000000e+05	3.010708952258648310e+02
1.548000000000000000e+05	3.281499999999999773e+02
1.557000000000000000e+05	3.281499999999999773e+02
1.557000000000000000e+05	3.019973601437481534e+02
1.566000000000000000e+05	3.019973601437481534e+02
1.566000000000000000e+05	3.281499999999999773e+02
1.575000000000000000e+05	3.281499999999999773e+02
1.575000000000000000e+05	3.281499999999999773e+02
1.584000000000000000e+05	3.281499999999999773e+02
1.584000000000000000e+05	3.281499999999999773e+02
1.593000000000000000e+05	3.281499999999999773e+02
1.593000000000000000e+05	3.281499999999999773e+02
1.602000000000000000e+05	3.281499999999999773e+02
1.602000000000000000e+05	2.981499999999999773e+02
1.611000000000000000e+05	2.981499999999999773e+02
1.611000000000000000e+05	2.981499999999999773e+02
1.620000000000000000e+05	2.981499999999999773e+02
1.620000000000000000e+05	3.281499999999999773e+02
1.629000000000000000e+05	3.281499999999999773e+02
1.629000000000000000e+05	3.281499999999999773e+02
1.638000000000000000e+05	3.281499999999999773e+02
1.638000000000000000e+05	3.281499999999999773e+02
1.647000000000000000e+05	3.281499999999999773e+02
1.647000000000000000e+05	3.281499999999999773e+02
1.656000000000000000e+05	3.281499999999999773e+02
1.656000000000000000e+05	3.281499999999999773e+02
1.665000000000000000e+05	3.281499999999999773e+02
1.665000000000000000e+05	3.281499999999999773e+02
1.674000000000000000e+05	3.281499999999999773e+02
1.674000000000000000e+05	2.981499999999999773e+02
1.683000000000000000e+05	2.981499999999999773e+02
1.683000000000000000e+05	3.281499999999999773e+02
1.692000000000000000e+05	3.281499999999999773e+02
1.692000000000000000e+05	3.281499999999999773e+02
1.701000000000000000e+05	3.281499999999999773e+02
1.701000000000000000e+05	3.281499999999999773e+02
1.710000000000000000e+05	3.281499999999999773e+02
1.710000000000000000e+05	3.281499999999999773e+02
1.719000000000000000e+05	3.281499999999999773e+02
1.719000000000000000e+05	3.281499999999999773e+02
1.728000000000000000e+05	3.281499999999999773e+02
1.728000000000000000e+05	3.281499999999999773e+02
1.737000000000000000e+05	3.281499999999999773e+02
1.737000000000000000e+05	3.281499999999999773e+02
1.746000000000000000e+05	3.281499999999999773e+02
1.746000000000000000e+05	3.281499999999999773e+02
1.755000000000000000e+05	3.281499999999999773e+02
1.755000000000000000e+05	3.281499999999999773e+02
1.764000000000000000e+05	3.281499999999999773e+02
1.764000000000000000e+05	3.093048164713136430e+02
1.773000000000000000e+05	3.093048164713136430e+02
1.773000000000000000e+05	3.281499999999999773e+02
1.782000000000000000e+05	3.281499999999999773e+02
1.782000000000000000e+05	3.281499999999999773e+02
1.791000000000000000e+05	3.281499999999999773e+02
1.791000000000000000e+05	3.281499999999999773e+02
1.800000000000000000e+05	3.281499999999999773e+02
1.800000000000000000e+05	2.981499999999999773e+02
1.809000000000000000e+05	2.981499999999999773e+02
1.809000000000000000e+05	2.981499999999999773e+02
1.818000000000000000e+05	2.981499999999999773e+02
1.818000000000000000e+05	3.214986528050110337e+02
1.827000000000000000e+05	3.214986528050110337e+02
1.827000000000000000e+05	3.237485439900337383e+02
1.836000000000000000e+05	3.237485439900337383e+02
1.836000000000000000e+05	2.990585417835433759e+02
1.845000000000000000e+05	2.990585417835433759e+02
1.845000000000000000e+05	3.281499999999999773e+02
1.854000000000000000e+05	3.281499999999999773e+02
1.854000000000000000e+05	3.281499999999999773e+02
1.863000000000000000e+05	3.281499999999999773e+02
1.863000000000000000e+05	3.281499999999999773e+02
1.872000000000000000e+05	3.281499999999999773e+02
1.872000000000000000e+05	3.093048164713136430e+02
1.881000000000000000e+05	3.093048164713136430e+02
1.881000000000000000e+05	3.281499999999999773e+02
1.890000000000000000e+05	3.281499999999999773e+02
1.890000000000000000e+05	3.247305147003725097e+02
1.899000000000000000e+05	3.247305147003725097e+02
1.899000000000000000e+05	3.281499999999999773e+02
1.908000000000000000e+05	3.281499999999999773e+02
1.908000000000000000e+05	3.281499999999999773e+02
1.917000000000000000e+05	3.281499999999999773e+02
1.917000000000000000e+05	3.281499999999999773e+02
1.926000000000000000e+05	3.281499999999999773e+02
1.926000000000000000e+05	3.281499999999999773e+02
1.935000000000000000e+05	3.281499999999999773e+02
1.935000000000000000e+05	3.281499999999999773e+02
1.944000000000000000e+05	3.281499999999999773e+02
1.944000000000000000e+05	3.093048164713136430e+02
1.953000000000000000e+05	3.093048164713136430e+02
1.953000000000000000e+05	3.281499999999999773e+02
1.962000000000000000e+05	3.281499999999999773e+02
1.962000000000000000e+05	3.281499999999999773e+02
1.971000000000000000e+05	3.281499999999999773e+02
1.971000000000000000e+05	3.281499999999999773e+02
1.980000000000000000e+05	3.281499999999999773e+02
1.980000000000000000e+05	3.281499999999999773e+02
1.989000000000000000e+05	3.281499999999999773e+02
1.989000000000000000e+05	3.026845472266129491e+02
1.998000000000000000e+05	3.026845472266129491e+02
1.998000000000000000e+05	3.161133025738587889e+02
2.007000000000000000e+05	3.161133025738587889e+02
2.007000000000000000e+05	3.161133025738587889e+02
2.016000000000000000e+05	3.161133025738587889e+02
2.016000000000000000e+05	3.161133025738587889e+02
2.025000000000000000e+05	3.161133025738587889e+02
2.025000000000000000e+05	3.161133025738587889e+02
2.034000000000000000e+05	3.161133025738587889e+02
2.034000000000000000e+05	3.218236413347652274e+02
2.043000000000000000e+05	3.218236413347652274e+02
2.043000000000000000e+05	3.093048164713136430e+02
2.052000000000000000e+05	3.093048164713136430e+02
2.052000000000000000e+05	3.279809684470339448e+02
2.061000000000000000e+05	3.279809684470339448e+02
2.061000000000000000e+05	3.066542367926684847e+02
2.070000000000000000e+05	3.066542367926684847e+02
2.070000000000000000e+05	3.075286809081259207e+02
2.079000000000000000e+05	3.075286809081259207e+02
2.079000000000000000e+05	3.072933821407222013e+02
2.088000000000000000e+05	3.072933821407222013e+02
2.088000000000000000e+05	3.069535616000028995e+02
2.097000000000000000e+05	3.069535616000028995e+02
2.097000000000000000e+05	3.281499999999999773e+02
2.106000000000000000e+05	3.281499999999999773e+02
2.106000000000000000e+05	3.039981109984247496e+02
2.115000000000000000e+05	3.039981109984247496e+02
2.115000000000000000e+05	3.039317836193449693e+02
2.124000000000000000e+05	3.039317836193449693e+02
2.124000000000000000e+05	3.033939415092405056e+02
2.133000000000000000e+05	3.033939415092405056e+02
2.133000000000000000e+05	3.051907603924926775e+02
2.142000000000000000e+05	3.051907603924926775e+02
2.142000000000000000e+05	3.241024860978556035e+02
2.151000000000000000e+05	3.241024860978556035e+02
2.151000000000000000e+05	3.031248893114527050e+02
2.160000000000000000e+05	3.031248893114527050e+02
2.160000000000000000e+05	3.281499999999999773e+02
2.169000000000000000e+05	3.281499999999999773e+02
2.169000000000000000e+05	3.281499999999999773e+02
2.178000000000000000e+05	3.281499999999999773e+02
2.178000000000000000e+05	2.981499999999999773e+02
2.187000000000000000e+05	2.981499999999999773e+02
2.187000000000000000e+05	3.281499999999999773e+02
2.196000000000000000e+05	3.281499999999999773e+02
2.196000000000000000e+05	3.019387583416779535e+02
2.205000000000000000e+05	3.019387583416779535e+02
2.205000000000000000e+05	3.281499999999999773e+02
2.214000000000000000e+05	3.281499999999999773e+02
2.214000000000000000e+05	3.011622490182971887e+02
2.223000000000000000e+05	3.011622490182971887e+02
2.223000000000000000e+05	3.034010348612236498e+02
2.232000000000000000e+05	3.034010348612236498e+02
2.232000000000000000e+05	2.981500000000002046e+02
2.241000000000000000e+05	2.981500000000002046e+02
2.241000000000000000e+05	3.093048164713136430e+02
2.250000000000000000e+05	3.093048164713136430e+02
2.250000000000000000e+05	2.981499999999999773e+02
2.259000000000000000e+05	2.981499999999999773e+02
2.259000000000000000e+05	3.281499999999999773e+02
2.268000000000000000e+05	3.281499999999999773e+02
2.268000000000000000e+05	3.018293194176665111e+02
2.277000000000000000e+05	3.018293194176665111e+02
2.277000000000000000e+05	3.274381230670433638e+02
2.286000000000000000e+05	3.274381230670433638e+02
2.286000000000000000e+05	3.281499999999999773e+02
2.295000000000000000e+05	3.281499999999999773e+02
2.295000000000000000e+05	2.981499999999999773e+02
2.304000000000000000e+05	2.981499999999999773e+02
2.304000000000000000e+05	3.010782995676274254e+02
2.313000000000000000e+05	3.010782995676274254e+02
2.313000000000000000e+05	3.281499999999999773e+02
2.322000000000000000e+05	3.281499999999999773e+02
2.322000000000000000e+05	3.006619383300205186e+02
2.331000000000000000e+05	3.006619383300205186e+02
2.331000000000000000e+05	2.981499999999999773e+02
2.340000000000000000e+05	2.981499999999999773e+02
2.340000000000000000e+05	3.019830382567881770e+02
2.349000000000000000e+05	3.019830382567881770e+02
2.349000000000000000e+05	3.281499999999999773e+02
2.358000000000000000e+05	3.281499999999999773e+02
2.358000000000000000e+05	3.032424636032185958e+02
2.367000000000000000e+05	3.032424636032185958e+02
2.367000000000000000e+05	3.266940831936819336e+02
2.376000000000000000e+05	3.266940831936819336e+02
2.376000000000000000e+05	3.093048164713136430e+02
2.385000000000000000e+05	3.093048164713136430e+02
2.385000000000000000e+05	3.281499999999999773e+02
2.394000000000000000e+05	3.281499999999999773e+02
2.394000000000000000e+05	3.281499999999999773e+02
2.403000000000000000e+05	3.281499999999999773e+02
2.403000000000000000e+05	3.093048164713136430e+02
2.412000000000000000e+05	3.093048164713136430e+02
2.412000000000000000e+05	3.037846470254327755e+02
2.421000000000000000e+05	3.037846470254327755e+02
2.421000000000000000e+05	3.093048164713136430e+02
2.430000000000000000e+05	3.093048164713136430e+02
2.430000000000000000e+05	3.032361723742898789e+02
2.439000000000000000e+05	3.032361723742898789e+02
2.439000000000000000e+05	2.981499999999999773e+02
2.448000000000000000e+05	2.981499999999999773e+02
2.448000000000000000e+05	3.281499999999999773e+02
2.457000000000000000e+05	3.281499999999999773e+02
2.457000000000000000e+05	3.281499999999999773e+02
2.466000000000000000e+05	3.281499999999999773e+02
2.466000000000000000e+05	3.281499999999999773e+02
2.475000000000000000e+05	3.281499999999999773e+02
2.475000000000000000e+05	2.981499999999999773e+02
2.484000000000000000e+05	2.981499999999999773e+02
2.484000000000000000e+05	3.281499999999999773e+02
2.493000000000000000e+05	3.281499999999999773e+02
2.493000000000000000e+05	3.281499999999999773e+02
2.502000000000000000e+05	3.281499999999999773e+02
2.502000000000000000e+05	3.281499999999999773e+02
2.511000000000000000e+05	3.281499999999999773e+02
2.511000000000000000e+05	3.281499999999999773e+02
2.520000000000000000e+05	3.281499999999999773e+02
2.520000000000000000e+05	3.281499999999999773e+02
2.529000000000000000e+05	3.281499999999999773e+02
2.529000000000000000e+05	3.281499999999999773e+02
2.538000000000000000e+05	3.281499999999999773e+02
2.538000000000000000e+05	3.281499999999999773e+02
2.547000000000000000e+05	3.281499999999999773e+02
2.547000000000000000e+05	3.281499999999999773e+02
2.556000000000000000e+05	3.281499999999999773e+02
2.556000000000000000e+05	3.281499999999999773e+02
2.565000000000000000e+05	3.281499999999999773e+02
2.565000000000000000e+05	3.281499999999999773e+02
2.574000000000000000e+05	3.281499999999999773e+02
2.574000000000000000e+05	3.281499999999999773e+02
2.583000000000000000e+05	3.281499999999999773e+02
2.583000000000000000e+05	3.281499999999999773e+02
2.592000000000000000e+05	3.281499999999999773e+02
2.592000000000000000e+05	3.281499999999999773e+02
2.601000000000000000e+05	3.281499999999999773e+02
2.601000000000000000e+05	3.281499999999999773e+02
2.610000000000000000e+05	3.281499999999999773e+02
2.610000000000000000e+05	3.281499999999999773e+02
2.619000000000000000e+05	3.281499999999999773e+02
2.619000000000000000e+05	3.281499999999999773e+02
2.628000000000000000e+05	3.281499999999999773e+02
2.628000000000000000e+05	3.281499999999999773e+02
2.637000000000000000e+05	3.281499999999999773e+02
2.637000000000000000e+05	3.281499999999999773e+02
2.646000000000000000e+05	3.281499999999999773e+02
2.646000000000000000e+05	3.281499999999999773e+02
2.655000000000000000e+05	3.281499999999999773e+02
2.655000000000000000e+05	3.281499999999999773e+02
2.664000000000000000e+05	3.281499999999999773e+02
2.664000000000000000e+05	3.281499999999999773e+02
2.673000000000000000e+05	3.281499999999999773e+02
2.673000000000000000e+05	3.281499999999999773e+02
2.682000000000000000e+05	3.281499999999999773e+02
2.682000000000000000e+05	3.281499999999999773e+02
2.691000000000000000e+05	3.281499999999999773e+02
2.691000000000000000e+05	3.281499999999999773e+02
2.700000000000000000e+05	3.281499999999999773e+02
2.700000000000000000e+05	2.981499999999999773e+02
2.709000000000000000e+05	2.981499999999999773e+02
2.709000000000000000e+05	2.981499999999999773e+02
2.718000000000000000e+05	2.981499999999999773e+02
2.718000000000000000e+05	3.281499999999999773e+02
2.727000000000000000e+05	3.281499999999999773e+02
2.727000000000000000e+05	3.281499999999999773e+02
2.736000000000000000e+05	3.281499999999999773e+02
2.736000000000000000e+05	3.281499999999999773e+02
2.745000000000000000e+05	3.281499999999999773e+02
2.745000000000000000e+05	3.281499999999999773e+02
2.754000000000000000e+05	3.281499999999999773e+02
2.754000000000000000e+05	3.281499999999999773e+02
2.763000000000000000e+05	3.281499999999999773e+02
2.763000000000000000e+05	3.281499999999999773e+02
2.772000000000000000e+05	3.281499999999999773e+02
2.772000000000000000e+05	2.987037283889453647e+02
2.781000000000000000e+05	2.987037283889453647e+02
2.781000000000000000e+05	3.281499999999999773e+02
2.790000000000000000e+05	3.281499999999999773e+02
2.790000000000000000e+05	3.281499999999999773e+02
2.799000000000000000e+05	3.281499999999999773e+02
2.799000000000000000e+05	3.281499999999999773e+02
2.808000000000000000e+05	3.281499999999999773e+02
2.808000000000000000e+05	3.281499999999999773e+02
2.817000000000000000e+05	3.281499999999999773e+02
2.817000000000000000e+05	3.281499999999999773e+02
2.826000000000000000e+05	3.281499999999999773e+02
2.826000000000000000e+05	2.981499999999999773e+02
2.835000000000000000e+05	2.981499999999999773e+02
2.835000000000000000e+05	2.987743280275047368e+02
2.844000000000000000e+05	2.987743280275047368e+02
2.844000000000000000e+05	3.005110155218449108e+02
2.853000000000000000e+05	3.005110155218449108e+02
2.853000000000000000e+05	3.065327288497792892e+02
2.862000000000000000e+05	3.065327288497792892e+02
2.862000000000000000e+05	3.161133025738587889e+02
2.871000000000000000e+05	3.161133025738587889e+02
2.871000000000000000e+05	3.161133025738587889e+02
2.880000000000000000e+05	3.161133025738587889e+02
2.880000000000000000e+05	3.103864271930460177e+02
2.889000000000000000e+05	3.103864271930460177e+02
2.889000000000000000e+05	3.131925402275036845e+02
2.898000000000000000e+05	3.131925402275036845e+02
2.898000000000000000e+05	3.134835064750589027e+02
2.907000000000000000e+05	3.134835064750589027e+02
2.907000000000000000e+05	3.141971025389577790e+02
2.916000000000000000e+05	3.141971025389577790e+02
2.916000000000000000e+05	3.281499999999999773e+02
2.925000000000000000e+05	3.281499999999999773e+02
2.925000000000000000e+05	3.107718689606145972e+02
2.934000000000000000e+05	3.107718689606145972e+02
2.934000000000000000e+05	3.093048164713136430e+02
2.943000000000000000e+05	3.093048164713136430e+02
2.943000000000000000e+05	3.093048164713136430e+02
2.952000000000000000e+05	3.093048164713136430e+02
2.952000000000000000e+05	3.281499999999999773e+02
2.961000000000000000e+05	3.281499999999999773e+02
2.961000000000000000e+05	3.052018703936163888e+02
2.970000000000000000e+05	3.052018703936163888e+02
2.970000000000000000e+05	3.281499999999999773e+02
2.979000000000000000e+05	3.281499999999999773e+02
2.979000000000000000e+05	3.051499206463634550e+02
2.988000000000000000e+05	3.051499206463634550e+02
2.988000000000000000e+05	3.049817122337324236e+02
2.997000000000000000e+05	3.049817122337324236e+02
2.997000000000000000e+05	3.059609086233189714e+02
3.006000000000000000e+05	3.059609086233189714e+02
3.006000000000000000e+05	3.060008361319503933e+02
3.015000000000000000e+05	3.060008361319503933e+02
3.015000000000000000e+05	3.039956058129052963e+02
3.024000000000000000e+05	3.039956058129052963e+02
3.024000000000000000e+05	3.281499999999999773e+02
3.033000000000000000e+05	3.281499999999999773e+02
3.033000000000000000e+05	3.281499999999999773e+02
3.042000000000000000e+05	3.281499999999999773e+02
3.042000000000000000e+05	3.037903460575730605e+02
3.051000000000000000e+05	3.037903460575730605e+02
3.051000000000000000e+05	2.981499999999999773e+02
3.060000000000000000e+05	2.981499999999999773e+02
3.060000000000000000e+05	3.011513305623684005e+02
3.069000000000000000e+05	3.011513305623684005e+02
3.069000000000000000e+05	3.038959740152473046e+02
3.078000000000000000e+05	3.038959740152473046e+02
3.078000000000000000e+05	3.046461560216478688e+02
3.087000000000000000e+05	3.046461560216478688e+02
3.087000000000000000e+05	2.981499999999999773e+02
3.096000000000000000e+05	2.981499999999999773e+02
3.096000000000000000e+05	3.281499999999999773e+02
3.105000000000000000e+05	3.281499999999999773e+02
3.105000000000000000e+05	3.281499999999999773e+02
3.114000000000000000e+05	3.281499999999999773e+02
3.114000000000000000e+05	3.281499999999999773e+02
3.123000000000000000e+05	3.281499999999999773e+02
3.123000000000000000e+05	3.281499999999999773e+02
3.132000000000000000e+05	3.281499999999999773e+02
3.132000000000000000e+05	3.281499999999999773e+02
3.141000000000000000e+05	3.281499999999999773e+02
3.141000000000000000e+05	3.281499999999999773e+02
3.150000000000000000e+05	3.281499999999999773e+02
3.150000000000000000e+05	3.281499999999999773e+02
3.159000000000000000e+05	3.281499999999999773e+02
3.159000000000000000e+05	3.281499999999999773e+02
3.168000000000000000e+05	3.281499999999999773e+02
3.168000000000000000e+05	2.981500000000001478e+02
3.177000000000000000e+05	2.981500000000001478e+02
3.177000000000000000e+05	3.281499999999999773e+02
3.186000000000000000e+05	3.281499999999999773e+02
3.186000000000000000e+05	2.997374019568828771e+02
3.195000000000000000e+05	2.997374019568828771e+02
3.195000000000000000e+05	2.981499999999999773e+02
3.204000000000000000e+05	2.981499999999999773e+02
3.204000000000000000e+05	3.281499999999999773e+02
3.213000000000000000e+05	3.281499999999999773e+02
3.213000000000000000e+05	3.010528266392546470e+02
3.222000000000000000e+05	3.010528266392546470e+02
3.222000000000000000e+05	2.981499999999999773e+02
3.231000000000000000e+05	2.981499999999999773e+02
3.231000000000000000e+05	3.030148126306228278e+02
3.240000000000000000e+05	3.030148126306228278e+02
3.240000000000000000e+05	3.093048164713136430e+02
3.249000000000000000e+05	3.093048164713136430e+02
3.249000000000000000e+05	3.093048164713136430e+02
3.258000000000000000e+05	3.093048164713136430e+02
3.258000000000000000e+05	2.981499999999999773e+02
3.267000000000000000e+05	2.981499999999999773e+02
3.267000000000000000e+05	2.981499999999999773e+02
3.276000000000000000e+05	2.981499999999999773e+02
3.276000000000000000e+05	3.018385791894398835e+02
3.285000000000000000e+05	3.018385791894398835e+02
3.285000000000000000e+05	3.076004568250619400e+02
3.294000000000000000e+05	3.076004568250619400e+02
3.294000000000000000e+05	3.281499999999999773e+02
3.303000000000000000e+05	3.281499999999999773e+02
3.303000000000000000e+05	3.167143497861484889e+02
3.312000000000000000e+05	3.167143497861484889e+02
3.312000000000000000e+05	3.078875236162708688e+02
3.321000000000000000e+05	3.078875236162708688e+02
3.321000000000000000e+05	3.281499999999999773e+02
3.330000000000000000e+05	3.281499999999999773e+02
3.330000000000000000e+05	3.281499999999999773e+02
3.339000000000000000e+05	3.281499999999999773e+02
3.339000000000000000e+05	3.281499999999999773e+02
3.348000000000000000e+05	3.281499999999999773e+02
3.348000000000000000e+05	2.981499999999999773e+02
3.357000000000000000e+05	2.981499999999999773e+02
3.357000000000000000e+05	3.281499999999999773e+02
3.366000000000000000e+05	3.281499999999999773e+02
3.366000000000000000e+05	3.281499999999999773e+02
3.375000000000000000e+05	3.281499999999999773e+02
3.375000000000000000e+05	3.281499999999999773e+02
3.384000000000000000e+05	3.281499999999999773e+02
3.384000000000000000e+05	3.281499999999999773e+02
3.393000000000000000e+05	3.281499999999999773e+02
3.393000000000000000e+05	3.281499999999999773e+02
3.402000000000000000e+05	3.281499999999999773e+02
3.402000000000000000e+05	3.281499999999999773e+02
3.411000000000000000e+05	3.281499999999999773e+02
3.411000000000000000e+05	3.281499999999999773e+02
3.420000000000000000e+05	3.281499999999999773e+02
3.420000000000000000e+05	2.981499999999999773e+02
3.429000000000000000e+05	2.981499999999999773e+02
3.429000000000000000e+05	3.281499999999999773e+02
3.438000000000000000e+05	3.281499999999999773e+02
3.438000000000000000e+05	3.281499999999999773e+02
3.447000000000000000e+05	3.281499999999999773e+02
3.447000000000000000e+05	3.281499999999999773e+02
3.456000000000000000e+05	3.281499999999999773e+02
3.456000000000000000e+05	3.281499999999999773e+02
3.465000000000000000e+05	3.281499999999999773e+02
3.465000000000000000e+05	3.281499999999999773e+02
3.474000000000000000e+05	3.281499999999999773e+02
3.474000000000000000e+05	3.281499999999999773e+02
3.483000000000000000e+05	3.281499999999999773e+02
3.483000000000000000e+05	3.281499999999999773e+02
3.492000000000000000e+05	3.281499999999999773e+02
3.492000000000000000e+05	3.155918610919733283e+02
3.501000000000000000e+05	3.155918610919733283e+02
3.501000000000000000e+05	2.981499999999999773e+02
3.510000000000000000e+05	2.981499999999999773e+02
3.510000000000000000e+05	2.981499999999999773e+02
3.519000000000000000e+05	2.981499999999999773e+02
3.519000000000000000e+05	2.981499999999999773e+02
3.528000000000000000e+05	2.981499999999999773e+02
3.528000000000000000e+05	2.981499999999999773e+02
3.537000000000000000e+05	2.981499999999999773e+02
3.537000000000000000e+05	3.281499999999999773e+02
3.546000000000000000e+05	3.281499999999999773e+02
3.546000000000000000e+05	3.281499999999999773e+02
3.555000000000000000e+05	3.281499999999999773e+02
3.555000000000000000e+05	3.281499999999999773e+02
3.564000000000000000e+05	3.281499999999999773e+02
3.564000000000000000e+05	2.981499999999999773e+02
3.573000000000000000e+05	2.981499999999999773e+02
3.573000000000000000e+05	2.981499999999999773e+02
3.582000000000000000e+05	2.981499999999999773e+02
3.582000000000000000e+05	3.281499999999999773e+02
3.591000000000000000e+05	3.281499999999999773e+02
3.591000000000000000e+05	3.281499999999999773e+02
3.600000000000000000e+05	3.281499999999999773e+02
3.600000000000000000e+05	3.093048164713136430e+02
3.609000000000000000e+05	3.093048164713136430e+02
3.609000000000000000e+05	3.281499999999999773e+02
3.618000000000000000e+05	3.281499999999999773e+02
3.618000000000000000e+05	3.281499999999999773e+02
3.627000000000000000e+05	3.281499999999999773e+02
3.627000000000000000e+05	2.981499999999999773e+02
3.636000000000000000e+05	2.981499999999999773e+02
3.636000000000000000e+05	2.988923852498848532e+02
3.645000000000000000e+05	2.988923852498848532e+02
3.645000000000000000e+05	3.191461254462500960e+02
3.654000000000000000e+05	3.191461254462500960e+02
3.654000000000000000e+05	3.281499999999999773e+02
3.663000000000000000e+05	3.281499999999999773e+02
3.663000000000000000e+05	3.241029311079004174e+02
3.672000000000000000e+05	3.241029311079004174e+02
3.672000000000000000e+05	3.205562513571486534e+02
3.681000000000000000e+05	3.205562513571486534e+02
3.681000000000000000e+05	3.254928053020491916e+02
3.690000000000000000e+05	3.254928053020491916e+02
3.690000000000000000e+05	3.281499999999999773e+02
3.699000000000000000e+05	3.281499999999999773e+02
3.699000000000000000e+05	2.981499999999999773e+02
3.708000000000000000e+05	2.981499999999999773e+02
3.708000000000000000e+05	3.028394057465388869e+02
3.717000000000000000e+05	3.028394057465388869e+02
3.717000000000000000e+05	3.161133025738587889e+02
3.726000000000000000e+05	3.161133025738587889e+02
3.726000000000000000e+05	3.161133025738587889e+02
3.735000000000000000e+05	3.161133025738587889e+02
3.735000000000000000e+05	3.161133025738587889e+02
3.744000000000000000e+05	3.161133025738587889e+02
3.744000000000000000e+05	3.161133025738587889e+02
3.753000000000000000e+05	3.161133025738587889e+02
3.753000000000000000e+05	3.161133025738587889e+02
3.762000000000000000e+05	3.161133025738587889e+02
3.762000000000000000e+05	3.161133025738587889e+02
3.771000000000000000e+05	3.161133025738587889e+02
3.771000000000000000e+05	3.161133025738587889e+02
3.780000000000000000e+05	3.161133025738587889e+02
3.780000000000000000e+05	3.126534693767636099e+02
3.789000000000000000e+05	3.126534693767636099e+02
3.789000000000000000e+05	3.093048164713136430e+02
3.798000000000000000e+05	3.093048164713136430e+02
3.798000000000000000e+05	3.281499999999999773e+02
3.807000000000000000e+05	3.281499999999999773e+02
3.807000000000000000e+05	3.281499999999999773e+02
3.816000000000000000e+05	3.281499999999999773e+02
3.816000000000000000e+05	3.093048164713136430e+02
3.825000000000000000e+05	3.093048164713136430e+02
3.825000000000000000e+05	3.281499999999999773e+02
3.834000000000000000e+05	3.281499999999999773e+02
3.834000000000000000e+05	3.093048164713136430e+02
3.843000000000000000e+05	3.093048164713136430e+02
3.843000000000000000e+05	3.054831403193769575e+02
3.852000000000000000e+05	3.054831403193769575e+02
3.852000000000000000e+05	3.052847074488267367e+02
3.861000000000000000e+05	3.052847074488267367e+02
3.861000000000000000e+05	3.245877049025564247e+02
3.870000000000000000e+05	3.245877049025564247e+02
3.870000000000000000e+05	3.025206794728552495e+02
3.879000000000000000e+05	3.025206794728552495e+02
3.879000000000000000e+05	3.042807972218014925e+02
3.888000000000000000e+05	3.042807972218014925e+02
3.888000000000000000e+05	3.281499999999999773e+02
3.897000000000000000e+05	3.281499999999999773e+02
3.897000000000000000e+05	3.036420668489402601e+02
3.906000000000000000e+05	3.036420668489402601e+02
3.906000000000000000e+05	2.981499999999999773e+02
3.915000000000000000e+05	2.981499999999999773e+02
3.915000000000000000e+05	3.020043115177269897e+02
3.924000000000000000e+05	3.020043115177269897e+02
3.924000000000000000e+05	3.032484342467619740e+02
3.933000000000000000e+05	3.032484342467619740e+02
3.933000000000000000e+05	3.281499999999999773e+02
3.942000000000000000e+05	3.281499999999999773e+02
3.942000000000000000e+05	3.027343654279731595e+02
3.951000000000000000e+05	3.027343654279731595e+02
3.951000000000000000e+05	3.281499999999999773e+02
3.960000000000000000e+05	3.281499999999999773e+02
3.960000000000000000e+05	3.021242843598716377e+02
3.969000000000000000e+05	3.021242843598716377e+02
3.969000000000000000e+05	3.281499999999999773e+02
3.978000000000000000e+05	3.281499999999999773e+02
3.978000000000000000e+05	3.014473356541244016e+02
3.987000000000000000e+05	3.014473356541244016e+02
3.987000000000000000e+05	3.034160560952674359e+02
3.996000000000000000e+05	3.034160560952674359e+02
3.996000000000000000e+05	3.281499999999999773e+02
4.005000000000000000e+05	3.281499999999999773e+02
4.005000000000000000e+05	3.013390735038686898e+02
4.014000000000000000e+05	3.013390735038686898e+02
4.014000000000000000e+05	3.281499999999999773e+02
4.023000000000000000e+05	3.281499999999999773e+02
4.023000000000000000e+05	3.014435287401213373e+02
4.032000000000000000e+05	3.014435287401213373e+02
4.032000000000000000e+05	3.206084384765378559e+02
4.041000000000000000e+05	3.206084384765378559e+02
4.041000000000000000e+05	3.281499999999999773e+02
4.050000000000000000e+05	3.281499999999999773e+02
4.050000000000000000e+05	2.981499999999999773e+02
4.059000000000000000e+05	2.981499999999999773e+02
4.059000000000000000e+05	3.023100132894030594e+02
4.068000000000000000e+05	3.023100132894030594e+02
4.068000000000000000e+05	3.093048164713136430e+02
4.077000000000000000e+05	3.093048164713136430e+02
4.077000000000000000e+05	3.204438209163361080e+02
4.086000000000000000e+05	3.204438209163361080e+02
4.086000000000000000e+05	3.008609106454294420e+02
4.095000000000000000e+05	3.008609106454294420e+02
4.095000000000000000e+05	2.981499999999999773e+02
4.104000000000000000e+05	2.981499999999999773e+02
4.104000000000000000e+05	3.033383804820650766e+02
4.113000000000000000e+05	3.033383804820650766e+02
4.113000000000000000e+05	3.281499999999999773e+02
4.122000000000000000e+05	3.281499999999999773e+02
4.122000000000000000e+05	3.017609311273024559e+02
4.131000000000000000e+05	3.017609311273024559e+02
4.131000000000000000e+05	3.056300439037432284e+02
4.140000000000000000e+05	3.056300439037432284e+02
4.140000000000000000e+05	2.981499999999998636e+02
4.149000000000000000e+05	2.981499999999998636e+02
4.149000000000000000e+05	3.016482461071641410e+02
4.158000000000000000e+05	3.016482461071641410e+02
4.158000000000000000e+05	3.093048164713136430e+02
4.167000000000000000e+05	3.093048164713136430e+02
4.167000000000000000e+05	3.281499999999999773e+02
4.176000000000000000e+05	3.281499999999999773e+02
4.176000000000000000e+05	3.081031026122212779e+02
4.185000000000000000e+05	3.081031026122212779e+02
4.185000000000000000e+05	3.281499999999999773e+02
4.194000000000000000e+05	3.281499999999999773e+02
4.194000000000000000e+05	3.281499999999999773e+02
4.203000000000000000e+05	3.281499999999999773e+02
4.203000000000000000e+05	3.281499999999999773e+02
4.212000000000000000e+05	3.281499999999999773e+02
4.212000000000000000e+05	3.281499999999999773e+02
4.221000000000000000e+05	3.281499999999999773e+02
4.221000000000000000e+05	3.281499999999999773e+02
4.230000000000000000e+05	3.281499999999999773e+02
4.230000000000000000e+05	3.281499999999999773e+02
4.239000000000000000e+05	3.281499999999999773e+02
4.239000000000000000e+05	3.281499999999999773e+02
4.248000000000000000e+05	3.281499999999999773e+02
4.248000000000000000e+05	3.281499999999999773e+02
4.257000000000000000e+05	3.281499999999999773e+02
4.257000000000000000e+05	3.281499999999999773e+02
4.266000000000000000e+05	3.281499999999999773e+02
4.266000000000000000e+05	3.281499999999999773e+02
4.275000000000000000e+05	3.281499999999999773e+02
4.275000000000000000e+05	3.281499999999999773e+02
4.284000000000000000e+05	3.281499999999999773e+02
4.284000000000000000e+05	3.281499999999999773e+02
4.293000000000000000e+05	3.281499999999999773e+02
4.293000000000000000e+05	3.281499999999999773e+02
4.302000000000000000e+05	3.281499999999999773e+02
4.302000000000000000e+05	3.281499999999999773e+02
4.311000000000000000e+05	3.281499999999999773e+02
4.311000000000000000e+05	3.281499999999999773e+02
4.320000000000000000e+05	3.281499999999999773e+02
4.320000000000000000e+05	3.281499999999999773e+02
4.329000000000000000e+05	3.281499999999999773e+02
4.329000000000000000e+05	3.281499999999999773e+02
4.338000000000000000e+05	3.281499999999999773e+02
4.338000000000000000e+05	3.281499999999999773e+02
4.347000000000000000e+05	3.281499999999999773e+02
4.347000000000000000e+05	3.281499999999999773e+02
4.356000000000000000e+05	3.281499999999999773e+02
4.356000000000000000e+05	3.281499999999999773e+02
4.365000000000000000e+05	3.281499999999999773e+02
4.365000000000000000e+05	3.281499999999999773e+02
4.374000000000000000e+05	3.281499999999999773e+02
4.374000000000000000e+05	3.281499999999999773e+02
4.383000000000000000e+05	3.281499999999999773e+02
4.383000000000000000e+05	3.281499999999999773e+02
4.392000000000000000e+05	3.281499999999999773e+02
4.392000000000000000e+05	3.281499999999999773e+02
4.401000000000000000e+05	3.281499999999999773e+02
4.401000000000000000e+05	3.281499999999999773e+02
4.410000000000000000e+05	3.281499999999999773e+02
4.410000000000000000e+05	3.281499999999999773e+02
4.419000000000000000e+05	3.281499999999999773e+02
4.419000000000000000e+05	3.281499999999999773e+02
4.428000000000000000e+05	3.281499999999999773e+02
4.428000000000000000e+05	3.281499999999999773e+02
4.437000000000000000e+05	3.281499999999999773e+02
4.437000000000000000e+05	3.281499999999999773e+02
4.446000000000000000e+05	3.281499999999999773e+02
4.446000000000000000e+05	3.093048164713136430e+02
4.455000000000000000e+05	3.093048164713136430e+02
4.455000000000000000e+05	2.981499999999999773e+02
4.464000000000000000e+05	2.981499999999999773e+02
4.464000000000000000e+05	3.003727966349019880e+02
4.473000000000000000e+05	3.003727966349019880e+02
4.473000000000000000e+05	3.281499999999999773e+02
4.482000000000000000e+05	3.281499999999999773e+02
4.482000000000000000e+05	2.981499999999999773e+02
4.491000000000000000e+05	2.981499999999999773e+02
4.491000000000000000e+05	2.987185446419621826e+02
4.500000000000000000e+05	2.987185446419621826e+02
4.500000000000000000e+05	2.998245496152563874e+02
4.509000000000000000e+05	2.998245496152563874e+02
4.509000000000000000e+05	3.036722802708874269e+02
4.518000000000000000e+05	3.036722802708874269e+02
4.518000000000000000e+05	3.028406080860038401e+02
4.527000000000000000e+05	3.028406080860038401e+02
4.527000000000000000e+05	3.202330824040751622e+02
4.536000000000000000e+05	3.202330824040751622e+02
4.536000000000000000e+05	3.219225187487210178e+02
4.545000000000000000e+05	3.219225187487210178e+02
4.545000000000000000e+05	3.267026947796241529e+02
4.554000000000000000e+05	3.267026947796241529e+02
4.554000000000000000e+05	3.281499999999999773e+02
4.563000000000000000e+05	3.281499999999999773e+02
4.563000000000000000e+05	2.992097761556061073e+02
4.572000000000000000e+05	2.992097761556061073e+02
4.572000000000000000e+05	3.038877550139691266e+02
4.581000000000000000e+05	3.038877550139691266e+02
4.581000000000000000e+05	3.161133025738587889e+02
4.590000000000000000e+05	3.161133025738587889e+02
4.590000000000000000e+05	3.161133025738587889e+02
4.599000000000000000e+05	3.161133025738587889e+02
4.599000000000000000e+05	3.161133025738587889e+02
4.608000000000000000e+05	3.161133025738587889e+02
4.608000000000000000e+05	3.161133025738587889e+02
4.617000000000000000e+05	3.161133025738587889e+02
4.617000000000000000e+05	3.161133025738587889e+02
4.626000000000000000e+05	3.161133025738587889e+02
4.626000000000000000e+05	3.161133025738587889e+02
4.635000000000000000e+05	3.161133025738587889e+02
4.635000000000000000e+05	3.161133025738587889e+02
4.644000000000000000e+05	3.161133025738587889e+02
4.644000000000000000e+05	3.265761266817077626e+02
4.653000000000000000e+05	3.265761266817077626e+02
4.653000000000000000e+05	3.093048164713136430e+02
4.662000000000000000e+05	3.093048164713136430e+02
4.662000000000000000e+05	3.093048164713136430e+02
4.671000000000000000e+05	3.093048164713136430e+02
4.671000000000000000e+05	3.093048164713136430e+02
4.680000000000000000e+05	3.093048164713136430e+02
4.680000000000000000e+05	3.093048164713136430e+02
4.689000000000000000e+05	3.093048164713136430e+02
4.689000000000000000e+05	3.076718443932751370e+02
4.698000000000000000e+05	3.076718443932751370e+02
4.698000000000000000e+05	3.073326841667808935e+02
4.707000000000000000e+05	3.073326841667808935e+02
4.707000000000000000e+05	3.074422453537328010e+02
4.716000000000000000e+05	3.074422453537328010e+02
4.716000000000000000e+05	2.981499999999999773e+02
4.725000000000000000e+05	2.981499999999999773e+02
4.725000000000000000e+05	3.260326221715756674e+02
4.734000000000000000e+05	3.260326221715756674e+02
4.734000000000000000e+05	3.030193955135284227e+02
4.743000000000000000e+05	3.030193955135284227e+02
4.743000000000000000e+05	3.043149629713936406e+02
4.752000000000000000e+05	3.043149629713936406e+02
4.752000000000000000e+05	3.261241703877672080e+02
4.761000000000000000e+05	3.261241703877672080e+02
4.761000000000000000e+05	3.022378482148907892e+02
4.770000000000000000e+05	3.022378482148907892e+02
4.770000000000000000e+05	3.037272339051905874e+02
4.779000000000000000e+05	3.037272339051905874e+02
4.779000000000000000e+05	3.044202451791720136e+02
4.788000000000000000e+05	3.044202451791720136e+02
4.788000000000000000e+05	2.981499999999999773e+02
4.797000000000000000e+05	2.981499999999999773e+02
4.797000000000000000e+05	3.281499999999999773e+02
4.806000000000000000e+05	3.281499999999999773e+02
4.806000000000000000e+05	3.004771249626838880e+02
4.815000000000000000e+05	3.004771249626838880e+02
4.815000000000000000e+05	3.029178893880035730e+02
4.824000000000000000e+05	3.029178893880035730e+02
4.824000000000000000e+05	3.024993871603516027e+02
4.833000000000000000e+05	3.024993871603516027e+02
4.833000000000000000e+05	3.281499999999999773e+02
4.842000000000000000e+05	3.281499999999999773e+02
4.842000000000000000e+05	3.016319932771104959e+02
4.851000000000000000e+05	3.016319932771104959e+02
4.851000000000000000e+05	3.014955498748894911e+02
4.860000000000000000e+05	3.014955498748894911e+02
4.860000000000000000e+05	3.036119372583375480e+02
4.869000000000000000e+05	3.036119372583375480e+02
4.869000000000000000e+05	3.281499999999999773e+02
4.878000000000000000e+05	3.281499999999999773e+02
4.878000000000000000e+05	3.281499999999999773e+02
4.887000000000000000e+05	3.281499999999999773e+02
4.887000000000000000e+05	2.981499999999999773e+02
4.896000000000000000e+05	2.981499999999999773e+02
4.896000000000000000e+05	3.013594184966307239e+02
4.905000000000000000e+05	3.013594184966307239e+02
4.905000000000000000e+05	3.281499999999999773e+02
4.914000000000000000e+05	3.281499999999999773e+02
4.914000000000000000e+05	2.994418628963097717e+02
4.923000000000000000e+05	2.994418628963097717e+02
4.923000000000000000e+05	3.281499999999999773e+02
4.932000000000000000e+05	3.281499999999999773e+02
4.932000000000000000e+05	3.025120786965958359e+02
4.941000000000000000e+05	3.025120786965958359e+02
4.941000000000000000e+05	3.281499999999999773e+02
4.950000000000000000e+05	3.281499999999999773e+02
4.950000000000000000e+05	3.257172060179514119e+02
4.959000000000000000e+05	3.257172060179514119e+02
4.959000000000000000e+05	3.001228856102339364e+02
4.968000000000000000e+05	3.001228856102339364e+02
4.968000000000000000e+05	3.281499999999999773e+02
4.977000000000000000e+05	3.281499999999999773e+02
4.977000000000000000e+05	2.981499999999999773e+02
4.986000000000000000e+05	2.981499999999999773e+02
4.986000000000000000e+05	2.981499999999999773e+02
4.995000000000000000e+05	2.981499999999999773e+02
4.995000000000000000e+05	2.981499999999999773e+02
5.004000000000000000e+05	2.981499999999999773e+02
5.004000000000000000e+05	3.012723118932296416e+02
5.013000000000000000e+05	3.012723118932296416e+02
5.013000000000000000e+05	3.281499999999999773e+02
5.022000000000000000e+05	3.281499999999999773e+02
5.022000000000000000e+05	3.007118085170400832e+02
5.031000000000000000e+05	3.007118085170400832e+02
5.031000000000000000e+05	3.281499999999999773e+02
5.040000000000000000e+05	3.281499999999999773e+02
5.040000000000000000e+05	3.281499999999999773e+02
5.049000000000000000e+05	3.281499999999999773e+02
5.049000000000000000e+05	3.281499999999999773e+02
5.058000000000000000e+05	3.281499999999999773e+02
5.058000000000000000e+05	2.981499999999999773e+02
5.067000000000000000e+05	2.981499999999999773e+02
5.067000000000000000e+05	3.281499999999999773e+02
5.076000000000000000e+05	3.281499999999999773e+02
5.076000000000000000e+05	2.981500000000174282e+02
5.085000000000000000e+05	2.981500000000174282e+02
5.085000000000000000e+05	3.281499999999999773e+02
5.094000000000000000e+05	3.281499999999999773e+02
5.094000000000000000e+05	3.281499999999999773e+02
5.103000000000000000e+05	3.281499999999999773e+02
5.103000000000000000e+05	3.281499999999999773e+02
5.112000000000000000e+05	3.281499999999999773e+02
5.112000000000000000e+05	3.281499999999999773e+02
5.121000000000000000e+05	3.281499999999999773e+02
5.121000000000000000e+05	3.281499999999999773e+02
5.130000000000000000e+05	3.281499999999999773e+02
5.130000000000000000e+05	3.281499999999999773e+02
5.139000000000000000e+05	3.281499999999999773e+02
5.139000000000000000e+05	3.281499999999999773e+02
5.148000000000000000e+05	3.281499999999999773e+02
5.148000000000000000e+05	3.281499999999999773e+02
5.157000000000000000e+05	3.281499999999999773e+02
5.157000000000000000e+05	3.281499999999999773e+02
5.166000000000000000e+05	3.281499999999999773e+02
5.166000000000000000e+05	3.281499999999999773e+02
5.175000000000000000e+05	3.281499999999999773e+02
5.175000000000000000e+05	2.981499999999999773e+02
5.184000000000000000e+05	2.981499999999999773e+02
5.184000000000000000e+05	3.281499999999999773e+02
5.193000000000000000e+05	3.281499999999999773e+02
5.193000000000000000e+05	3.281499999999999773e+02
5.202000000000000000e+05	3.281499999999999773e+02
5.202000000000000000e+05	2.981499999999999773e+02
5.211000000000000000e+05	2.981499999999999773e+02
5.211000000000000000e+05	3.281499999999999773e+02
5.220000000000000000e+05	3.281499999999999773e+02
5.220000000000000000e+05	3.281499999999999773e+02
5.229000000000000000e+05	3.281499999999999773e+02
5.229000000000000000e+05	3.281499999999999773e+02
5.238000000000000000e+05	3.281499999999999773e+02
5.238000000000000000e+05	2.981873507997868842e+02
5.247000000000000000e+05	2.981873507997868842e+02
5.247000000000000000e+05	3.281499999999999773e+02
5.256000000000000000e+05	3.281499999999999773e+02
5.256000000000000000e+05	3.281499999999999773e+02
5.265000000000000000e+05	3.281499999999999773e+02
5.265000000000000000e+05	2.994792925658377953e+02
5.274000000000000000e+05	2.994792925658377953e+02
5.274000000000000000e+05	3.281499999999999773e+02
5.283000000000000000e+05	3.281499999999999773e+02
5.283000000000000000e+05	3.281499999999999773e+02
5.292000000000000000e+05	3.281499999999999773e+02
5.292000000000000000e+05	2.981499999999999773e+02
5.301000000000000000e+05	2.981499999999999773e+02
5.301000000000000000e+05	3.281499999999999773e+02
5.310000000000000000e+05	3.281499999999999773e+02
5.310000000000000000e+05	3.281499999999999773e+02
5.319000000000000000e+05	3.281499999999999773e+02
5.319000000000000000e+05	3.281499999999999773e+02
5.328000000000000000e+05	3.281499999999999773e+02
5.328000000000000000e+05	3.065616053758910766e+02
5.337000000000000000e+05	3.065616053758910766e+02
5.337000000000000000e+05	3.281499999999999773e+02
5.346000000000000000e+05	3.281499999999999773e+02
5.346000000000000000e+05	3.216411593344216158e+02
5.355000000000000000e+05	3.216411593344216158e+02
5.355000000000000000e+05	3.281499999999999773e+02
5.364000000000000000e+05	3.281499999999999773e+02
5.364000000000000000e+05	3.259247666593437316e+02
5.373000000000000000e+05	3.259247666593437316e+02
5.373000000000000000e+05	2.981499999999999773e+02
5.382000000000000000e+05	2.981499999999999773e+02
5.382000000000000000e+05	2.992779161741238454e+02
5.391000000000000000e+05	2.992779161741238454e+02
5.391000000000000000e+05	3.281499999999999773e+02
5.400000000000000000e+05	3.281499999999999773e+02
5.400000000000000000e+05	3.093048164713136430e+02
5.409000000000000000e+05	3.093048164713136430e+02
5.409000000000000000e+05	3.253188648948714672e+02
5.418000000000000000e+05	3.253188648948714672e+02
5.418000000000000000e+05	3.281499999999999773e+02
5.427000000000000000e+05	3.281499999999999773e+02
5.427000000000000000e+05	3.036639692259150820e+02
5.436000000000000000e+05	3.036639692259150820e+02
5.436000000000000000e+05	3.040432124624749690e+02
5.445000000000000000e+05	3.040432124624749690e+02
5.445000000000000000e+05	3.161133025738587889e+02
5.454000000000000000e+05	3.161133025738587889e+02
5.454000000000000000e+05	3.161133025738587889e+02
5.463000000000000000e+05	3.161133025738587889e+02
5.463000000000000000e+05	3.161133025738587889e+02
5.472000000000000000e+05	3.161133025738587889e+02
5.472000000000000000e+05	3.161133025738587889e+02
5.481000000000000000e+05	3.161133025738587889e+02
5.481000000000000000e+05	3.161133025738587889e+02
5.490000000000000000e+05	3.161133025738587889e+02
5.490000000000000000e+05	3.161133025738587889e+02
5.499000000000000000e+05	3.161133025738587889e+02
5.499000000000000000e+05	3.161133025738587889e+02
5.508000000000000000e+05	3.161133025738587889e+02
5.508000000000000000e+05	3.281499999999999773e+02
5.517000000000000000e+05	3.281499999999999773e+02
5.517000000000000000e+05	3.075647283863834787e+02
5.526000000000000000e+05	3.075647283863834787e+02
5.526000000000000000e+05	3.086225550496640722e+02
5.535000000000000000e+05	3.086225550496640722e+02
5.535000000000000000e+05	3.082508998886019072e+02
5.544000000000000000e+05	3.082508998886019072e+02
5.544000000000000000e+05	3.079101248303842340e+02
5.553000000000000000e+05	3.079101248303842340e+02
5.553000000000000000e+05	3.065266850887855981e+02
5.562000000000000000e+05	3.065266850887855981e+02
5.562000000000000000e+05	3.281499999999999773e+02
5.571000000000000000e+05	3.281499999999999773e+02
5.571000000000000000e+05	3.050224591278751518e+02
5.580000000000000000e+05	3.050224591278751518e+02
5.580000000000000000e+05	3.050196667297173576e+02
5.589000000000000000e+05	3.050196667297173576e+02
5.589000000000000000e+05	3.281499999999999773e+02
5.598000000000000000e+05	3.281499999999999773e+02
5.598000000000000000e+05	3.046629803686826676e+02
5.607000000000000000e+05	3.046629803686826676e+02
5.607000000000000000e+05	3.239503272388898267e+02
5.616000000000000000e+05	3.239503272388898267e+02
5.616000000000000000e+05	3.041882271581224586e+02
5.625000000000000000e+05	3.041882271581224586e+02
5.625000000000000000e+05	3.062448982952769825e+02
5.634000000000000000e+05	3.062448982952769825e+02
5.634000000000000000e+05	3.244471902639861582e+02
5.643000000000000000e+05	3.244471902639861582e+02
5.643000000000000000e+05	3.093048164713136430e+02
5.652000000000000000e+05	3.093048164713136430e+02
5.652000000000000000e+05	3.281499999999999773e+02
5.661000000000000000e+05	3.281499999999999773e+02
5.661000000000000000e+05	3.022271193067783202e+02
5.670000000000000000e+05	3.022271193067783202e+02
5.670000000000000000e+05	3.045598256572490641e+02
5.679000000000000000e+05	3.045598256572490641e+02
5.679000000000000000e+05	3.281499999999999773e+02
5.688000000000000000e+05	3.281499999999999773e+02
5.688000000000000000e+05	3.019954152342609746e+02
5.697000000000000000e+05	3.019954152342609746e+02
5.697000000000000000e+05	3.044979689433180852e+02
5.706000000000000000e+05	3.044979689433180852e+02
5.706000000000000000e+05	3.056554130812677954e+02
5.715000000000000000e+05	3.056554130812677954e+02
5.715000000000000000e+05	3.069872898854411005e+02
5.724000000000000000e+05	3.069872898854411005e+02
5.724000000000000000e+05	2.981499999999999773e+02
5.733000000000000000e+05	2.981499999999999773e+02
5.733000000000000000e+05	3.281499999999999773e+02
5.742000000000000000e+05	3.281499999999999773e+02
5.742000000000000000e+05	3.281499999999999773e+02
5.751000000000000000e+05	3.281499999999999773e+02
5.751000000000000000e+05	3.281499999999999773e+02
5.760000000000000000e+05	3.281499999999999773e+02
5.760000000000000000e+05	3.093048164713136430e+02
5.769000000000000000e+05	3.093048164713136430e+02
5.769000000000000000e+05	3.281499999999999773e+02
5.778000000000000000e+05	3.281499999999999773e+02
5.778000000000000000e+05	2.981499999999999773e+02
5.787000000000000000e+05	2.981499999999999773e+02
5.787000000000000000e+05	3.002289350248190090e+02
5.796000000000000000e+05	3.002289350248190090e+02
5.796000000000000000e+05	3.281499999999999773e+02
5.805000000000000000e+05	3.281499999999999773e+02
5.805000000000000000e+05	3.281499999999999773e+02
5.814000000000000000e+05	3.281499999999999773e+02
5.814000000000000000e+05	2.981499999999999773e+02
5.823000000000000000e+05	2.981499999999999773e+02
5.823000000000000000e+05	2.983106476558650115e+02
5.832000000000000000e+05	2.983106476558650115e+02
5.832000000000000000e+05	2.981499999999999773e+02
5.841000000000000000e+05	2.981499999999999773e+02
5.841000000000000000e+05	3.281499999999999773e+02
5.850000000000000000e+05	3.281499999999999773e+02
5.850000000000000000e+05	3.281499999999999773e+02
5.859000000000000000e+05	3.281499999999999773e+02
5.859000000000000000e+05	2.995203952868769761e+02
5.868000000000000000e+05	2.995203952868769761e+02
5.868000000000000000e+05	3.226880723654812186e+02
5.877000000000000000e+05	3.226880723654812186e+02
5.877000000000000000e+05	2.981499999999999773e+02
5.886000000000000000e+05	2.981499999999999773e+02
5.886000000000000000e+05	3.226484824205905966e+02
5.895000000000000000e+05	3.226484824205905966e+02
5.895000000000000000e+05	3.227092231212618003e+02
5.904000000000000000e+05	3.227092231212618003e+02
5.904000000000000000e+05	3.027474888739936887e+02
5.913000000000000000e+05	3.027474888739936887e+02
5.913000000000000000e+05	3.281499999999999773e+02
5.922000000000000000e+05	3.281499999999999773e+02
5.922000000000000000e+05	3.281499999999999773e+02
5.931000000000000000e+05	3.281499999999999773e+02
5.931000000000000000e+05	2.981499999999999773e+02
5.940000000000000000e+05	2.981499999999999773e+02
5.940000000000000000e+05	3.281499999999999773e+02
5.949000000000000000e+05	3.281499999999999773e+02
5.949000000000000000e+05	3.281499999999999773e+02
5.958000000000000000e+05	3.281499999999999773e+02
5.958000000000000000e+05	3.281499999999999773e+02
5.967000000000000000e+05	3.281499999999999773e+02
5.967000000000000000e+05	3.281499999999999773e+02
5.976000000000000000e+05	3.281499999999999773e+02
5.976000000000000000e+05	3.281499999999999773e+02
5.985000000000000000e+05	3.281499999999999773e+02
5.985000000000000000e+05	3.281499999999999773e+02
5.994000000000000000e+05	3.281499999999999773e+02
5.994000000000000000e+05	3.281499999999999773e+02
6.003000000000000000e+05	3.281499999999999773e+02
6.003000000000000000e+05	3.281499999999999773e+02
6.012000000000000000e+05	3.281499999999999773e+02
6.012000000000000000e+05	3.281499999999999773e+02
6.021000000000000000e+05	3.281499999999999773e+02
6.021000000000000000e+05	3.281499999999999773e+02
6.030000000000000000e+05	3.281499999999999773e+02
6.030000000000000000e+05	3.281499999999999773e+02
6.039000000000000000e+05	3.281499999999999773e+02
6.039000000000000000e+05	3.281499999999999773e+02
6.048000000000000000e+05	3.281499999999999773e+02
