# #1
# double t_TES(1344, 2)
0.000000000000000000e+00	3.031499999999999773e+02
9.000000000000000000e+02	3.031499999999999773e+02
9.000000000000000000e+02	2.997875033493480714e+02
1.800000000000000000e+03	2.997875033493480714e+02
1.800000000000000000e+03	2.992785146113785686e+02
2.700000000000000000e+03	2.992785146113785686e+02
2.700000000000000000e+03	2.981426613985586869e+02
3.600000000000000000e+03	2.981426613985586869e+02
3.600000000000000000e+03	2.954971072603860875e+02
4.500000000000000000e+03	2.954971072603860875e+02
4.500000000000000000e+03	2.942003791867286395e+02
5.400000000000000000e+03	2.942003791867286395e+02
5.400000000000000000e+03	2.923213758146176815e+02
6.300000000000000000e+03	2.923213758146176815e+02
6.300000000000000000e+03	2.977769307636400526e+02
7.200000000000000000e+03	2.977769307636400526e+02
7.200000000000000000e+03	2.979953774067820973e+02
8.100000000000000000e+03	2.979953774067820973e+02
8.100000000000000000e+03	2.956817083939282043e+02
9.000000000000000000e+03	2.956817083939282043e+02
9.000000000000000000e+03	2.953677762305983379e+02
9.900000000000000000e+03	2.953677762305983379e+02
9.900000000000000000e+03	2.934200990575090486e+02
1.080000000000000000e+04	2.934200990575090486e+02
1.080000000000000000e+04	2.951343274054689232e+02
1.170000000000000000e+04	2.951343274054689232e+02
1.170000000000000000e+04	2.938511660528476455e+02
1.260000000000000000e+04	2.938511660528476455e+02
1.260000000000000000e+04	2.969965944661666981e+02
1.350000000000000000e+04	2.969965944661666981e+02
1.350000000000000000e+04	2.948567446355388597e+02
1.440000000000000000e+04	2.948567446355388597e+02
1.440000000000000000e+04	2.940587029964844987e+02
1.530000000000000000e+04	2.940587029964844987e+02
1.530000000000000000e+04	2.981704070484237263e+02
1.620000000000000000e+04	2.981704070484237263e+02
1.620000000000000000e+04	2.945098010828008341e+02
1.710000000000000000e+04	2.945098010828008341e+02
1.710000000000000000e+04	2.981013410176578304e+02
1.800000000000000000e+04	2.981013410176578304e+02
1.800000000000000000e+04	2.934352556778509324e+02
1.890000000000000000e+04	2.934352556778509324e+02
1.890000000000000000e+04	2.986295363402123257e+02
1.980000000000000000e+04	2.986295363402123257e+02
1.980000000000000000e+04	2.942695123373526371e+02
2.070000000000000000e+04	2.942695123373526371e+02
2.070000000000000000e+04	2.937631624064358675e+02
2.160000000000000000e+04	2.937631624064358675e+02
2.160000000000000000e+04	2.924155469984145839e+02
2.250000000000000000e+04	2.924155469984145839e+02
2.250000000000000000e+04	2.970173754535340436e+02
2.340000000000000000e+04	2.970173754535340436e+02
2.340000000000000000e+04	2.936603183812805469e+02
2.430000000000000000e+04	2.936603183812805469e+02
2.430000000000000000e+04	2.931563930759370464e+02
2.520000000000000000e+04	2.931563930759370464e+02
2.520000000000000000e+04	2.930516846146086891e+02
2.610000000000000000e+04	2.930516846146086891e+02
2.610000000000000000e+04	2.987496857786786109e+02
2.700000000000000000e+04	2.987496857786786109e+02
2.700000000000000000e+04	3.033965408757456999e+02
2.790000000000000000e+04	3.033965408757456999e+02
2.790000000000000000e+04	3.061465369413172652e+02
2.880000000000000000e+04	3.061465369413172652e+02
2.880000000000000000e+04	3.033714280071891949e+02
2.970000000000000000e+04	3.033714280071891949e+02
2.970000000000000000e+04	3.062437320557260136e+02
3.060000000000000000e+04	3.062437320557260136e+02
3.060000000000000000e+04	3.065065124266955081e+02
3.150000000000000000e+04	3.065065124266955081e+02
3.150000000000000000e+04	3.072235485686458674e+02
3.240000000000000000e+04	3.072235485686458674e+02
3.240000000000000000e+04	3.071437949542345791e+02
3.330000000000000000e+04	3.071437949542345791e+02
3.330000000000000000e+04	3.057884780410694248e+02
3.420000000000000000e+04	3.057884780410694248e+02
3.420000000000000000e+04	3.056319991963393363e+02
3.510000000000000000e+04	3.056319991963393363e+02
3.510000000000000000e+04	3.008295029641284373e+02
3.600000000000000000e+04	3.008295029641284373e+02
3.600000000000000000e+04	3.019570960473141099e+02
3.690000000000000000e+04	3.019570960473141099e+02
3.690000000000000000e+04	3.038136670283582248e+02
3.780000000000000000e+04	3.038136670283582248e+02
3.780000000000000000e+04	3.018703309678194842e+02
3.870000000000000000e+04	3.018703309678194842e+02
3.870000000000000000e+04	3.022767707479063688e+02
3.960000000000000000e+04	3.022767707479063688e+02
3.960000000000000000e+04	3.021993858325002975e+02
4.050000000000000000e+04	3.021993858325002975e+02
4.050000000000000000e+04	2.991458144082794206e+02
4.140000000000000000e+04	2.991458144082794206e+02
4.140000000000000000e+04	3.017875756651161510e+02
4.230000000000000000e+04	3.017875756651161510e+02
4.230000000000000000e+04	2.994015069827553361e+02
4.320000000000000000e+04	2.994015069827553361e+02
4.320000000000000000e+04	2.964633187288569047e+02
4.410000000000000000e+04	2.964633187288569047e+02
4.410000000000000000e+04	2.953657877458587677e+02
4.500000000000000000e+04	2.953657877458587677e+02
4.500000000000000000e+04	2.963199306826556381e+02
4.590000000000000000e+04	2.963199306826556381e+02
4.590000000000000000e+04	2.963877917307929124e+02
4.680000000000000000e+04	2.963877917307929124e+02
4.680000000000000000e+04	2.949133168228272552e+02
4.770000000000000000e+04	2.949133168228272552e+02
4.770000000000000000e+04	3.011007085370014806e+02
4.860000000000000000e+04	3.011007085370014806e+02
4.860000000000000000e+04	2.993248204003199362e+02
4.950000000000000000e+04	2.993248204003199362e+02
4.950000000000000000e+04	2.983189343498833637e+02
5.040000000000000000e+04	2.983189343498833637e+02
5.040000000000000000e+04	2.990668570983779091e+02
5.130000000000000000e+04	2.990668570983779091e+02
5.130000000000000000e+04	2.977236520937535715e+02
5.220000000000000000e+04	2.977236520937535715e+02
5.220000000000000000e+04	2.978395996805045911e+02
5.310000000000000000e+04	2.978395996805045911e+02
5.310000000000000000e+04	2.974300264285462276e+02
5.400000000000000000e+04	2.974300264285462276e+02
5.400000000000000000e+04	2.960965009584467111e+02
5.490000000000000000e+04	2.960965009584467111e+02
5.490000000000000000e+04	2.953541054841234086e+02
5.580000000000000000e+04	2.953541054841234086e+02
5.580000000000000000e+04	2.957980176864468831e+02
5.670000000000000000e+04	2.957980176864468831e+02
5.670000000000000000e+04	2.952404776119523717e+02
5.760000000000000000e+04	2.952404776119523717e+02
5.760000000000000000e+04	2.944842106419850438e+02
5.850000000000000000e+04	2.944842106419850438e+02
5.850000000000000000e+04	2.982267888916429683e+02
5.940000000000000000e+04	2.982267888916429683e+02
5.940000000000000000e+04	2.972767254445867025e+02
6.030000000000000000e+04	2.972767254445867025e+02
6.030000000000000000e+04	2.968267342231499697e+02
6.120000000000000000e+04	2.968267342231499697e+02
6.120000000000000000e+04	2.973344837352628360e+02
6.210000000000000000e+04	2.973344837352628360e+02
6.210000000000000000e+04	2.967234258822159063e+02
6.300000000000000000e+04	2.967234258822159063e+02
6.300000000000000000e+04	2.957180258259569996e+02
6.390000000000000000e+04	2.957180258259569996e+02
6.390000000000000000e+04	2.941927226852395165e+02
6.480000000000000000e+04	2.941927226852395165e+02
6.480000000000000000e+04	2.977002418753807547e+02
6.570000000000000000e+04	2.977002418753807547e+02
6.570000000000000000e+04	2.963396301483568891e+02
6.660000000000000000e+04	2.963396301483568891e+02
6.660000000000000000e+04	2.986156589864343118e+02
6.750000000000000000e+04	2.986156589864343118e+02
6.750000000000000000e+04	2.971400598844976457e+02
6.840000000000000000e+04	2.971400598844976457e+02
6.840000000000000000e+04	2.947498032772858778e+02
6.930000000000000000e+04	2.947498032772858778e+02
6.930000000000000000e+04	3.005818027423729291e+02
7.020000000000000000e+04	3.005818027423729291e+02
7.020000000000000000e+04	2.960315489507142388e+02
7.110000000000000000e+04	2.960315489507142388e+02
7.110000000000000000e+04	2.989347745344816190e+02
7.200000000000000000e+04	2.989347745344816190e+02
7.200000000000000000e+04	2.965071892833944389e+02
7.290000000000000000e+04	2.965071892833944389e+02
7.290000000000000000e+04	2.953867659406121220e+02
7.380000000000000000e+04	2.953867659406121220e+02
7.380000000000000000e+04	2.935614683958075375e+02
7.470000000000000000e+04	2.935614683958075375e+02
7.470000000000000000e+04	2.926888575405053530e+02
7.560000000000000000e+04	2.926888575405053530e+02
7.560000000000000000e+04	2.938888312228670543e+02
7.650000000000000000e+04	2.938888312228670543e+02
7.650000000000000000e+04	2.935079752958681638e+02
7.740000000000000000e+04	2.935079752958681638e+02
7.740000000000000000e+04	2.919722520797720904e+02
7.830000000000000000e+04	2.919722520797720904e+02
7.830000000000000000e+04	2.913641364937846561e+02
7.920000000000000000e+04	2.913641364937846561e+02
7.920000000000000000e+04	2.929287548792476059e+02
8.010000000000000000e+04	2.929287548792476059e+02
8.010000000000000000e+04	2.927757855361650741e+02
8.100000000000000000e+04	2.927757855361650741e+02
8.100000000000000000e+04	2.940873583257587711e+02
8.190000000000000000e+04	2.940873583257587711e+02
8.190000000000000000e+04	2.944788638756903083e+02
8.280000000000000000e+04	2.944788638756903083e+02
8.280000000000000000e+04	2.927007364323192746e+02
8.370000000000000000e+04	2.927007364323192746e+02
8.370000000000000000e+04	2.926771309111205710e+02
8.460000000000000000e+04	2.926771309111205710e+02
8.460000000000000000e+04	2.938381461012133400e+02
8.550000000000000000e+04	2.938381461012133400e+02
8.550000000000000000e+04	2.942090108161374360e+02
8.640000000000000000e+04	2.942090108161374360e+02
8.640000000000000000e+04	2.925567412908160918e+02
8.730000000000000000e+04	2.925567412908160918e+02
8.730000000000000000e+04	2.925349081624801784e+02
8.820000000000000000e+04	2.925349081624801784e+02
8.820000000000000000e+04	2.936552954513574605e+02
8.910000000000000000e+04	2.936552954513574605e+02
8.910000000000000000e+04	2.938749403746699045e+02
9.000000000000000000e+04	2.938749403746699045e+02
9.000000000000000000e+04	2.924079040361138482e+02
9.090000000000000000e+04	2.924079040361138482e+02
9.090000000000000000e+04	2.923839050788922691e+02
9.180000000000000000e+04	2.923839050788922691e+02
9.180000000000000000e+04	2.934740314730592559e+02
9.270000000000000000e+04	2.934740314730592559e+02
9.270000000000000000e+04	2.938221296747074121e+02
9.360000000000000000e+04	2.938221296747074121e+02
9.360000000000000000e+04	2.922487420633663078e+02
9.450000000000000000e+04	2.922487420633663078e+02
9.450000000000000000e+04	2.951094990876373458e+02
9.540000000000000000e+04	2.951094990876373458e+02
9.540000000000000000e+04	2.921645946922608914e+02
9.630000000000000000e+04	2.921645946922608914e+02
9.630000000000000000e+04	2.915402994682917210e+02
9.720000000000000000e+04	2.915402994682917210e+02
9.720000000000000000e+04	2.930460348612594998e+02
9.810000000000000000e+04	2.930460348612594998e+02
9.810000000000000000e+04	2.925226467754903865e+02
9.900000000000000000e+04	2.925226467754903865e+02
9.900000000000000000e+04	2.911499999999998636e+02
9.990000000000000000e+04	2.911499999999998636e+02
9.990000000000000000e+04	2.911499999999999773e+02
1.008000000000000000e+05	2.911499999999999773e+02
1.008000000000000000e+05	2.949407216030679137e+02
1.017000000000000000e+05	2.949407216030679137e+02
1.017000000000000000e+05	2.981302997144268261e+02
1.026000000000000000e+05	2.981302997144268261e+02
1.026000000000000000e+05	2.950761522967211476e+02
1.035000000000000000e+05	2.950761522967211476e+02
1.035000000000000000e+05	2.937504534081550673e+02
1.044000000000000000e+05	2.937504534081550673e+02
1.044000000000000000e+05	2.929979591460556776e+02
1.053000000000000000e+05	2.929979591460556776e+02
1.053000000000000000e+05	2.988356177286453317e+02
1.062000000000000000e+05	2.988356177286453317e+02
1.062000000000000000e+05	2.942919930825477763e+02
1.071000000000000000e+05	2.942919930825477763e+02
1.071000000000000000e+05	2.936558008582538264e+02
1.080000000000000000e+05	2.936558008582538264e+02
1.080000000000000000e+05	2.930247788067876513e+02
1.089000000000000000e+05	2.930247788067876513e+02
1.089000000000000000e+05	2.924731827988264854e+02
1.098000000000000000e+05	2.924731827988264854e+02
1.098000000000000000e+05	2.911499999999999204e+02
1.107000000000000000e+05	2.911499999999999204e+02
1.107000000000000000e+05	2.952876450904953458e+02
1.116000000000000000e+05	2.952876450904953458e+02
1.116000000000000000e+05	2.949901125166628049e+02
1.125000000000000000e+05	2.949901125166628049e+02
1.125000000000000000e+05	3.002233731754911901e+02
1.134000000000000000e+05	3.002233731754911901e+02
1.134000000000000000e+05	3.045307030707642753e+02
1.143000000000000000e+05	3.045307030707642753e+02
1.143000000000000000e+05	3.070583136470775685e+02
1.152000000000000000e+05	3.070583136470775685e+02
1.152000000000000000e+05	3.041505465276723612e+02
1.161000000000000000e+05	3.041505465276723612e+02
1.161000000000000000e+05	3.067858836952414094e+02
1.170000000000000000e+05	3.067858836952414094e+02
1.170000000000000000e+05	3.069631410557855133e+02
1.179000000000000000e+05	3.069631410557855133e+02
1.179000000000000000e+05	3.076017604589475809e+02
1.188000000000000000e+05	3.076017604589475809e+02
1.188000000000000000e+05	3.074596582528712361e+02
1.197000000000000000e+05	3.074596582528712361e+02
1.197000000000000000e+05	3.022882858434488185e+02
1.206000000000000000e+05	3.022882858434488185e+02
1.206000000000000000e+05	3.048163606830298704e+02
1.215000000000000000e+05	3.048163606830298704e+02
1.215000000000000000e+05	3.036105093308158871e+02
1.224000000000000000e+05	3.036105093308158871e+02
1.224000000000000000e+05	3.035020008404613918e+02
1.233000000000000000e+05	3.035020008404613918e+02
1.233000000000000000e+05	2.998700169498143282e+02
1.242000000000000000e+05	2.998700169498143282e+02
1.242000000000000000e+05	3.007718489086988711e+02
1.251000000000000000e+05	3.007718489086988711e+02
1.251000000000000000e+05	3.013085501165024311e+02
1.260000000000000000e+05	3.013085501165024311e+02
1.260000000000000000e+05	3.010513585983520670e+02
1.269000000000000000e+05	3.010513585983520670e+02
1.269000000000000000e+05	3.010338252361270293e+02
1.278000000000000000e+05	3.010338252361270293e+02
1.278000000000000000e+05	3.030086778961815526e+02
1.287000000000000000e+05	3.030086778961815526e+02
1.287000000000000000e+05	3.009363719929581293e+02
1.296000000000000000e+05	3.009363719929581293e+02
1.296000000000000000e+05	2.971861918437117538e+02
1.305000000000000000e+05	2.971861918437117538e+02
1.305000000000000000e+05	2.958971334613992781e+02
1.314000000000000000e+05	2.958971334613992781e+02
1.314000000000000000e+05	2.940223816133109835e+02
1.323000000000000000e+05	2.940223816133109835e+02
1.323000000000000000e+05	2.972110172375820412e+02
1.332000000000000000e+05	2.972110172375820412e+02
1.332000000000000000e+05	2.971234336711130481e+02
1.341000000000000000e+05	2.971234336711130481e+02
1.341000000000000000e+05	2.957545012681724188e+02
1.350000000000000000e+05	2.957545012681724188e+02
1.350000000000000000e+05	2.948096882541950663e+02
1.359000000000000000e+05	2.948096882541950663e+02
1.359000000000000000e+05	2.985627140082317510e+02
1.368000000000000000e+05	2.985627140082317510e+02
1.368000000000000000e+05	2.959487896936341258e+02
1.377000000000000000e+05	2.959487896936341258e+02
1.377000000000000000e+05	2.986859023219731171e+02
1.386000000000000000e+05	2.986859023219731171e+02
1.386000000000000000e+05	3.017835274708016868e+02
1.395000000000000000e+05	3.017835274708016868e+02
1.395000000000000000e+05	2.996691575414309341e+02
1.404000000000000000e+05	2.996691575414309341e+02
1.404000000000000000e+05	2.960418813574560772e+02
1.413000000000000000e+05	2.960418813574560772e+02
1.413000000000000000e+05	2.979951033620381509e+02
1.422000000000000000e+05	2.979951033620381509e+02
1.422000000000000000e+05	2.976859218628110284e+02
1.431000000000000000e+05	2.976859218628110284e+02
1.431000000000000000e+05	2.970218553011105769e+02
1.440000000000000000e+05	2.970218553011105769e+02
1.440000000000000000e+05	2.962663103873287014e+02
1.449000000000000000e+05	2.962663103873287014e+02
1.449000000000000000e+05	2.956591413295346342e+02
1.458000000000000000e+05	2.956591413295346342e+02
1.458000000000000000e+05	2.951993536152863840e+02
1.467000000000000000e+05	2.951993536152863840e+02
1.467000000000000000e+05	2.946587085559810930e+02
1.476000000000000000e+05	2.946587085559810930e+02
1.476000000000000000e+05	2.949036933990379339e+02
1.485000000000000000e+05	2.949036933990379339e+02
1.485000000000000000e+05	2.944182438079435542e+02
1.494000000000000000e+05	2.944182438079435542e+02
1.494000000000000000e+05	2.983789397097413598e+02
1.503000000000000000e+05	2.983789397097413598e+02
1.503000000000000000e+05	2.971821006485068892e+02
1.512000000000000000e+05	2.971821006485068892e+02
1.512000000000000000e+05	2.937905677271045874e+02
1.521000000000000000e+05	2.937905677271045874e+02
1.521000000000000000e+05	2.999182418450290015e+02
1.530000000000000000e+05	2.999182418450290015e+02
1.530000000000000000e+05	2.954802137932395567e+02
1.539000000000000000e+05	2.954802137932395567e+02
1.539000000000000000e+05	2.971333224843376684e+02
1.548000000000000000e+05	2.971333224843376684e+02
1.548000000000000000e+05	2.974540662837182481e+02
1.557000000000000000e+05	2.974540662837182481e+02
1.557000000000000000e+05	2.958200330591440661e+02
1.566000000000000000e+05	2.958200330591440661e+02
1.566000000000000000e+05	2.983944256540032711e+02
1.575000000000000000e+05	2.983944256540032711e+02
1.575000000000000000e+05	2.969142546744697597e+02
1.584000000000000000e+05	2.969142546744697597e+02
1.584000000000000000e+05	2.953729829643709195e+02
1.593000000000000000e+05	2.953729829643709195e+02
1.593000000000000000e+05	2.945848593513077844e+02
1.602000000000000000e+05	2.945848593513077844e+02
1.602000000000000000e+05	2.928922449001372001e+02
1.611000000000000000e+05	2.928922449001372001e+02
1.611000000000000000e+05	2.921412464089257242e+02
1.620000000000000000e+05	2.921412464089257242e+02
1.620000000000000000e+05	2.935265761376333558e+02
1.629000000000000000e+05	2.935265761376333558e+02
1.629000000000000000e+05	2.932544545008874479e+02
1.638000000000000000e+05	2.932544545008874479e+02
1.638000000000000000e+05	2.917625936875725188e+02
1.647000000000000000e+05	2.917625936875725188e+02
1.647000000000000000e+05	2.911959546974352406e+02
1.656000000000000000e+05	2.911959546974352406e+02
1.656000000000000000e+05	2.928340365005399235e+02
1.665000000000000000e+05	2.928340365005399235e+02
1.665000000000000000e+05	2.927226209699053356e+02
1.674000000000000000e+05	2.927226209699053356e+02
1.674000000000000000e+05	2.940521253818790797e+02
1.683000000000000000e+05	2.940521253818790797e+02
1.683000000000000000e+05	2.944610908493463057e+02
1.692000000000000000e+05	2.944610908493463057e+02
1.692000000000000000e+05	2.926676443105654926e+02
1.701000000000000000e+05	2.926676443105654926e+02
1.701000000000000000e+05	2.926494818975108387e+02
1.710000000000000000e+05	2.926494818975108387e+02
1.710000000000000000e+05	2.938628770112461552e+02
1.719000000000000000e+05	2.938628770112461552e+02
1.719000000000000000e+05	2.942543809466609446e+02
1.728000000000000000e+05	2.942543809466609446e+02
1.728000000000000000e+05	2.925545051390239450e+02
1.737000000000000000e+05	2.925545051390239450e+02
1.737000000000000000e+05	2.925377101529126094e+02
1.746000000000000000e+05	2.925377101529126094e+02
1.746000000000000000e+05	2.937188795779287034e+02
1.755000000000000000e+05	2.937188795779287034e+02
1.755000000000000000e+05	2.941010450538014993e+02
1.764000000000000000e+05	2.941010450538014993e+02
1.764000000000000000e+05	2.924375364424174109e+02
1.773000000000000000e+05	2.924375364424174109e+02
1.773000000000000000e+05	2.924191411988691698e+02
1.782000000000000000e+05	2.924191411988691698e+02
1.782000000000000000e+05	2.935776623343953702e+02
1.791000000000000000e+05	2.935776623343953702e+02
1.791000000000000000e+05	2.939520101603991407e+02
1.800000000000000000e+05	2.939520101603991407e+02
1.800000000000000000e+05	2.923129704063419467e+02
1.809000000000000000e+05	2.923129704063419467e+02
1.809000000000000000e+05	2.923642403907058451e+02
1.818000000000000000e+05	2.923642403907058451e+02
1.818000000000000000e+05	2.935430557064586878e+02
1.827000000000000000e+05	2.935430557064586878e+02
1.827000000000000000e+05	2.938677946016999840e+02
1.836000000000000000e+05	2.938677946016999840e+02
1.836000000000000000e+05	2.940585417835433759e+02
1.845000000000000000e+05	2.940585417835433759e+02
1.845000000000000000e+05	2.940377206068704936e+02
1.854000000000000000e+05	2.940377206068704936e+02
1.854000000000000000e+05	2.930985477920299331e+02
1.863000000000000000e+05	2.930985477920299331e+02
1.863000000000000000e+05	2.927197635761835954e+02
1.872000000000000000e+05	2.927197635761835954e+02
1.872000000000000000e+05	2.956146730143327090e+02
1.881000000000000000e+05	2.956146730143327090e+02
1.881000000000000000e+05	2.951328444002797369e+02
1.890000000000000000e+05	2.951328444002797369e+02
1.890000000000000000e+05	2.940425426531815560e+02
1.899000000000000000e+05	2.940425426531815560e+02
1.899000000000000000e+05	2.932933540784438264e+02
1.908000000000000000e+05	2.932933540784438264e+02
1.908000000000000000e+05	2.931099642651912518e+02
1.917000000000000000e+05	2.931099642651912518e+02
1.917000000000000000e+05	2.945062824181894143e+02
1.926000000000000000e+05	2.945062824181894143e+02
1.926000000000000000e+05	2.931768260270696373e+02
1.935000000000000000e+05	2.931768260270696373e+02
1.935000000000000000e+05	2.930702490142796250e+02
1.944000000000000000e+05	2.930702490142796250e+02
1.944000000000000000e+05	2.943398746684243292e+02
1.953000000000000000e+05	2.943398746684243292e+02
1.953000000000000000e+05	2.968961881580810314e+02
1.962000000000000000e+05	2.968961881580810314e+02
1.962000000000000000e+05	2.959394934395884320e+02
1.971000000000000000e+05	2.959394934395884320e+02
1.971000000000000000e+05	2.955655674847092769e+02
1.980000000000000000e+05	2.955655674847092769e+02
1.980000000000000000e+05	2.962189527225737606e+02
1.989000000000000000e+05	2.962189527225737606e+02
1.989000000000000000e+05	2.957100655679207648e+02
1.998000000000000000e+05	2.957100655679207648e+02
1.998000000000000000e+05	3.018354505533142742e+02
2.007000000000000000e+05	3.018354505533142742e+02
2.007000000000000000e+05	3.050921164788348392e+02
2.016000000000000000e+05	3.050921164788348392e+02
2.016000000000000000e+05	3.046033064883375800e+02
2.025000000000000000e+05	3.046033064883375800e+02
2.025000000000000000e+05	3.079236099488938976e+02
2.034000000000000000e+05	3.079236099488938976e+02
2.034000000000000000e+05	3.072722252012854938e+02
2.043000000000000000e+05	3.072722252012854938e+02
2.043000000000000000e+05	3.057884780410694248e+02
2.052000000000000000e+05	3.057884780410694248e+02
2.052000000000000000e+05	3.063128641563701535e+02
2.061000000000000000e+05	3.063128641563701535e+02
2.061000000000000000e+05	3.016542367926684847e+02
2.070000000000000000e+05	3.016542367926684847e+02
2.070000000000000000e+05	3.025286809081259207e+02
2.079000000000000000e+05	3.025286809081259207e+02
2.079000000000000000e+05	3.022933821407222013e+02
2.088000000000000000e+05	3.022933821407222013e+02
2.088000000000000000e+05	3.019535616000028995e+02
2.097000000000000000e+05	3.019535616000028995e+02
2.097000000000000000e+05	3.022308484696721393e+02
2.106000000000000000e+05	3.022308484696721393e+02
2.106000000000000000e+05	2.989981109984247496e+02
2.115000000000000000e+05	2.989981109984247496e+02
2.115000000000000000e+05	2.989317836193449693e+02
2.124000000000000000e+05	2.989317836193449693e+02
2.124000000000000000e+05	2.983939415092405056e+02
2.133000000000000000e+05	2.983939415092405056e+02
2.133000000000000000e+05	3.001907603924926775e+02
2.142000000000000000e+05	3.001907603924926775e+02
2.142000000000000000e+05	2.999469878712754394e+02
2.151000000000000000e+05	2.999469878712754394e+02
2.151000000000000000e+05	2.981248893114527050e+02
2.160000000000000000e+05	2.981248893114527050e+02
2.160000000000000000e+05	2.991778584237657128e+02
2.169000000000000000e+05	2.991778584237657128e+02
2.169000000000000000e+05	2.971849465553780192e+02
2.178000000000000000e+05	2.971849465553780192e+02
2.178000000000000000e+05	2.966792589690250566e+02
2.187000000000000000e+05	2.966792589690250566e+02
2.187000000000000000e+05	2.944739467054144484e+02
2.196000000000000000e+05	2.944739467054144484e+02
2.196000000000000000e+05	2.949642766829857692e+02
2.205000000000000000e+05	2.949642766829857692e+02
2.205000000000000000e+05	3.007333585344544531e+02
2.214000000000000000e+05	3.007333585344544531e+02
2.214000000000000000e+05	2.961622490182971887e+02
2.223000000000000000e+05	2.961622490182971887e+02
2.223000000000000000e+05	2.978161893126914492e+02
2.232000000000000000e+05	2.978161893126914492e+02
2.232000000000000000e+05	2.972762532857645965e+02
2.241000000000000000e+05	2.972762532857645965e+02
2.241000000000000000e+05	2.957618886190114722e+02
2.250000000000000000e+05	2.957618886190114722e+02
2.250000000000000000e+05	2.992033299821775927e+02
2.259000000000000000e+05	2.992033299821775927e+02
2.259000000000000000e+05	2.976439211039835300e+02
2.268000000000000000e+05	2.976439211039835300e+02
2.268000000000000000e+05	2.948548377589743268e+02
2.277000000000000000e+05	2.948548377589743268e+02
2.277000000000000000e+05	3.006687784151035885e+02
2.286000000000000000e+05	3.006687784151035885e+02
2.286000000000000000e+05	2.971912033421781985e+02
2.295000000000000000e+05	2.971912033421781985e+02
2.295000000000000000e+05	2.963834391615588402e+02
2.304000000000000000e+05	2.963834391615588402e+02
2.304000000000000000e+05	2.941038179089352411e+02
2.313000000000000000e+05	2.941038179089352411e+02
2.313000000000000000e+05	2.994391055773594417e+02
2.322000000000000000e+05	2.994391055773594417e+02
2.322000000000000000e+05	2.952924224033608880e+02
2.331000000000000000e+05	2.952924224033608880e+02
2.331000000000000000e+05	2.984636056604856549e+02
2.340000000000000000e+05	2.984636056604856549e+02
2.340000000000000000e+05	2.950085565980959927e+02
2.349000000000000000e+05	2.950085565980959927e+02
2.349000000000000000e+05	2.997230030201670274e+02
2.358000000000000000e+05	2.997230030201670274e+02
2.358000000000000000e+05	2.962679819445264116e+02
2.367000000000000000e+05	2.962679819445264116e+02
2.367000000000000000e+05	3.010152142743831405e+02
2.376000000000000000e+05	3.010152142743831405e+02
2.376000000000000000e+05	2.967958810722683438e+02
2.385000000000000000e+05	2.967958810722683438e+02
2.385000000000000000e+05	3.019947306079110376e+02
2.394000000000000000e+05	3.019947306079110376e+02
2.394000000000000000e+05	2.985696123523418350e+02
2.403000000000000000e+05	2.985696123523418350e+02
2.403000000000000000e+05	2.968560396062094355e+02
2.412000000000000000e+05	2.968560396062094355e+02
2.412000000000000000e+05	2.987846470254327755e+02
2.421000000000000000e+05	2.987846470254327755e+02
2.421000000000000000e+05	2.969256691434466120e+02
2.430000000000000000e+05	2.969256691434466120e+02
2.430000000000000000e+05	2.982361723742898789e+02
2.439000000000000000e+05	2.982361723742898789e+02
2.439000000000000000e+05	2.983464978425025720e+02
2.448000000000000000e+05	2.983464978425025720e+02
2.448000000000000000e+05	2.964401340393212649e+02
2.457000000000000000e+05	2.964401340393212649e+02
2.457000000000000000e+05	2.953348025545756173e+02
2.466000000000000000e+05	2.953348025545756173e+02
2.466000000000000000e+05	2.935177883672288317e+02
2.475000000000000000e+05	2.935177883672288317e+02
2.475000000000000000e+05	2.926526373095861118e+02
2.484000000000000000e+05	2.926526373095861118e+02
2.484000000000000000e+05	2.938711784857049452e+02
2.493000000000000000e+05	2.938711784857049452e+02
2.493000000000000000e+05	2.934983932492900749e+02
2.502000000000000000e+05	2.934983932492900749e+02
2.502000000000000000e+05	2.919667096794370309e+02
2.511000000000000000e+05	2.919667096794370309e+02
2.511000000000000000e+05	2.913631046407668350e+02
2.520000000000000000e+05	2.913631046407668350e+02
2.520000000000000000e+05	2.929439581967401978e+02
2.529000000000000000e+05	2.929439581967401978e+02
2.529000000000000000e+05	2.927982900051019897e+02
2.538000000000000000e+05	2.927982900051019897e+02
2.538000000000000000e+05	2.941138891108753342e+02
2.547000000000000000e+05	2.941138891108753342e+02
2.547000000000000000e+05	2.945096663508520010e+02
2.556000000000000000e+05	2.945096663508520010e+02
2.556000000000000000e+05	2.927325615755477202e+02
2.565000000000000000e+05	2.927325615755477202e+02
2.565000000000000000e+05	2.927107512821096407e+02
2.574000000000000000e+05	2.927107512821096407e+02
2.574000000000000000e+05	2.938872538449920171e+02
2.583000000000000000e+05	2.938872538449920171e+02
2.583000000000000000e+05	2.942646437343103685e+02
2.592000000000000000e+05	2.942646437343103685e+02
2.592000000000000000e+05	2.926007706925521461e+02
2.601000000000000000e+05	2.926007706925521461e+02
2.601000000000000000e+05	2.925808065004029572e+02
2.610000000000000000e+05	2.925808065004029572e+02
2.610000000000000000e+05	2.937225614033363286e+02
2.619000000000000000e+05	2.937225614033363286e+02
2.619000000000000000e+05	2.940900043114761502e+02
2.628000000000000000e+05	2.940900043114761502e+02
2.628000000000000000e+05	2.924657728329096358e+02
2.637000000000000000e+05	2.924657728329096358e+02
2.637000000000000000e+05	2.924443112749315787e+02
2.646000000000000000e+05	2.924443112749315787e+02
2.646000000000000000e+05	2.935621255468861932e+02
2.655000000000000000e+05	2.935621255468861932e+02
2.655000000000000000e+05	2.939214391038669305e+02
2.664000000000000000e+05	2.939214391038669305e+02
2.664000000000000000e+05	2.923234554484063210e+02
2.673000000000000000e+05	2.923234554484063210e+02
2.673000000000000000e+05	2.923004371007663735e+02
2.682000000000000000e+05	2.923004371007663735e+02
2.682000000000000000e+05	2.933991099694429749e+02
2.691000000000000000e+05	2.933991099694429749e+02
2.691000000000000000e+05	2.937518191602238744e+02
2.700000000000000000e+05	2.937518191602238744e+02
2.700000000000000000e+05	2.921748755451739044e+02
2.709000000000000000e+05	2.921748755451739044e+02
2.709000000000000000e+05	2.921507146179301344e+02
2.718000000000000000e+05	2.921507146179301344e+02
2.718000000000000000e+05	2.932341511380226962e+02
2.727000000000000000e+05	2.932341511380226962e+02
2.727000000000000000e+05	2.935817591264088264e+02
2.736000000000000000e+05	2.935817591264088264e+02
2.736000000000000000e+05	2.920220240653901556e+02
2.745000000000000000e+05	2.920220240653901556e+02
2.745000000000000000e+05	2.919970211010185608e+02
2.754000000000000000e+05	2.919970211010185608e+02
2.754000000000000000e+05	2.926895118477985420e+02
2.763000000000000000e+05	2.926895118477985420e+02
2.763000000000000000e+05	2.924199132648329282e+02
2.772000000000000000e+05	2.924199132648329282e+02
2.772000000000000000e+05	2.917292467302531804e+02
2.781000000000000000e+05	2.917292467302531804e+02
2.781000000000000000e+05	2.978546686897329892e+02
2.790000000000000000e+05	2.978546686897329892e+02
2.790000000000000000e+05	2.934353049376753120e+02
2.799000000000000000e+05	2.934353049376753120e+02
2.799000000000000000e+05	2.919439866626927369e+02
2.808000000000000000e+05	2.919439866626927369e+02
2.808000000000000000e+05	2.921286132992735247e+02
2.817000000000000000e+05	2.921286132992735247e+02
2.817000000000000000e+05	2.958181774874988719e+02
2.826000000000000000e+05	2.958181774874988719e+02
2.826000000000000000e+05	2.924952513514390944e+02
2.835000000000000000e+05	2.924952513514390944e+02
2.835000000000000000e+05	2.917998463688125526e+02
2.844000000000000000e+05	2.917998463688125526e+02
2.844000000000000000e+05	2.935365338631528402e+02
2.853000000000000000e+05	2.935365338631528402e+02
2.853000000000000000e+05	2.995582471910871050e+02
2.862000000000000000e+05	2.995582471910871050e+02
2.862000000000000000e+05	3.036849210721791792e+02
2.871000000000000000e+05	3.036849210721791792e+02
2.871000000000000000e+05	3.063042332281970062e+02
2.880000000000000000e+05	3.063042332281970062e+02
2.880000000000000000e+05	3.034119455343538334e+02
2.889000000000000000e+05	3.034119455343538334e+02
2.889000000000000000e+05	3.062180585688115002e+02
2.898000000000000000e+05	3.062180585688115002e+02
2.898000000000000000e+05	3.065090248163667184e+02
2.907000000000000000e+05	3.065090248163667184e+02
2.907000000000000000e+05	3.072226208802655947e+02
2.916000000000000000e+05	3.072226208802655947e+02
2.916000000000000000e+05	3.071264777207168208e+02
2.925000000000000000e+05	3.071264777207168208e+02
2.925000000000000000e+05	3.057155887226108462e+02
2.934000000000000000e+05	3.057155887226108462e+02
2.934000000000000000e+05	3.047086574471744029e+02
2.943000000000000000e+05	3.047086574471744029e+02
2.943000000000000000e+05	3.043104353695332520e+02
2.952000000000000000e+05	3.043104353695332520e+02
2.952000000000000000e+05	3.040266600674964366e+02
2.961000000000000000e+05	3.040266600674964366e+02
2.961000000000000000e+05	3.002018703936163888e+02
2.970000000000000000e+05	3.002018703936163888e+02
2.970000000000000000e+05	3.008488878186452666e+02
2.979000000000000000e+05	3.008488878186452666e+02
2.979000000000000000e+05	3.001499206463634550e+02
2.988000000000000000e+05	3.001499206463634550e+02
2.988000000000000000e+05	2.999817122337324236e+02
2.997000000000000000e+05	2.999817122337324236e+02
2.997000000000000000e+05	3.009609086233189714e+02
3.006000000000000000e+05	3.009609086233189714e+02
3.006000000000000000e+05	3.010008361319503933e+02
3.015000000000000000e+05	3.010008361319503933e+02
3.015000000000000000e+05	2.989956058129052963e+02
3.024000000000000000e+05	2.989956058129052963e+02
3.024000000000000000e+05	3.001905774200777159e+02
3.033000000000000000e+05	3.001905774200777159e+02
3.033000000000000000e+05	2.979882253756677528e+02
3.042000000000000000e+05	2.979882253756677528e+02
3.042000000000000000e+05	2.973091730007205342e+02
3.051000000000000000e+05	2.973091730007205342e+02
3.051000000000000000e+05	2.998625594204764298e+02
3.060000000000000000e+05	2.998625594204764298e+02
3.060000000000000000e+05	2.958867485080926372e+02
3.069000000000000000e+05	2.958867485080926372e+02
3.069000000000000000e+05	2.988959740152473046e+02
3.078000000000000000e+05	2.988959740152473046e+02
3.078000000000000000e+05	2.993204683140826319e+02
3.087000000000000000e+05	2.993204683140826319e+02
3.087000000000000000e+05	3.022222709694381706e+02
3.096000000000000000e+05	3.022222709694381706e+02
3.096000000000000000e+05	2.985632023067975069e+02
3.105000000000000000e+05	2.985632023067975069e+02
3.105000000000000000e+05	2.969237124694739691e+02
3.114000000000000000e+05	2.969237124694739691e+02
3.114000000000000000e+05	2.975583178860923681e+02
3.123000000000000000e+05	2.975583178860923681e+02
3.123000000000000000e+05	2.962205623362527263e+02
3.132000000000000000e+05	2.962205623362527263e+02
3.132000000000000000e+05	2.950702870733662166e+02
3.141000000000000000e+05	2.950702870733662166e+02
3.141000000000000000e+05	2.944751263020895067e+02
3.150000000000000000e+05	2.944751263020895067e+02
3.150000000000000000e+05	2.928591768018214907e+02
3.159000000000000000e+05	2.928591768018214907e+02
3.159000000000000000e+05	2.937385436236058922e+02
3.168000000000000000e+05	2.937385436236058922e+02
3.168000000000000000e+05	2.948271152801947323e+02
3.177000000000000000e+05	2.948271152801947323e+02
3.177000000000000000e+05	2.942948690087206387e+02
3.186000000000000000e+05	2.942948690087206387e+02
3.186000000000000000e+05	2.927629202981906928e+02
3.195000000000000000e+05	2.927629202981906928e+02
3.195000000000000000e+05	2.984774378090553455e+02
3.204000000000000000e+05	2.984774378090553455e+02
3.204000000000000000e+05	2.945337989289349139e+02
3.213000000000000000e+05	2.945337989289349139e+02
3.213000000000000000e+05	2.940783449805624628e+02
3.222000000000000000e+05	2.940783449805624628e+02
3.222000000000000000e+05	2.983613703703318265e+02
3.231000000000000000e+05	2.983613703703318265e+02
3.231000000000000000e+05	2.960403309719306435e+02
3.240000000000000000e+05	2.960403309719306435e+02
3.240000000000000000e+05	2.967104510408498754e+02
3.249000000000000000e+05	2.967104510408498754e+02
3.249000000000000000e+05	2.953696471382543791e+02
3.258000000000000000e+05	2.953696471382543791e+02
3.258000000000000000e+05	2.999656406348320843e+02
3.267000000000000000e+05	2.999656406348320843e+02
3.267000000000000000e+05	2.976335729956693399e+02
3.276000000000000000e+05	2.976335729956693399e+02
3.276000000000000000e+05	2.948640975307476992e+02
3.285000000000000000e+05	2.948640975307476992e+02
3.285000000000000000e+05	3.006259751663697557e+02
3.294000000000000000e+05	3.006259751663697557e+02
3.294000000000000000e+05	3.016890562522110031e+02
3.303000000000000000e+05	3.016890562522110031e+02
3.303000000000000000e+05	2.995668439292643939e+02
3.312000000000000000e+05	2.995668439292643939e+02
3.312000000000000000e+05	2.958892050231691542e+02
3.321000000000000000e+05	2.958892050231691542e+02
3.321000000000000000e+05	2.979286305944648916e+02
3.330000000000000000e+05	2.979286305944648916e+02
3.330000000000000000e+05	2.947821848519869263e+02
3.339000000000000000e+05	2.947821848519869263e+02
3.339000000000000000e+05	2.935049858480746252e+02
3.348000000000000000e+05	2.935049858480746252e+02
3.348000000000000000e+05	2.943615415243573921e+02
3.357000000000000000e+05	2.943615415243573921e+02
3.357000000000000000e+05	2.938219697104862007e+02
3.366000000000000000e+05	2.938219697104862007e+02
3.366000000000000000e+05	2.922259042206241020e+02
3.375000000000000000e+05	2.922259042206241020e+02
3.375000000000000000e+05	2.915634416910043569e+02
3.384000000000000000e+05	2.915634416910043569e+02
3.384000000000000000e+05	2.930665130719193030e+02
3.393000000000000000e+05	2.930665130719193030e+02
3.393000000000000000e+05	2.928699328126796217e+02
3.402000000000000000e+05	2.928699328126796217e+02
3.402000000000000000e+05	2.941660692859215942e+02
3.411000000000000000e+05	2.941660692859215942e+02
3.411000000000000000e+05	2.945441991437490401e+02
3.420000000000000000e+05	2.945441991437490401e+02
3.420000000000000000e+05	2.927956433529922720e+02
3.429000000000000000e+05	2.927956433529922720e+02
3.429000000000000000e+05	2.927703068402759641e+02
3.438000000000000000e+05	2.927703068402759641e+02
3.438000000000000000e+05	2.939046735156048271e+02
3.447000000000000000e+05	2.939046735156048271e+02
3.447000000000000000e+05	2.942676633538823694e+02
3.456000000000000000e+05	2.942676633538823694e+02
3.456000000000000000e+05	2.926520301021463411e+02
3.465000000000000000e+05	2.926520301021463411e+02
3.465000000000000000e+05	2.926303617031253452e+02
3.474000000000000000e+05	2.926303617031253452e+02
3.474000000000000000e+05	2.937374964402959563e+02
3.483000000000000000e+05	2.937374964402959563e+02
3.483000000000000000e+05	2.940936084177220096e+02
3.492000000000000000e+05	2.940936084177220096e+02
3.492000000000000000e+05	2.925100389766630542e+02
3.501000000000000000e+05	2.925100389766630542e+02
3.501000000000000000e+05	2.924872729589792471e+02
3.510000000000000000e+05	2.924872729589792471e+02
3.510000000000000000e+05	2.935782072944116976e+02
3.519000000000000000e+05	2.935782072944116976e+02
3.519000000000000000e+05	2.934140996346240513e+02
3.528000000000000000e+05	2.934140996346240513e+02
3.528000000000000000e+05	2.923586933737590243e+02
3.537000000000000000e+05	2.923586933737590243e+02
3.537000000000000000e+05	2.923340988700566072e+02
3.546000000000000000e+05	2.923340988700566072e+02
3.546000000000000000e+05	2.915201165737908013e+02
3.555000000000000000e+05	2.915201165737908013e+02
3.555000000000000000e+05	2.911499999999999773e+02
3.564000000000000000e+05	2.911499999999999773e+02
3.564000000000000000e+05	2.919366514137797708e+02
3.573000000000000000e+05	2.919366514137797708e+02
3.573000000000000000e+05	2.918508351570981745e+02
3.582000000000000000e+05	2.918508351570981745e+02
3.582000000000000000e+05	2.931370863316774376e+02
3.591000000000000000e+05	2.931370863316774376e+02
3.591000000000000000e+05	2.935701170693232029e+02
3.600000000000000000e+05	2.935701170693232029e+02
3.600000000000000000e+05	2.936138018589306284e+02
3.609000000000000000e+05	2.936138018589306284e+02
3.609000000000000000e+05	2.933432794450624783e+02
3.618000000000000000e+05	2.933432794450624783e+02
3.618000000000000000e+05	2.912027743889837552e+02
3.627000000000000000e+05	2.912027743889837552e+02
3.627000000000000000e+05	2.911499999999999773e+02
3.636000000000000000e+05	2.911499999999999773e+02
3.636000000000000000e+05	2.923629695358064282e+02
3.645000000000000000e+05	2.923629695358064282e+02
3.645000000000000000e+05	2.966579453063903316e+02
3.654000000000000000e+05	2.966579453063903316e+02
3.654000000000000000e+05	2.927818633448642345e+02
3.663000000000000000e+05	2.927818633448642345e+02
3.663000000000000000e+05	2.915554734285779546e+02
3.672000000000000000e+05	2.915554734285779546e+02
3.672000000000000000e+05	2.931764209180156513e+02
3.681000000000000000e+05	2.931764209180156513e+02
3.681000000000000000e+05	2.927888380654595153e+02
3.690000000000000000e+05	2.927888380654595153e+02
3.690000000000000000e+05	2.912439802950226522e+02
3.699000000000000000e+05	2.912439802950226522e+02
3.699000000000000000e+05	2.911499999999999773e+02
3.708000000000000000e+05	2.911499999999999773e+02
3.708000000000000000e+05	2.958649240878467026e+02
3.717000000000000000e+05	2.958649240878467026e+02
3.717000000000000000e+05	3.016283696572522786e+02
3.726000000000000000e+05	3.016283696572522786e+02
3.726000000000000000e+05	3.050370082751059044e+02
3.735000000000000000e+05	3.050370082751059044e+02
3.735000000000000000e+05	3.073588720856436680e+02
3.744000000000000000e+05	3.073588720856436680e+02
3.744000000000000000e+05	3.044731979907747927e+02
3.753000000000000000e+05	3.044731979907747927e+02
3.753000000000000000e+05	3.070424326023245953e+02
3.762000000000000000e+05	3.070424326023245953e+02
3.762000000000000000e+05	3.071856931152440211e+02
3.771000000000000000e+05	3.071856931152440211e+02
3.771000000000000000e+05	3.077997554830141098e+02
3.780000000000000000e+05	3.077997554830141098e+02
3.780000000000000000e+05	3.076534693767636099e+02
3.789000000000000000e+05	3.076534693767636099e+02
3.789000000000000000e+05	3.057884780410694248e+02
3.798000000000000000e+05	3.057884780410694248e+02
3.798000000000000000e+05	3.077203135896510844e+02
3.807000000000000000e+05	3.077203135896510844e+02
3.807000000000000000e+05	3.037818810581955518e+02
3.816000000000000000e+05	3.037818810581955518e+02
3.816000000000000000e+05	2.996969896719502913e+02
3.825000000000000000e+05	2.996969896719502913e+02
3.825000000000000000e+05	3.038853490918033913e+02
3.834000000000000000e+05	3.038853490918033913e+02
3.834000000000000000e+05	2.987064439491477401e+02
3.843000000000000000e+05	2.987064439491477401e+02
3.843000000000000000e+05	3.004831403193769575e+02
3.852000000000000000e+05	3.004831403193769575e+02
3.852000000000000000e+05	2.996995115663386287e+02
3.861000000000000000e+05	2.996995115663386287e+02
3.861000000000000000e+05	3.013066529262956124e+02
3.870000000000000000e+05	3.013066529262956124e+02
3.870000000000000000e+05	2.975206794728552495e+02
3.879000000000000000e+05	2.975206794728552495e+02
3.879000000000000000e+05	2.992807972218014925e+02
3.888000000000000000e+05	2.992807972218014925e+02
3.888000000000000000e+05	2.986699672395110952e+02
3.897000000000000000e+05	2.986699672395110952e+02
3.897000000000000000e+05	2.966675851902480758e+02
3.906000000000000000e+05	2.966675851902480758e+02
3.906000000000000000e+05	2.996041263857906642e+02
3.915000000000000000e+05	2.996041263857906642e+02
3.915000000000000000e+05	2.970043115177269897e+02
3.924000000000000000e+05	2.970043115177269897e+02
3.924000000000000000e+05	2.969229623632943458e+02
3.933000000000000000e+05	2.969229623632943458e+02
3.933000000000000000e+05	3.001220895866572391e+02
3.942000000000000000e+05	3.001220895866572391e+02
3.942000000000000000e+05	2.961772179900304423e+02
3.951000000000000000e+05	2.961772179900304423e+02
3.951000000000000000e+05	2.993582896381164460e+02
3.960000000000000000e+05	2.993582896381164460e+02
3.960000000000000000e+05	2.951498027011794534e+02
3.969000000000000000e+05	2.951498027011794534e+02
3.969000000000000000e+05	3.008459717604453658e+02
3.978000000000000000e+05	3.008459717604453658e+02
3.978000000000000000e+05	2.962462220377808535e+02
3.987000000000000000e+05	2.962462220377808535e+02
3.987000000000000000e+05	2.984160560952674359e+02
3.996000000000000000e+05	2.984160560952674359e+02
3.996000000000000000e+05	2.978994329959056131e+02
4.005000000000000000e+05	2.978994329959056131e+02
4.005000000000000000e+05	2.961147466734444151e+02
4.014000000000000000e+05	2.961147466734444151e+02
4.014000000000000000e+05	2.980772492017214290e+02
4.023000000000000000e+05	2.980772492017214290e+02
4.023000000000000000e+05	2.962415988578018187e+02
4.032000000000000000e+05	2.962415988578018187e+02
4.032000000000000000e+05	2.959784650362297498e+02
4.041000000000000000e+05	2.959784650362297498e+02
4.041000000000000000e+05	2.949386383961067963e+02
4.050000000000000000e+05	2.949386383961067963e+02
4.050000000000000000e+05	2.975200773337048190e+02
4.059000000000000000e+05	2.975200773337048190e+02
4.059000000000000000e+05	2.953355316307108751e+02
4.068000000000000000e+05	2.953355316307108751e+02
4.068000000000000000e+05	2.971425949483775071e+02
4.077000000000000000e+05	2.971425949483775071e+02
4.077000000000000000e+05	2.957688906469952599e+02
4.086000000000000000e+05	2.957688906469952599e+02
4.086000000000000000e+05	2.938864289867372577e+02
4.095000000000000000e+05	2.938864289867372577e+02
4.095000000000000000e+05	2.993724936502129026e+02
4.104000000000000000e+05	2.993724936502129026e+02
4.104000000000000000e+05	2.963638988233730061e+02
4.113000000000000000e+05	2.963638988233730061e+02
4.113000000000000000e+05	3.008153971095161978e+02
4.122000000000000000e+05	3.008153971095161978e+02
4.122000000000000000e+05	2.966270576206042051e+02
4.131000000000000000e+05	2.966270576206042051e+02
4.131000000000000000e+05	2.986820328658223502e+02
4.140000000000000000e+05	2.986820328658223502e+02
4.140000000000000000e+05	2.983803279012448684e+02
4.149000000000000000e+05	2.983803279012448684e+02
4.149000000000000000e+05	2.964902110491759686e+02
4.158000000000000000e+05	2.964902110491759686e+02
4.158000000000000000e+05	2.983238858444760808e+02
4.167000000000000000e+05	2.983238858444760808e+02
4.167000000000000000e+05	2.996107437860319465e+02
4.176000000000000000e+05	2.996107437860319465e+02
4.176000000000000000e+05	2.964411682939669390e+02
4.185000000000000000e+05	2.964411682939669390e+02
4.185000000000000000e+05	2.983031306308830608e+02
4.194000000000000000e+05	2.983031306308830608e+02
4.194000000000000000e+05	2.951104243781629748e+02
4.203000000000000000e+05	2.951104243781629748e+02
4.203000000000000000e+05	2.937838196582659407e+02
4.212000000000000000e+05	2.937838196582659407e+02
4.212000000000000000e+05	2.942291240679924158e+02
4.221000000000000000e+05	2.942291240679924158e+02
4.221000000000000000e+05	2.937407378943810841e+02
4.230000000000000000e+05	2.937407378943810841e+02
4.230000000000000000e+05	2.921640971294461337e+02
4.239000000000000000e+05	2.921640971294461337e+02
4.239000000000000000e+05	2.915190819680095728e+02
4.248000000000000000e+05	2.915190819680095728e+02
4.248000000000000000e+05	2.930404125580249683e+02
4.257000000000000000e+05	2.930404125580249683e+02
4.257000000000000000e+05	2.928575261159853653e+02
4.266000000000000000e+05	2.928575261159853653e+02
4.266000000000000000e+05	2.941583845803510258e+02
4.275000000000000000e+05	2.941583845803510258e+02
4.275000000000000000e+05	2.945404654389219559e+02
4.284000000000000000e+05	2.945404654389219559e+02
4.284000000000000000e+05	2.927820364258533914e+02
4.293000000000000000e+05	2.927820364258533914e+02
4.293000000000000000e+05	2.927569683747789782e+02
4.302000000000000000e+05	2.927569683747789782e+02
4.302000000000000000e+05	2.938981513125859806e+02
4.311000000000000000e+05	2.938981513125859806e+02
4.311000000000000000e+05	2.942627131216737553e+02
4.320000000000000000e+05	2.942627131216737553e+02
4.320000000000000000e+05	2.926361653059256582e+02
4.329000000000000000e+05	2.926361653059256582e+02
4.329000000000000000e+05	2.926140292564923016e+02
4.338000000000000000e+05	2.926140292564923016e+02
4.338000000000000000e+05	2.937222160252533740e+02
4.347000000000000000e+05	2.937222160252533740e+02
4.347000000000000000e+05	2.940778043687122363e+02
4.356000000000000000e+05	2.940778043687122363e+02
4.356000000000000000e+05	2.924896694350774169e+02
4.365000000000000000e+05	2.924896694350774169e+02
4.365000000000000000e+05	2.924661910633967636e+02
4.374000000000000000e+05	2.924661910633967636e+02
4.374000000000000000e+05	2.935529017960028000e+02
4.383000000000000000e+05	2.935529017960028000e+02
4.383000000000000000e+05	2.939011984255869265e+02
4.392000000000000000e+05	2.939011984255869265e+02
4.392000000000000000e+05	2.923366834821479756e+02
4.401000000000000000e+05	2.923366834821479756e+02
4.401000000000000000e+05	2.923827147905168431e+02
4.410000000000000000e+05	2.923827147905168431e+02
4.410000000000000000e+05	2.934197437899155716e+02
4.419000000000000000e+05	2.934197437899155716e+02
4.419000000000000000e+05	2.938222771844490921e+02
4.428000000000000000e+05	2.938222771844490921e+02
4.428000000000000000e+05	2.941090861750928980e+02
4.437000000000000000e+05	2.941090861750928980e+02
4.437000000000000000e+05	2.937699180569043733e+02
4.446000000000000000e+05	2.937699180569043733e+02
4.446000000000000000e+05	2.942692093618398985e+02
4.455000000000000000e+05	2.942692093618398985e+02
4.455000000000000000e+05	2.961054763971456509e+02
4.464000000000000000e+05	2.961054763971456509e+02
4.464000000000000000e+05	2.933456175180071455e+02
4.473000000000000000e+05	2.933456175180071455e+02
4.473000000000000000e+05	2.967671774658014670e+02
4.482000000000000000e+05	2.967671774658014670e+02
4.482000000000000000e+05	2.940356111176890295e+02
4.491000000000000000e+05	2.940356111176890295e+02
4.491000000000000000e+05	2.929323326343779854e+02
4.500000000000000000e+05	2.929323326343779854e+02
4.500000000000000000e+05	2.928500679565642031e+02
4.509000000000000000e+05	2.928500679565642031e+02
4.509000000000000000e+05	2.986722802708874269e+02
4.518000000000000000e+05	2.986722802708874269e+02
4.518000000000000000e+05	2.978406080860038401e+02
4.527000000000000000e+05	2.978406080860038401e+02
4.527000000000000000e+05	3.001279120042356112e+02
4.536000000000000000e+05	3.001279120042356112e+02
4.536000000000000000e+05	2.968662685847823468e+02
4.545000000000000000e+05	2.968662685847823468e+02
4.545000000000000000e+05	2.952429194225907736e+02
4.554000000000000000e+05	2.952429194225907736e+02
4.554000000000000000e+05	2.939514525197611192e+02
4.563000000000000000e+05	2.939514525197611192e+02
4.563000000000000000e+05	2.926211275508508152e+02
4.572000000000000000e+05	2.926211275508508152e+02
4.572000000000000000e+05	2.969132733552769423e+02
4.581000000000000000e+05	2.969132733552769423e+02
4.581000000000000000e+05	3.025166759761115145e+02
4.590000000000000000e+05	3.025166759761115145e+02
4.590000000000000000e+05	3.056089533944648338e+02
4.599000000000000000e+05	3.056089533944648338e+02
4.599000000000000000e+05	3.077827096807951648e+02
4.608000000000000000e+05	3.077827096807951648e+02
4.608000000000000000e+05	3.048062920110841674e+02
4.617000000000000000e+05	3.048062920110841674e+02
4.617000000000000000e+05	3.072431439938051199e+02
4.626000000000000000e+05	3.072431439938051199e+02
4.626000000000000000e+05	3.073504959266957144e+02
4.635000000000000000e+05	3.073504959266957144e+02
4.635000000000000000e+05	3.079263103208685379e+02
4.644000000000000000e+05	3.079263103208685379e+02
4.644000000000000000e+05	3.077543425127339560e+02
4.653000000000000000e+05	3.077543425127339560e+02
4.653000000000000000e+05	3.025092728112499572e+02
4.662000000000000000e+05	3.025092728112499572e+02
4.662000000000000000e+05	3.043731011957812598e+02
4.671000000000000000e+05	3.043731011957812598e+02
4.671000000000000000e+05	3.037374083606426893e+02
4.680000000000000000e+05	3.037374083606426893e+02
4.680000000000000000e+05	3.035737814402970116e+02
4.689000000000000000e+05	3.035737814402970116e+02
4.689000000000000000e+05	3.026718443932751370e+02
4.698000000000000000e+05	3.026718443932751370e+02
4.698000000000000000e+05	3.023326841667808935e+02
4.707000000000000000e+05	3.023326841667808935e+02
4.707000000000000000e+05	3.024422453537328010e+02
4.716000000000000000e+05	3.024422453537328010e+02
4.716000000000000000e+05	3.023610450630692981e+02
4.725000000000000000e+05	3.023610450630692981e+02
4.725000000000000000e+05	2.992063676564828256e+02
4.734000000000000000e+05	2.992063676564828256e+02
4.734000000000000000e+05	2.980193955135284227e+02
4.743000000000000000e+05	2.980193955135284227e+02
4.743000000000000000e+05	2.993149629713936406e+02
4.752000000000000000e+05	2.993149629713936406e+02
4.752000000000000000e+05	2.986033957650212187e+02
4.761000000000000000e+05	2.986033957650212187e+02
4.761000000000000000e+05	2.966720408196044332e+02
4.770000000000000000e+05	2.966720408196044332e+02
4.770000000000000000e+05	2.987272339051905874e+02
4.779000000000000000e+05	2.987272339051905874e+02
4.779000000000000000e+05	2.994202451791720136e+02
4.788000000000000000e+05	2.994202451791720136e+02
4.788000000000000000e+05	2.993367332608427773e+02
4.797000000000000000e+05	2.993367332608427773e+02
4.797000000000000000e+05	2.971330277550143819e+02
4.806000000000000000e+05	2.971330277550143819e+02
4.806000000000000000e+05	2.950679819618267175e+02
4.815000000000000000e+05	2.950679819618267175e+02
4.815000000000000000e+05	2.979178893880035730e+02
4.824000000000000000e+05	2.979178893880035730e+02
4.824000000000000000e+05	2.974993871603516027e+02
4.833000000000000000e+05	2.974993871603516027e+02
4.833000000000000000e+05	2.996907317167874680e+02
4.842000000000000000e+05	2.996907317167874680e+02
4.842000000000000000e+05	2.966319932771104959e+02
4.851000000000000000e+05	2.966319932771104959e+02
4.851000000000000000e+05	2.963047741931400196e+02
4.860000000000000000e+05	2.963047741931400196e+02
4.860000000000000000e+05	2.966374555996453637e+02
4.869000000000000000e+05	2.966374555996453637e+02
4.869000000000000000e+05	3.010536324717678553e+02
4.878000000000000000e+05	3.010536324717678553e+02
4.878000000000000000e+05	2.978512405043945819e+02
4.887000000000000000e+05	2.978512405043945819e+02
4.887000000000000000e+05	2.965817030291626111e+02
4.896000000000000000e+05	2.965817030291626111e+02
4.896000000000000000e+05	2.943849368379385396e+02
4.905000000000000000e+05	2.943849368379385396e+02
4.905000000000000000e+05	3.003212806578973755e+02
4.914000000000000000e+05	3.003212806578973755e+02
4.914000000000000000e+05	2.958166635342682866e+02
4.923000000000000000e+05	2.958166635342682866e+02
4.923000000000000000e+05	2.984437079125362402e+02
4.932000000000000000e+05	2.984437079125362402e+02
4.932000000000000000e+05	2.975120786965958359e+02
4.941000000000000000e+05	2.975120786965958359e+02
4.941000000000000000e+05	2.971528903702410958e+02
4.950000000000000000e+05	2.971528903702410958e+02
4.950000000000000000e+05	2.960331679419529678e+02
4.959000000000000000e+05	2.960331679419529678e+02
4.959000000000000000e+05	2.946377877728543808e+02
4.968000000000000000e+05	2.946377877728543808e+02
4.968000000000000000e+05	2.971226671942272333e+02
4.977000000000000000e+05	2.971226671942272333e+02
4.977000000000000000e+05	2.958206216543398455e+02
4.986000000000000000e+05	2.958206216543398455e+02
4.986000000000000000e+05	2.949682920587280250e+02
4.995000000000000000e+05	2.949682920587280250e+02
4.995000000000000000e+05	2.937086429266261121e+02
5.004000000000000000e+05	2.937086429266261121e+02
5.004000000000000000e+05	2.942978302345374573e+02
5.013000000000000000e+05	2.942978302345374573e+02
5.013000000000000000e+05	2.991752267394152796e+02
5.022000000000000000e+05	2.991752267394152796e+02
5.022000000000000000e+05	2.953529855918107501e+02
5.031000000000000000e+05	2.953529855918107501e+02
5.031000000000000000e+05	2.977749791894756299e+02
5.040000000000000000e+05	2.977749791894756299e+02
5.040000000000000000e+05	2.974823822872534720e+02
5.049000000000000000e+05	2.974823822872534720e+02
5.049000000000000000e+05	2.959243642291103242e+02
5.058000000000000000e+05	2.959243642291103242e+02
5.058000000000000000e+05	2.940059534705642932e+02
5.067000000000000000e+05	2.940059534705642932e+02
5.067000000000000000e+05	2.930495028656933982e+02
5.076000000000000000e+05	2.930495028656933982e+02
5.076000000000000000e+05	2.942075553467450391e+02
5.085000000000000000e+05	2.942075553467450391e+02
5.085000000000000000e+05	2.937334857741763017e+02
5.094000000000000000e+05	2.937334857741763017e+02
5.094000000000000000e+05	2.921620413712074651e+02
5.103000000000000000e+05	2.921620413712074651e+02
5.103000000000000000e+05	2.915216762866376712e+02
5.112000000000000000e+05	2.915216762866376712e+02
5.112000000000000000e+05	2.930453683009147312e+02
5.121000000000000000e+05	2.930453683009147312e+02
5.121000000000000000e+05	2.928660012566069781e+02
5.130000000000000000e+05	2.928660012566069781e+02
5.130000000000000000e+05	2.941683875168191094e+02
5.139000000000000000e+05	2.941683875168191094e+02
5.139000000000000000e+05	2.945520266606134783e+02
5.148000000000000000e+05	2.945520266606134783e+02
5.148000000000000000e+05	2.927908039669758864e+02
5.157000000000000000e+05	2.927908039669758864e+02
5.157000000000000000e+05	2.927662960702874670e+02
5.166000000000000000e+05	2.927662960702874670e+02
5.166000000000000000e+05	2.939108261528404000e+02
5.175000000000000000e+05	2.939108261528404000e+02
5.175000000000000000e+05	2.942766943666463817e+02
5.184000000000000000e+05	2.942766943666463817e+02
5.184000000000000000e+05	2.926461463289729750e+02
5.193000000000000000e+05	2.926461463289729750e+02
5.193000000000000000e+05	2.926240448074908045e+02
5.202000000000000000e+05	2.926240448074908045e+02
5.202000000000000000e+05	2.937347014575764774e+02
5.211000000000000000e+05	2.937347014575764774e+02
5.211000000000000000e+05	2.940907576513648110e+02
5.220000000000000000e+05	2.940907576513648110e+02
5.220000000000000000e+05	2.924986535769609759e+02
5.229000000000000000e+05	2.924986535769609759e+02
5.229000000000000000e+05	2.925458866377629192e+02
5.238000000000000000e+05	2.925458866377629192e+02
5.238000000000000000e+05	2.931873507997868842e+02
5.247000000000000000e+05	2.931873507997868842e+02
5.247000000000000000e+05	2.929495145442877515e+02
5.256000000000000000e+05	2.929495145442877515e+02
5.256000000000000000e+05	2.948417727896031693e+02
5.265000000000000000e+05	2.948417727896031693e+02
5.265000000000000000e+05	2.944792925658377953e+02
5.274000000000000000e+05	2.944792925658377953e+02
5.274000000000000000e+05	2.942390983608665920e+02
5.283000000000000000e+05	2.942390983608665920e+02
5.283000000000000000e+05	2.935983678990689327e+02
5.292000000000000000e+05	2.935983678990689327e+02
5.292000000000000000e+05	2.983054881628794419e+02
5.301000000000000000e+05	2.983054881628794419e+02
5.301000000000000000e+05	2.968662032655933558e+02
5.310000000000000000e+05	2.968662032655933558e+02
5.310000000000000000e+05	2.962790716311552615e+02
5.319000000000000000e+05	2.962790716311552615e+02
5.319000000000000000e+05	2.955563703365918968e+02
5.328000000000000000e+05	2.955563703365918968e+02
5.328000000000000000e+05	2.950666502284428816e+02
5.337000000000000000e+05	2.950666502284428816e+02
5.337000000000000000e+05	2.974193928086933738e+02
5.346000000000000000e+05	2.974193928086933738e+02
5.346000000000000000e+05	2.959941669562330162e+02
5.355000000000000000e+05	2.959941669562330162e+02
5.355000000000000000e+05	2.948943162220743375e+02
5.364000000000000000e+05	2.948943162220743375e+02
5.364000000000000000e+05	2.948651199866839647e+02
5.373000000000000000e+05	2.948651199866839647e+02
5.373000000000000000e+05	2.938516906035235365e+02
5.382000000000000000e+05	2.938516906035235365e+02
5.382000000000000000e+05	2.921205470487917637e+02
5.391000000000000000e+05	2.921205470487917637e+02
5.391000000000000000e+05	2.953125866129332167e+02
5.400000000000000000e+05	2.953125866129332167e+02
5.400000000000000000e+05	2.938963227177563340e+02
5.409000000000000000e+05	2.938963227177563340e+02
5.409000000000000000e+05	2.959250159296969969e+02
5.418000000000000000e+05	2.959250159296969969e+02
5.418000000000000000e+05	2.930842190440562263e+02
5.427000000000000000e+05	2.930842190440562263e+02
5.427000000000000000e+05	2.922551889855985223e+02
5.436000000000000000e+05	2.922551889855985223e+02
5.436000000000000000e+05	2.970687308037827847e+02
5.445000000000000000e+05	2.970687308037827847e+02
5.445000000000000000e+05	3.025389603156326075e+02
5.454000000000000000e+05	3.025389603156326075e+02
5.454000000000000000e+05	3.056630807312998854e+02
5.463000000000000000e+05	3.056630807312998854e+02
5.463000000000000000e+05	3.078423580670605588e+02
5.472000000000000000e+05	3.078423580670605588e+02
5.472000000000000000e+05	3.048465884395977810e+02
5.481000000000000000e+05	3.048465884395977810e+02
5.481000000000000000e+05	3.072823695723994319e+02
5.490000000000000000e+05	3.072823695723994319e+02
5.490000000000000000e+05	3.073982801232133966e+02
5.499000000000000000e+05	3.073982801232133966e+02
5.499000000000000000e+05	3.079775230173410137e+02
5.508000000000000000e+05	3.079775230173410137e+02
5.508000000000000000e+05	3.078064928971374457e+02
5.517000000000000000e+05	3.078064928971374457e+02
5.517000000000000000e+05	3.025647283863834218e+02
5.526000000000000000e+05	3.025647283863834218e+02
5.526000000000000000e+05	3.036225550496640722e+02
5.535000000000000000e+05	3.036225550496640722e+02
5.535000000000000000e+05	3.032508998886019072e+02
5.544000000000000000e+05	3.032508998886019072e+02
5.544000000000000000e+05	3.029101248303842340e+02
5.553000000000000000e+05	3.029101248303842340e+02
5.553000000000000000e+05	3.015266850887855981e+02
5.562000000000000000e+05	3.015266850887855981e+02
5.562000000000000000e+05	3.011829687295827966e+02
5.571000000000000000e+05	3.011829687295827966e+02
5.571000000000000000e+05	3.000224591278751518e+02
5.580000000000000000e+05	3.000224591278751518e+02
5.580000000000000000e+05	3.000196667297173576e+02
5.589000000000000000e+05	3.000196667297173576e+02
5.589000000000000000e+05	3.014280053499799124e+02
5.598000000000000000e+05	3.014280053499799124e+02
5.598000000000000000e+05	2.982962978867152515e+02
5.607000000000000000e+05	2.982962978867152515e+02
5.607000000000000000e+05	3.006526232426112983e+02
5.616000000000000000e+05	3.006526232426112983e+02
5.616000000000000000e+05	2.972137454994303312e+02
5.625000000000000000e+05	2.972137454994303312e+02
5.625000000000000000e+05	3.010927451212191954e+02
5.634000000000000000e+05	3.010927451212191954e+02
5.634000000000000000e+05	3.000108213852635686e+02
5.643000000000000000e+05	3.000108213852635686e+02
5.643000000000000000e+05	2.979770485238948936e+02
5.652000000000000000e+05	2.979770485238948936e+02
5.652000000000000000e+05	2.991392683435693698e+02
5.661000000000000000e+05	2.991392683435693698e+02
5.661000000000000000e+05	2.971932043357872999e+02
5.670000000000000000e+05	2.971932043357872999e+02
5.670000000000000000e+05	2.989393645509325665e+02
5.679000000000000000e+05	2.989393645509325665e+02
5.679000000000000000e+05	3.010341272899321439e+02
5.688000000000000000e+05	3.010341272899321439e+02
5.688000000000000000e+05	2.969118190383356364e+02
5.697000000000000000e+05	2.969118190383356364e+02
5.697000000000000000e+05	2.994979689433180852e+02
5.706000000000000000e+05	2.994979689433180852e+02
5.706000000000000000e+05	2.997288910403427167e+02
5.715000000000000000e+05	2.997288910403427167e+02
5.715000000000000000e+05	3.023978423449956381e+02
5.724000000000000000e+05	3.023978423449956381e+02
5.724000000000000000e+05	3.026541544345258217e+02
5.733000000000000000e+05	3.026541544345258217e+02
5.733000000000000000e+05	3.006171052915307200e+02
5.742000000000000000e+05	3.006171052915307200e+02
5.742000000000000000e+05	2.997108418504819269e+02
5.751000000000000000e+05	2.997108418504819269e+02
5.751000000000000000e+05	2.984492600682070815e+02
5.760000000000000000e+05	2.984492600682070815e+02
5.760000000000000000e+05	2.970274658261021159e+02
5.769000000000000000e+05	2.970274658261021159e+02
5.769000000000000000e+05	2.957946645286669991e+02
5.778000000000000000e+05	2.957946645286669991e+02
5.778000000000000000e+05	2.945899574949995667e+02
5.787000000000000000e+05	2.945899574949995667e+02
5.787000000000000000e+05	2.932544533661268247e+02
5.796000000000000000e+05	2.932544533661268247e+02
5.796000000000000000e+05	2.972558710547169767e+02
5.805000000000000000e+05	2.972558710547169767e+02
5.805000000000000000e+05	2.960293625390066836e+02
5.814000000000000000e+05	2.960293625390066836e+02
5.814000000000000000e+05	2.945615026307102085e+02
5.823000000000000000e+05	2.945615026307102085e+02
5.823000000000000000e+05	2.933106476558650115e+02
5.832000000000000000e+05	2.933106476558650115e+02
5.832000000000000000e+05	2.966154378314700466e+02
5.841000000000000000e+05	2.966154378314700466e+02
5.841000000000000000e+05	2.955409387968249462e+02
5.850000000000000000e+05	2.955409387968249462e+02
5.850000000000000000e+05	2.943205384579440533e+02
5.859000000000000000e+05	2.943205384579440533e+02
5.859000000000000000e+05	2.939061134565265547e+02
5.868000000000000000e+05	2.939061134565265547e+02
5.868000000000000000e+05	2.948020815066776095e+02
5.877000000000000000e+05	2.948020815066776095e+02
5.877000000000000000e+05	2.942369285880510006e+02
5.886000000000000000e+05	2.942369285880510006e+02
5.886000000000000000e+05	2.983797446877699713e+02
5.895000000000000000e+05	2.983797446877699713e+02
5.895000000000000000e+05	2.969429104882560182e+02
5.904000000000000000e+05	2.969429104882560182e+02
5.904000000000000000e+05	2.957730072153015044e+02
5.913000000000000000e+05	2.957730072153015044e+02
5.913000000000000000e+05	3.001792845011614190e+02
5.922000000000000000e+05	3.001792845011614190e+02
5.922000000000000000e+05	2.959967442475797270e+02
5.931000000000000000e+05	2.959967442475797270e+02
5.931000000000000000e+05	2.943831266533395024e+02
5.940000000000000000e+05	2.943831266533395024e+02
5.940000000000000000e+05	2.946162377273754487e+02
5.949000000000000000e+05	2.946162377273754487e+02
5.949000000000000000e+05	2.940100855212321562e+02
5.958000000000000000e+05	2.940100855212321562e+02
5.958000000000000000e+05	2.923860802306566029e+02
5.967000000000000000e+05	2.923860802306566029e+02
5.967000000000000000e+05	2.916966063880209958e+02
5.976000000000000000e+05	2.916966063880209958e+02
5.976000000000000000e+05	2.931433792895153942e+02
5.985000000000000000e+05	2.931433792895153942e+02
5.985000000000000000e+05	2.929180272407724601e+02
5.994000000000000000e+05	2.929180272407724601e+02
5.994000000000000000e+05	2.942011456939542882e+02
6.003000000000000000e+05	2.942011456939542882e+02
6.003000000000000000e+05	2.945662155248124350e+02
6.012000000000000000e+05	2.945662155248124350e+02
6.012000000000000000e+05	2.928229134404858769e+02
6.021000000000000000e+05	2.928229134404858769e+02
6.021000000000000000e+05	2.927929753414748575e+02
6.030000000000000000e+05	2.927929753414748575e+02
6.030000000000000000e+05	2.938862573428664859e+02
6.039000000000000000e+05	2.938862573428664859e+02
6.039000000000000000e+05	2.942318888078356167e+02
6.048000000000000000e+05	2.942318888078356167e+02
