# #1
# double dch_TES(1344, 2)
0.000000000000000000e+00	4.678808666574934250e+03
9.000000000000000000e+02	4.678808666574934250e+03
9.000000000000000000e+02	7.046778794040951652e+02
1.800000000000000000e+03	7.046778794040951652e+02
1.800000000000000000e+03	1.583269515851687174e+03
2.700000000000000000e+03	1.583269515851687174e+03
2.700000000000000000e+03	2.846920167194155511e+03
3.600000000000000000e+03	2.846920167194155511e+03
3.600000000000000000e+03	2.709310797145148172e+03
4.500000000000000000e+03	2.709310797145148172e+03
4.500000000000000000e+03	-2.877310424082219811e+02
5.400000000000000000e+03	-2.877310424082219811e+02
5.400000000000000000e+03	4.563362982628750615e+02
6.300000000000000000e+03	4.563362982628750615e+02
6.300000000000000000e+03	4.998841243014321662e+02
7.200000000000000000e+03	4.998841243014321662e+02
7.200000000000000000e+03	7.885747562850133363e+02
8.100000000000000000e+03	7.885747562850133363e+02
8.100000000000000000e+03	7.498326270898979601e+03
9.000000000000000000e+03	7.498326270898979601e+03
9.000000000000000000e+03	1.949347671940864529e+03
9.900000000000000000e+03	1.949347671940864529e+03
9.900000000000000000e+03	3.291685421104251873e+03
1.080000000000000000e+04	3.291685421104251873e+03
1.080000000000000000e+04	2.936446844511605377e+03
1.170000000000000000e+04	2.936446844511605377e+03
1.170000000000000000e+04	6.962017279931371831e+02
1.260000000000000000e+04	6.962017279931371831e+02
1.260000000000000000e+04	2.606482377236185130e+03
1.350000000000000000e+04	2.606482377236185130e+03
1.350000000000000000e+04	2.423618989437061828e+03
1.440000000000000000e+04	2.423618989437061828e+03
1.440000000000000000e+04	1.378199208623488630e+03
1.530000000000000000e+04	1.378199208623488630e+03
1.530000000000000000e+04	4.276182573547346692e+03
1.620000000000000000e+04	4.276182573547346692e+03
1.620000000000000000e+04	2.790928402171644848e+03
1.710000000000000000e+04	2.790928402171644848e+03
1.710000000000000000e+04	1.826571586209174711e+03
1.800000000000000000e+04	1.826571586209174711e+03
1.800000000000000000e+04	1.303105971761204273e+03
1.890000000000000000e+04	1.303105971761204273e+03
1.890000000000000000e+04	2.432207671235832095e+03
1.980000000000000000e+04	2.432207671235832095e+03
1.980000000000000000e+04	6.387693911042297259e+02
2.070000000000000000e+04	6.387693911042297259e+02
2.070000000000000000e+04	0.000000000000000000e+00
2.160000000000000000e+04	0.000000000000000000e+00
2.160000000000000000e+04	6.533243635658923267e+02
2.250000000000000000e+04	6.533243635658923267e+02
2.250000000000000000e+04	-1.416339311529189217e+03
2.340000000000000000e+04	-1.416339311529189217e+03
2.340000000000000000e+04	-4.656157974508823827e+02
2.430000000000000000e+04	-4.656157974508823827e+02
2.430000000000000000e+04	-2.476937019082834013e+02
2.520000000000000000e+04	-2.476937019082834013e+02
2.520000000000000000e+04	1.108238672246407077e+03
2.610000000000000000e+04	1.108238672246407077e+03
2.610000000000000000e+04	4.646953099404494424e+03
2.700000000000000000e+04	4.646953099404494424e+03
2.700000000000000000e+04	5.843786952362046577e+03
2.790000000000000000e+04	5.843786952362046577e+03
2.790000000000000000e+04	6.498267149881576188e+03
2.880000000000000000e+04	6.498267149881576188e+03
2.880000000000000000e+04	5.432587218196258618e+03
2.970000000000000000e+04	5.432587218196258618e+03
2.970000000000000000e+04	8.919756844210598501e+03
3.060000000000000000e+04	8.919756844210598501e+03
3.060000000000000000e+04	8.144807306280650664e+03
3.150000000000000000e+04	8.144807306280650664e+03
3.150000000000000000e+04	7.954724871237762272e+03
3.240000000000000000e+04	7.954724871237762272e+03
3.240000000000000000e+04	6.731182610337546066e+03
3.330000000000000000e+04	6.731182610337546066e+03
3.330000000000000000e+04	5.648368552772943985e+03
3.420000000000000000e+04	5.648368552772943985e+03
3.420000000000000000e+04	5.731222115163807757e+03
3.510000000000000000e+04	5.731222115163807757e+03
3.510000000000000000e+04	5.897337443763448391e+03
3.600000000000000000e+04	5.897337443763448391e+03
3.600000000000000000e+04	5.940073032019401580e+03
3.690000000000000000e+04	5.940073032019401580e+03
3.690000000000000000e+04	5.975618052067210328e+02
3.780000000000000000e+04	5.975618052067210328e+02
3.780000000000000000e+04	4.290672188567928970e+03
3.870000000000000000e+04	4.290672188567928970e+03
3.870000000000000000e+04	3.677054451345757116e+03
3.960000000000000000e+04	3.677054451345757116e+03
3.960000000000000000e+04	3.902438944131105018e+03
4.050000000000000000e+04	3.902438944131105018e+03
4.050000000000000000e+04	1.123993214796245638e+03
4.140000000000000000e+04	1.123993214796245638e+03
4.140000000000000000e+04	1.871140189663274214e+03
4.230000000000000000e+04	1.871140189663274214e+03
4.230000000000000000e+04	2.663665911204705480e+03
4.320000000000000000e+04	2.663665911204705480e+03
4.320000000000000000e+04	2.375851163245659336e+03
4.410000000000000000e+04	2.375851163245659336e+03
4.410000000000000000e+04	-6.795283271952799851e+02
4.500000000000000000e+04	-6.795283271952799851e+02
4.500000000000000000e+04	2.624117297014454380e+02
4.590000000000000000e+04	2.624117297014454380e+02
4.590000000000000000e+04	3.632099435225827619e+02
4.680000000000000000e+04	3.632099435225827619e+02
4.680000000000000000e+04	5.553756720243272866e+02
4.770000000000000000e+04	5.553756720243272866e+02
4.770000000000000000e+04	-5.816517982373262612e+02
4.860000000000000000e+04	-5.816517982373262612e+02
4.860000000000000000e+04	-8.208498918596887961e+01
4.950000000000000000e+04	-8.208498918596887961e+01
4.950000000000000000e+04	5.566846473433542997e+00
5.040000000000000000e+04	5.566846473433542997e+00
5.040000000000000000e+04	9.864298519238764129e+01
5.130000000000000000e+04	9.864298519238764129e+01
5.130000000000000000e+04	3.033258754962980220e+03
5.220000000000000000e+04	3.033258754962980220e+03
5.220000000000000000e+04	4.909474906948162243e+02
5.310000000000000000e+04	4.909474906948162243e+02
5.310000000000000000e+04	9.411118010632344522e+02
5.400000000000000000e+04	9.411118010632344522e+02
5.400000000000000000e+04	1.081766302289713167e+03
5.490000000000000000e+04	1.081766302289713167e+03
5.490000000000000000e+04	-8.019192320232185693e+02
5.580000000000000000e+04	-8.019192320232185693e+02
5.580000000000000000e+04	7.807563073429046199e+02
5.670000000000000000e+04	7.807563073429046199e+02
5.670000000000000000e+04	4.548893738761544228e+02
5.760000000000000000e+04	4.548893738761544228e+02
5.760000000000000000e+04	4.206976143444635454e+02
5.850000000000000000e+04	4.206976143444635454e+02
5.850000000000000000e+04	4.284693962695907317e+02
5.940000000000000000e+04	4.284693962695907317e+02
5.940000000000000000e+04	6.167893685829476453e+02
6.030000000000000000e+04	6.167893685829476453e+02
6.030000000000000000e+04	6.176241330321645364e+02
6.120000000000000000e+04	6.176241330321645364e+02
6.120000000000000000e+04	1.912864897485869733e+02
6.210000000000000000e+04	1.912864897485869733e+02
6.210000000000000000e+04	3.517006224934568309e+03
6.300000000000000000e+04	3.517006224934568309e+03
6.300000000000000000e+04	1.681347310782875866e+03
6.390000000000000000e+04	1.681347310782875866e+03
6.390000000000000000e+04	2.294353611156402621e+03
6.480000000000000000e+04	2.294353611156402621e+03
6.480000000000000000e+04	2.339333928095780720e+03
6.570000000000000000e+04	2.339333928095780720e+03
6.570000000000000000e+04	1.046147531126001240e+03
6.660000000000000000e+04	1.046147531126001240e+03
6.660000000000000000e+04	2.301213280736992601e+03
6.750000000000000000e+04	2.301213280736992601e+03
6.750000000000000000e+04	1.897983282027009409e+03
6.840000000000000000e+04	1.897983282027009409e+03
6.840000000000000000e+04	8.636629455878573935e+02
6.930000000000000000e+04	8.636629455878573935e+02
6.930000000000000000e+04	6.208139077540934522e+03
7.020000000000000000e+04	6.208139077540934522e+03
7.020000000000000000e+04	1.937221736793639138e+03
7.110000000000000000e+04	1.937221736793639138e+03
7.110000000000000000e+04	2.585005697223765310e+03
7.200000000000000000e+04	2.585005697223765310e+03
7.200000000000000000e+04	1.315716478016891415e+03
7.290000000000000000e+04	1.315716478016891415e+03
7.290000000000000000e+04	2.443643758197048555e+03
7.380000000000000000e+04	2.443643758197048555e+03
7.380000000000000000e+04	1.126796249650418758e+03
7.470000000000000000e+04	1.126796249650418758e+03
7.470000000000000000e+04	7.547514064391143620e+02
7.560000000000000000e+04	7.547514064391143620e+02
7.560000000000000000e+04	4.538098930960559301e+02
7.650000000000000000e+04	4.538098930960559301e+02
7.650000000000000000e+04	2.109252506346354039e+03
7.740000000000000000e+04	2.109252506346354039e+03
7.740000000000000000e+04	8.199491450336063281e+02
7.830000000000000000e+04	8.199491450336063281e+02
7.830000000000000000e+04	1.730126169731956907e+02
7.920000000000000000e+04	1.730126169731956907e+02
7.920000000000000000e+04	1.883518082633418089e+02
8.010000000000000000e+04	1.883518082633418089e+02
8.010000000000000000e+04	-1.837621774852281987e+03
8.100000000000000000e+04	-1.837621774852281987e+03
8.100000000000000000e+04	-5.556147602988639846e+02
8.190000000000000000e+04	-5.556147602988639846e+02
8.190000000000000000e+04	-2.676335520008578897e+02
8.280000000000000000e+04	-2.676335520008578897e+02
8.280000000000000000e+04	3.019117659874882520e+01
8.370000000000000000e+04	3.019117659874882520e+01
8.370000000000000000e+04	-1.639966154077316560e+03
8.460000000000000000e+04	-1.639966154077316560e+03
8.460000000000000000e+04	-5.258066529833013192e+02
8.550000000000000000e+04	-5.258066529833013192e+02
8.550000000000000000e+04	-2.690897164372727275e+02
8.640000000000000000e+04	-2.690897164372727275e+02
8.640000000000000000e+04	2.851435809050508396e+01
8.730000000000000000e+04	2.851435809050508396e+01
8.730000000000000000e+04	-1.581088177707838213e+03
8.820000000000000000e+04	-1.581088177707838213e+03
8.820000000000000000e+04	-5.079078853901010007e+02
8.910000000000000000e+04	-5.079078853901010007e+02
8.910000000000000000e+04	-3.740650630102027208e+01
9.000000000000000000e+04	-3.740650630102027208e+01
9.000000000000000000e+04	3.173119824690547830e+01
9.090000000000000000e+04	3.173119824690547830e+01
9.090000000000000000e+04	-1.536509449009097580e+03
9.180000000000000000e+04	-1.536509449009097580e+03
9.180000000000000000e+04	-4.921200096223037690e+02
9.270000000000000000e+04	-4.921200096223037690e+02
9.270000000000000000e+04	-2.511153273010859266e+02
9.360000000000000000e+04	-2.511153273010859266e+02
9.360000000000000000e+04	3.474010410437222163e+01
9.450000000000000000e+04	3.474010410437222163e+01
9.450000000000000000e+04	1.453771428265492432e+03
9.540000000000000000e+04	1.453771428265492432e+03
9.540000000000000000e+04	-5.820766091346740723e-11
9.630000000000000000e+04	-5.820766091346740723e-11
9.630000000000000000e+04	0.000000000000000000e+00
9.720000000000000000e+04	0.000000000000000000e+00
9.720000000000000000e+04	3.144528811871641665e+02
9.810000000000000000e+04	3.144528811871641665e+02
9.810000000000000000e+04	7.405350011196242122e+02
9.900000000000000000e+04	7.405350011196242122e+02
9.900000000000000000e+04	1.694516359443427064e+03
9.990000000000000000e+04	1.694516359443427064e+03
9.990000000000000000e+04	4.728541925217490643e+03
1.008000000000000000e+05	4.728541925217490643e+03
1.008000000000000000e+05	1.144543361229266338e+03
1.017000000000000000e+05	1.144543361229266338e+03
1.017000000000000000e+05	2.393229407992256256e+03
1.026000000000000000e+05	2.393229407992256256e+03
1.026000000000000000e+05	1.075039060719194822e+03
1.035000000000000000e+05	1.075039060719194822e+03
1.035000000000000000e+05	3.470150851875834633e+03
1.044000000000000000e+05	3.470150851875834633e+03
1.044000000000000000e+05	1.761590294565288787e+03
1.053000000000000000e+05	1.761590294565288787e+03
1.053000000000000000e+05	-1.218657631204796644e+03
1.062000000000000000e+05	-1.218657631204796644e+03
1.062000000000000000e+05	3.370468694082868751e+03
1.071000000000000000e+05	3.370468694082868751e+03
1.071000000000000000e+05	1.752737060768762603e+03
1.080000000000000000e+05	1.752737060768762603e+03
1.080000000000000000e+05	6.027885935297481410e+02
1.089000000000000000e+05	6.027885935297481410e+02
1.089000000000000000e+05	1.435059941354964394e+03
1.098000000000000000e+05	1.435059941354964394e+03
1.098000000000000000e+05	-2.511390736600325909e+03
1.107000000000000000e+05	-2.511390736600325909e+03
1.107000000000000000e+05	1.157269441357522737e+03
1.116000000000000000e+05	1.157269441357522737e+03
1.116000000000000000e+05	1.045135367066451181e+03
1.125000000000000000e+05	1.045135367066451181e+03
1.125000000000000000e+05	4.467278368199874421e+03
1.134000000000000000e+05	4.467278368199874421e+03
1.134000000000000000e+05	5.791431910533749033e+03
1.143000000000000000e+05	5.791431910533749033e+03
1.143000000000000000e+05	6.474159387288847938e+03
1.152000000000000000e+05	6.474159387288847938e+03
1.152000000000000000e+05	5.406155350784010807e+03
1.161000000000000000e+05	5.406155350784010807e+03
1.161000000000000000e+05	8.941013310373322383e+03
1.170000000000000000e+05	8.941013310373322383e+03
1.170000000000000000e+05	8.148185880442149937e+03
1.179000000000000000e+05	8.148185880442149937e+03
1.179000000000000000e+05	8.136223717192769982e+03
1.188000000000000000e+05	8.136223717192769982e+03
1.188000000000000000e+05	6.985994691915162548e+03
1.197000000000000000e+05	6.985994691915162548e+03
1.197000000000000000e+05	6.085642241046031813e+03
1.206000000000000000e+05	6.085642241046031813e+03
1.206000000000000000e+05	5.693672852611809503e+03
1.215000000000000000e+05	5.693672852611809503e+03
1.215000000000000000e+05	5.754681204311840702e+03
1.224000000000000000e+05	5.754681204311840702e+03
1.224000000000000000e+05	5.153187007303597056e+03
1.233000000000000000e+05	5.153187007303597056e+03
1.233000000000000000e+05	3.700396089783846037e+03
1.242000000000000000e+05	3.700396089783846037e+03
1.242000000000000000e+05	3.893134951077518053e+03
1.251000000000000000e+05	3.893134951077518053e+03
1.251000000000000000e+05	3.850387475488707423e+03
1.260000000000000000e+05	3.850387475488707423e+03
1.260000000000000000e+05	3.784379534257033811e+03
1.269000000000000000e+05	3.784379534257033811e+03
1.269000000000000000e+05	1.923311182657765812e+03
1.278000000000000000e+05	1.923311182657765812e+03
1.278000000000000000e+05	2.851233183666423429e+03
1.287000000000000000e+05	2.851233183666423429e+03
1.287000000000000000e+05	2.613001304511155467e+03
1.296000000000000000e+05	2.613001304511155467e+03
1.296000000000000000e+05	1.545786723065555634e+03
1.305000000000000000e+05	1.545786723065555634e+03
1.305000000000000000e+05	-1.321470287103086321e+03
1.314000000000000000e+05	-1.321470287103086321e+03
1.314000000000000000e+05	-8.793286854430334643e+01
1.323000000000000000e+05	-8.793286854430334643e+01
1.323000000000000000e+05	1.144240786380250938e+02
1.332000000000000000e+05	1.144240786380250938e+02
1.332000000000000000e+05	2.343404658801609912e+02
1.341000000000000000e+05	2.343404658801609912e+02
1.341000000000000000e+05	7.139254415023076945e+03
1.350000000000000000e+05	7.139254415023076945e+03
1.350000000000000000e+05	2.434732774459174834e+03
1.359000000000000000e+05	2.434732774459174834e+03
1.359000000000000000e+05	1.340813143464038149e+03
1.368000000000000000e+05	1.340813143464038149e+03
1.368000000000000000e+05	1.138257756678616715e+03
1.377000000000000000e+05	1.138257756678616715e+03
1.377000000000000000e+05	4.788426950021923403e+03
1.386000000000000000e+05	4.788426950021923403e+03
1.386000000000000000e+05	1.525233955574745778e+03
1.395000000000000000e+05	1.525233955574745778e+03
1.395000000000000000e+05	2.036393248108972330e+03
1.404000000000000000e+05	2.036393248108972330e+03
1.404000000000000000e+05	1.160332393253735063e+03
1.413000000000000000e+05	1.160332393253735063e+03
1.413000000000000000e+05	5.157976584314573302e+03
1.422000000000000000e+05	5.157976584314573302e+03
1.422000000000000000e+05	6.470885277587804012e+02
1.431000000000000000e+05	6.470885277587804012e+02
1.431000000000000000e+05	2.828631241445720661e+03
1.440000000000000000e+05	2.828631241445720661e+03
1.440000000000000000e+05	2.200349879880419394e+03
1.449000000000000000e+05	2.200349879880419394e+03
1.449000000000000000e+05	-9.657775698845216539e+02
1.458000000000000000e+05	-9.657775698845216539e+02
1.458000000000000000e+05	1.418592088134435471e+03
1.467000000000000000e+05	1.418592088134435471e+03
1.467000000000000000e+05	1.256174975824309513e+03
1.476000000000000000e+05	1.256174975824309513e+03
1.476000000000000000e+05	8.121906816108603380e+02
1.485000000000000000e+05	8.121906816108603380e+02
1.485000000000000000e+05	2.169126488226467700e+03
1.494000000000000000e+05	2.169126488226467700e+03
1.494000000000000000e+05	2.321223474445228931e+03
1.503000000000000000e+05	2.321223474445228931e+03
1.503000000000000000e+05	1.962328383690037299e+03
1.512000000000000000e+05	1.962328383690037299e+03
1.512000000000000000e+05	1.233916992226097136e+03
1.521000000000000000e+05	1.233916992226097136e+03
1.521000000000000000e+05	2.385409634222533896e+03
1.530000000000000000e+05	2.385409634222533896e+03
1.530000000000000000e+05	3.193725697729212698e+03
1.539000000000000000e+05	3.193725697729212698e+03
1.539000000000000000e+05	1.825345396572549362e+03
1.548000000000000000e+05	1.825345396572549362e+03
1.548000000000000000e+05	1.399476836241658020e+03
1.557000000000000000e+05	1.399476836241658020e+03
1.557000000000000000e+05	4.170821427071533435e+03
1.566000000000000000e+05	4.170821427071533435e+03
1.566000000000000000e+05	1.803791676408844069e+03
1.575000000000000000e+05	1.803791676408844069e+03
1.575000000000000000e+05	2.444844795115874149e+03
1.584000000000000000e+05	2.444844795115874149e+03
1.584000000000000000e+05	6.710878254218578149e+02
1.593000000000000000e+05	6.710878254218578149e+02
1.593000000000000000e+05	4.947725877462904464e+03
1.602000000000000000e+05	4.947725877462904464e+03
1.602000000000000000e+05	1.813205995217082091e+03
1.611000000000000000e+05	1.813205995217082091e+03
1.611000000000000000e+05	1.056769298924889881e+03
1.620000000000000000e+05	1.056769298924889881e+03
1.620000000000000000e+05	6.868701019395020921e+02
1.629000000000000000e+05	6.868701019395020921e+02
1.629000000000000000e+05	2.197398914634917674e+03
1.638000000000000000e+05	2.197398914634917674e+03
1.638000000000000000e+05	8.992385418395278975e+02
1.647000000000000000e+05	8.992385418395278975e+02
1.647000000000000000e+05	5.232372470515547320e+02
1.656000000000000000e+05	5.232372470515547320e+02
1.656000000000000000e+05	2.512525992896607931e+02
1.665000000000000000e+05	2.512525992896607931e+02
1.665000000000000000e+05	-1.815553053503160527e+03
1.674000000000000000e+05	-1.815553053503160527e+03
1.674000000000000000e+05	-5.366715003019780852e+02
1.683000000000000000e+05	-5.366715003019780852e+02
1.683000000000000000e+05	-2.531792648329283111e+02
1.692000000000000000e+05	-2.531792648329283111e+02
1.692000000000000000e+05	3.207263382566088694e+01
1.701000000000000000e+05	3.207263382566088694e+01
1.701000000000000000e+05	-1.605085195026336805e+03
1.710000000000000000e+05	-1.605085195026336805e+03
1.710000000000000000e+05	-5.162839613620890304e+02
1.719000000000000000e+05	-5.162839613620890304e+02
1.719000000000000000e+05	-2.660568736901623197e+02
1.728000000000000000e+05	-2.660568736901623197e+02
1.728000000000000000e+05	2.729851499098094791e+01
1.737000000000000000e+05	2.729851499098094791e+01
1.737000000000000000e+05	-1.569706461322993846e+03
1.746000000000000000e+05	-1.569706461322993846e+03
1.746000000000000000e+05	-5.072522908163373359e+02
1.755000000000000000e+05	-5.072522908163373359e+02
1.755000000000000000e+05	-2.624513437588466331e+02
1.764000000000000000e+05	-2.624513437588466331e+02
1.764000000000000000e+05	2.910260866873704799e+01
1.773000000000000000e+05	2.910260866873704799e+01
1.773000000000000000e+05	1.211386736151738205e+03
1.782000000000000000e+05	1.211386736151738205e+03
1.782000000000000000e+05	4.200117554504540749e+02
1.791000000000000000e+05	4.200117554504540749e+02
1.791000000000000000e+05	2.377729782211827114e+02
1.800000000000000000e+05	2.377729782211827114e+02
1.800000000000000000e+05	3.348665416747489871e+02
1.809000000000000000e+05	3.348665416747489871e+02
1.809000000000000000e+05	1.295695265996883336e+03
1.818000000000000000e+05	1.295695265996883336e+03
1.818000000000000000e+05	5.127694056217442267e+02
1.827000000000000000e+05	5.127694056217442267e+02
1.827000000000000000e+05	3.168300090617267415e+02
1.836000000000000000e+05	3.168300090617267415e+02
1.836000000000000000e+05	4.543632990465575858e+02
1.845000000000000000e+05	4.543632990465575858e+02
1.845000000000000000e+05	-2.351693708840982993e+02
1.854000000000000000e+05	-2.351693708840982993e+02
1.854000000000000000e+05	7.294526265921304002e+02
1.863000000000000000e+05	7.294526265921304002e+02
1.863000000000000000e+05	5.827040465338504873e+02
1.872000000000000000e+05	5.827040465338504873e+02
1.872000000000000000e+05	5.334103704111303159e+02
1.881000000000000000e+05	5.334103704111303159e+02
1.881000000000000000e+05	1.337518429230667152e+03
1.890000000000000000e+05	1.337518429230667152e+03
1.890000000000000000e+05	9.279605524422368035e+02
1.899000000000000000e+05	9.279605524422368035e+02
1.899000000000000000e+05	1.008878826656145975e+03
1.908000000000000000e+05	1.008878826656145975e+03
1.908000000000000000e+05	9.392984123326868939e+02
1.917000000000000000e+05	9.392984123326868939e+02
1.917000000000000000e+05	1.086309547410660343e+03
1.926000000000000000e+05	1.086309547410660343e+03
1.926000000000000000e+05	1.955849660747917369e+02
1.935000000000000000e+05	1.955849660747917369e+02
1.935000000000000000e+05	-9.770728773664450273e+01
1.944000000000000000e+05	-9.770728773664450273e+01
1.944000000000000000e+05	2.182755104202478833e+02
1.953000000000000000e+05	2.182755104202478833e+02
1.953000000000000000e+05	4.277184187128652866e+02
1.962000000000000000e+05	4.277184187128652866e+02
1.962000000000000000e+05	1.745823746984824538e+02
1.971000000000000000e+05	1.745823746984824538e+02
1.971000000000000000e+05	-4.131483110823901370e+02
1.980000000000000000e+05	-4.131483110823901370e+02
1.980000000000000000e+05	1.332510401304807601e+02
1.989000000000000000e+05	1.332510401304807601e+02
1.989000000000000000e+05	3.233178239646746533e+03
1.998000000000000000e+05	3.233178239646746533e+03
1.998000000000000000e+05	5.214086794709262904e+03
2.007000000000000000e+05	5.214086794709262904e+03
2.007000000000000000e+05	6.087641680451459251e+03
2.016000000000000000e+05	6.087641680451459251e+03
2.016000000000000000e+05	4.908513619200974063e+03
2.025000000000000000e+05	4.908513619200974063e+03
2.025000000000000000e+05	8.580914335616658718e+03
2.034000000000000000e+05	8.580914335616658718e+03
2.034000000000000000e+05	7.919908468189241830e+03
2.043000000000000000e+05	7.919908468189241830e+03
2.043000000000000000e+05	6.867601304794079624e+03
2.052000000000000000e+05	6.867601304794079624e+03
2.052000000000000000e+05	6.536650736921070347e+03
2.061000000000000000e+05	6.536650736921070347e+03
2.061000000000000000e+05	3.731336453954651006e+03
2.070000000000000000e+05	3.731336453954651006e+03
2.070000000000000000e+05	5.100178123797231819e+03
2.079000000000000000e+05	5.100178123797231819e+03
2.079000000000000000e+05	4.998359928111836780e+03
2.088000000000000000e+05	4.998359928111836780e+03
2.088000000000000000e+05	4.277812536125813494e+03
2.097000000000000000e+05	4.277812536125813494e+03
2.097000000000000000e+05	3.369911450789648370e+03
2.106000000000000000e+05	3.369911450789648370e+03
2.106000000000000000e+05	1.962485190954466816e+03
2.115000000000000000e+05	1.962485190954466816e+03
2.115000000000000000e+05	5.537276350848493166e+03
2.124000000000000000e+05	5.537276350848493166e+03
2.124000000000000000e+05	3.562496777414105964e+03
2.133000000000000000e+05	3.562496777414105964e+03
2.133000000000000000e+05	-8.300482394552201413e+02
2.142000000000000000e+05	-8.300482394552201413e+02
2.142000000000000000e+05	3.707727664554840885e+02
2.151000000000000000e+05	3.707727664554840885e+02
2.151000000000000000e+05	4.945225839167251252e+02
2.160000000000000000e+05	4.945225839167251252e+02
2.160000000000000000e+05	7.985191794703823689e+02
2.169000000000000000e+05	7.985191794703823689e+02
2.169000000000000000e+05	7.426574371264993715e+03
2.178000000000000000e+05	7.426574371264993715e+03
2.178000000000000000e+05	2.648260559966380242e+03
2.187000000000000000e+05	2.648260559966380242e+03
2.187000000000000000e+05	1.511144841304747388e+03
2.196000000000000000e+05	1.511144841304747388e+03
2.196000000000000000e+05	2.337588320354288953e+03
2.205000000000000000e+05	2.337588320354288953e+03
2.205000000000000000e+05	3.267589808611142416e+03
2.214000000000000000e+05	3.267589808611142416e+03
2.214000000000000000e+05	2.355673380747321062e+03
2.223000000000000000e+05	2.355673380747321062e+03
2.223000000000000000e+05	2.468770724478468765e+03
2.232000000000000000e+05	2.468770724478468765e+03
2.232000000000000000e+05	1.537417441890593182e+03
2.241000000000000000e+05	1.537417441890593182e+03
2.241000000000000000e+05	2.529750292893464120e+03
2.250000000000000000e+05	2.529750292893464120e+03
2.250000000000000000e+05	1.201532652824011166e+03
2.259000000000000000e+05	1.201532652824011166e+03
2.259000000000000000e+05	3.408875658322474919e+03
2.268000000000000000e+05	3.408875658322474919e+03
2.268000000000000000e+05	1.876182937252388001e+03
2.277000000000000000e+05	1.876182937252388001e+03
2.277000000000000000e+05	3.454719411025128011e+03
2.286000000000000000e+05	3.454719411025128011e+03
2.286000000000000000e+05	1.326780613109585829e+03
2.295000000000000000e+05	1.326780613109585829e+03
2.295000000000000000e+05	1.643662192549265455e+03
2.304000000000000000e+05	1.643662192549265455e+03
2.304000000000000000e+05	1.765465541671408573e+03
2.313000000000000000e+05	1.765465541671408573e+03
2.313000000000000000e+05	4.629504279530263489e+02
2.322000000000000000e+05	4.629504279530263489e+02
2.322000000000000000e+05	1.412324486281140707e+03
2.331000000000000000e+05	1.412324486281140707e+03
2.331000000000000000e+05	1.356219654683838598e+03
2.340000000000000000e+05	1.356219654683838598e+03
2.340000000000000000e+05	1.191596046041908266e+03
2.349000000000000000e+05	1.191596046041908266e+03
2.349000000000000000e+05	2.029429149960623818e+03
2.358000000000000000e+05	2.029429149960623818e+03
2.358000000000000000e+05	1.487318479698558804e+03
2.367000000000000000e+05	1.487318479698558804e+03
2.367000000000000000e+05	2.984463974546641111e+03
2.376000000000000000e+05	2.984463974546641111e+03
2.376000000000000000e+05	1.660558352683352496e+03
2.385000000000000000e+05	1.660558352683352496e+03
2.385000000000000000e+05	3.964692317185905267e+03
2.394000000000000000e+05	3.964692317185905267e+03
2.394000000000000000e+05	1.979849543091666419e+03
2.403000000000000000e+05	1.979849543091666419e+03
2.403000000000000000e+05	2.207920542848063633e+03
2.412000000000000000e+05	2.207920542848063633e+03
2.412000000000000000e+05	2.459168238825739536e+03
2.421000000000000000e+05	2.459168238825739536e+03
2.421000000000000000e+05	1.453436579918150301e+03
2.430000000000000000e+05	1.453436579918150301e+03
2.430000000000000000e+05	2.266382047887833323e+03
2.439000000000000000e+05	2.266382047887833323e+03
2.439000000000000000e+05	2.417257483651104849e+03
2.448000000000000000e+05	2.417257483651104849e+03
2.448000000000000000e+05	1.863524626831416754e+03
2.457000000000000000e+05	1.863524626831416754e+03
2.457000000000000000e+05	2.616641473232811677e+03
2.466000000000000000e+05	2.616641473232811677e+03
2.466000000000000000e+05	1.275757132623053622e+03
2.475000000000000000e+05	1.275757132623053622e+03
2.475000000000000000e+05	8.759412440809537657e+02
2.484000000000000000e+05	8.759412440809537657e+02
2.484000000000000000e+05	5.926225193489153753e+02
2.493000000000000000e+05	5.926225193489153753e+02
2.493000000000000000e+05	2.161826017521772883e+03
2.502000000000000000e+05	2.161826017521772883e+03
2.502000000000000000e+05	8.671681854287744500e+02
2.511000000000000000e+05	8.671681854287744500e+02
2.511000000000000000e+05	5.211991620887420140e+02
2.520000000000000000e+05	5.211991620887420140e+02
2.520000000000000000e+05	2.255035442435791992e+02
2.529000000000000000e+05	2.255035442435791992e+02
2.529000000000000000e+05	-1.824778496072125336e+03
2.538000000000000000e+05	-1.824778496072125336e+03
2.538000000000000000e+05	-5.445622223618556745e+02
2.547000000000000000e+05	-5.445622223618556745e+02
2.547000000000000000e+05	-2.591120739250909537e+02
2.556000000000000000e+05	-2.591120739250909537e+02
2.556000000000000000e+05	3.142578536402015743e+01
2.565000000000000000e+05	3.142578536402015743e+01
2.565000000000000000e+05	1.140455430893702896e+03
2.574000000000000000e+05	1.140455430893702896e+03
2.574000000000000000e+05	4.000245476403506473e+02
2.583000000000000000e+05	4.000245476403506473e+02
2.583000000000000000e+05	2.293986205119290389e+02
2.592000000000000000e+05	2.293986205119290389e+02
2.592000000000000000e+05	3.377123089780570808e+02
2.601000000000000000e+05	3.377123089780570808e+02
2.601000000000000000e+05	-4.994209743136931934e+01
2.610000000000000000e+05	-4.994209743136931934e+01
2.610000000000000000e+05	6.417337428050814196e+01
2.619000000000000000e+05	6.417337428050814196e+01
2.619000000000000000e+05	7.565542298374930397e+01
2.628000000000000000e+05	7.565542298374930397e+01
2.628000000000000000e+05	1.585131376650906532e+02
2.637000000000000000e+05	1.585131376650906532e+02
2.637000000000000000e+05	-1.574076670078068787e+02
2.646000000000000000e+05	-1.574076670078068787e+02
2.646000000000000000e+05	-9.198345614189747721e+00
2.655000000000000000e+05	-9.198345614189747721e+00
2.655000000000000000e+05	1.909592294035246596e+01
2.664000000000000000e+05	1.909592294035246596e+01
2.664000000000000000e+05	1.120315342766562026e+02
2.673000000000000000e+05	1.120315342766562026e+02
2.673000000000000000e+05	-2.761726331204474150e+02
2.682000000000000000e+05	-2.761726331204474150e+02
2.682000000000000000e+05	-5.738098902528872713e+01
2.691000000000000000e+05	-5.738098902528872713e+01
2.691000000000000000e+05	1.860735291133751161e+02
2.700000000000000000e+05	1.860735291133751161e+02
2.700000000000000000e+05	1.581725125473085427e+02
2.709000000000000000e+05	1.581725125473085427e+02
2.709000000000000000e+05	-4.852258728209641845e+02
2.718000000000000000e+05	-4.852258728209641845e+02
2.718000000000000000e+05	-1.192548154075047933e+02
2.727000000000000000e+05	-1.192548154075047933e+02
2.727000000000000000e+05	-4.085551345453131944e+01
2.736000000000000000e+05	-4.085551345453131944e+01
2.736000000000000000e+05	9.963948558394895372e+01
2.745000000000000000e+05	9.963948558394895372e+01
2.745000000000000000e+05	-5.775891140189542057e+02
2.754000000000000000e+05	-5.775891140189542057e+02
2.754000000000000000e+05	-1.606452605559607036e+02
2.763000000000000000e+05	-1.606452605559607036e+02
2.763000000000000000e+05	-6.793297011347021908e+01
2.772000000000000000e+05	-6.793297011347021908e+01
2.772000000000000000e+05	9.240841168391307292e+01
2.781000000000000000e+05	9.240841168391307292e+01
2.781000000000000000e+05	2.970749476965400390e+03
2.790000000000000000e+05	2.970749476965400390e+03
2.790000000000000000e+05	0.000000000000000000e+00
2.799000000000000000e+05	0.000000000000000000e+00
2.799000000000000000e+05	0.000000000000000000e+00
2.808000000000000000e+05	0.000000000000000000e+00
2.808000000000000000e+05	6.637813767713969355e+02
2.817000000000000000e+05	6.637813767713969355e+02
2.817000000000000000e+05	1.275812622625438962e+03
2.826000000000000000e+05	1.275812622625438962e+03
2.826000000000000000e+05	0.000000000000000000e+00
2.835000000000000000e+05	0.000000000000000000e+00
2.835000000000000000e+05	-2.169119291880982928e+03
2.844000000000000000e+05	-2.169119291880982928e+03
2.844000000000000000e+05	5.332584351453051568e+02
2.853000000000000000e+05	5.332584351453051568e+02
2.853000000000000000e+05	3.280036673314813470e+03
2.862000000000000000e+05	3.280036673314813470e+03
2.862000000000000000e+05	5.291526184844784439e+03
2.871000000000000000e+05	5.291526184844784439e+03
2.871000000000000000e+05	6.157007964483869728e+03
2.880000000000000000e+05	6.157007964483869728e+03
2.880000000000000000e+05	5.014266789962995972e+03
2.889000000000000000e+05	5.014266789962995972e+03
2.889000000000000000e+05	8.531000507125132572e+03
2.898000000000000000e+05	8.531000507125132572e+03
2.898000000000000000e+05	7.923771913210104685e+03
2.907000000000000000e+05	7.923771913210104685e+03
2.907000000000000000e+05	7.974821497137891129e+03
2.916000000000000000e+05	7.974821497137891129e+03
2.916000000000000000e+05	7.101673055556904728e+03
2.925000000000000000e+05	7.101673055556904728e+03
2.925000000000000000e+05	4.594042618229838126e+02
2.934000000000000000e+05	4.594042618229838126e+02
2.934000000000000000e+05	1.533771595653844997e+03
2.943000000000000000e+05	1.533771595653844997e+03
2.943000000000000000e+05	1.454167442375037353e+03
2.952000000000000000e+05	1.454167442375037353e+03
2.952000000000000000e+05	2.141079979172922322e+03
2.961000000000000000e+05	2.141079979172922322e+03
2.961000000000000000e+05	7.585687470990331349e+03
2.970000000000000000e+05	7.585687470990331349e+03
2.970000000000000000e+05	7.072251554122834932e+03
2.979000000000000000e+05	7.072251554122834932e+03
2.979000000000000000e+05	5.906930386542284396e+03
2.988000000000000000e+05	5.906930386542284396e+03
2.988000000000000000e+05	5.026259885149131151e+03
2.997000000000000000e+05	5.026259885149131151e+03
2.997000000000000000e+05	8.202346660943746883e+02
3.006000000000000000e+05	8.202346660943746883e+02
3.006000000000000000e+05	3.826275452281988692e+03
3.015000000000000000e+05	3.826275452281988692e+03
3.015000000000000000e+05	3.400353644673596136e+03
3.024000000000000000e+05	3.400353644673596136e+03
3.024000000000000000e+05	3.108281336093388745e+03
3.033000000000000000e+05	3.108281336093388745e+03
3.033000000000000000e+05	2.830417981092752598e+03
3.042000000000000000e+05	2.830417981092752598e+03
3.042000000000000000e+05	2.775786304563167505e+03
3.051000000000000000e+05	2.775786304563167505e+03
3.051000000000000000e+05	2.877085931824054569e+03
3.060000000000000000e+05	2.877085931824054569e+03
3.060000000000000000e+05	1.734860335301971645e+03
3.069000000000000000e+05	1.734860335301971645e+03
3.069000000000000000e+05	4.857573149669186932e+03
3.078000000000000000e+05	4.857573149669186932e+03
3.078000000000000000e+05	1.741318676438997500e+03
3.087000000000000000e+05	1.741318676438997500e+03
3.087000000000000000e+05	2.288058399100264069e+03
3.096000000000000000e+05	2.288058399100264069e+03
3.096000000000000000e+05	1.824139862232193991e+03
3.105000000000000000e+05	1.824139862232193991e+03
3.105000000000000000e+05	1.623315099946348710e+03
3.114000000000000000e+05	1.623315099946348710e+03
3.114000000000000000e+05	1.524935781210428104e+03
3.123000000000000000e+05	1.524935781210428104e+03
3.123000000000000000e+05	1.817934750342101324e+03
3.132000000000000000e+05	1.817934750342101324e+03
3.132000000000000000e+05	6.745999475828166396e+02
3.141000000000000000e+05	6.745999475828166396e+02
3.141000000000000000e+05	4.347921057138748438e+03
3.150000000000000000e+05	4.347921057138748438e+03
3.150000000000000000e+05	1.015224202048440930e+03
3.159000000000000000e+05	1.015224202048440930e+03
3.159000000000000000e+05	1.438892267124727368e+03
3.168000000000000000e+05	1.438892267124727368e+03
3.168000000000000000e+05	9.832129664543535910e+02
3.177000000000000000e+05	9.832129664543535910e+02
3.177000000000000000e+05	2.300391416546978235e+03
3.186000000000000000e+05	2.300391416546978235e+03
3.186000000000000000e+05	1.327453456559625920e+03
3.195000000000000000e+05	1.327453456559625920e+03
3.195000000000000000e+05	1.364575798675708938e+03
3.204000000000000000e+05	1.364575798675708938e+03
3.204000000000000000e+05	1.434144551314106138e+03
3.213000000000000000e+05	1.434144551314106138e+03
3.213000000000000000e+05	2.344290201434811479e+03
3.222000000000000000e+05	2.344290201434811479e+03
3.222000000000000000e+05	1.048351882682356518e+03
3.231000000000000000e+05	1.048351882682356518e+03
3.231000000000000000e+05	3.707521538349916227e+03
3.240000000000000000e+05	3.707521538349916227e+03
3.240000000000000000e+05	1.992974047838913975e+03
3.249000000000000000e+05	1.992974047838913975e+03
3.249000000000000000e+05	4.976576805580722066e+03
3.258000000000000000e+05	4.976576805580722066e+03
3.258000000000000000e+05	1.989190775266441051e+03
3.267000000000000000e+05	1.989190775266441051e+03
3.267000000000000000e+05	2.368261888454901055e+03
3.276000000000000000e+05	2.368261888454901055e+03
3.276000000000000000e+05	1.347748114223379162e+03
3.285000000000000000e+05	1.347748114223379162e+03
3.285000000000000000e+05	5.636375834255084555e+03
3.294000000000000000e+05	5.636375834255084555e+03
3.294000000000000000e+05	2.192058304079284426e+03
3.303000000000000000e+05	2.192058304079284426e+03
3.303000000000000000e+05	2.835021374901290983e+03
3.312000000000000000e+05	2.835021374901290983e+03
3.312000000000000000e+05	1.705175445223974748e+03
3.321000000000000000e+05	1.705175445223974748e+03
3.321000000000000000e+05	2.597889829626944447e+03
3.330000000000000000e+05	2.597889829626944447e+03
3.330000000000000000e+05	1.266287093867606018e+03
3.339000000000000000e+05	1.266287093867606018e+03
3.339000000000000000e+05	8.692665978511213325e+02
3.348000000000000000e+05	8.692665978511213325e+02
3.348000000000000000e+05	5.703588120295444241e+02
3.357000000000000000e+05	5.703588120295444241e+02
3.357000000000000000e+05	2.152856210871772419e+03
3.366000000000000000e+05	2.152856210871772419e+03
3.366000000000000000e+05	8.586326773426262662e+02
3.375000000000000000e+05	8.586326773426262662e+02
3.375000000000000000e+05	3.318709428998990916e+02
3.384000000000000000e+05	3.318709428998990916e+02
3.384000000000000000e+05	2.172523354413715424e+02
3.393000000000000000e+05	2.172523354413715424e+02
3.393000000000000000e+05	-1.828439453384875151e+03
3.402000000000000000e+05	-1.828439453384875151e+03
3.402000000000000000e+05	-5.482413892871700227e+02
3.411000000000000000e+05	-5.482413892871700227e+02
3.411000000000000000e+05	-2.624954538597376086e+02
3.420000000000000000e+05	-2.624954538597376086e+02
3.420000000000000000e+05	3.016841619692786480e+01
3.429000000000000000e+05	3.016841619692786480e+01
3.429000000000000000e+05	-1.629494376522514813e+03
3.438000000000000000e+05	-1.629494376522514813e+03
3.438000000000000000e+05	-5.242515328357694671e+02
3.447000000000000000e+05	-5.242515328357694671e+02
3.447000000000000000e+05	-2.699453395901946351e+02
3.456000000000000000e+05	-2.699453395901946351e+02
3.456000000000000000e+05	2.687357781047649041e+01
3.465000000000000000e+05	2.687357781047649041e+01
3.465000000000000000e+05	-1.585984824779837936e+03
3.474000000000000000e+05	-1.585984824779837936e+03
3.474000000000000000e+05	-5.122430263449787162e+02
3.483000000000000000e+05	-5.122430263449787162e+02
3.483000000000000000e+05	-2.647946044398704544e+02
3.492000000000000000e+05	-2.647946044398704544e+02
3.492000000000000000e+05	2.875063433686864300e+01
3.501000000000000000e+05	2.875063433686864300e+01
3.501000000000000000e+05	-1.557715949333849494e+03
3.510000000000000000e+05	-1.557715949333849494e+03
3.510000000000000000e+05	1.042247534921043552e+02
3.519000000000000000e+05	1.042247534921043552e+02
3.519000000000000000e+05	1.828032339445780963e+01
3.528000000000000000e+05	1.828032339445780963e+01
3.528000000000000000e+05	3.097087792070487922e+01
3.537000000000000000e+05	3.097087792070487922e+01
3.537000000000000000e+05	-1.534964958646424748e+03
3.546000000000000000e+05	-1.534964958646424748e+03
3.546000000000000000e+05	-4.943790366465691477e+02
3.555000000000000000e+05	-4.943790366465691477e+02
3.555000000000000000e+05	-2.547342826527310535e+02
3.564000000000000000e+05	-2.547342826527310535e+02
3.564000000000000000e+05	3.247158187249351613e+01
3.573000000000000000e+05	3.247158187249351613e+01
3.573000000000000000e+05	1.399061656775113079e+03
3.582000000000000000e+05	1.399061656775113079e+03
3.582000000000000000e+05	-5.820766091346740723e-11
3.591000000000000000e+05	-5.820766091346740723e-11
3.591000000000000000e+05	1.525704718727385625e+03
3.600000000000000000e+05	1.525704718727385625e+03
3.600000000000000000e+05	1.482852354467673649e+03
3.609000000000000000e+05	1.482852354467673649e+03
3.609000000000000000e+05	-5.603506608978348140e+02
3.618000000000000000e+05	-5.603506608978348140e+02
3.618000000000000000e+05	2.904045010165311396e+03
3.627000000000000000e+05	2.904045010165311396e+03
3.627000000000000000e+05	1.238678205778065603e+03
3.636000000000000000e+05	1.238678205778065603e+03
3.636000000000000000e+05	7.405543015437269787e+02
3.645000000000000000e+05	7.405543015437269787e+02
3.645000000000000000e+05	1.977299019079597201e+03
3.654000000000000000e+05	1.977299019079597201e+03
3.654000000000000000e+05	0.000000000000000000e+00
3.663000000000000000e+05	0.000000000000000000e+00
3.663000000000000000e+05	0.000000000000000000e+00
3.672000000000000000e+05	0.000000000000000000e+00
3.672000000000000000e+05	5.333161308733288024e+02
3.681000000000000000e+05	5.333161308733288024e+02
3.681000000000000000e+05	1.116733139470336027e+03
3.690000000000000000e+05	1.116733139470336027e+03
3.690000000000000000e+05	-2.268141793649527244e+03
3.699000000000000000e+05	-2.268141793649527244e+03
3.699000000000000000e+05	-6.820845293371821754e+02
3.708000000000000000e+05	-6.820845293371821754e+02
3.708000000000000000e+05	6.499781309415229771e+02
3.717000000000000000e+05	6.499781309415229771e+02
3.717000000000000000e+05	3.756643045274706310e+03
3.726000000000000000e+05	3.756643045274706310e+03
3.726000000000000000e+05	5.486616326160437893e+03
3.735000000000000000e+05	5.486616326160437893e+03
3.735000000000000000e+05	6.278307420902769081e+03
3.744000000000000000e+05	6.278307420902769081e+03
3.744000000000000000e+05	5.174529444494317431e+03
3.753000000000000000e+05	5.174529444494317431e+03
3.753000000000000000e+05	8.576054287252693030e+03
3.762000000000000000e+05	8.576054287252693030e+03
3.762000000000000000e+05	7.971476872118888423e+03
3.771000000000000000e+05	7.971476872118888423e+03
3.771000000000000000e+05	6.842986795313539915e+03
3.780000000000000000e+05	6.842986795313539915e+03
3.780000000000000000e+05	6.556723851564613142e+03
3.789000000000000000e+05	6.556723851564613142e+03
3.789000000000000000e+05	4.158570238115352367e+03
3.798000000000000000e+05	4.158570238115352367e+03
3.798000000000000000e+05	6.177755875978909899e+03
3.807000000000000000e+05	6.177755875978909899e+03
3.807000000000000000e+05	5.255907962019555271e+03
3.816000000000000000e+05	5.255907962019555271e+03
3.816000000000000000e+05	4.756037592686483549e+03
3.825000000000000000e+05	4.756037592686483549e+03
3.825000000000000000e+05	3.567813103281741860e+03
3.834000000000000000e+05	3.567813103281741860e+03
3.834000000000000000e+05	4.145272540829610080e+03
3.843000000000000000e+05	4.145272540829610080e+03
3.843000000000000000e+05	3.724558512788789812e+03
3.852000000000000000e+05	3.724558512788789812e+03
3.852000000000000000e+05	3.672794691219112792e+03
3.861000000000000000e+05	3.672794691219112792e+03
3.861000000000000000e+05	2.748484379925209396e+03
3.870000000000000000e+05	2.748484379925209396e+03
3.870000000000000000e+05	1.999062143405841198e+03
3.879000000000000000e+05	1.999062143405841198e+03
3.879000000000000000e+05	1.322645802124636248e+03
3.888000000000000000e+05	1.322645802124636248e+03
3.888000000000000000e+05	2.230558678366734966e+03
3.897000000000000000e+05	2.230558678366734966e+03
3.897000000000000000e+05	-6.896169753620757774e+02
3.906000000000000000e+05	-6.896169753620757774e+02
3.906000000000000000e+05	2.266196688510244712e+02
3.915000000000000000e+05	2.266196688510244712e+02
3.915000000000000000e+05	3.332238275506533682e+02
3.924000000000000000e+05	3.332238275506533682e+02
3.924000000000000000e+05	5.498934989551580657e+02
3.933000000000000000e+05	5.498934989551580657e+02
3.933000000000000000e+05	7.394773799749520549e+03
3.942000000000000000e+05	7.394773799749520549e+03
3.942000000000000000e+05	3.864946258302486967e+03
3.951000000000000000e+05	3.864946258302486967e+03
3.951000000000000000e+05	2.546674654131173156e+03
3.960000000000000000e+05	2.546674654131173156e+03
3.960000000000000000e+05	2.990243435836355275e+03
3.969000000000000000e+05	2.990243435836355275e+03
3.969000000000000000e+05	8.722449210296149431e+02
3.978000000000000000e+05	8.722449210296149431e+02
3.978000000000000000e+05	2.580926609295769595e+03
3.987000000000000000e+05	2.580926609295769595e+03
3.987000000000000000e+05	2.326484434622921981e+03
3.996000000000000000e+05	2.326484434622921981e+03
3.996000000000000000e+05	2.580438231327238100e+03
4.005000000000000000e+05	2.580438231327238100e+03
4.005000000000000000e+05	8.670805003091650178e+02
4.014000000000000000e+05	8.670805003091650178e+02
4.014000000000000000e+05	1.835097130819398444e+03
4.023000000000000000e+05	1.835097130819398444e+03
4.023000000000000000e+05	1.591166270205809269e+03
4.032000000000000000e+05	1.591166270205809269e+03
4.032000000000000000e+05	1.215179395565723098e+03
4.041000000000000000e+05	1.215179395565723098e+03
4.041000000000000000e+05	2.389630388152625073e+03
4.050000000000000000e+05	2.389630388152625073e+03
4.050000000000000000e+05	1.071460771137033589e+03
4.059000000000000000e+05	1.071460771137033589e+03
4.059000000000000000e+05	8.781110295407124795e+02
4.068000000000000000e+05	8.781110295407124795e+02
4.068000000000000000e+05	1.348275024028298503e+03
4.077000000000000000e+05	1.348275024028298503e+03
4.077000000000000000e+05	1.936108315851224916e+03
4.086000000000000000e+05	1.936108315851224916e+03
4.086000000000000000e+05	2.608772354205197189e+03
4.095000000000000000e+05	2.608772354205197189e+03
4.095000000000000000e+05	2.023059567111427896e+03
4.104000000000000000e+05	2.023059567111427896e+03
4.104000000000000000e+05	1.331039017745508318e+03
4.113000000000000000e+05	1.331039017745508318e+03
4.113000000000000000e+05	4.975384567999592946e+03
4.122000000000000000e+05	4.975384567999592946e+03
4.122000000000000000e+05	2.095491676369565539e+03
4.131000000000000000e+05	2.095491676369565539e+03
4.131000000000000000e+05	2.678776120571652427e+03
4.140000000000000000e+05	2.678776120571652427e+03
4.140000000000000000e+05	6.609970020641694646e+02
4.149000000000000000e+05	6.609970020641694646e+02
4.149000000000000000e+05	6.287656482016563132e+03
4.158000000000000000e+05	6.287656482016563132e+03
4.158000000000000000e+05	5.364717150899232365e+03
4.167000000000000000e+05	5.364717150899232365e+03
4.167000000000000000e+05	2.674649003570666537e+03
4.176000000000000000e+05	2.674649003570666537e+03
4.176000000000000000e+05	2.860818541061848009e+03
4.185000000000000000e+05	2.860818541061848009e+03
4.185000000000000000e+05	3.122970504564380008e+03
4.194000000000000000e+05	3.122970504564380008e+03
4.194000000000000000e+05	1.658583054275717586e+03
4.203000000000000000e+05	1.658583054275717586e+03
4.203000000000000000e+05	1.179233120391028933e+03
4.212000000000000000e+05	1.179233120391028933e+03
4.212000000000000000e+05	9.116416130229272312e+02
4.221000000000000000e+05	9.116416130229272312e+02
4.221000000000000000e+05	2.285523770333881657e+03
4.230000000000000000e+05	2.285523770333881657e+03
4.230000000000000000e+05	9.809479705680860206e+02
4.239000000000000000e+05	9.809479705680860206e+02
4.239000000000000000e+05	6.336169422279344872e+02
4.248000000000000000e+05	6.336169422279344872e+02
4.248000000000000000e+05	3.261694200277079290e+02
4.257000000000000000e+05	3.261694200277079290e+02
4.257000000000000000e+05	-1.785274155630691894e+03
4.266000000000000000e+05	-1.785274155630691894e+03
4.266000000000000000e+05	-5.080414367005578242e+02
4.275000000000000000e+05	-5.080414367005578242e+02
4.275000000000000000e+05	-2.286448543692822568e+02
4.284000000000000000e+05	-2.286448543692822568e+02
4.284000000000000000e+05	3.974474174827992101e+01
4.293000000000000000e+05	3.974474174827992101e+01
4.293000000000000000e+05	-1.528153749512990771e+03
4.302000000000000000e+05	-1.528153749512990771e+03
4.302000000000000000e+05	-4.870040359898121096e+02
4.311000000000000000e+05	-4.870040359898121096e+02
4.311000000000000000e+05	-2.477856110084685497e+02
4.320000000000000000e+05	-2.477856110084685497e+02
4.320000000000000000e+05	3.344348372902095434e+01
4.329000000000000000e+05	3.344348372902095434e+01
4.329000000000000000e+05	-1.488194284655314505e+03
4.338000000000000000e+05	-1.488194284655314505e+03
4.338000000000000000e+05	-4.771409565698704682e+02
4.347000000000000000e+05	-4.771409565698704682e+02
4.347000000000000000e+05	-2.442860775750596076e+02
4.356000000000000000e+05	-2.442860775750596076e+02
4.356000000000000000e+05	3.505694064307954250e+01
4.365000000000000000e+05	3.505694064307954250e+01
4.365000000000000000e+05	-1.464826557611337648e+03
4.374000000000000000e+05	-1.464826557611337648e+03
4.374000000000000000e+05	2.252611506803659722e+02
4.383000000000000000e+05	2.252611506803659722e+02
4.383000000000000000e+05	-6.115384651166968979e+02
4.392000000000000000e+05	-6.115384651166968979e+02
4.392000000000000000e+05	5.569553907641020487e+02
4.401000000000000000e+05	5.569553907641020487e+02
4.401000000000000000e+05	9.119378898874082324e+02
4.410000000000000000e+05	9.119378898874082324e+02
4.410000000000000000e+05	4.302809339780942537e+02
4.419000000000000000e+05	4.302809339780942537e+02
4.419000000000000000e+05	3.393195176835870370e+02
4.428000000000000000e+05	3.393195176835870370e+02
4.428000000000000000e+05	1.430903823099447436e+03
4.437000000000000000e+05	1.430903823099447436e+03
4.437000000000000000e+05	1.869084008303360633e+03
4.446000000000000000e+05	1.869084008303360633e+03
4.446000000000000000e+05	8.401335370269371197e+02
4.455000000000000000e+05	8.401335370269371197e+02
4.455000000000000000e+05	5.560274072915781289e+02
4.464000000000000000e+05	5.560274072915781289e+02
4.464000000000000000e+05	7.923973019040859072e+02
4.473000000000000000e+05	7.923973019040859072e+02
4.473000000000000000e+05	2.647370047139621875e+03
4.482000000000000000e+05	2.647370047139621875e+03
4.482000000000000000e+05	1.058033552902867086e+03
4.491000000000000000e+05	1.058033552902867086e+03
4.491000000000000000e+05	1.072449337931524497e+03
4.500000000000000000e+05	1.072449337931524497e+03
4.500000000000000000e+05	6.223499812135096363e+02
4.509000000000000000e+05	6.223499812135096363e+02
4.509000000000000000e+05	3.363030121714006782e+03
4.518000000000000000e+05	3.363030121714006782e+03
4.518000000000000000e+05	2.117655889219488017e+03
4.527000000000000000e+05	2.117655889219488017e+03
4.527000000000000000e+05	-2.071790681576239876e+03
4.536000000000000000e+05	-2.071790681576239876e+03
4.536000000000000000e+05	1.546488447861456734e+03
4.545000000000000000e+05	1.546488447861456734e+03
4.545000000000000000e+05	7.924009139167071680e+02
4.554000000000000000e+05	7.924009139167071680e+02
4.554000000000000000e+05	5.535781980088795535e+02
4.563000000000000000e+05	5.535781980088795535e+02
4.563000000000000000e+05	4.295571266895276494e+02
4.572000000000000000e+05	4.295571266895276494e+02
4.572000000000000000e+05	6.447139949522079405e+02
4.581000000000000000e+05	6.447139949522079405e+02
4.581000000000000000e+05	4.105202853671560661e+03
4.590000000000000000e+05	4.105202853671560661e+03
4.590000000000000000e+05	5.599471541998500470e+03
4.599000000000000000e+05	5.599471541998500470e+03
4.599000000000000000e+05	6.333991809474653564e+03
4.608000000000000000e+05	6.333991809474653564e+03
4.608000000000000000e+05	5.222171642382174468e+03
4.617000000000000000e+05	5.222171642382174468e+03
4.617000000000000000e+05	8.804090096035424722e+03
4.626000000000000000e+05	8.804090096035424722e+03
4.626000000000000000e+05	8.060419026231451426e+03
4.635000000000000000e+05	8.060419026231451426e+03
4.635000000000000000e+05	8.070324487123521976e+03
4.644000000000000000e+05	8.070324487123521976e+03
4.644000000000000000e+05	7.235892041623810655e+03
4.653000000000000000e+05	7.235892041623810655e+03
4.653000000000000000e+05	5.021119567510654633e+03
4.662000000000000000e+05	5.021119567510654633e+03
4.662000000000000000e+05	5.897337443763448391e+03
4.671000000000000000e+05	5.897337443763448391e+03
4.671000000000000000e+05	5.909082258697017096e+03
4.680000000000000000e+05	5.909082258697017096e+03
4.680000000000000000e+05	5.977407471392256411e+03
4.689000000000000000e+05	5.977407471392256411e+03
4.689000000000000000e+05	1.099375543045291806e+03
4.698000000000000000e+05	1.099375543045291806e+03
4.698000000000000000e+05	4.511340297141461633e+03
4.707000000000000000e+05	4.511340297141461633e+03
4.707000000000000000e+05	3.952087522945890669e+03
4.716000000000000000e+05	3.952087522945890669e+03
4.716000000000000000e+05	2.548958682683944062e+03
4.725000000000000000e+05	2.548958682683944062e+03
4.725000000000000000e+05	5.378420831755066502e+03
4.734000000000000000e+05	5.378420831755066502e+03
4.734000000000000000e+05	2.995034510419121943e+03
4.743000000000000000e+05	2.995034510419121943e+03
4.743000000000000000e+05	3.321173705532564782e+03
4.752000000000000000e+05	3.321173705532564782e+03
4.752000000000000000e+05	2.726573034470813582e+03
4.761000000000000000e+05	2.726573034470813582e+03
4.761000000000000000e+05	2.886514622861053795e+03
4.770000000000000000e+05	2.886514622861053795e+03
4.770000000000000000e+05	3.901679874244146049e+03
4.779000000000000000e+05	3.901679874244146049e+03
4.779000000000000000e+05	2.907881368055415805e+03
4.788000000000000000e+05	2.907881368055415805e+03
4.788000000000000000e+05	2.608163839171485961e+03
4.797000000000000000e+05	2.608163839171485961e+03
4.797000000000000000e+05	2.930581429372862203e+03
4.806000000000000000e+05	2.930581429372862203e+03
4.806000000000000000e+05	2.706144593793258537e+03
4.815000000000000000e+05	2.706144593793258537e+03
4.815000000000000000e+05	2.768287308690836653e+03
4.824000000000000000e+05	2.768287308690836653e+03
4.824000000000000000e+05	3.590465617591309638e+03
4.833000000000000000e+05	3.590465617591309638e+03
4.833000000000000000e+05	1.719203837433185072e+03
4.842000000000000000e+05	1.719203837433185072e+03
4.842000000000000000e+05	1.712754186535254121e+03
4.851000000000000000e+05	1.712754186535254121e+03
4.851000000000000000e+05	2.436051828942087013e+03
4.860000000000000000e+05	2.436051828942087013e+03
4.860000000000000000e+05	2.210864023687041481e+03
4.869000000000000000e+05	2.210864023687041481e+03
4.869000000000000000e+05	1.870633631455567183e+03
4.878000000000000000e+05	1.870633631455567183e+03
4.878000000000000000e+05	1.453171805273857899e+03
4.887000000000000000e+05	1.453171805273857899e+03
4.887000000000000000e+05	1.767993350894073956e+03
4.896000000000000000e+05	1.767993350894073956e+03
4.896000000000000000e+05	9.771723036686180421e+02
4.905000000000000000e+05	9.771723036686180421e+02
4.905000000000000000e+05	2.309638715553625389e+03
4.914000000000000000e+05	2.309638715553625389e+03
4.914000000000000000e+05	1.832749252878478728e+03
4.923000000000000000e+05	1.832749252878478728e+03
4.923000000000000000e+05	1.403440498237381689e+03
4.932000000000000000e+05	1.403440498237381689e+03
4.932000000000000000e+05	6.899127902660420659e+02
4.941000000000000000e+05	6.899127902660420659e+02
4.941000000000000000e+05	4.723369723886929023e+03
4.950000000000000000e+05	4.723369723886929023e+03
4.950000000000000000e+05	1.213372019428643398e+03
4.959000000000000000e+05	1.213372019428643398e+03
4.959000000000000000e+05	1.763920865793363191e+03
4.968000000000000000e+05	1.763920865793363191e+03
4.968000000000000000e+05	6.104293788600352855e+02
4.977000000000000000e+05	6.104293788600352855e+02
4.977000000000000000e+05	5.509774156518713426e+03
4.986000000000000000e+05	5.509774156518713426e+03
4.986000000000000000e+05	1.221223615577735472e+03
4.995000000000000000e+05	1.221223615577735472e+03
4.995000000000000000e+05	1.719200864060549065e+03
5.004000000000000000e+05	1.719200864060549065e+03
5.004000000000000000e+05	7.573086604323434585e+02
5.013000000000000000e+05	7.573086604323434585e+02
5.013000000000000000e+05	6.262515124856208786e+03
5.022000000000000000e+05	6.262515124856208786e+03
5.022000000000000000e+05	2.245471533479925711e+03
5.031000000000000000e+05	2.245471533479925711e+03
5.031000000000000000e+05	3.773054725607566070e+03
5.040000000000000000e+05	3.773054725607566070e+03
5.040000000000000000e+05	2.427275297170686827e+03
5.049000000000000000e+05	2.427275297170686827e+03
5.049000000000000000e+05	4.502297455840375733e+03
5.058000000000000000e+05	4.502297455840375733e+03
5.058000000000000000e+05	1.966525326515140478e+03
5.067000000000000000e+05	1.966525326515140478e+03
5.067000000000000000e+05	1.277135943990491796e+03
5.076000000000000000e+05	1.277135943990491796e+03
5.076000000000000000e+05	8.429743849117467107e+02
5.085000000000000000e+05	8.429743849117467107e+02
5.085000000000000000e+05	2.259428012887736713e+03
5.094000000000000000e+05	2.259428012887736713e+03
5.094000000000000000e+05	9.570666349543025717e+02
5.103000000000000000e+05	9.570666349543025717e+02
5.103000000000000000e+05	6.138555539078079164e+02
5.112000000000000000e+05	6.138555539078079164e+02
5.112000000000000000e+05	3.057908304068469079e+02
5.121000000000000000e+05	3.057908304068469079e+02
5.121000000000000000e+05	-1.793482380232890819e+03
5.130000000000000000e+05	-1.793482380232890819e+03
5.130000000000000000e+05	-5.158618313779588789e+02
5.139000000000000000e+05	-5.158618313779588789e+02
5.139000000000000000e+05	-2.354254299071617424e+02
5.148000000000000000e+05	-2.354254299071617424e+02
5.148000000000000000e+05	3.765627674905772437e+01
5.157000000000000000e+05	3.765627674905772437e+01
5.157000000000000000e+05	-1.546858689536631118e+03
5.166000000000000000e+05	-1.546858689536631118e+03
5.166000000000000000e+05	-4.939318639322882518e+02
5.175000000000000000e+05	-4.939318639322882518e+02
5.175000000000000000e+05	-2.517725952356122434e+02
5.184000000000000000e+05	-2.517725952356122434e+02
5.184000000000000000e+05	3.257152757864332671e+01
5.193000000000000000e+05	3.257152757864332671e+01
5.193000000000000000e+05	-1.504954143303849833e+03
5.202000000000000000e+05	-1.504954143303849833e+03
5.202000000000000000e+05	-4.824911706868442707e+02
5.211000000000000000e+05	-4.824911706868442707e+02
5.211000000000000000e+05	-2.467853773026727140e+02
5.220000000000000000e+05	-2.467853773026727140e+02
5.220000000000000000e+05	3.476756296073563135e+01
5.229000000000000000e+05	3.476756296073563135e+01
5.229000000000000000e+05	-4.274142020380390363e+02
5.238000000000000000e+05	-4.274142020380390363e+02
5.238000000000000000e+05	4.707405531734693795e+02
5.247000000000000000e+05	4.707405531734693795e+02
5.247000000000000000e+05	3.404079234544769861e+02
5.256000000000000000e+05	3.404079234544769861e+02
5.256000000000000000e+05	1.966758031297958951e+02
5.265000000000000000e+05	1.966758031297958951e+02
5.265000000000000000e+05	1.164169033787849912e+03
5.274000000000000000e+05	1.164169033787849912e+03
5.274000000000000000e+05	1.331824269229429774e+03
5.283000000000000000e+05	1.331824269229429774e+03
5.283000000000000000e+05	1.122773687564942520e+03
5.292000000000000000e+05	1.122773687564942520e+03
5.292000000000000000e+05	6.932986525633732526e+02
5.301000000000000000e+05	6.932986525633732526e+02
5.301000000000000000e+05	2.549397764970211028e+03
5.310000000000000000e+05	2.549397764970211028e+03
5.310000000000000000e+05	1.323724161858030129e+03
5.319000000000000000e+05	1.323724161858030129e+03
5.319000000000000000e+05	1.509554354776511900e+03
5.328000000000000000e+05	1.509554354776511900e+03
5.328000000000000000e+05	1.510908587662366699e+03
5.337000000000000000e+05	1.510908587662366699e+03
5.337000000000000000e+05	1.817636605714988946e+03
5.346000000000000000e+05	1.817636605714988946e+03
5.346000000000000000e+05	1.756848709647369105e+03
5.355000000000000000e+05	1.756848709647369105e+03
5.355000000000000000e+05	1.800358866334136110e+03
5.364000000000000000e+05	1.800358866334136110e+03
5.364000000000000000e+05	1.988824638199435867e+03
5.373000000000000000e+05	1.988824638199435867e+03
5.373000000000000000e+05	1.048909861591762592e+03
5.382000000000000000e+05	1.048909861591762592e+03
5.382000000000000000e+05	2.046775370444811415e+03
5.391000000000000000e+05	2.046775370444811415e+03
5.391000000000000000e+05	1.966282956366834696e+03
5.400000000000000000e+05	1.966282956366834696e+03
5.400000000000000000e+05	1.021364646759070638e+03
5.409000000000000000e+05	1.021364646759070638e+03
5.409000000000000000e+05	4.180688901764539878e+03
5.418000000000000000e+05	4.180688901764539878e+03
5.418000000000000000e+05	1.391853965756075922e+03
5.427000000000000000e+05	1.391853965756075922e+03
5.427000000000000000e+05	-2.649407431037689094e+03
5.436000000000000000e+05	-2.649407431037689094e+03
5.436000000000000000e+05	1.010403417084084140e+03
5.445000000000000000e+05	1.010403417084084140e+03
5.445000000000000000e+05	4.511343024590504683e+03
5.454000000000000000e+05	4.511343024590504683e+03
5.454000000000000000e+05	5.838771311144169886e+03
5.463000000000000000e+05	5.838771311144169886e+03
5.463000000000000000e+05	6.510249143987661228e+03
5.472000000000000000e+05	6.510249143987661228e+03
5.472000000000000000e+05	5.488388006542169023e+03
5.481000000000000000e+05	5.488388006542169023e+03
5.481000000000000000e+05	8.669176819983917085e+03
5.490000000000000000e+05	8.669176819983917085e+03
5.490000000000000000e+05	8.065373748779820744e+03
5.499000000000000000e+05	8.065373748779820744e+03
5.499000000000000000e+05	8.095254776176938321e+03
5.508000000000000000e+05	8.095254776176938321e+03
5.508000000000000000e+05	7.269895804990777833e+03
5.517000000000000000e+05	7.269895804990777833e+03
5.517000000000000000e+05	4.017637935259665028e+03
5.526000000000000000e+05	4.017637935259665028e+03
5.526000000000000000e+05	5.725626545203675050e+03
5.535000000000000000e+05	5.725626545203675050e+03
5.535000000000000000e+05	5.572392825627699494e+03
5.544000000000000000e+05	5.572392825627699494e+03
5.544000000000000000e+05	4.959345934553377447e+03
5.553000000000000000e+05	4.959345934553377447e+03
5.553000000000000000e+05	4.836663066558259743e+03
5.562000000000000000e+05	4.836663066558259743e+03
5.562000000000000000e+05	3.961038032849726733e+03
5.571000000000000000e+05	3.961038032849726733e+03
5.571000000000000000e+05	4.098033819221716840e+03
5.580000000000000000e+05	4.098033819221716840e+03
5.580000000000000000e+05	4.298265413992314279e+03
5.589000000000000000e+05	4.298265413992314279e+03
5.589000000000000000e+05	1.657019278373113366e+03
5.598000000000000000e+05	1.657019278373113366e+03
5.598000000000000000e+05	3.446533633326122072e+03
5.607000000000000000e+05	3.446533633326122072e+03
5.607000000000000000e+05	3.227879542952869087e+03
5.616000000000000000e+05	3.227879542952869087e+03
5.616000000000000000e+05	3.329663993725909677e+03
5.625000000000000000e+05	3.329663993725909677e+03
5.625000000000000000e+05	9.720701552857185561e+02
5.634000000000000000e+05	9.720701552857185561e+02
5.634000000000000000e+05	3.063761272858944722e+03
5.643000000000000000e+05	3.063761272858944722e+03
5.643000000000000000e+05	2.873598282315826509e+03
5.652000000000000000e+05	2.873598282315826509e+03
5.652000000000000000e+05	2.923019602489272074e+03
5.661000000000000000e+05	2.923019602489272074e+03
5.661000000000000000e+05	1.062999390357434777e+03
5.670000000000000000e+05	1.062999390357434777e+03
5.670000000000000000e+05	2.583949634195829276e+03
5.679000000000000000e+05	2.583949634195829276e+03
5.679000000000000000e+05	2.399792808352387510e+03
5.688000000000000000e+05	2.399792808352387510e+03
5.688000000000000000e+05	1.277574439673073357e+03
5.697000000000000000e+05	1.277574439673073357e+03
5.697000000000000000e+05	4.814392268018109462e+03
5.706000000000000000e+05	4.814392268018109462e+03
5.706000000000000000e+05	1.944572262304602191e+03
5.715000000000000000e+05	1.944572262304602191e+03
5.715000000000000000e+05	2.380485929955670144e+03
5.724000000000000000e+05	2.380485929955670144e+03
5.724000000000000000e+05	1.817530007037508767e+03
5.733000000000000000e+05	1.817530007037508767e+03
5.733000000000000000e+05	2.608918797302842904e+03
5.742000000000000000e+05	2.608918797302842904e+03
5.742000000000000000e+05	1.265751807631982956e+03
5.751000000000000000e+05	1.265751807631982956e+03
5.751000000000000000e+05	8.647093113454757258e+02
5.760000000000000000e+05	8.647093113454757258e+02
5.760000000000000000e+05	5.700855998752922460e+02
5.769000000000000000e+05	5.700855998752922460e+02
5.769000000000000000e+05	6.246580478263416808e+03
5.778000000000000000e+05	6.246580478263416808e+03
5.778000000000000000e+05	1.827079885368701071e+03
5.787000000000000000e+05	1.827079885368701071e+03
5.787000000000000000e+05	2.081910452232812531e+03
5.796000000000000000e+05	2.081910452232812531e+03
5.796000000000000000e+05	2.475444938332433594e+03
5.805000000000000000e+05	2.475444938332433594e+03
5.805000000000000000e+05	2.575415953646958769e+03
5.814000000000000000e+05	2.575415953646958769e+03
5.814000000000000000e+05	1.839113794038246851e+03
5.823000000000000000e+05	1.839113794038246851e+03
5.823000000000000000e+05	2.015705033663834911e+03
5.832000000000000000e+05	2.015705033663834911e+03
5.832000000000000000e+05	2.021354701245687465e+03
5.841000000000000000e+05	2.021354701245687465e+03
5.841000000000000000e+05	3.999040791545291995e+02
5.850000000000000000e+05	3.999040791545291995e+02
5.850000000000000000e+05	1.796176411871972959e+03
5.859000000000000000e+05	1.796176411871972959e+03
5.859000000000000000e+05	1.551649639445065986e+03
5.868000000000000000e+05	1.551649639445065986e+03
5.868000000000000000e+05	1.137470807568297460e+03
5.877000000000000000e+05	1.137470807568297460e+03
5.877000000000000000e+05	2.383978046503879796e+03
5.886000000000000000e+05	2.383978046503879796e+03
5.886000000000000000e+05	3.729728590948914643e+03
5.895000000000000000e+05	3.729728590948914643e+03
5.895000000000000000e+05	2.847856069842644501e+03
5.904000000000000000e+05	2.847856069842644501e+03
5.904000000000000000e+05	1.670684036363511041e+03
5.913000000000000000e+05	1.670684036363511041e+03
5.913000000000000000e+05	5.290391808866064821e+03
5.922000000000000000e+05	5.290391808866064821e+03
5.922000000000000000e+05	2.094848943052580580e+03
5.931000000000000000e+05	2.094848943052580580e+03
5.931000000000000000e+05	1.286742196313338354e+03
5.940000000000000000e+05	1.286742196313338354e+03
5.940000000000000000e+05	6.121785934351955802e+02
5.949000000000000000e+05	6.121785934351955802e+02
5.949000000000000000e+05	2.171983092347215461e+03
5.958000000000000000e+05	2.171983092347215461e+03
5.958000000000000000e+05	8.780540030308766291e+02
5.967000000000000000e+05	8.780540030308766291e+02
5.967000000000000000e+05	4.132831846198532730e+02
5.976000000000000000e+05	4.132831846198532730e+02
5.976000000000000000e+05	2.414053461202802282e+02
5.985000000000000000e+05	2.414053461202802282e+02
5.985000000000000000e+05	-1.816547340951554588e+03
5.994000000000000000e+05	-1.816547340951554588e+03
5.994000000000000000e+05	-5.358097691629081964e+02
6.003000000000000000e+05	-5.358097691629081964e+02
6.003000000000000000e+05	-2.507112982060643844e+02
6.012000000000000000e+05	-2.507112982060643844e+02
6.012000000000000000e+05	3.528672420044676983e+01
6.021000000000000000e+05	3.528672420044676983e+01
6.021000000000000000e+05	-1.585837329179418020e+03
6.030000000000000000e+05	-1.585837329179418020e+03
6.030000000000000000e+05	-5.049573414141195826e+02
6.039000000000000000e+05	-5.049573414141195826e+02
6.039000000000000000e+05	-2.557108687572763301e+02
6.048000000000000000e+05	-2.557108687572763301e+02
