# #1
# double t_DHW(1344, 2)
0.000000000000000000e+00	3.231499999999999773e+02
9.000000000000000000e+02	3.231499999999999773e+02
9.000000000000000000e+02	3.231380000000000337e+02
1.800000000000000000e+03	3.231380000000000337e+02
1.800000000000000000e+03	3.231260044999999081e+02
2.700000000000000000e+03	3.231260044999999081e+02
2.700000000000000000e+03	3.231140134983123176e+02
3.600000000000000000e+03	3.231140134983123176e+02
3.600000000000000000e+03	3.230506284580475267e+02
4.500000000000000000e+03	3.230506284580475267e+02
4.500000000000000000e+03	3.231097183539544062e+02
5.400000000000000000e+03	3.231097183539544062e+02
5.400000000000000000e+03	3.231687860911504231e+02
6.300000000000000000e+03	3.231687860911504231e+02
6.300000000000000000e+03	3.232278316779450051e+02
7.200000000000000000e+03	3.232278316779450051e+02
7.200000000000000000e+03	3.244733309587139729e+02
8.100000000000000000e+03	3.244733309587139729e+02
8.100000000000000000e+03	3.244608347096044554e+02
9.000000000000000000e+03	3.244608347096044554e+02
9.000000000000000000e+03	3.244483431465882290e+02
9.900000000000000000e+03	3.244483431465882290e+02
9.900000000000000000e+03	3.244358562679081501e+02
1.080000000000000000e+04	3.244358562679081501e+02
1.080000000000000000e+04	3.243755697514758367e+02
1.170000000000000000e+04	3.243755697514758367e+02
1.170000000000000000e+04	3.243631101628189981e+02
1.260000000000000000e+04	3.243631101628189981e+02
1.260000000000000000e+04	3.243506552465078130e+02
1.350000000000000000e+04	3.243506552465078130e+02
1.350000000000000000e+04	3.243382050007902535e+02
1.440000000000000000e+04	3.243382050007902535e+02
1.440000000000000000e+04	3.242724208491384275e+02
1.530000000000000000e+04	3.242724208491384275e+02
1.530000000000000000e+04	3.242599999413200180e+02
1.620000000000000000e+04	3.242599999413200180e+02
1.620000000000000000e+04	3.242475836913420721e+02
1.710000000000000000e+04	3.242475836913420721e+02
1.710000000000000000e+04	3.242351720974577916e+02
1.800000000000000000e+04	3.242351720974577916e+02
1.800000000000000000e+04	3.241696019855741611e+02
1.890000000000000000e+04	3.241696019855741611e+02
1.890000000000000000e+04	3.260728621915194481e+02
1.980000000000000000e+04	3.260728621915194481e+02
1.980000000000000000e+04	3.260597661181976150e+02
2.070000000000000000e+04	3.260597661181976150e+02
2.070000000000000000e+04	3.260466749559033133e+02
2.160000000000000000e+04	3.260466749559033133e+02
2.160000000000000000e+04	3.238686777499745517e+02
2.250000000000000000e+04	3.238686777499745517e+02
2.250000000000000000e+04	3.257734615755220489e+02
2.340000000000000000e+04	3.257734615755220489e+02
2.340000000000000000e+04	3.257604777774312197e+02
2.430000000000000000e+04	3.257604777774312197e+02
2.430000000000000000e+04	3.257474988482646836e+02
2.520000000000000000e+04	3.257474988482646836e+02
2.520000000000000000e+04	3.243283894362691058e+02
2.610000000000000000e+04	3.243283894362691058e+02
2.610000000000000000e+04	3.166659474952305118e+02
2.700000000000000000e+04	3.166659474952305118e+02
2.700000000000000000e+04	3.166563790149198212e+02
2.790000000000000000e+04	3.166563790149198212e+02
2.790000000000000000e+04	3.165568141227889782e+02
2.880000000000000000e+04	3.165568141227889782e+02
2.880000000000000000e+04	3.172581181431062305e+02
2.970000000000000000e+04	3.172581181431062305e+02
2.970000000000000000e+04	3.171583275988025434e+02
3.060000000000000000e+04	3.171583275988025434e+02
3.060000000000000000e+04	3.170585744759529803e+02
3.150000000000000000e+04	3.170585744759529803e+02
3.150000000000000000e+04	3.169588587605241514e+02
3.240000000000000000e+04	3.169588587605241514e+02
3.240000000000000000e+04	3.168175948515725509e+02
3.330000000000000000e+04	3.168175948515725509e+02
3.330000000000000000e+04	3.167179695035031841e+02
3.420000000000000000e+04	3.167179695035031841e+02
3.420000000000000000e+04	3.167083815149393899e+02
3.510000000000000000e+04	3.167083815149393899e+02
3.510000000000000000e+04	3.166087971218710777e+02
3.600000000000000000e+04	3.166087971218710777e+02
3.600000000000000000e+04	3.165559454689654899e+02
3.690000000000000000e+04	3.165559454689654899e+02
3.690000000000000000e+04	3.165464182394145496e+02
3.780000000000000000e+04	3.165464182394145496e+02
3.780000000000000000e+04	3.165368945825747460e+02
3.870000000000000000e+04	3.165368945825747460e+02
3.870000000000000000e+04	3.165073744991062767e+02
3.960000000000000000e+04	3.165073744991062767e+02
3.960000000000000000e+04	3.164532442880242229e+02
4.050000000000000000e+04	3.164532442880242229e+02
4.050000000000000000e+04	3.164437555714162045e+02
4.140000000000000000e+04	3.164437555714162045e+02
4.140000000000000000e+04	3.165053230446558814e+02
4.230000000000000000e+04	3.165053230446558814e+02
4.230000000000000000e+04	3.164058147985140863e+02
4.320000000000000000e+04	3.164058147985140863e+02
4.320000000000000000e+04	3.162745622770665932e+02
4.410000000000000000e+04	3.162745622770665932e+02
4.410000000000000000e+04	3.163361931977913741e+02
4.500000000000000000e+04	3.163361931977913741e+02
4.500000000000000000e+04	3.163978010069211564e+02
4.590000000000000000e+04	3.163978010069211564e+02
4.590000000000000000e+04	3.164593857131220034e+02
4.680000000000000000e+04	3.164593857131220034e+02
4.680000000000000000e+04	3.172906826607597282e+02
4.770000000000000000e+04	3.172906826607597282e+02
4.770000000000000000e+04	3.173519325363405983e+02
4.860000000000000000e+04	3.173519325363405983e+02
4.860000000000000000e+04	3.174131594432184329e+02
4.950000000000000000e+04	3.174131594432184329e+02
4.950000000000000000e+04	3.174743633900058626e+02
5.040000000000000000e+04	3.174743633900058626e+02
5.040000000000000000e+04	3.181070073865622021e+02
5.130000000000000000e+04	3.181070073865622021e+02
5.130000000000000000e+04	3.180968985087922647e+02
5.220000000000000000e+04	3.180968985087922647e+02
5.220000000000000000e+04	3.180867934218514961e+02
5.310000000000000000e+04	3.180867934218514961e+02
5.310000000000000000e+04	3.180577447558972608e+02
5.400000000000000000e+04	3.180577447558972608e+02
5.400000000000000000e+04	3.181985268789170505e+02
5.490000000000000000e+04	3.181985268789170505e+02
5.490000000000000000e+04	3.181883836813374273e+02
5.580000000000000000e+04	3.181883836813374273e+02
5.580000000000000000e+04	3.181782442874569483e+02
5.670000000000000000e+04	3.181782442874569483e+02
5.670000000000000000e+04	3.180781086958491528e+02
5.760000000000000000e+04	3.180781086958491528e+02
5.760000000000000000e+04	3.180256272514623106e+02
5.850000000000000000e+04	3.180256272514623106e+02
5.850000000000000000e+04	3.180155488912430428e+02
5.940000000000000000e+04	3.180155488912430428e+02
5.940000000000000000e+04	3.199088911086959683e+02
6.030000000000000000e+04	3.199088911086959683e+02
6.030000000000000000e+04	3.198081065245302170e+02
6.120000000000000000e+04	3.198081065245302170e+02
6.120000000000000000e+04	3.175402455428492203e+02
6.210000000000000000e+04	3.175402455428492203e+02
6.210000000000000000e+04	3.175303492007706723e+02
6.300000000000000000e+04	3.175303492007706723e+02
6.300000000000000000e+04	3.175915092013993331e+02
6.390000000000000000e+04	3.175915092013993331e+02
6.390000000000000000e+04	3.175815936354488258e+02
6.480000000000000000e+04	3.175815936354488258e+02
6.480000000000000000e+04	3.172513523076355000e+02
6.570000000000000000e+04	3.172513523076355000e+02
6.570000000000000000e+04	3.169760643005201359e+02
6.660000000000000000e+04	3.169760643005201359e+02
6.660000000000000000e+04	3.169463795284074195e+02
6.750000000000000000e+04	3.169463795284074195e+02
6.750000000000000000e+04	3.169167058880843229e+02
6.840000000000000000e+04	3.169167058880843229e+02
6.840000000000000000e+04	3.168706295723184212e+02
6.930000000000000000e+04	3.168706295723184212e+02
6.930000000000000000e+04	3.167709843362288211e+02
7.020000000000000000e+04	3.167709843362288211e+02
7.020000000000000000e+04	3.168324290986817005e+02
7.110000000000000000e+04	3.168324290986817005e+02
7.110000000000000000e+04	3.168227981877696493e+02
7.200000000000000000e+04	3.168227981877696493e+02
7.200000000000000000e+04	3.164799663918078068e+02
7.290000000000000000e+04	3.164799663918078068e+02
7.290000000000000000e+04	3.165415202859894634e+02
7.380000000000000000e+04	3.165415202859894634e+02
7.380000000000000000e+04	3.166030510974611616e+02
7.470000000000000000e+04	3.166030510974611616e+02
7.470000000000000000e+04	3.160245587908782454e+02
7.560000000000000000e+04	3.160245587908782454e+02
7.560000000000000000e+04	3.172373456020105777e+02
7.650000000000000000e+04	3.172373456020105777e+02
7.650000000000000000e+04	3.172275628474097289e+02
7.740000000000000000e+04	3.172275628474097289e+02
7.740000000000000000e+04	3.171277837613419024e+02
7.830000000000000000e+04	3.171277837613419024e+02
7.830000000000000000e+04	3.151580420784314356e+02
7.920000000000000000e+04	3.151580420784314356e+02
7.920000000000000000e+04	3.151390214916748391e+02
8.010000000000000000e+04	3.151390214916748391e+02
8.010000000000000000e+04	3.151300256086154263e+02
8.100000000000000000e+04	3.151300256086154263e+02
8.100000000000000000e+04	3.151210330990122088e+02
8.190000000000000000e+04	3.151210330990122088e+02
8.190000000000000000e+04	3.151120439616000795e+02
8.280000000000000000e+04	3.151120439616000795e+02
8.280000000000000000e+04	3.150654911591577729e+02
8.370000000000000000e+04	3.150654911591577729e+02
8.370000000000000000e+04	3.150565228499730779e+02
8.460000000000000000e+04	3.150565228499730779e+02
8.460000000000000000e+04	3.150475579039043623e+02
8.550000000000000000e+04	3.150475579039043623e+02
8.550000000000000000e+04	3.150385963196903845e+02
8.640000000000000000e+04	3.150385963196903845e+02
8.640000000000000000e+04	3.149921817896373000e+02
8.730000000000000000e+04	3.149921817896373000e+02
8.730000000000000000e+04	3.149832409714661594e+02
8.820000000000000000e+04	3.149832409714661594e+02
8.820000000000000000e+04	3.149743035061018759e+02
8.910000000000000000e+04	3.149743035061018759e+02
8.910000000000000000e+04	3.149653693922871298e+02
9.000000000000000000e+04	3.149653693922871298e+02
9.000000000000000000e+04	3.149190927905483477e+02
9.090000000000000000e+04	3.149190927905483477e+02
9.090000000000000000e+04	3.149101793807517993e+02
9.180000000000000000e+04	3.149101793807517993e+02
9.180000000000000000e+04	3.149012693134840219e+02
9.270000000000000000e+04	3.149012693134840219e+02
9.270000000000000000e+04	3.148923625874915047e+02
9.360000000000000000e+04	3.148923625874915047e+02
9.360000000000000000e+04	3.148462235623666743e+02
9.450000000000000000e+04	3.148462235623666743e+02
9.450000000000000000e+04	3.148373374785307419e+02
9.540000000000000000e+04	3.148373374785307419e+02
9.540000000000000000e+04	3.148284547269763038e+02
9.630000000000000000e+04	3.148284547269763038e+02
9.630000000000000000e+04	3.148195753064537143e+02
9.720000000000000000e+04	3.148195753064537143e+02
9.720000000000000000e+04	3.147735735114353020e+02
9.810000000000000000e+04	3.147735735114353020e+02
9.810000000000000000e+04	3.190705041450526096e+02
9.900000000000000000e+04	3.190705041450526096e+02
9.900000000000000000e+04	3.253323202399314482e+02
9.990000000000000000e+04	3.253323202399314482e+02
9.990000000000000000e+04	3.253195018698414742e+02
1.008000000000000000e+05	3.253195018698414742e+02
1.008000000000000000e+05	3.200186868004406051e+02
1.017000000000000000e+05	3.200186868004406051e+02
1.017000000000000000e+05	3.225026610428903950e+02
1.026000000000000000e+05	3.225026610428903950e+02
1.026000000000000000e+05	3.242491672715434561e+02
1.035000000000000000e+05	3.242491672715434561e+02
1.035000000000000000e+05	3.242367550838166608e+02
1.044000000000000000e+05	3.242367550838166608e+02
1.044000000000000000e+05	3.232006195223732448e+02
1.053000000000000000e+05	3.232006195223732448e+02
1.053000000000000000e+05	3.262755291439481198e+02
1.062000000000000000e+05	3.262755291439481198e+02
1.062000000000000000e+05	3.262623570705191014e+02
1.071000000000000000e+05	3.262623570705191014e+02
1.071000000000000000e+05	3.262491899366177108e+02
1.080000000000000000e+05	3.262491899366177108e+02
1.080000000000000000e+05	3.226191264047512846e+02
1.089000000000000000e+05	3.226191264047512846e+02
1.089000000000000000e+05	3.256383381805342196e+02
1.098000000000000000e+05	3.256383381805342196e+02
1.098000000000000000e+05	3.256254050537165199e+02
1.107000000000000000e+05	3.256254050537165199e+02
1.107000000000000000e+05	3.256124767768214383e+02
1.116000000000000000e+05	3.256124767768214383e+02
1.116000000000000000e+05	3.234735220154343551e+02
1.125000000000000000e+05	3.234735220154343551e+02
1.125000000000000000e+05	3.205714006776785254e+02
1.134000000000000000e+05	3.205714006776785254e+02
1.134000000000000000e+05	3.205603676524244179e+02
1.143000000000000000e+05	3.205603676524244179e+02
1.143000000000000000e+05	3.204593387645547296e+02
1.152000000000000000e+05	3.204593387645547296e+02
1.152000000000000000e+05	3.204533015420007587e+02
1.161000000000000000e+05	3.204533015420007587e+02
1.161000000000000000e+05	3.203523128039225298e+02
1.170000000000000000e+05	3.203523128039225298e+02
1.170000000000000000e+05	3.202513619366210378e+02
1.179000000000000000e+05	3.202513619366210378e+02
1.179000000000000000e+05	3.201504489258948638e+02
1.188000000000000000e+05	3.201504489258948638e+02
1.188000000000000000e+05	3.200052569185862126e+02
1.197000000000000000e+05	3.200052569185862126e+02
1.197000000000000000e+05	3.199044361972417505e+02
1.206000000000000000e+05	3.199044361972417505e+02
1.206000000000000000e+05	3.198936532836677884e+02
1.215000000000000000e+05	3.198936532836677884e+02
1.215000000000000000e+05	3.197928744136863770e+02
1.224000000000000000e+05	3.197928744136863770e+02
1.224000000000000000e+05	3.197360541324985661e+02
1.233000000000000000e+05	3.197360541324985661e+02
1.233000000000000000e+05	3.219525365283307110e+02
1.242000000000000000e+05	3.219525365283307110e+02
1.242000000000000000e+05	3.219409855771326079e+02
1.251000000000000000e+05	3.219409855771326079e+02
1.251000000000000000e+05	3.219094389595411485e+02
1.260000000000000000e+05	3.219094389595411485e+02
1.260000000000000000e+05	3.196351373995493645e+02
1.269000000000000000e+05	3.196351373995493645e+02
1.269000000000000000e+05	3.196244554730245113e+02
1.278000000000000000e+05	3.196244554730245113e+02
1.278000000000000000e+05	3.196137775522221318e+02
1.287000000000000000e+05	3.196137775522221318e+02
1.287000000000000000e+05	3.195131036356400500e+02
1.296000000000000000e+05	3.195131036356400500e+02
1.296000000000000000e+05	3.193675383247323794e+02
1.305000000000000000e+05	3.193675383247323794e+02
1.305000000000000000e+05	3.194280093794395725e+02
1.314000000000000000e+05	3.194280093794395725e+02
1.314000000000000000e+05	3.194884577575012372e+02
1.323000000000000000e+05	3.194884577575012372e+02
1.323000000000000000e+05	3.195488834674210921e+02
1.332000000000000000e+05	3.195488834674210921e+02
1.332000000000000000e+05	3.204349947297435506e+02
1.341000000000000000e+05	3.204349947297435506e+02
1.341000000000000000e+05	3.204240128567199122e+02
1.350000000000000000e+05	3.204240128567199122e+02
1.350000000000000000e+05	3.204130351018986289e+02
1.359000000000000000e+05	3.204130351018986289e+02
1.359000000000000000e+05	3.204020614637354356e+02
1.368000000000000000e+05	3.204020614637354356e+02
1.368000000000000000e+05	3.203503562363736137e+02
1.377000000000000000e+05	3.203503562363736137e+02
1.377000000000000000e+05	3.203394061027849489e+02
1.386000000000000000e+05	3.203394061027849489e+02
1.386000000000000000e+05	3.203284600754964231e+02
1.395000000000000000e+05	3.203284600754964231e+02
1.395000000000000000e+05	3.196620181529680735e+02
1.404000000000000000e+05	3.196620181529680735e+02
1.404000000000000000e+05	3.196126641263050487e+02
1.413000000000000000e+05	3.196126641263050487e+02
1.413000000000000000e+05	3.196019906272576918e+02
1.422000000000000000e+05	3.196019906272576918e+02
1.422000000000000000e+05	3.195913211307724850e+02
1.431000000000000000e+05	3.195913211307724850e+02
1.431000000000000000e+05	3.194906556353484461e+02
1.440000000000000000e+05	3.194906556353484461e+02
1.440000000000000000e+05	3.205210584067070840e+02
1.449000000000000000e+05	3.205210584067070840e+02
1.449000000000000000e+05	3.224134610580916842e+02
1.458000000000000000e+05	3.224134610580916842e+02
1.458000000000000000e+05	3.224727898917738003e+02
1.467000000000000000e+05	3.224727898917738003e+02
1.467000000000000000e+05	3.223710438455643725e+02
1.476000000000000000e+05	3.223710438455643725e+02
1.476000000000000000e+05	3.224636068723475546e+02
1.485000000000000000e+05	3.224636068723475546e+02
1.485000000000000000e+05	3.224518642697703967e+02
1.494000000000000000e+05	3.224518642697703967e+02
1.494000000000000000e+05	3.224401260706692369e+02
1.503000000000000000e+05	3.224401260706692369e+02
1.503000000000000000e+05	3.224283922733927739e+02
1.512000000000000000e+05	3.224283922733927739e+02
1.512000000000000000e+05	3.223665302890874500e+02
1.521000000000000000e+05	3.223665302890874500e+02
1.521000000000000000e+05	3.241682408885106383e+02
1.530000000000000000e+05	3.241682408885106383e+02
1.530000000000000000e+05	3.241358590501774870e+02
1.539000000000000000e+05	3.241358590501774870e+02
1.539000000000000000e+05	3.241034893550337301e+02
1.548000000000000000e+05	3.241034893550337301e+02
1.548000000000000000e+05	3.219069240774207401e+02
1.557000000000000000e+05	3.219069240774207401e+02
1.557000000000000000e+05	3.218053902308916463e+02
1.566000000000000000e+05	3.218053902308916463e+02
1.566000000000000000e+05	3.236973112578422160e+02
1.575000000000000000e+05	3.236973112578422160e+02
1.575000000000000000e+05	3.237561586476994648e+02
1.584000000000000000e+05	3.237561586476994648e+02
1.584000000000000000e+05	3.255345234088866846e+02
1.593000000000000000e+05	3.255345234088866846e+02
1.593000000000000000e+05	3.255216292126083317e+02
1.602000000000000000e+05	3.255216292126083317e+02
1.602000000000000000e+05	3.255087398516535018e+02
1.611000000000000000e+05	3.255087398516535018e+02
1.611000000000000000e+05	3.248558552802089139e+02
1.620000000000000000e+05	3.248558552802089139e+02
1.620000000000000000e+05	3.248028251315296870e+02
1.629000000000000000e+05	3.248028251315296870e+02
1.629000000000000000e+05	3.247902053221054075e+02
1.638000000000000000e+05	3.247902053221054075e+02
1.638000000000000000e+05	3.246875902451096181e+02
1.647000000000000000e+05	3.246875902451096181e+02
1.647000000000000000e+05	3.183750136037676839e+02
1.656000000000000000e+05	3.183750136037676839e+02
1.656000000000000000e+05	3.186966015981743681e+02
1.665000000000000000e+05	3.186966015981743681e+02
1.665000000000000000e+05	3.186862716225750773e+02
1.674000000000000000e+05	3.186862716225750773e+02
1.674000000000000000e+05	3.186759455207165956e+02
1.683000000000000000e+05	3.186759455207165956e+02
1.683000000000000000e+05	3.186656232911463462e+02
1.692000000000000000e+05	3.186656232911463462e+02
1.692000000000000000e+05	3.186128197320034019e+02
1.701000000000000000e+05	3.186128197320034019e+02
1.701000000000000000e+05	3.186025211746038508e+02
1.710000000000000000e+05	3.186025211746038508e+02
1.710000000000000000e+05	3.185922264791634007e+02
1.719000000000000000e+05	3.185922264791634007e+02
1.719000000000000000e+05	3.185819356442336812e+02
1.728000000000000000e+05	3.185819356442336812e+02
1.728000000000000000e+05	3.185292795942039561e+02
1.737000000000000000e+05	3.185292795942039561e+02
1.737000000000000000e+05	3.185190123643561719e+02
1.746000000000000000e+05	3.185190123643561719e+02
1.746000000000000000e+05	3.185087489847195457e+02
1.755000000000000000e+05	3.185087489847195457e+02
1.755000000000000000e+05	3.184984894538500271e+02
1.764000000000000000e+05	3.184984894538500271e+02
1.764000000000000000e+05	3.184459807013796535e+02
1.773000000000000000e+05	3.184459807013796535e+02
1.773000000000000000e+05	3.184357447086165962e+02
1.782000000000000000e+05	3.184357447086165962e+02
1.782000000000000000e+05	3.184965651859297964e+02
1.791000000000000000e+05	3.184965651859297964e+02
1.791000000000000000e+05	3.185573628555634969e+02
1.800000000000000000e+05	3.185573628555634969e+02
1.800000000000000000e+05	3.196673805136015289e+02
1.809000000000000000e+05	3.196673805136015289e+02
1.809000000000000000e+05	3.196566864959089003e+02
1.818000000000000000e+05	3.196566864959089003e+02
1.818000000000000000e+05	3.197170491200518541e+02
1.827000000000000000e+05	3.197170491200518541e+02
1.827000000000000000e+05	3.197773891082106275e+02
1.836000000000000000e+05	3.197773891082106275e+02
1.836000000000000000e+05	3.209650487945712030e+02
1.845000000000000000e+05	3.209650487945712030e+02
1.845000000000000000e+05	3.209538681512731841e+02
1.854000000000000000e+05	3.209538681512731841e+02
1.854000000000000000e+05	3.209426917007165230e+02
1.863000000000000000e+05	3.209426917007165230e+02
1.863000000000000000e+05	3.248211301082010891e+02
1.872000000000000000e+05	3.248211301082010891e+02
1.872000000000000000e+05	3.258816707007018749e+02
1.881000000000000000e+05	3.258816707007018749e+02
1.881000000000000000e+05	3.258686463241890579e+02
1.890000000000000000e+05	3.258686463241890579e+02
1.890000000000000000e+05	3.269985991757931743e+02
1.899000000000000000e+05	3.269985991757931743e+02
1.899000000000000000e+05	3.269851559511022856e+02
1.908000000000000000e+05	3.269851559511022856e+02
1.908000000000000000e+05	3.277605481592737533e+02
1.917000000000000000e+05	3.277605481592737533e+02
1.917000000000000000e+05	3.277468192037140398e+02
1.926000000000000000e+05	3.277468192037140398e+02
1.926000000000000000e+05	3.277330953965126241e+02
1.935000000000000000e+05	3.277330953965126241e+02
1.935000000000000000e+05	3.277193767357389333e+02
1.944000000000000000e+05	3.277193767357389333e+02
1.944000000000000000e+05	3.276468843171642220e+02
1.953000000000000000e+05	3.276468843171642220e+02
1.953000000000000000e+05	3.276331979855452801e+02
1.962000000000000000e+05	3.276331979855452801e+02
1.962000000000000000e+05	3.276195167863007214e+02
1.971000000000000000e+05	3.276195167863007214e+02
1.971000000000000000e+05	3.276058407175058278e+02
1.980000000000000000e+05	3.276058407175058278e+02
1.980000000000000000e+05	3.275335842511298097e+02
1.989000000000000000e+05	3.275335842511298097e+02
1.989000000000000000e+05	3.246299403900356424e+02
1.998000000000000000e+05	3.246299403900356424e+02
1.998000000000000000e+05	3.246173854123892966e+02
2.007000000000000000e+05	3.246173854123892966e+02
2.007000000000000000e+05	3.245148351428596243e+02
2.016000000000000000e+05	3.245148351428596243e+02
2.016000000000000000e+05	3.245004038051858970e+02
2.025000000000000000e+05	3.245004038051858970e+02
2.025000000000000000e+05	3.243978974037589182e+02
2.034000000000000000e+05	3.243978974037589182e+02
2.034000000000000000e+05	3.242954294422324892e+02
2.043000000000000000e+05	3.242954294422324892e+02
2.043000000000000000e+05	3.241929999061916874e+02
2.052000000000000000e+05	3.241929999061916874e+02
2.052000000000000000e+05	3.240394773813477514e+02
2.061000000000000000e+05	3.240394773813477514e+02
2.061000000000000000e+05	3.239371438273297485e+02
2.070000000000000000e+05	3.239371438273297485e+02
2.070000000000000000e+05	3.239248486483945157e+02
2.079000000000000000e+05	3.239248486483945157e+02
2.079000000000000000e+05	3.238225580801513388e+02
2.088000000000000000e+05	3.238225580801513388e+02
2.088000000000000000e+05	3.237574382432112543e+02
2.097000000000000000e+05	3.237574382432112543e+02
2.097000000000000000e+05	3.237452104538700723e+02
2.106000000000000000e+05	3.237452104538700723e+02
2.106000000000000000e+05	3.237329872499498720e+02
2.115000000000000000e+05	3.237329872499498720e+02
2.115000000000000000e+05	3.237007686317311368e+02
2.124000000000000000e+05	3.237007686317311368e+02
2.124000000000000000e+05	3.236342737002674994e+02
2.133000000000000000e+05	3.236342737002674994e+02
2.133000000000000000e+05	3.236931447292085977e+02
2.142000000000000000e+05	3.236931447292085977e+02
2.142000000000000000e+05	3.237519936815136816e+02
2.151000000000000000e+05	3.237519936815136816e+02
2.151000000000000000e+05	3.237208205654616222e+02
2.160000000000000000e+05	3.237208205654616222e+02
2.160000000000000000e+05	3.244291818975335673e+02
2.169000000000000000e+05	3.244291818975335673e+02
2.169000000000000000e+05	3.244167022043220072e+02
2.178000000000000000e+05	3.244167022043220072e+02
2.178000000000000000e+05	3.246416219874099625e+02
2.187000000000000000e+05	3.246416219874099625e+02
2.187000000000000000e+05	3.246290626291647072e+02
2.196000000000000000e+05	3.246290626291647072e+02
2.196000000000000000e+05	3.230459627124004669e+02
2.205000000000000000e+05	3.230459627124004669e+02
2.205000000000000000e+05	3.249374185246704201e+02
2.214000000000000000e+05	3.249374185246704201e+02
2.214000000000000000e+05	3.249247482427236946e+02
2.223000000000000000e+05	3.249247482427236946e+02
2.223000000000000000e+05	3.249120827121327011e+02
2.232000000000000000e+05	3.249120827121327011e+02
2.232000000000000000e+05	3.226092972587230179e+02
2.241000000000000000e+05	3.226092972587230179e+02
2.241000000000000000e+05	3.225975000222509834e+02
2.250000000000000000e+05	3.225975000222509834e+02
2.250000000000000000e+05	3.225857072097426226e+02
2.259000000000000000e+05	3.225857072097426226e+02
2.259000000000000000e+05	3.224839188195389852e+02
2.268000000000000000e+05	3.224839188195389852e+02
2.268000000000000000e+05	3.224222131173883099e+02
2.277000000000000000e+05	3.224222131173883099e+02
2.277000000000000000e+05	3.224104860374692407e+02
2.286000000000000000e+05	3.224104860374692407e+02
2.286000000000000000e+05	3.223987633552052330e+02
2.295000000000000000e+05	3.223987633552052330e+02
2.295000000000000000e+05	3.222970450689469999e+02
2.304000000000000000e+05	3.222970450689469999e+02
2.304000000000000000e+05	3.222356561714623808e+02
2.313000000000000000e+05	3.222356561714623808e+02
2.313000000000000000e+05	3.222950516819770428e+02
2.322000000000000000e+05	3.222950516819770428e+02
2.322000000000000000e+05	3.222833722875963076e+02
2.331000000000000000e+05	3.222833722875963076e+02
2.331000000000000000e+05	3.221816972729884583e+02
2.340000000000000000e+05	3.221816972729884583e+02
2.340000000000000000e+05	3.218784710365093247e+02
2.349000000000000000e+05	3.218784710365093247e+02
2.349000000000000000e+05	3.218669478598706064e+02
2.358000000000000000e+05	3.218669478598706064e+02
2.358000000000000000e+05	3.228408655379020047e+02
2.367000000000000000e+05	3.228408655379020047e+02
2.367000000000000000e+05	3.228289814633253059e+02
2.376000000000000000e+05	3.228289814633253059e+02
2.376000000000000000e+05	3.223112864810105975e+02
2.385000000000000000e+05	3.223112864810105975e+02
2.385000000000000000e+05	3.222096009985801857e+02
2.394000000000000000e+05	3.222096009985801857e+02
2.394000000000000000e+05	3.221779536502057226e+02
2.403000000000000000e+05	3.221779536502057226e+02
2.403000000000000000e+05	3.218163182025868991e+02
2.412000000000000000e+05	3.218163182025868991e+02
2.412000000000000000e+05	3.217610520874421809e+02
2.421000000000000000e+05	3.217610520874421809e+02
2.421000000000000000e+05	3.222081904478845900e+02
2.430000000000000000e+05	3.222081904478845900e+02
2.430000000000000000e+05	3.221965436264666778e+02
2.439000000000000000e+05	3.221965436264666778e+02
2.439000000000000000e+05	3.221849011726067715e+02
2.448000000000000000e+05	3.221849011726067715e+02
2.448000000000000000e+05	3.213458527723370253e+02
2.457000000000000000e+05	3.213458527723370253e+02
2.457000000000000000e+05	3.221616293610103412e+02
2.466000000000000000e+05	3.221616293610103412e+02
2.466000000000000000e+05	3.221499999999999773e+02
2.475000000000000000e+05	3.221499999999999773e+02
2.475000000000000000e+05	3.197383748350000019e+02
2.484000000000000000e+05	3.197383748350000019e+02
2.484000000000000000e+05	3.188789933812832373e+02
2.493000000000000000e+05	3.188789933812832373e+02
2.493000000000000000e+05	3.188685950087652827e+02
2.502000000000000000e+05	3.188685950087652827e+02
2.502000000000000000e+05	3.187682005356369928e+02
2.511000000000000000e+05	3.187682005356369928e+02
2.511000000000000000e+05	3.167978436964357911e+02
2.520000000000000000e+05	3.167978436964357911e+02
2.520000000000000000e+05	3.167684450094025692e+02
2.529000000000000000e+05	3.167684450094025692e+02
2.529000000000000000e+05	3.167588380925240017e+02
2.538000000000000000e+05	3.167588380925240017e+02
2.538000000000000000e+05	3.167492347782393267e+02
2.547000000000000000e+05	3.167492347782393267e+02
2.547000000000000000e+05	3.167396350651972057e+02
2.556000000000000000e+05	3.167396350651972057e+02
2.556000000000000000e+05	3.166903095453698711e+02
2.565000000000000000e+05	3.166903095453698711e+02
2.565000000000000000e+05	3.166807319292903458e+02
2.574000000000000000e+05	3.166807319292903458e+02
2.574000000000000000e+05	3.166711579048168801e+02
2.583000000000000000e+05	3.166711579048168801e+02
2.583000000000000000e+05	3.166615874706022851e+02
2.592000000000000000e+05	3.166615874706022851e+02
2.592000000000000000e+05	3.166124029019266573e+02
2.601000000000000000e+05	3.166124029019266573e+02
2.601000000000000000e+05	3.166028545008384754e+02
2.610000000000000000e+05	3.166028545008384754e+02
2.610000000000000000e+05	3.165933096804006368e+02
2.619000000000000000e+05	3.165933096804006368e+02
2.619000000000000000e+05	3.165837684392702727e+02
2.628000000000000000e+05	3.165837684392702727e+02
2.628000000000000000e+05	3.165347245596515222e+02
2.637000000000000000e+05	3.165347245596515222e+02
2.637000000000000000e+05	3.165252052879416738e+02
2.646000000000000000e+05	3.165252052879416738e+02
2.646000000000000000e+05	3.165156895859586825e+02
2.655000000000000000e+05	3.165156895859586825e+02
2.655000000000000000e+05	3.165061774523637155e+02
2.664000000000000000e+05	3.165061774523637155e+02
2.664000000000000000e+05	3.164572739984308782e+02
2.673000000000000000e+05	3.164572739984308782e+02
2.673000000000000000e+05	3.164477837706814967e+02
2.682000000000000000e+05	3.164477837706814967e+02
2.682000000000000000e+05	3.164382971017674890e+02
2.691000000000000000e+05	3.164382971017674890e+02
2.691000000000000000e+05	3.164288139903541150e+02
2.700000000000000000e+05	3.164288139903541150e+02
2.700000000000000000e+05	3.163800506801881625e+02
2.709000000000000000e+05	3.163800506801881625e+02
2.709000000000000000e+05	3.163705894111830617e+02
2.718000000000000000e+05	3.163705894111830617e+02
2.718000000000000000e+05	3.163611316901538544e+02
2.727000000000000000e+05	3.163611316901538544e+02
2.727000000000000000e+05	3.163516775157698362e+02
2.736000000000000000e+05	3.163516775157698362e+02
2.736000000000000000e+05	3.163030540840047706e+02
2.745000000000000000e+05	3.163030540840047706e+02
2.745000000000000000e+05	3.162936216887231922e+02
2.754000000000000000e+05	3.162936216887231922e+02
2.754000000000000000e+05	3.162841928305899160e+02
2.763000000000000000e+05	3.162841928305899160e+02
2.763000000000000000e+05	3.162747675082783303e+02
2.772000000000000000e+05	3.162747675082783303e+02
2.772000000000000000e+05	3.162262836863407642e+02
2.781000000000000000e+05	3.162262836863407642e+02
2.781000000000000000e+05	3.162168800799582868e+02
2.790000000000000000e+05	3.162168800799582868e+02
2.790000000000000000e+05	3.162074799999282959e+02
2.799000000000000000e+05	3.162074799999282959e+02
2.799000000000000000e+05	3.161980834449283293e+02
2.808000000000000000e+05	3.161980834449283293e+02
2.808000000000000000e+05	3.161497389535804245e+02
2.817000000000000000e+05	3.161497389535804245e+02
2.817000000000000000e+05	3.161403640514728295e+02
2.826000000000000000e+05	3.161403640514728295e+02
2.826000000000000000e+05	3.161309926649535100e+02
2.835000000000000000e+05	3.161309926649535100e+02
2.835000000000000000e+05	3.161216247927039831e+02
2.844000000000000000e+05	3.161216247927039831e+02
2.844000000000000000e+05	3.160734193519928112e+02
2.853000000000000000e+05	3.160734193519928112e+02
2.853000000000000000e+05	3.131740730527357641e+02
2.862000000000000000e+05	3.131740730527357641e+02
2.862000000000000000e+05	3.131658140253409783e+02
2.871000000000000000e+05	3.131658140253409783e+02
2.871000000000000000e+05	3.130675580950811536e+02
2.880000000000000000e+05	3.130675580950811536e+02
2.880000000000000000e+05	3.130729867849656216e+02
2.889000000000000000e+05	3.130729867849656216e+02
2.889000000000000000e+05	3.129747656649212217e+02
2.898000000000000000e+05	3.129747656649212217e+02
2.898000000000000000e+05	3.128765813777968674e+02
2.907000000000000000e+05	3.128765813777968674e+02
2.907000000000000000e+05	3.127784339097797215e+02
2.916000000000000000e+05	3.127784339097797215e+02
2.916000000000000000e+05	3.126456022680255273e+02
2.925000000000000000e+05	3.126456022680255273e+02
2.925000000000000000e+05	3.125475414171750117e+02
2.934000000000000000e+05	3.125475414171750117e+02
2.934000000000000000e+05	3.126105699707225085e+02
2.943000000000000000e+05	3.126105699707225085e+02
2.943000000000000000e+05	3.125835748885598946e+02
2.952000000000000000e+05	3.125835748885598946e+02
2.952000000000000000e+05	3.138736481327181309e+02
2.961000000000000000e+05	3.138736481327181309e+02
2.961000000000000000e+05	3.138651267646683891e+02
2.970000000000000000e+05	3.138651267646683891e+02
2.970000000000000000e+05	3.138566085921316358e+02
2.979000000000000000e+05	3.138566085921316358e+02
2.979000000000000000e+05	3.138280936159095518e+02
2.988000000000000000e+05	3.138280936159095518e+02
2.988000000000000000e+05	3.137878635495800381e+02
2.997000000000000000e+05	3.137878635495800381e+02
2.997000000000000000e+05	3.137793743507489239e+02
3.006000000000000000e+05	3.137793743507489239e+02
3.006000000000000000e+05	3.137708883353673741e+02
3.015000000000000000e+05	3.137708883353673741e+02
3.015000000000000000e+05	3.136724055022416451e+02
3.024000000000000000e+05	3.136724055022416451e+02
3.024000000000000000e+05	3.135390427291268338e+02
3.033000000000000000e+05	3.135390427291268338e+02
3.033000000000000000e+05	3.135306468381033937e+02
3.042000000000000000e+05	3.135306468381033937e+02
3.042000000000000000e+05	3.135222540955390969e+02
3.051000000000000000e+05	3.135222540955390969e+02
3.051000000000000000e+05	3.135138645002532485e+02
3.060000000000000000e+05	3.135138645002532485e+02
3.060000000000000000e+05	3.133105512106037622e+02
3.069000000000000000e+05	3.133105512106037622e+02
3.069000000000000000e+05	3.133022410038997805e+02
3.078000000000000000e+05	3.133022410038997805e+02
3.078000000000000000e+05	3.132939339135233467e+02
3.087000000000000000e+05	3.132939339135233467e+02
3.087000000000000000e+05	3.132856299383057603e+02
3.096000000000000000e+05	3.132856299383057603e+02
3.096000000000000000e+05	3.132423398071332485e+02
3.105000000000000000e+05	3.132423398071332485e+02
3.105000000000000000e+05	3.132340551797055923e+02
3.114000000000000000e+05	3.132340551797055923e+02
3.114000000000000000e+05	3.132257736590132140e+02
3.123000000000000000e+05	3.132257736590132140e+02
3.123000000000000000e+05	3.131274952438910759e+02
3.132000000000000000e+05	3.131274952438910759e+02
3.132000000000000000e+05	3.130838992015332565e+02
3.141000000000000000e+05	3.130838992015332565e+02
3.141000000000000000e+05	3.130756739893326426e+02
3.150000000000000000e+05	3.130756739893326426e+02
3.150000000000000000e+05	3.130674518615866191e+02
3.159000000000000000e+05	3.130674518615866191e+02
3.159000000000000000e+05	3.129692328171385611e+02
3.168000000000000000e+05	3.129692328171385611e+02
3.168000000000000000e+05	3.129258936760955976e+02
3.177000000000000000e+05	3.129258936760955976e+02
3.177000000000000000e+05	3.129177277159670325e+02
3.186000000000000000e+05	3.129177277159670325e+02
3.186000000000000000e+05	3.129095648180735338e+02
3.195000000000000000e+05	3.129095648180735338e+02
3.195000000000000000e+05	3.128114049812667758e+02
3.204000000000000000e+05	3.128114049812667758e+02
3.204000000000000000e+05	3.127683224553014156e+02
3.213000000000000000e+05	3.127683224553014156e+02
3.213000000000000000e+05	3.127602155843806599e+02
3.222000000000000000e+05	3.127602155843806599e+02
3.222000000000000000e+05	3.127521117535364965e+02
3.231000000000000000e+05	3.127521117535364965e+02
3.231000000000000000e+05	3.127440109616289305e+02
3.240000000000000000e+05	3.127440109616289305e+02
3.240000000000000000e+05	3.127018148255984329e+02
3.249000000000000000e+05	3.127018148255984329e+02
3.249000000000000000e+05	3.126037328950387746e+02
3.258000000000000000e+05	3.126037328950387746e+02
3.258000000000000000e+05	3.125756877472031192e+02
3.267000000000000000e+05	3.125756877472031192e+02
3.267000000000000000e+05	3.125476531162979654e+02
3.276000000000000000e+05	3.125476531162979654e+02
3.276000000000000000e+05	3.125060888400545309e+02
3.285000000000000000e+05	3.125060888400545309e+02
3.285000000000000000e+05	3.124080803067395209e+02
3.294000000000000000e+05	3.124080803067395209e+02
3.294000000000000000e+05	3.124001085266244786e+02
3.303000000000000000e+05	3.124001085266244786e+02
3.303000000000000000e+05	3.123921397359270031e+02
3.312000000000000000e+05	3.123921397359270031e+02
3.312000000000000000e+05	3.123503281108627334e+02
3.321000000000000000e+05	3.123503281108627334e+02
3.321000000000000000e+05	3.123423779878211803e+02
3.330000000000000000e+05	3.123423779878211803e+02
3.330000000000000000e+05	3.123344308460757475e+02
3.339000000000000000e+05	3.123344308460757475e+02
3.339000000000000000e+05	3.116864866405085195e+02
3.348000000000000000e+05	3.116864866405085195e+02
3.348000000000000000e+05	3.116516751284372049e+02
3.357000000000000000e+05	3.116516751284372049e+02
3.357000000000000000e+05	3.116439870002640191e+02
3.366000000000000000e+05	3.116439870002640191e+02
3.366000000000000000e+05	3.115463017551388702e+02
3.375000000000000000e+05	3.115463017551388702e+02
3.375000000000000000e+05	3.095786531279807150e+02
3.384000000000000000e+05	3.095786531279807150e+02
3.384000000000000000e+05	3.095635185596809720e+02
3.393000000000000000e+05	3.095635185596809720e+02
3.393000000000000000e+05	3.095566134902210820e+02
3.402000000000000000e+05	3.095566134902210820e+02
3.402000000000000000e+05	3.095497110101622411e+02
3.411000000000000000e+05	3.095497110101622411e+02
3.411000000000000000e+05	3.095428111185333933e+02
3.420000000000000000e+05	3.095428111185333933e+02
3.420000000000000000e+05	3.095075580496437055e+02
3.429000000000000000e+05	3.095075580496437055e+02
3.429000000000000000e+05	3.095006739653751424e+02
3.438000000000000000e+05	3.095006739653751424e+02
3.438000000000000000e+05	3.094937924626381118e+02
3.447000000000000000e+05	3.094937924626381118e+02
3.447000000000000000e+05	3.094869135404646272e+02
3.456000000000000000e+05	3.094869135404646272e+02
3.456000000000000000e+05	3.094517583349788765e+02
3.465000000000000000e+05	3.094517583349788765e+02
3.465000000000000000e+05	3.094448951756032216e+02
3.474000000000000000e+05	3.094448951756032216e+02
3.474000000000000000e+05	3.094380345899123768e+02
3.483000000000000000e+05	3.094380345899123768e+02
3.483000000000000000e+05	3.094311765769411409e+02
3.492000000000000000e+05	3.094311765769411409e+02
3.492000000000000000e+05	3.093961190995618153e+02
3.501000000000000000e+05	3.093961190995618153e+02
3.501000000000000000e+05	3.093892768048995094e+02
3.510000000000000000e+05	3.093892768048995094e+02
3.510000000000000000e+05	3.093824370760976876e+02
3.519000000000000000e+05	3.093824370760976876e+02
3.519000000000000000e+05	3.093755999121941613e+02
3.528000000000000000e+05	3.093755999121941613e+02
3.528000000000000000e+05	3.093406400184300082e+02
3.537000000000000000e+05	3.093406400184300082e+02
3.537000000000000000e+05	3.136336220477242591e+02
3.546000000000000000e+05	3.136336220477242591e+02
3.546000000000000000e+05	3.136251906894563604e+02
3.555000000000000000e+05	3.136251906894563604e+02
3.555000000000000000e+05	3.136167624929477711e+02
3.564000000000000000e+05	3.136167624929477711e+02
3.564000000000000000e+05	3.144999024824540470e+02
3.573000000000000000e+05	3.144999024824540470e+02
3.573000000000000000e+05	3.180475574530743188e+02
3.582000000000000000e+05	3.180475574530743188e+02
3.582000000000000000e+05	3.229347140223069914e+02
3.591000000000000000e+05	3.229347140223069914e+02
3.591000000000000000e+05	3.261755686188357686e+02
3.600000000000000000e+05	3.261755686188357686e+02
3.600000000000000000e+05	3.222220561590448256e+02
3.609000000000000000e+05	3.222220561590448256e+02
3.609000000000000000e+05	3.241499999999999773e+02
3.618000000000000000e+05	3.241499999999999773e+02
3.618000000000000000e+05	3.261361796287044399e+02
3.627000000000000000e+05	3.261361796287044399e+02
3.627000000000000000e+05	3.261230598113436940e+02
3.636000000000000000e+05	3.261230598113436940e+02
3.636000000000000000e+05	3.251053556670687499e+02
3.645000000000000000e+05	3.251053556670687499e+02
3.645000000000000000e+05	3.260968349345717456e+02
3.654000000000000000e+05	3.260968349345717456e+02
3.654000000000000000e+05	3.260837298714712915e+02
3.663000000000000000e+05	3.260837298714712915e+02
3.663000000000000000e+05	3.260706297227695245e+02
3.672000000000000000e+05	3.260706297227695245e+02
3.672000000000000000e+05	3.262203358676640619e+02
3.681000000000000000e+05	3.262203358676640619e+02
3.681000000000000000e+05	3.262071844917136900e+02
3.690000000000000000e+05	3.262071844917136900e+02
3.690000000000000000e+05	3.261940380475293182e+02
3.699000000000000000e+05	3.261940380475293182e+02
3.699000000000000000e+05	3.261808965332614889e+02
3.708000000000000000e+05	3.261808965332614889e+02
3.708000000000000000e+05	3.261114854517356321e+02
3.717000000000000000e+05	3.261114854517356321e+02
3.717000000000000000e+05	3.232083748776911989e+02
3.726000000000000000e+05	3.232083748776911989e+02
3.726000000000000000e+05	3.231963529871119363e+02
3.735000000000000000e+05	3.231963529871119363e+02
3.735000000000000000e+05	3.230943356047416728e+02
3.744000000000000000e+05	3.230943356047416728e+02
3.744000000000000000e+05	3.230828325874324491e+02
3.753000000000000000e+05	3.230828325874324491e+02
3.753000000000000000e+05	3.229808577752121437e+02
3.762000000000000000e+05	3.229808577752121437e+02
3.762000000000000000e+05	3.228789212035462697e+02
3.771000000000000000e+05	3.228789212035462697e+02
3.771000000000000000e+05	3.227770228580948242e+02
3.780000000000000000e+05	3.227770228580948242e+02
3.780000000000000000e+05	3.226264098908534947e+02
3.789000000000000000e+05	3.226264098908534947e+02
3.789000000000000000e+05	3.225246062371444395e+02
3.798000000000000000e+05	3.225246062371444395e+02
3.798000000000000000e+05	3.225128407598053855e+02
3.807000000000000000e+05	3.225128407598053855e+02
3.807000000000000000e+05	3.224110796945203106e+02
3.816000000000000000e+05	3.224110796945203106e+02
3.816000000000000000e+05	3.223488586189562852e+02
3.825000000000000000e+05	3.223488586189562852e+02
3.825000000000000000e+05	3.223371590469741932e+02
3.834000000000000000e+05	3.223371590469741932e+02
3.834000000000000000e+05	3.223254638623315600e+02
3.843000000000000000e+05	3.223254638623315600e+02
3.843000000000000000e+05	3.222937730653832205e+02
3.852000000000000000e+05	3.222937730653832205e+02
3.852000000000000000e+05	3.222301005334036859e+02
3.861000000000000000e+05	3.222301005334036859e+02
3.861000000000000000e+05	3.222184454957035769e+02
3.870000000000000000e+05	3.222184454957035769e+02
3.870000000000000000e+05	3.242038398546233111e+02
3.879000000000000000e+05	3.242038398546233111e+02
3.879000000000000000e+05	3.241014446646777856e+02
3.888000000000000000e+05	3.241014446646777856e+02
3.888000000000000000e+05	3.207118598478176636e+02
3.897000000000000000e+05	3.207118598478176636e+02
3.897000000000000000e+05	3.207718267819537346e+02
3.906000000000000000e+05	3.207718267819537346e+02
3.906000000000000000e+05	3.208317712284894583e+02
3.915000000000000000e+05	3.208317712284894583e+02
3.915000000000000000e+05	3.208916931958577266e+02
3.924000000000000000e+05	3.208916931958577266e+02
3.924000000000000000e+05	3.218862282493378757e+02
3.933000000000000000e+05	3.218862282493378757e+02
3.933000000000000000e+05	3.218747021637443595e+02
3.942000000000000000e+05	3.218747021637443595e+02
3.942000000000000000e+05	3.218631804004329524e+02
3.951000000000000000e+05	3.218631804004329524e+02
3.951000000000000000e+05	3.218516629577828212e+02
3.960000000000000000e+05	3.218516629577828212e+02
3.960000000000000000e+05	3.217970760657453297e+02
3.969000000000000000e+05	3.217970760657453297e+02
3.969000000000000000e+05	3.217855834122206602e+02
3.978000000000000000e+05	3.217855834122206602e+02
3.978000000000000000e+05	3.217740950684411132e+02
3.987000000000000000e+05	3.217740950684411132e+02
3.987000000000000000e+05	3.216726110327904280e+02
3.996000000000000000e+05	3.216726110327904280e+02
3.996000000000000000e+05	3.216127600103215514e+02
4.005000000000000000e+05	3.216127600103215514e+02
4.005000000000000000e+05	3.216013364753176234e+02
4.014000000000000000e+05	3.216013364753176234e+02
4.014000000000000000e+05	3.215899172241394126e+02
4.023000000000000000e+05	3.215899172241394126e+02
4.023000000000000000e+05	3.214885022551803786e+02
4.032000000000000000e+05	3.214885022551803786e+02
4.032000000000000000e+05	3.211240142472018420e+02
4.041000000000000000e+05	3.211240142472018420e+02
4.041000000000000000e+05	3.211127739918591146e+02
4.050000000000000000e+05	3.211127739918591146e+02
4.050000000000000000e+05	3.211015379516121584e+02
4.059000000000000000e+05	3.211015379516121584e+02
4.059000000000000000e+05	3.210003061248802965e+02
4.068000000000000000e+05	3.210003061248802965e+02
4.068000000000000000e+05	3.210023193677405970e+02
4.077000000000000000e+05	3.210023193677405970e+02
4.077000000000000000e+05	3.209911247479776648e+02
4.086000000000000000e+05	3.209911247479776648e+02
4.086000000000000000e+05	3.209799343261972240e+02
4.095000000000000000e+05	3.209799343261972240e+02
4.095000000000000000e+05	3.209687481008248824e+02
4.104000000000000000e+05	3.209687481008248824e+02
4.104000000000000000e+05	3.209098207768192879e+02
4.113000000000000000e+05	3.209098207768192879e+02
4.113000000000000000e+05	3.208086608440279406e+02
4.122000000000000000e+05	3.208086608440279406e+02
4.122000000000000000e+05	3.207775388482114636e+02
4.131000000000000000e+05	3.207775388482114636e+02
4.131000000000000000e+05	3.207464285231433792e+02
4.140000000000000000e+05	3.207464285231433792e+02
4.140000000000000000e+05	3.206893979512267379e+02
4.149000000000000000e+05	3.206893979512267379e+02
4.149000000000000000e+05	3.205883206769950107e+02
4.158000000000000000e+05	3.205883206769950107e+02
4.158000000000000000e+05	3.205772813067411562e+02
4.167000000000000000e+05	3.205772813067411562e+02
4.167000000000000000e+05	3.205662460762511046e+02
4.176000000000000000e+05	3.205662460762511046e+02
4.176000000000000000e+05	3.205090090987769713e+02
4.185000000000000000e+05	3.205090090987769713e+02
4.185000000000000000e+05	3.204979994703649027e+02
4.194000000000000000e+05	3.204979994703649027e+02
4.194000000000000000e+05	3.204869939705635602e+02
4.203000000000000000e+05	3.204869939705635602e+02
4.203000000000000000e+05	3.198359925538245534e+02
4.212000000000000000e+05	3.198359925538245534e+02
4.212000000000000000e+05	3.197379858580578116e+02
4.221000000000000000e+05	3.197379858580578116e+02
4.221000000000000000e+05	3.226120022054662400e+02
4.230000000000000000e+05	3.226120022054662400e+02
4.230000000000000000e+05	3.225102039546391666e+02
4.239000000000000000e+05	3.225102039546391666e+02
4.239000000000000000e+05	3.205384438641561928e+02
4.248000000000000000e+05	3.205384438641561928e+02
4.248000000000000000e+05	3.183457473613219122e+02
4.257000000000000000e+05	3.183457473613219122e+02
4.257000000000000000e+05	3.183355489560614160e+02
4.266000000000000000e+05	3.183355489560614160e+02
4.266000000000000000e+05	3.183253543752028918e+02
4.275000000000000000e+05	3.183253543752028918e+02
4.275000000000000000e+05	3.183151636173121801e+02
4.284000000000000000e+05	3.183151636173121801e+02
4.284000000000000000e+05	3.182623033141140354e+02
4.293000000000000000e+05	3.182623033141140354e+02
4.293000000000000000e+05	3.182521362003711829e+02
4.302000000000000000e+05	3.182521362003711829e+02
4.302000000000000000e+05	3.182419728992960586e+02
4.311000000000000000e+05	3.182419728992960586e+02
4.311000000000000000e+05	3.182318134094588231e+02
4.320000000000000000e+05	3.182318134094588231e+02
4.320000000000000000e+05	3.189373846362776135e+02
4.329000000000000000e+05	3.189373846362776135e+02
4.329000000000000000e+05	3.189269643670389769e+02
4.338000000000000000e+05	3.189269643670389769e+02
4.338000000000000000e+05	3.210731409726269021e+02
4.347000000000000000e+05	3.210731409726269021e+02
4.347000000000000000e+05	3.231144811587111576e+02
4.356000000000000000e+05	3.231144811587111576e+02
4.356000000000000000e+05	3.240812586470172505e+02
4.365000000000000000e+05	3.240812586470172505e+02
4.365000000000000000e+05	3.277027676142633936e+02
4.374000000000000000e+05	3.277027676142633936e+02
4.374000000000000000e+05	3.276890603264080823e+02
4.383000000000000000e+05	3.276890603264080823e+02
4.383000000000000000e+05	3.276753581787857001e+02
4.392000000000000000e+05	3.276753581787857001e+02
4.392000000000000000e+05	3.255353173640542650e+02
4.401000000000000000e+05	3.255353173640542650e+02
4.401000000000000000e+05	3.255224228700427602e+02
4.410000000000000000e+05	3.255224228700427602e+02
4.410000000000000000e+05	3.280043332114664736e+02
4.419000000000000000e+05	3.280043332114664736e+02
4.419000000000000000e+05	3.279905128365122096e+02
4.428000000000000000e+05	3.279905128365122096e+02
4.428000000000000000e+05	3.253821098672777907e+02
4.437000000000000000e+05	3.253821098672777907e+02
4.437000000000000000e+05	3.253692728260775198e+02
4.446000000000000000e+05	3.253692728260775198e+02
4.446000000000000000e+05	3.253564405987677901e+02
4.455000000000000000e+05	3.253564405987677901e+02
4.455000000000000000e+05	3.253436131835432548e+02
4.464000000000000000e+05	3.253436131835432548e+02
4.464000000000000000e+05	3.252758763992426907e+02
4.473000000000000000e+05	3.252758763992426907e+02
4.473000000000000000e+05	3.252630791955929794e+02
4.482000000000000000e+05	3.252630791955929794e+02
4.482000000000000000e+05	3.277450867908946748e+02
4.491000000000000000e+05	3.277450867908946748e+02
4.491000000000000000e+05	3.277313636333480531e+02
4.500000000000000000e+05	3.277313636333480531e+02
4.500000000000000000e+05	3.249904524549772304e+02
4.509000000000000000e+05	3.249904524549772304e+02
4.509000000000000000e+05	3.249777622853065964e+02
4.518000000000000000e+05	3.249777622853065964e+02
4.518000000000000000e+05	3.255524048433740063e+02
4.527000000000000000e+05	3.255524048433740063e+02
4.527000000000000000e+05	3.264852364739486461e+02
4.536000000000000000e+05	3.264852364739486461e+02
4.536000000000000000e+05	3.271321187665554362e+02
4.545000000000000000e+05	3.271321187665554362e+02
4.545000000000000000e+05	3.271186254720179818e+02
4.554000000000000000e+05	3.271186254720179818e+02
4.554000000000000000e+05	3.271051372374660104e+02
4.563000000000000000e+05	3.271051372374660104e+02
4.563000000000000000e+05	3.270916540610019752e+02
4.572000000000000000e+05	3.270916540610019752e+02
4.572000000000000000e+05	3.270203965921477902e+02
4.581000000000000000e+05	3.270203965921477902e+02
4.581000000000000000e+05	3.241169451764257019e+02
4.590000000000000000e+05	3.241169451764257019e+02
4.590000000000000000e+05	3.241045825719844515e+02
4.599000000000000000e+05	3.241045825719844515e+02
4.599000000000000000e+05	3.240022246035199487e+02
4.608000000000000000e+05	3.240022246035199487e+02
4.608000000000000000e+05	3.239891208242056564e+02
4.617000000000000000e+05	3.239891208242056564e+02
4.617000000000000000e+05	3.238868061538965435e+02
4.626000000000000000e+05	3.238868061538965435e+02
4.626000000000000000e+05	3.237845298515888430e+02
4.635000000000000000e+05	3.237845298515888430e+02
4.635000000000000000e+05	3.236822919028945194e+02
4.644000000000000000e+05	3.236822919028945194e+02
4.644000000000000000e+05	3.235300328272080606e+02
4.653000000000000000e+05	3.235300328272080606e+02
4.653000000000000000e+05	3.234278903148978088e+02
4.662000000000000000e+05	3.234278903148978088e+02
4.662000000000000000e+05	3.234157861060297705e+02
4.671000000000000000e+05	3.234157861060297705e+02
4.671000000000000000e+05	3.233136864362400047e+02
4.680000000000000000e+05	3.233136864362400047e+02
4.680000000000000000e+05	3.232498200973394091e+02
4.689000000000000000e+05	3.232498200973394091e+02
4.689000000000000000e+05	3.232377826648029213e+02
4.698000000000000000e+05	3.232377826648029213e+02
4.698000000000000000e+05	3.232257497463036202e+02
4.707000000000000000e+05	3.232257497463036202e+02
4.707000000000000000e+05	3.231937213421487627e+02
4.716000000000000000e+05	3.231937213421487627e+02
4.716000000000000000e+05	3.230446979278679578e+02
4.725000000000000000e+05	3.230446979278679578e+02
4.725000000000000000e+05	3.230327374161450393e+02
4.734000000000000000e+05	3.230327374161450393e+02
4.734000000000000000e+05	3.230918340211928808e+02
4.743000000000000000e+05	3.230918340211928808e+02
4.743000000000000000e+05	3.229898558334349445e+02
4.752000000000000000e+05	3.229898558334349445e+02
4.752000000000000000e+05	3.213529063102955661e+02
4.761000000000000000e+05	3.213529063102955661e+02
4.761000000000000000e+05	3.221499999999999773e+02
4.770000000000000000e+05	3.221499999999999773e+02
4.770000000000000000e+05	3.221383749999999964e+02
4.779000000000000000e+05	3.221383749999999964e+02
4.779000000000000000e+05	3.231658061832767430e+02
4.788000000000000000e+05	3.231658061832767430e+02
4.788000000000000000e+05	3.219079687501234162e+02
4.797000000000000000e+05	3.219079687501234162e+02
4.797000000000000000e+05	3.218964345118420738e+02
4.806000000000000000e+05	3.218964345118420738e+02
4.806000000000000000e+05	3.218849045989001638e+02
4.815000000000000000e+05	3.218849045989001638e+02
4.815000000000000000e+05	3.218733790096756024e+02
4.824000000000000000e+05	3.218733790096756024e+02
4.824000000000000000e+05	3.218129091764448049e+02
4.833000000000000000e+05	3.218129091764448049e+02
4.833000000000000000e+05	3.218014105855036178e+02
4.842000000000000000e+05	3.218014105855036178e+02
4.842000000000000000e+05	3.217899163065340531e+02
4.851000000000000000e+05	3.217899163065340531e+02
4.851000000000000000e+05	3.216884263379191111e+02
4.860000000000000000e+05	3.216884263379191111e+02
4.860000000000000000e+05	3.216280131351550722e+02
4.869000000000000000e+05	3.216280131351550722e+02
4.869000000000000000e+05	3.216165838802280632e+02
4.878000000000000000e+05	3.216165838802280632e+02
4.878000000000000000e+05	3.216051589112730085e+02
4.887000000000000000e+05	3.216051589112730085e+02
4.887000000000000000e+05	3.215037382266812642e+02
4.896000000000000000e+05	3.215037382266812642e+02
4.896000000000000000e+05	3.214436407009376353e+02
4.905000000000000000e+05	3.214436407009376353e+02
4.905000000000000000e+05	3.214322805856747891e+02
4.914000000000000000e+05	3.214322805856747891e+02
4.914000000000000000e+05	3.214209247304551695e+02
4.923000000000000000e+05	3.214209247304551695e+02
4.923000000000000000e+05	3.213195731336812742e+02
4.932000000000000000e+05	3.213195731336812742e+02
4.932000000000000000e+05	3.212597904611254194e+02
4.941000000000000000e+05	3.212597904611254194e+02
4.941000000000000000e+05	3.212484992897025222e+02
4.950000000000000000e+05	3.212484992897025222e+02
4.950000000000000000e+05	3.212372123524688732e+02
4.959000000000000000e+05	3.212372123524688732e+02
4.959000000000000000e+05	3.212259296478367219e+02
4.968000000000000000e+05	3.212259296478367219e+02
4.968000000000000000e+05	3.211668061494205517e+02
4.977000000000000000e+05	3.211668061494205517e+02
4.977000000000000000e+05	3.210655498471144824e+02
4.986000000000000000e+05	3.210655498471144824e+02
4.986000000000000000e+05	3.210343315179218280e+02
4.995000000000000000e+05	3.210343315179218280e+02
4.995000000000000000e+05	3.210031248956025820e+02
5.004000000000000000e+05	3.210031248956025820e+02
5.004000000000000000e+05	3.209449769002094968e+02
5.013000000000000000e+05	3.209449769002094968e+02
5.013000000000000000e+05	3.208438037838719197e+02
5.022000000000000000e+05	3.208438037838719197e+02
5.022000000000000000e+05	3.225917068358287452e+02
5.031000000000000000e+05	3.225917068358287452e+02
5.031000000000000000e+05	3.225799161957652927e+02
5.040000000000000000e+05	3.225799161957652927e+02
5.040000000000000000e+05	3.203976233735616006e+02
5.049000000000000000e+05	3.203976233735616006e+02
5.049000000000000000e+05	3.203866555147965300e+02
5.058000000000000000e+05	3.203866555147965300e+02
5.058000000000000000e+05	3.232604286110837961e+02
5.067000000000000000e+05	3.232604286110837961e+02
5.067000000000000000e+05	3.208483870353546195e+02
5.076000000000000000e+05	3.208483870353546195e+02
5.076000000000000000e+05	3.180455009357898462e+02
5.085000000000000000e+05	3.180455009357898462e+02
5.085000000000000000e+05	3.180354151229389004e+02
5.094000000000000000e+05	3.180354151229389004e+02
5.094000000000000000e+05	3.179353330922677401e+02
5.103000000000000000e+05	3.179353330922677401e+02
5.103000000000000000e+05	3.159652885783581837e+02
5.112000000000000000e+05	3.159652885783581837e+02
5.112000000000000000e+05	3.159374760914689659e+02
5.121000000000000000e+05	3.159374760914689659e+02
5.121000000000000000e+05	3.159281807879346502e+02
5.130000000000000000e+05	3.159281807879346502e+02
5.130000000000000000e+05	3.159188889701391645e+02
5.139000000000000000e+05	3.159188889701391645e+02
5.139000000000000000e+05	3.159096006367753944e+02
5.148000000000000000e+05	3.159096006367753944e+02
5.148000000000000000e+05	3.158619198230873053e+02
5.157000000000000000e+05	3.158619198230873053e+02
5.157000000000000000e+05	3.158526528531535860e+02
5.166000000000000000e+05	3.158526528531535860e+02
5.166000000000000000e+05	3.158433893583336385e+02
5.175000000000000000e+05	3.158433893583336385e+02
5.175000000000000000e+05	3.158341293373242706e+02
5.184000000000000000e+05	3.158341293373242706e+02
5.184000000000000000e+05	3.157865841395661732e+02
5.193000000000000000e+05	3.157865841395661732e+02
5.193000000000000000e+05	3.157773454205138250e+02
5.202000000000000000e+05	3.157773454205138250e+02
5.202000000000000000e+05	3.157681101659811134e+02
5.211000000000000000e+05	3.157681101659811134e+02
5.211000000000000000e+05	3.157588783746689387e+02
5.220000000000000000e+05	3.157588783746689387e+02
5.220000000000000000e+05	3.157114685393456739e+02
5.229000000000000000e+05	3.157114685393456739e+02
5.229000000000000000e+05	3.157022579886433959e+02
5.238000000000000000e+05	3.157022579886433959e+02
5.238000000000000000e+05	3.156930508918976557e+02
5.247000000000000000e+05	3.156930508918976557e+02
5.247000000000000000e+05	3.156838472478131621e+02
5.256000000000000000e+05	3.156838472478131621e+02
5.256000000000000000e+05	3.156365725257097097e+02
5.265000000000000000e+05	3.156365725257097097e+02
5.265000000000000000e+05	3.185121269031178599e+02
5.274000000000000000e+05	3.185121269031178599e+02
5.274000000000000000e+05	3.185018661055291886e+02
5.283000000000000000e+05	3.185018661055291886e+02
5.283000000000000000e+05	3.184916091557396385e+02
5.292000000000000000e+05	3.184916091557396385e+02
5.292000000000000000e+05	3.180551985654667533e+02
5.301000000000000000e+05	3.180551985654667533e+02
5.301000000000000000e+05	3.180451091160046531e+02
5.310000000000000000e+05	3.180451091160046531e+02
5.310000000000000000e+05	3.209197602921914267e+02
5.319000000000000000e+05	3.209197602921914267e+02
5.319000000000000000e+05	3.209085966320818670e+02
5.328000000000000000e+05	3.209085966320818670e+02
5.328000000000000000e+05	3.177331938721977167e+02
5.337000000000000000e+05	3.177331938721977167e+02
5.337000000000000000e+05	3.177232251744956102e+02
5.346000000000000000e+05	3.177232251744956102e+02
5.346000000000000000e+05	3.226250909967866392e+02
5.355000000000000000e+05	3.226250909967866392e+02
5.355000000000000000e+05	3.262610790900991447e+02
5.364000000000000000e+05	3.262610790900991447e+02
5.364000000000000000e+05	3.215249475878604812e+02
5.373000000000000000e+05	3.215249475878604812e+02
5.373000000000000000e+05	3.240083569825149539e+02
5.382000000000000000e+05	3.240083569825149539e+02
5.382000000000000000e+05	3.262215939367578130e+02
5.391000000000000000e+05	3.262215939367578130e+02
5.391000000000000000e+05	3.262084420890315641e+02
5.400000000000000000e+05	3.262084420890315641e+02
5.400000000000000000e+05	3.247046043874235579e+02
5.409000000000000000e+05	3.247046043874235579e+02
5.409000000000000000e+05	3.246920214107782954e+02
5.418000000000000000e+05	3.246920214107782954e+02
5.418000000000000000e+05	3.261690161301129365e+02
5.427000000000000000e+05	3.261690161301129365e+02
5.427000000000000000e+05	3.261558839990642014e+02
5.436000000000000000e+05	3.261558839990642014e+02
5.436000000000000000e+05	3.244157678772936038e+02
5.445000000000000000e+05	3.244157678772936038e+02
5.445000000000000000e+05	3.215132931973396353e+02
5.454000000000000000e+05	3.215132931973396353e+02
5.454000000000000000e+05	3.215019069623906489e+02
5.463000000000000000e+05	3.215019069623906489e+02
5.463000000000000000e+05	3.214005249972797174e+02
5.472000000000000000e+05	3.214005249972797174e+02
5.472000000000000000e+05	3.213925081584067129e+02
5.481000000000000000e+05	3.213925081584067129e+02
5.481000000000000000e+05	3.212911672178473168e+02
5.490000000000000000e+05	3.212911672178473168e+02
5.490000000000000000e+05	3.211898642801406254e+02
5.499000000000000000e+05	3.211898642801406254e+02
5.499000000000000000e+05	3.210885993310355389e+02
5.508000000000000000e+05	3.210885993310355389e+02
5.508000000000000000e+05	3.209414483006518140e+02
5.517000000000000000e+05	3.209414483006518140e+02
5.517000000000000000e+05	3.208402765075391017e+02
5.526000000000000000e+05	3.208402765075391017e+02
5.526000000000000000e+05	3.208291426538488054e+02
5.535000000000000000e+05	3.208291426538488054e+02
5.535000000000000000e+05	3.207280129753536357e+02
5.544000000000000000e+05	3.207280129753536357e+02
5.544000000000000000e+05	3.206692423198403503e+02
5.553000000000000000e+05	3.206692423198403503e+02
5.553000000000000000e+05	3.206581726039703995e+02
5.562000000000000000e+05	3.206581726039703995e+02
5.562000000000000000e+05	3.206471070392439060e+02
5.571000000000000000e+05	3.206471070392439060e+02
5.571000000000000000e+05	3.206160456261042100e+02
5.580000000000000000e+05	3.206160456261042100e+02
5.580000000000000000e+05	3.205557324424981402e+02
5.589000000000000000e+05	3.205557324424981402e+02
5.589000000000000000e+05	3.205447052928321341e+02
5.598000000000000000e+05	3.205447052928321341e+02
5.598000000000000000e+05	3.205336822783473281e+02
5.607000000000000000e+05	3.205336822783473281e+02
5.607000000000000000e+05	3.228816097405548931e+02
5.616000000000000000e+05	3.228816097405548931e+02
5.616000000000000000e+05	3.208892973263714339e+02
5.625000000000000000e+05	3.208892973263714339e+02
5.625000000000000000e+05	3.208781450898740673e+02
5.634000000000000000e+05	3.208781450898740673e+02
5.634000000000000000e+05	3.208669970354653742e+02
5.643000000000000000e+05	3.208669970354653742e+02
5.643000000000000000e+05	3.237405900036823709e+02
5.652000000000000000e+05	3.237405900036823709e+02
5.652000000000000000e+05	3.194847287608351962e+02
5.661000000000000000e+05	3.194847287608351962e+02
5.661000000000000000e+05	3.194741032375499117e+02
5.670000000000000000e+05	3.194741032375499117e+02
5.670000000000000000e+05	3.194634816988358352e+02
5.679000000000000000e+05	3.194634816988358352e+02
5.679000000000000000e+05	3.194528641431987808e+02
5.688000000000000000e+05	3.194528641431987808e+02
5.688000000000000000e+05	3.193980398826125224e+02
5.697000000000000000e+05	3.193980398826125224e+02
5.697000000000000000e+05	3.193874468676565357e+02
5.706000000000000000e+05	3.193874468676565357e+02
5.706000000000000000e+05	3.193768578250811743e+02
5.715000000000000000e+05	3.193768578250811743e+02
5.715000000000000000e+05	3.192762727533967677e+02
5.724000000000000000e+05	3.192762727533967677e+02
5.724000000000000000e+05	3.192198860113186356e+02
5.733000000000000000e+05	3.192198860113186356e+02
5.733000000000000000e+05	3.192093598040643769e+02
5.742000000000000000e+05	3.192093598040643769e+02
5.742000000000000000e+05	3.191988375441378594e+02
5.751000000000000000e+05	3.191988375441378594e+02
5.751000000000000000e+05	3.190983192300587916e+02
5.760000000000000000e+05	3.190983192300587916e+02
5.760000000000000000e+05	3.190422376581561252e+02
5.769000000000000000e+05	3.190422376581561252e+02
5.769000000000000000e+05	3.190317780690343170e+02
5.778000000000000000e+05	3.190317780690343170e+02
5.778000000000000000e+05	3.190213224022584200e+02
5.787000000000000000e+05	3.190213224022584200e+02
5.787000000000000000e+05	3.189208706563575788e+02
5.796000000000000000e+05	3.189208706563575788e+02
5.796000000000000000e+05	3.188650934602057987e+02
5.805000000000000000e+05	3.188650934602057987e+02
5.805000000000000000e+05	3.188547003001581857e+02
5.814000000000000000e+05	3.188547003001581857e+02
5.814000000000000000e+05	3.188443110375456513e+02
5.823000000000000000e+05	3.188443110375456513e+02
5.823000000000000000e+05	3.188339256709065239e+02
5.832000000000000000e+05	3.188339256709065239e+02
5.832000000000000000e+05	3.187799691960640871e+02
5.841000000000000000e+05	3.187799691960640871e+02
5.841000000000000000e+05	3.184141079576155562e+02
5.850000000000000000e+05	3.184141079576155562e+02
5.850000000000000000e+05	3.183838839191314491e+02
5.859000000000000000e+05	3.183838839191314491e+02
5.859000000000000000e+05	3.183536712146618015e+02
5.868000000000000000e+05	3.183536712146618015e+02
5.868000000000000000e+05	3.183047298603468676e+02
5.877000000000000000e+05	3.183047298603468676e+02
5.877000000000000000e+05	3.182045468366492287e+02
5.886000000000000000e+05	3.182045468366492287e+02
5.886000000000000000e+05	3.181944013815854646e+02
5.895000000000000000e+05	3.181944013815854646e+02
5.895000000000000000e+05	3.181842597310674137e+02
5.904000000000000000e+05	3.181842597310674137e+02
5.904000000000000000e+05	3.181302166686528494e+02
5.913000000000000000e+05	3.181302166686528494e+02
5.913000000000000000e+05	3.181200990874021386e+02
5.922000000000000000e+05	3.181200990874021386e+02
5.922000000000000000e+05	3.181099853002443751e+02
5.931000000000000000e+05	3.181099853002443751e+02
5.931000000000000000e+05	3.174598752617568493e+02
5.940000000000000000e+05	3.174598752617568493e+02
5.940000000000000000e+05	3.174128752385924486e+02
5.949000000000000000e+05	3.174128752385924486e+02
5.949000000000000000e+05	3.174030266603779751e+02
5.958000000000000000e+05	3.174030266603779751e+02
5.958000000000000000e+05	3.173031817753803239e+02
5.967000000000000000e+05	3.173031817753803239e+02
5.967000000000000000e+05	3.153333743182145668e+02
5.976000000000000000e+05	3.153333743182145668e+02
5.976000000000000000e+05	3.153060986901315914e+02
5.985000000000000000e+05	3.153060986901315914e+02
5.985000000000000000e+05	3.152970401531227935e+02
5.994000000000000000e+05	3.152970401531227935e+02
5.994000000000000000e+05	3.152879850130653949e+02
6.003000000000000000e+05	3.152879850130653949e+02
6.003000000000000000e+05	3.152789332686854777e+02
6.012000000000000000e+05	3.152789332686854777e+02
6.012000000000000000e+05	3.152326007434961070e+02
6.021000000000000000e+05	3.152326007434961070e+02
6.021000000000000000e+05	3.177183697682172578e+02
6.030000000000000000e+05	3.177183697682172578e+02
6.030000000000000000e+05	3.177084066295541902e+02
6.039000000000000000e+05	3.177084066295541902e+02
6.039000000000000000e+05	3.176984472270681295e+02
6.048000000000000000e+05	3.176984472270681295e+02
