# #1
# double T_supply_HP_heat(1344, 2)
0.000000000000000000e+00	3.281499999999999773e+02
9.000000000000000000e+02	3.281499999999999773e+02
9.000000000000000000e+02	3.281499999999999773e+02
1.800000000000000000e+03	3.281499999999999773e+02
1.800000000000000000e+03	3.281499999999999773e+02
2.700000000000000000e+03	3.281499999999999773e+02
2.700000000000000000e+03	3.036514905445232557e+02
3.600000000000000000e+03	3.036514905445232557e+02
3.600000000000000000e+03	3.281499999999999773e+02
4.500000000000000000e+03	3.281499999999999773e+02
4.500000000000000000e+03	3.281499999999999773e+02
5.400000000000000000e+03	3.281499999999999773e+02
5.400000000000000000e+03	3.281499999999999773e+02
6.300000000000000000e+03	3.281499999999999773e+02
6.300000000000000000e+03	3.281499999999999773e+02
7.200000000000000000e+03	3.281499999999999773e+02
7.200000000000000000e+03	3.017096508228768812e+02
8.100000000000000000e+03	3.017096508228768812e+02
8.100000000000000000e+03	3.073722087689092177e+02
9.000000000000000000e+03	3.073722087689092177e+02
9.000000000000000000e+03	3.046463992634004967e+02
9.900000000000000000e+03	3.046463992634004967e+02
9.900000000000000000e+03	2.981499999999999773e+02
1.080000000000000000e+04	2.981499999999999773e+02
1.080000000000000000e+04	3.281499999999999773e+02
1.170000000000000000e+04	3.281499999999999773e+02
1.170000000000000000e+04	3.281499999999999773e+02
1.260000000000000000e+04	3.281499999999999773e+02
1.260000000000000000e+04	3.281499999999999773e+02
1.350000000000000000e+04	3.281499999999999773e+02
1.350000000000000000e+04	3.281499999999999773e+02
1.440000000000000000e+04	3.281499999999999773e+02
1.440000000000000000e+04	3.014988980997834460e+02
1.530000000000000000e+04	3.014988980997834460e+02
1.530000000000000000e+04	3.054821787161370708e+02
1.620000000000000000e+04	3.054821787161370708e+02
1.620000000000000000e+04	3.281499999999999773e+02
1.710000000000000000e+04	3.281499999999999773e+02
1.710000000000000000e+04	2.981499999999999773e+02
1.800000000000000000e+04	2.981499999999999773e+02
1.800000000000000000e+04	3.281499999999999773e+02
1.890000000000000000e+04	3.281499999999999773e+02
1.890000000000000000e+04	2.981499999999999773e+02
1.980000000000000000e+04	2.981499999999999773e+02
1.980000000000000000e+04	2.981499999999999773e+02
2.070000000000000000e+04	2.981499999999999773e+02
2.070000000000000000e+04	2.981499999999999773e+02
2.160000000000000000e+04	2.981499999999999773e+02
2.160000000000000000e+04	3.278686777499745517e+02
2.250000000000000000e+04	3.278686777499745517e+02
2.250000000000000000e+04	2.981499999999999773e+02
2.340000000000000000e+04	2.981499999999999773e+02
2.340000000000000000e+04	2.981499999999999773e+02
2.430000000000000000e+04	2.981499999999999773e+02
2.430000000000000000e+04	3.003578546477722284e+02
2.520000000000000000e+04	3.003578546477722284e+02
2.520000000000000000e+04	3.037545306744831919e+02
2.610000000000000000e+04	3.037545306744831919e+02
2.610000000000000000e+04	3.161139099513788437e+02
2.700000000000000000e+04	3.161139099513788437e+02
2.700000000000000000e+04	3.161139099513788437e+02
2.790000000000000000e+04	3.161139099513788437e+02
2.790000000000000000e+04	3.161139099513788437e+02
2.880000000000000000e+04	3.161139099513788437e+02
2.880000000000000000e+04	3.161139099513787869e+02
2.970000000000000000e+04	3.161139099513787869e+02
2.970000000000000000e+04	3.161139099513788437e+02
3.060000000000000000e+04	3.161139099513788437e+02
3.060000000000000000e+04	3.161139099513788437e+02
3.150000000000000000e+04	3.161139099513788437e+02
3.150000000000000000e+04	3.281499999999999773e+02
3.240000000000000000e+04	3.281499999999999773e+02
3.240000000000000000e+04	3.119555932383123036e+02
3.330000000000000000e+04	3.119555932383123036e+02
3.330000000000000000e+04	3.093032543386606221e+02
3.420000000000000000e+04	3.093032543386606221e+02
3.420000000000000000e+04	3.093032543386606221e+02
3.510000000000000000e+04	3.093032543386606221e+02
3.510000000000000000e+04	3.093032543386606221e+02
3.600000000000000000e+04	3.093032543386606221e+02
3.600000000000000000e+04	2.981499999999999773e+02
3.690000000000000000e+04	2.981499999999999773e+02
3.690000000000000000e+04	3.093032543386606221e+02
3.780000000000000000e+04	3.093032543386606221e+02
3.780000000000000000e+04	3.093032543386606221e+02
3.870000000000000000e+04	3.093032543386606221e+02
3.870000000000000000e+04	3.093032543386606221e+02
3.960000000000000000e+04	3.093032543386606221e+02
3.960000000000000000e+04	2.981499999999999773e+02
4.050000000000000000e+04	2.981499999999999773e+02
4.050000000000000000e+04	3.281499999999999773e+02
4.140000000000000000e+04	3.281499999999999773e+02
4.140000000000000000e+04	3.281499999999999773e+02
4.230000000000000000e+04	3.281499999999999773e+02
4.230000000000000000e+04	3.040676416742451238e+02
4.320000000000000000e+04	3.040676416742451238e+02
4.320000000000000000e+04	3.202745622770665932e+02
4.410000000000000000e+04	3.202745622770665932e+02
4.410000000000000000e+04	3.203361931977913741e+02
4.500000000000000000e+04	3.203361931977913741e+02
4.500000000000000000e+04	3.203978010069211564e+02
4.590000000000000000e+04	3.203978010069211564e+02
4.590000000000000000e+04	3.204593857131220034e+02
4.680000000000000000e+04	3.204593857131220034e+02
4.680000000000000000e+04	3.212906826607597282e+02
4.770000000000000000e+04	3.212906826607597282e+02
4.770000000000000000e+04	3.213519325363405983e+02
4.860000000000000000e+04	3.213519325363405983e+02
4.860000000000000000e+04	3.214131594432184329e+02
4.950000000000000000e+04	3.214131594432184329e+02
4.950000000000000000e+04	3.214743633900058626e+02
5.040000000000000000e+04	3.214743633900058626e+02
5.040000000000000000e+04	3.281499999999999773e+02
5.130000000000000000e+04	3.281499999999999773e+02
5.130000000000000000e+04	2.981499999999999773e+02
5.220000000000000000e+04	2.981499999999999773e+02
5.220000000000000000e+04	3.281499999999999773e+02
5.310000000000000000e+04	3.281499999999999773e+02
5.310000000000000000e+04	2.998184329499511023e+02
5.400000000000000000e+04	2.998184329499511023e+02
5.400000000000000000e+04	2.981499999999999773e+02
5.490000000000000000e+04	2.981499999999999773e+02
5.490000000000000000e+04	3.281499999999999773e+02
5.580000000000000000e+04	3.281499999999999773e+02
5.580000000000000000e+04	2.981500000000000341e+02
5.670000000000000000e+04	2.981500000000000341e+02
5.670000000000000000e+04	2.981499999999999773e+02
5.760000000000000000e+04	2.981499999999999773e+02
5.760000000000000000e+04	3.093032543386606221e+02
5.850000000000000000e+04	3.093032543386606221e+02
5.850000000000000000e+04	3.281499999999999773e+02
5.940000000000000000e+04	3.281499999999999773e+02
5.940000000000000000e+04	3.281499999999999773e+02
6.030000000000000000e+04	3.281499999999999773e+02
6.030000000000000000e+04	2.981499999999999773e+02
6.120000000000000000e+04	2.981499999999999773e+02
6.120000000000000000e+04	3.005824672359326541e+02
6.210000000000000000e+04	3.005824672359326541e+02
6.210000000000000000e+04	3.281499999999999773e+02
6.300000000000000000e+04	3.281499999999999773e+02
6.300000000000000000e+04	3.019176874341231382e+02
6.390000000000000000e+04	3.019176874341231382e+02
6.390000000000000000e+04	3.042430910199865934e+02
6.480000000000000000e+04	3.042430910199865934e+02
6.480000000000000000e+04	2.981499999999999773e+02
6.570000000000000000e+04	2.981499999999999773e+02
6.570000000000000000e+04	3.281499999999999773e+02
6.660000000000000000e+04	3.281499999999999773e+02
6.660000000000000000e+04	2.981499999999999773e+02
6.750000000000000000e+04	2.981499999999999773e+02
6.750000000000000000e+04	3.281499999999999773e+02
6.840000000000000000e+04	3.281499999999999773e+02
6.840000000000000000e+04	3.019371301436319186e+02
6.930000000000000000e+04	3.019371301436319186e+02
6.930000000000000000e+04	3.281499999999999773e+02
7.020000000000000000e+04	3.281499999999999773e+02
7.020000000000000000e+04	3.022300974461560941e+02
7.110000000000000000e+04	3.022300974461560941e+02
7.110000000000000000e+04	3.281499999999999773e+02
7.200000000000000000e+04	3.281499999999999773e+02
7.200000000000000000e+04	3.204799663918078068e+02
7.290000000000000000e+04	3.204799663918078068e+02
7.290000000000000000e+04	3.205415202859894634e+02
7.380000000000000000e+04	3.205415202859894634e+02
7.380000000000000000e+04	3.206030510974611616e+02
7.470000000000000000e+04	3.206030510974611616e+02
7.470000000000000000e+04	3.200245587908782454e+02
7.560000000000000000e+04	3.200245587908782454e+02
7.560000000000000000e+04	3.281499999999999773e+02
7.650000000000000000e+04	3.281499999999999773e+02
7.650000000000000000e+04	3.281499999999999773e+02
7.740000000000000000e+04	3.281499999999999773e+02
7.740000000000000000e+04	3.281499999999999773e+02
7.830000000000000000e+04	3.281499999999999773e+02
7.830000000000000000e+04	2.981499999999999773e+02
7.920000000000000000e+04	2.981499999999999773e+02
7.920000000000000000e+04	3.281499999999999773e+02
8.010000000000000000e+04	3.281499999999999773e+02
8.010000000000000000e+04	3.281499999999999773e+02
8.100000000000000000e+04	3.281499999999999773e+02
8.100000000000000000e+04	3.281499999999999773e+02
8.190000000000000000e+04	3.281499999999999773e+02
8.190000000000000000e+04	3.281499999999999773e+02
8.280000000000000000e+04	3.281499999999999773e+02
8.280000000000000000e+04	2.981499999999999773e+02
8.370000000000000000e+04	2.981499999999999773e+02
8.370000000000000000e+04	3.281499999999999773e+02
8.460000000000000000e+04	3.281499999999999773e+02
8.460000000000000000e+04	3.281499999999999773e+02
8.550000000000000000e+04	3.281499999999999773e+02
8.550000000000000000e+04	3.281499999999999773e+02
8.640000000000000000e+04	3.281499999999999773e+02
8.640000000000000000e+04	3.281499999999999773e+02
8.730000000000000000e+04	3.281499999999999773e+02
8.730000000000000000e+04	3.281499999999999773e+02
8.820000000000000000e+04	3.281499999999999773e+02
8.820000000000000000e+04	3.281499999999999773e+02
8.910000000000000000e+04	3.281499999999999773e+02
8.910000000000000000e+04	3.281499999999999773e+02
9.000000000000000000e+04	3.281499999999999773e+02
9.000000000000000000e+04	2.981499999999998636e+02
9.090000000000000000e+04	2.981499999999998636e+02
9.090000000000000000e+04	3.281499999999999773e+02
9.180000000000000000e+04	3.281499999999999773e+02
9.180000000000000000e+04	3.281499999999999773e+02
9.270000000000000000e+04	3.281499999999999773e+02
9.270000000000000000e+04	2.981499999999999773e+02
9.360000000000000000e+04	2.981499999999999773e+02
9.360000000000000000e+04	3.281499999999999773e+02
9.450000000000000000e+04	3.281499999999999773e+02
9.450000000000000000e+04	2.981499999999999773e+02
9.540000000000000000e+04	2.981499999999999773e+02
9.540000000000000000e+04	3.281499999999999773e+02
9.630000000000000000e+04	3.281499999999999773e+02
9.630000000000000000e+04	3.281499999999999773e+02
9.720000000000000000e+04	3.281499999999999773e+02
9.720000000000000000e+04	3.281499999999999773e+02
9.810000000000000000e+04	3.281499999999999773e+02
9.810000000000000000e+04	3.268486565458131281e+02
9.900000000000000000e+04	3.268486565458131281e+02
9.900000000000000000e+04	2.981499999999999773e+02
9.990000000000000000e+04	2.981499999999999773e+02
9.990000000000000000e+04	3.281499999999999773e+02
1.008000000000000000e+05	3.281499999999999773e+02
1.008000000000000000e+05	3.240186868004406051e+02
1.017000000000000000e+05	3.240186868004406051e+02
1.017000000000000000e+05	3.265026610428904519e+02
1.026000000000000000e+05	3.265026610428904519e+02
1.026000000000000000e+05	3.281499999999999773e+02
1.035000000000000000e+05	3.281499999999999773e+02
1.035000000000000000e+05	3.003887661098218018e+02
1.044000000000000000e+05	3.003887661098218018e+02
1.044000000000000000e+05	3.281499999999999773e+02
1.053000000000000000e+05	3.281499999999999773e+02
1.053000000000000000e+05	2.981499999999999773e+02
1.062000000000000000e+05	2.981499999999999773e+02
1.062000000000000000e+05	2.981499999999999773e+02
1.071000000000000000e+05	2.981499999999999773e+02
1.071000000000000000e+05	3.093032543386606221e+02
1.080000000000000000e+05	3.093032543386606221e+02
1.080000000000000000e+05	3.281499999999999773e+02
1.089000000000000000e+05	3.281499999999999773e+02
1.089000000000000000e+05	3.281499999999999773e+02
1.098000000000000000e+05	3.281499999999999773e+02
1.098000000000000000e+05	3.093032543386606221e+02
1.107000000000000000e+05	3.093032543386606221e+02
1.107000000000000000e+05	3.027438901678495995e+02
1.116000000000000000e+05	3.027438901678495995e+02
1.116000000000000000e+05	3.034190087315706705e+02
1.125000000000000000e+05	3.034190087315706705e+02
1.125000000000000000e+05	3.161139099513788437e+02
1.134000000000000000e+05	3.161139099513788437e+02
1.134000000000000000e+05	3.161139099513788437e+02
1.143000000000000000e+05	3.161139099513788437e+02
1.143000000000000000e+05	3.161139099513788437e+02
1.152000000000000000e+05	3.161139099513788437e+02
1.152000000000000000e+05	3.161139099513787869e+02
1.161000000000000000e+05	3.161139099513787869e+02
1.161000000000000000e+05	3.161139099513788437e+02
1.170000000000000000e+05	3.161139099513788437e+02
1.170000000000000000e+05	3.161139099513788437e+02
1.179000000000000000e+05	3.161139099513788437e+02
1.179000000000000000e+05	3.161139099513788437e+02
1.188000000000000000e+05	3.161139099513788437e+02
1.188000000000000000e+05	3.121536950913610440e+02
1.197000000000000000e+05	3.121536950913610440e+02
1.197000000000000000e+05	3.098861986016854644e+02
1.206000000000000000e+05	3.098861986016854644e+02
1.206000000000000000e+05	3.093032543386606221e+02
1.215000000000000000e+05	3.093032543386606221e+02
1.215000000000000000e+05	3.089228169340401564e+02
1.224000000000000000e+05	3.089228169340401564e+02
1.224000000000000000e+05	3.281499999999999773e+02
1.233000000000000000e+05	3.281499999999999773e+02
1.233000000000000000e+05	3.049218724079592562e+02
1.242000000000000000e+05	3.049218724079592562e+02
1.242000000000000000e+05	3.056657396200931203e+02
1.251000000000000000e+05	3.056657396200931203e+02
1.251000000000000000e+05	3.061715133564755433e+02
1.260000000000000000e+05	3.061715133564755433e+02
1.260000000000000000e+05	3.093032543386606221e+02
1.269000000000000000e+05	3.093032543386606221e+02
1.269000000000000000e+05	3.049551487873440010e+02
1.278000000000000000e+05	3.049551487873440010e+02
1.278000000000000000e+05	2.981499999999999773e+02
1.287000000000000000e+05	2.981499999999999773e+02
1.287000000000000000e+05	2.981499999999999773e+02
1.296000000000000000e+05	2.981499999999999773e+02
1.296000000000000000e+05	3.233675383247323794e+02
1.305000000000000000e+05	3.233675383247323794e+02
1.305000000000000000e+05	3.234280093794395725e+02
1.314000000000000000e+05	3.234280093794395725e+02
1.314000000000000000e+05	3.234884577575011804e+02
1.323000000000000000e+05	3.234884577575011804e+02
1.323000000000000000e+05	3.235488834674210921e+02
1.332000000000000000e+05	3.235488834674210921e+02
1.332000000000000000e+05	3.019690384156181153e+02
1.341000000000000000e+05	3.019690384156181153e+02
1.341000000000000000e+05	3.281499999999999773e+02
1.350000000000000000e+05	3.281499999999999773e+02
1.350000000000000000e+05	2.981499999999999773e+02
1.359000000000000000e+05	2.981499999999999773e+02
1.359000000000000000e+05	3.281499999999999773e+02
1.368000000000000000e+05	3.281499999999999773e+02
1.368000000000000000e+05	3.023983762234483379e+02
1.377000000000000000e+05	3.023983762234483379e+02
1.377000000000000000e+05	3.281499999999999773e+02
1.386000000000000000e+05	3.281499999999999773e+02
1.386000000000000000e+05	2.981499999999999773e+02
1.395000000000000000e+05	2.981499999999999773e+02
1.395000000000000000e+05	3.004853778366223196e+02
1.404000000000000000e+05	3.004853778366223196e+02
1.404000000000000000e+05	3.014546896607166673e+02
1.413000000000000000e+05	3.014546896607166673e+02
1.413000000000000000e+05	3.038939293544681277e+02
1.422000000000000000e+05	3.038939293544681277e+02
1.422000000000000000e+05	3.037588894829233368e+02
1.431000000000000000e+05	3.037588894829233368e+02
1.431000000000000000e+05	3.281499999999999773e+02
1.440000000000000000e+05	3.281499999999999773e+02
1.440000000000000000e+05	3.281499999999999773e+02
1.449000000000000000e+05	3.281499999999999773e+02
1.449000000000000000e+05	3.281499999999999773e+02
1.458000000000000000e+05	3.281499999999999773e+02
1.458000000000000000e+05	3.281499999999999773e+02
1.467000000000000000e+05	3.281499999999999773e+02
1.467000000000000000e+05	3.281499999999999773e+02
1.476000000000000000e+05	3.281499999999999773e+02
1.476000000000000000e+05	3.003799429173699878e+02
1.485000000000000000e+05	3.003799429173699878e+02
1.485000000000000000e+05	3.038695374364357917e+02
1.494000000000000000e+05	3.038695374364357917e+02
1.494000000000000000e+05	2.981499999999999773e+02
1.503000000000000000e+05	2.981499999999999773e+02
1.503000000000000000e+05	2.981499999999999773e+02
1.512000000000000000e+05	2.981499999999999773e+02
1.512000000000000000e+05	3.281500000000700652e+02
1.521000000000000000e+05	3.281500000000700652e+02
1.521000000000000000e+05	3.003471602200354482e+02
1.530000000000000000e+05	3.003471602200354482e+02
1.530000000000000000e+05	2.981499999999999773e+02
1.539000000000000000e+05	2.981499999999999773e+02
1.539000000000000000e+05	3.003528588278712164e+02
1.548000000000000000e+05	3.003528588278712164e+02
1.548000000000000000e+05	3.093032543386606221e+02
1.557000000000000000e+05	3.093032543386606221e+02
1.557000000000000000e+05	3.281499999999999773e+02
1.566000000000000000e+05	3.281499999999999773e+02
1.566000000000000000e+05	3.281499999999999773e+02
1.575000000000000000e+05	3.281499999999999773e+02
1.575000000000000000e+05	3.281499999999999773e+02
1.584000000000000000e+05	3.281499999999999773e+02
1.584000000000000000e+05	3.002042796224675385e+02
1.593000000000000000e+05	3.002042796224675385e+02
1.593000000000000000e+05	3.281499999999999773e+02
1.602000000000000000e+05	3.281499999999999773e+02
1.602000000000000000e+05	3.281499999999999773e+02
1.611000000000000000e+05	3.281499999999999773e+02
1.611000000000000000e+05	3.281499999999999773e+02
1.620000000000000000e+05	3.281499999999999773e+02
1.620000000000000000e+05	2.981499999999999773e+02
1.629000000000000000e+05	2.981499999999999773e+02
1.629000000000000000e+05	2.981499999999999773e+02
1.638000000000000000e+05	2.981499999999999773e+02
1.638000000000000000e+05	3.281499999999999773e+02
1.647000000000000000e+05	3.281499999999999773e+02
1.647000000000000000e+05	3.281499999999999773e+02
1.656000000000000000e+05	3.281499999999999773e+02
1.656000000000000000e+05	3.281499999999999773e+02
1.665000000000000000e+05	3.281499999999999773e+02
1.665000000000000000e+05	3.281499999999999773e+02
1.674000000000000000e+05	3.281499999999999773e+02
1.674000000000000000e+05	3.281499999999999773e+02
1.683000000000000000e+05	3.281499999999999773e+02
1.683000000000000000e+05	3.281499999999999773e+02
1.692000000000000000e+05	3.281499999999999773e+02
1.692000000000000000e+05	3.281499999999999773e+02
1.701000000000000000e+05	3.281499999999999773e+02
1.701000000000000000e+05	3.281499999999999773e+02
1.710000000000000000e+05	3.281499999999999773e+02
1.710000000000000000e+05	3.281499999999999773e+02
1.719000000000000000e+05	3.281499999999999773e+02
1.719000000000000000e+05	3.281499999999999773e+02
1.728000000000000000e+05	3.281499999999999773e+02
1.728000000000000000e+05	3.281499999999999773e+02
1.737000000000000000e+05	3.281499999999999773e+02
1.737000000000000000e+05	3.281499999999999773e+02
1.746000000000000000e+05	3.281499999999999773e+02
1.746000000000000000e+05	3.281499999999999773e+02
1.755000000000000000e+05	3.281499999999999773e+02
1.755000000000000000e+05	3.281499999999999773e+02
1.764000000000000000e+05	3.281499999999999773e+02
1.764000000000000000e+05	2.981499999999999773e+02
1.773000000000000000e+05	2.981499999999999773e+02
1.773000000000000000e+05	3.224357447086165962e+02
1.782000000000000000e+05	3.224357447086165962e+02
1.782000000000000000e+05	3.224965651859297964e+02
1.791000000000000000e+05	3.224965651859297964e+02
1.791000000000000000e+05	3.225573628555634969e+02
1.800000000000000000e+05	3.225573628555634969e+02
1.800000000000000000e+05	2.981499999999999773e+02
1.809000000000000000e+05	2.981499999999999773e+02
1.809000000000000000e+05	3.236566864959089003e+02
1.818000000000000000e+05	3.236566864959089003e+02
1.818000000000000000e+05	3.237170491200521383e+02
1.827000000000000000e+05	3.237170491200521383e+02
1.827000000000000000e+05	3.237773891082110254e+02
1.836000000000000000e+05	3.237773891082110254e+02
1.836000000000000000e+05	3.281499999999999773e+02
1.845000000000000000e+05	3.281499999999999773e+02
1.845000000000000000e+05	3.281499999999999773e+02
1.854000000000000000e+05	3.281499999999999773e+02
1.854000000000000000e+05	3.281499999999999773e+02
1.863000000000000000e+05	3.281499999999999773e+02
1.863000000000000000e+05	3.281499999999999773e+02
1.872000000000000000e+05	3.281499999999999773e+02
1.872000000000000000e+05	3.281499999999999773e+02
1.881000000000000000e+05	3.281499999999999773e+02
1.881000000000000000e+05	3.281499999999999773e+02
1.890000000000000000e+05	3.281499999999999773e+02
1.890000000000000000e+05	3.281499999999999773e+02
1.899000000000000000e+05	3.281499999999999773e+02
1.899000000000000000e+05	3.281499999999999773e+02
1.908000000000000000e+05	3.281499999999999773e+02
1.908000000000000000e+05	3.281499999999999773e+02
1.917000000000000000e+05	3.281499999999999773e+02
1.917000000000000000e+05	3.281499999999999773e+02
1.926000000000000000e+05	3.281499999999999773e+02
1.926000000000000000e+05	3.281499999999999773e+02
1.935000000000000000e+05	3.281499999999999773e+02
1.935000000000000000e+05	3.281499999999999773e+02
1.944000000000000000e+05	3.281499999999999773e+02
1.944000000000000000e+05	3.281499999999999773e+02
1.953000000000000000e+05	3.281499999999999773e+02
1.953000000000000000e+05	3.281499999999999773e+02
1.962000000000000000e+05	3.281499999999999773e+02
1.962000000000000000e+05	3.281499999999999773e+02
1.971000000000000000e+05	3.281499999999999773e+02
1.971000000000000000e+05	3.281499999999999773e+02
1.980000000000000000e+05	3.281499999999999773e+02
1.980000000000000000e+05	3.009544275808116822e+02
1.989000000000000000e+05	3.009544275808116822e+02
1.989000000000000000e+05	3.066428467253696226e+02
1.998000000000000000e+05	3.066428467253696226e+02
1.998000000000000000e+05	3.161139099513788437e+02
2.007000000000000000e+05	3.161139099513788437e+02
2.007000000000000000e+05	3.161139099513788437e+02
2.016000000000000000e+05	3.161139099513788437e+02
2.016000000000000000e+05	3.106684781265943229e+02
2.025000000000000000e+05	3.106684781265943229e+02
2.025000000000000000e+05	3.135356543055258385e+02
2.034000000000000000e+05	3.135356543055258385e+02
2.034000000000000000e+05	3.133034136279243853e+02
2.043000000000000000e+05	3.133034136279243853e+02
2.043000000000000000e+05	3.093032543386606221e+02
2.052000000000000000e+05	3.093032543386606221e+02
2.052000000000000000e+05	3.281499999999999773e+02
2.061000000000000000e+05	3.281499999999999773e+02
2.061000000000000000e+05	3.066133739295006535e+02
2.070000000000000000e+05	3.066133739295006535e+02
2.070000000000000000e+05	3.073081826329664068e+02
2.079000000000000000e+05	3.073081826329664068e+02
2.079000000000000000e+05	3.070659431024525361e+02
2.088000000000000000e+05	3.070659431024525361e+02
2.088000000000000000e+05	3.093032543386606790e+02
2.097000000000000000e+05	3.093032543386606790e+02
2.097000000000000000e+05	2.981500000000000341e+02
2.106000000000000000e+05	2.981500000000000341e+02
2.106000000000000000e+05	3.032091591223479554e+02
2.115000000000000000e+05	3.032091591223479554e+02
2.115000000000000000e+05	3.062190253572472898e+02
2.124000000000000000e+05	3.062190253572472898e+02
2.124000000000000000e+05	3.281499999999999773e+02
2.133000000000000000e+05	3.281499999999999773e+02
2.133000000000000000e+05	3.281499999999999773e+02
2.142000000000000000e+05	3.281499999999999773e+02
2.142000000000000000e+05	3.281499999999999773e+02
2.151000000000000000e+05	3.281499999999999773e+02
2.151000000000000000e+05	3.281499999999999773e+02
2.160000000000000000e+05	3.281499999999999773e+02
2.160000000000000000e+05	3.032671351243632785e+02
2.169000000000000000e+05	3.032671351243632785e+02
2.169000000000000000e+05	3.281499999999999773e+02
2.178000000000000000e+05	3.281499999999999773e+02
2.178000000000000000e+05	2.981499999999999773e+02
2.187000000000000000e+05	2.981499999999999773e+02
2.187000000000000000e+05	3.018498793573631360e+02
2.196000000000000000e+05	3.018498793573631360e+02
2.196000000000000000e+05	3.281499999999999773e+02
2.205000000000000000e+05	3.281499999999999773e+02
2.205000000000000000e+05	3.041314315849460286e+02
2.214000000000000000e+05	3.041314315849460286e+02
2.214000000000000000e+05	3.281499999999999773e+02
2.223000000000000000e+05	3.281499999999999773e+02
2.223000000000000000e+05	3.281499999999999773e+02
2.232000000000000000e+05	3.281499999999999773e+02
2.232000000000000000e+05	3.093032543386628959e+02
2.241000000000000000e+05	3.093032543386628959e+02
2.241000000000000000e+05	2.981499999999999773e+02
2.250000000000000000e+05	2.981499999999999773e+02
2.250000000000000000e+05	2.993434155528693168e+02
2.259000000000000000e+05	2.993434155528693168e+02
2.259000000000000000e+05	3.039513581000006752e+02
2.268000000000000000e+05	3.039513581000006752e+02
2.268000000000000000e+05	3.017125602514988145e+02
2.277000000000000000e+05	3.017125602514988145e+02
2.277000000000000000e+05	3.040569302280096622e+02
2.286000000000000000e+05	3.040569302280096622e+02
2.286000000000000000e+05	3.281499999999999773e+02
2.295000000000000000e+05	3.281499999999999773e+02
2.295000000000000000e+05	2.981499999999999773e+02
2.304000000000000000e+05	2.981499999999999773e+02
2.304000000000000000e+05	3.281499999999999773e+02
2.313000000000000000e+05	3.281499999999999773e+02
2.313000000000000000e+05	2.981499999999999773e+02
2.322000000000000000e+05	2.981499999999999773e+02
2.322000000000000000e+05	3.281499999999999773e+02
2.331000000000000000e+05	3.281499999999999773e+02
2.331000000000000000e+05	3.281499999999999773e+02
2.340000000000000000e+05	3.281499999999999773e+02
2.340000000000000000e+05	2.981499999999999773e+02
2.349000000000000000e+05	2.981499999999999773e+02
2.349000000000000000e+05	3.281499999999999773e+02
2.358000000000000000e+05	3.281499999999999773e+02
2.358000000000000000e+05	2.993828472096616906e+02
2.367000000000000000e+05	2.993828472096616906e+02
2.367000000000000000e+05	3.019151536978093304e+02
2.376000000000000000e+05	3.019151536978093304e+02
2.376000000000000000e+05	3.016417913694082813e+02
2.385000000000000000e+05	3.016417913694082813e+02
2.385000000000000000e+05	3.281499999999999773e+02
2.394000000000000000e+05	3.281499999999999773e+02
2.394000000000000000e+05	2.981499999999999773e+02
2.403000000000000000e+05	2.981499999999999773e+02
2.403000000000000000e+05	3.024997068344853233e+02
2.412000000000000000e+05	3.024997068344853233e+02
2.412000000000000000e+05	3.281499999999999773e+02
2.421000000000000000e+05	3.281499999999999773e+02
2.421000000000000000e+05	2.981499999999999773e+02
2.430000000000000000e+05	2.981499999999999773e+02
2.430000000000000000e+05	3.076348856817516548e+02
2.439000000000000000e+05	3.076348856817516548e+02
2.439000000000000000e+05	3.021569995901716652e+02
2.448000000000000000e+05	3.021569995901716652e+02
2.448000000000000000e+05	3.281499999999999773e+02
2.457000000000000000e+05	3.281499999999999773e+02
2.457000000000000000e+05	3.281499999999999773e+02
2.466000000000000000e+05	3.281499999999999773e+02
2.466000000000000000e+05	3.281499999999999773e+02
2.475000000000000000e+05	3.281499999999999773e+02
2.475000000000000000e+05	3.281499999999999773e+02
2.484000000000000000e+05	3.281499999999999773e+02
2.484000000000000000e+05	2.981499999999999773e+02
2.493000000000000000e+05	2.981499999999999773e+02
2.493000000000000000e+05	3.281499999999999773e+02
2.502000000000000000e+05	3.281499999999999773e+02
2.502000000000000000e+05	3.281499999999999773e+02
2.511000000000000000e+05	3.281499999999999773e+02
2.511000000000000000e+05	3.281499999999999773e+02
2.520000000000000000e+05	3.281499999999999773e+02
2.520000000000000000e+05	3.281499999999999773e+02
2.529000000000000000e+05	3.281499999999999773e+02
2.529000000000000000e+05	3.281499999999999773e+02
2.538000000000000000e+05	3.281499999999999773e+02
2.538000000000000000e+05	3.281499999999999773e+02
2.547000000000000000e+05	3.281499999999999773e+02
2.547000000000000000e+05	3.281499999999999773e+02
2.556000000000000000e+05	3.281499999999999773e+02
2.556000000000000000e+05	2.981499999999999773e+02
2.565000000000000000e+05	2.981499999999999773e+02
2.565000000000000000e+05	2.981499999999999773e+02
2.574000000000000000e+05	2.981499999999999773e+02
2.574000000000000000e+05	2.981499999999999773e+02
2.583000000000000000e+05	2.981499999999999773e+02
2.583000000000000000e+05	2.981499999999999773e+02
2.592000000000000000e+05	2.981499999999999773e+02
2.592000000000000000e+05	3.281499999999999773e+02
2.601000000000000000e+05	3.281499999999999773e+02
2.601000000000000000e+05	3.281499999999999773e+02
2.610000000000000000e+05	3.281499999999999773e+02
2.610000000000000000e+05	3.281499999999999773e+02
2.619000000000000000e+05	3.281499999999999773e+02
2.619000000000000000e+05	3.281499999999999773e+02
2.628000000000000000e+05	3.281499999999999773e+02
2.628000000000000000e+05	3.281499999999999773e+02
2.637000000000000000e+05	3.281499999999999773e+02
2.637000000000000000e+05	3.281499999999999773e+02
2.646000000000000000e+05	3.281499999999999773e+02
2.646000000000000000e+05	3.281499999999999773e+02
2.655000000000000000e+05	3.281499999999999773e+02
2.655000000000000000e+05	3.281499999999999773e+02
2.664000000000000000e+05	3.281499999999999773e+02
2.664000000000000000e+05	3.281499999999999773e+02
2.673000000000000000e+05	3.281499999999999773e+02
2.673000000000000000e+05	3.281499999999999773e+02
2.682000000000000000e+05	3.281499999999999773e+02
2.682000000000000000e+05	3.281499999999999773e+02
2.691000000000000000e+05	3.281499999999999773e+02
2.691000000000000000e+05	3.281499999999999773e+02
2.700000000000000000e+05	3.281499999999999773e+02
2.700000000000000000e+05	3.281499999999999773e+02
2.709000000000000000e+05	3.281499999999999773e+02
2.709000000000000000e+05	3.281499999999999773e+02
2.718000000000000000e+05	3.281499999999999773e+02
2.718000000000000000e+05	3.281499999999999773e+02
2.727000000000000000e+05	3.281499999999999773e+02
2.727000000000000000e+05	3.281499999999999773e+02
2.736000000000000000e+05	3.281499999999999773e+02
2.736000000000000000e+05	3.281499999999999773e+02
2.745000000000000000e+05	3.281499999999999773e+02
2.745000000000000000e+05	3.281499999999999773e+02
2.754000000000000000e+05	3.281499999999999773e+02
2.754000000000000000e+05	3.281499999999999773e+02
2.763000000000000000e+05	3.281499999999999773e+02
2.763000000000000000e+05	3.281499999999999773e+02
2.772000000000000000e+05	3.281499999999999773e+02
2.772000000000000000e+05	2.981499999999999773e+02
2.781000000000000000e+05	2.981499999999999773e+02
2.781000000000000000e+05	3.281499999999999773e+02
2.790000000000000000e+05	3.281499999999999773e+02
2.790000000000000000e+05	3.281499999999999773e+02
2.799000000000000000e+05	3.281499999999999773e+02
2.799000000000000000e+05	3.281499999999999773e+02
2.808000000000000000e+05	3.281499999999999773e+02
2.808000000000000000e+05	2.981499999999999773e+02
2.817000000000000000e+05	2.981499999999999773e+02
2.817000000000000000e+05	3.281499999999999773e+02
2.826000000000000000e+05	3.281499999999999773e+02
2.826000000000000000e+05	2.981499999999999773e+02
2.835000000000000000e+05	2.981499999999999773e+02
2.835000000000000000e+05	2.981499999999999773e+02
2.844000000000000000e+05	2.981499999999999773e+02
2.844000000000000000e+05	3.007783552140898564e+02
2.853000000000000000e+05	3.007783552140898564e+02
2.853000000000000000e+05	3.067893754886750344e+02
2.862000000000000000e+05	3.067893754886750344e+02
2.862000000000000000e+05	3.161139099513788437e+02
2.871000000000000000e+05	3.161139099513788437e+02
2.871000000000000000e+05	3.161139099513788437e+02
2.880000000000000000e+05	3.161139099513788437e+02
2.880000000000000000e+05	3.105604383079189006e+02
2.889000000000000000e+05	3.105604383079189006e+02
2.889000000000000000e+05	3.133517555969292516e+02
2.898000000000000000e+05	3.133517555969292516e+02
2.898000000000000000e+05	3.136180545746149733e+02
2.907000000000000000e+05	3.136180545746149733e+02
2.907000000000000000e+05	3.143200636858168764e+02
2.916000000000000000e+05	3.143200636858168764e+02
2.916000000000000000e+05	3.281499999999999773e+02
2.925000000000000000e+05	3.281499999999999773e+02
2.925000000000000000e+05	3.165475414171750117e+02
2.934000000000000000e+05	3.165475414171750117e+02
2.934000000000000000e+05	3.166105699707225085e+02
2.943000000000000000e+05	3.166105699707225085e+02
2.943000000000000000e+05	3.165835748885598946e+02
2.952000000000000000e+05	3.165835748885598946e+02
2.952000000000000000e+05	3.051872901403619949e+02
2.961000000000000000e+05	3.051872901403619949e+02
2.961000000000000000e+05	3.100427181571529331e+02
2.970000000000000000e+05	3.100427181571529331e+02
2.970000000000000000e+05	3.093032543386606221e+02
2.979000000000000000e+05	3.093032543386606221e+02
2.979000000000000000e+05	3.082005877273217038e+02
2.988000000000000000e+05	3.082005877273217038e+02
2.988000000000000000e+05	3.281499999999999773e+02
2.997000000000000000e+05	3.281499999999999773e+02
2.997000000000000000e+05	3.281499999999999773e+02
3.006000000000000000e+05	3.281499999999999773e+02
3.006000000000000000e+05	3.043867070846630440e+02
3.015000000000000000e+05	3.043867070846630440e+02
3.015000000000000000e+05	3.051120042406182620e+02
3.024000000000000000e+05	3.051120042406182620e+02
3.024000000000000000e+05	3.281499999999999773e+02
3.033000000000000000e+05	3.281499999999999773e+02
3.033000000000000000e+05	3.023210901113549198e+02
3.042000000000000000e+05	3.023210901113549198e+02
3.042000000000000000e+05	3.281499999999999773e+02
3.051000000000000000e+05	3.281499999999999773e+02
3.051000000000000000e+05	3.019510883403700063e+02
3.060000000000000000e+05	3.019510883403700063e+02
3.060000000000000000e+05	3.016993639183321534e+02
3.069000000000000000e+05	3.016993639183321534e+02
3.069000000000000000e+05	3.281499999999999773e+02
3.078000000000000000e+05	3.281499999999999773e+02
3.078000000000000000e+05	3.018525968383972327e+02
3.087000000000000000e+05	3.018525968383972327e+02
3.087000000000000000e+05	3.020276798964324598e+02
3.096000000000000000e+05	3.020276798964324598e+02
3.096000000000000000e+05	3.033722048615275639e+02
3.105000000000000000e+05	3.033722048615275639e+02
3.105000000000000000e+05	3.281499999999999773e+02
3.114000000000000000e+05	3.281499999999999773e+02
3.114000000000000000e+05	3.281499999999999773e+02
3.123000000000000000e+05	3.281499999999999773e+02
3.123000000000000000e+05	3.281499999999999773e+02
3.132000000000000000e+05	3.281499999999999773e+02
3.132000000000000000e+05	3.001038786180193370e+02
3.141000000000000000e+05	3.001038786180193370e+02
3.141000000000000000e+05	3.031765365715480698e+02
3.150000000000000000e+05	3.031765365715480698e+02
3.150000000000000000e+05	2.981499999999999773e+02
3.159000000000000000e+05	2.981499999999999773e+02
3.159000000000000000e+05	3.281499999999999773e+02
3.168000000000000000e+05	3.281499999999999773e+02
3.168000000000000000e+05	3.281499999999999773e+02
3.177000000000000000e+05	3.281499999999999773e+02
3.177000000000000000e+05	3.001225493328449829e+02
3.186000000000000000e+05	3.001225493328449829e+02
3.186000000000000000e+05	2.981499999999999773e+02
3.195000000000000000e+05	2.981499999999999773e+02
3.195000000000000000e+05	3.013062957866521856e+02
3.204000000000000000e+05	3.013062957866521856e+02
3.204000000000000000e+05	2.981499999999999204e+02
3.213000000000000000e+05	2.981499999999999204e+02
3.213000000000000000e+05	3.281499999999999773e+02
3.222000000000000000e+05	3.281499999999999773e+02
3.222000000000000000e+05	2.996518744253713180e+02
3.231000000000000000e+05	2.996518744253713180e+02
3.231000000000000000e+05	3.021215575534250775e+02
3.240000000000000000e+05	3.021215575534250775e+02
3.240000000000000000e+05	3.035406428219602049e+02
3.249000000000000000e+05	3.035406428219602049e+02
3.249000000000000000e+05	3.071080283989512054e+02
3.258000000000000000e+05	3.071080283989512054e+02
3.258000000000000000e+05	3.281499999999999773e+02
3.267000000000000000e+05	3.281499999999999773e+02
3.267000000000000000e+05	3.281499999999999773e+02
3.276000000000000000e+05	3.281499999999999773e+02
3.276000000000000000e+05	3.029514090396849610e+02
3.285000000000000000e+05	3.029514090396849610e+02
3.285000000000000000e+05	3.281499999999999773e+02
3.294000000000000000e+05	3.281499999999999773e+02
3.294000000000000000e+05	3.020402487879397313e+02
3.303000000000000000e+05	3.020402487879397313e+02
3.303000000000000000e+05	2.981499999999999773e+02
3.312000000000000000e+05	2.981499999999999773e+02
3.312000000000000000e+05	3.281499999999999773e+02
3.321000000000000000e+05	3.281499999999999773e+02
3.321000000000000000e+05	3.281499999999999773e+02
3.330000000000000000e+05	3.281499999999999773e+02
3.330000000000000000e+05	3.281499999999999773e+02
3.339000000000000000e+05	3.281499999999999773e+02
3.339000000000000000e+05	3.281499999999999773e+02
3.348000000000000000e+05	3.281499999999999773e+02
3.348000000000000000e+05	2.981499999999999773e+02
3.357000000000000000e+05	2.981499999999999773e+02
3.357000000000000000e+05	3.281499999999999773e+02
3.366000000000000000e+05	3.281499999999999773e+02
3.366000000000000000e+05	3.281499999999999773e+02
3.375000000000000000e+05	3.281499999999999773e+02
3.375000000000000000e+05	3.281499999999999773e+02
3.384000000000000000e+05	3.281499999999999773e+02
3.384000000000000000e+05	3.281499999999999773e+02
3.393000000000000000e+05	3.281499999999999773e+02
3.393000000000000000e+05	3.281499999999999773e+02
3.402000000000000000e+05	3.281499999999999773e+02
3.402000000000000000e+05	3.281499999999999773e+02
3.411000000000000000e+05	3.281499999999999773e+02
3.411000000000000000e+05	3.281499999999999773e+02
3.420000000000000000e+05	3.281499999999999773e+02
3.420000000000000000e+05	3.281499999999999773e+02
3.429000000000000000e+05	3.281499999999999773e+02
3.429000000000000000e+05	3.281499999999999773e+02
3.438000000000000000e+05	3.281499999999999773e+02
3.438000000000000000e+05	2.981499999999999773e+02
3.447000000000000000e+05	2.981499999999999773e+02
3.447000000000000000e+05	2.981499999999999773e+02
3.456000000000000000e+05	2.981499999999999773e+02
3.456000000000000000e+05	3.281499999999999773e+02
3.465000000000000000e+05	3.281499999999999773e+02
3.465000000000000000e+05	3.281499999999999773e+02
3.474000000000000000e+05	3.281499999999999773e+02
3.474000000000000000e+05	3.281499999999999773e+02
3.483000000000000000e+05	3.281499999999999773e+02
3.483000000000000000e+05	3.281499999999999773e+02
3.492000000000000000e+05	3.281499999999999773e+02
3.492000000000000000e+05	3.281499999999999773e+02
3.501000000000000000e+05	3.281499999999999773e+02
3.501000000000000000e+05	3.281499999999999773e+02
3.510000000000000000e+05	3.281499999999999773e+02
3.510000000000000000e+05	3.281499999999999773e+02
3.519000000000000000e+05	3.281499999999999773e+02
3.519000000000000000e+05	2.981499999999999773e+02
3.528000000000000000e+05	2.981499999999999773e+02
3.528000000000000000e+05	3.281499999999999773e+02
3.537000000000000000e+05	3.281499999999999773e+02
3.537000000000000000e+05	3.281499999999999773e+02
3.546000000000000000e+05	3.281499999999999773e+02
3.546000000000000000e+05	3.093032543386606221e+02
3.555000000000000000e+05	3.093032543386606221e+02
3.555000000000000000e+05	3.215912441516399554e+02
3.564000000000000000e+05	3.215912441516399554e+02
3.564000000000000000e+05	3.202020207830010463e+02
3.573000000000000000e+05	3.202020207830010463e+02
3.573000000000000000e+05	3.258994784940837803e+02
3.582000000000000000e+05	3.258994784940837803e+02
3.582000000000000000e+05	3.281499999999999773e+02
3.591000000000000000e+05	3.281499999999999773e+02
3.591000000000000000e+05	3.281499999999999773e+02
3.600000000000000000e+05	3.281499999999999773e+02
3.600000000000000000e+05	3.274036243051297674e+02
3.609000000000000000e+05	3.274036243051297674e+02
3.609000000000000000e+05	3.281499999999999773e+02
3.618000000000000000e+05	3.281499999999999773e+02
3.618000000000000000e+05	3.281499999999999773e+02
3.627000000000000000e+05	3.281499999999999773e+02
3.627000000000000000e+05	3.281499999999999773e+02
3.636000000000000000e+05	3.281499999999999773e+02
3.636000000000000000e+05	3.281499999999999773e+02
3.645000000000000000e+05	3.281499999999999773e+02
3.645000000000000000e+05	3.281499999999999773e+02
3.654000000000000000e+05	3.281499999999999773e+02
3.654000000000000000e+05	3.281499999999999773e+02
3.663000000000000000e+05	3.281499999999999773e+02
3.663000000000000000e+05	3.281499999999999773e+02
3.672000000000000000e+05	3.281499999999999773e+02
3.672000000000000000e+05	3.281499999999999773e+02
3.681000000000000000e+05	3.281499999999999773e+02
3.681000000000000000e+05	3.281499999999999773e+02
3.690000000000000000e+05	3.281499999999999773e+02
3.690000000000000000e+05	2.981499999999999773e+02
3.699000000000000000e+05	2.981499999999999773e+02
3.699000000000000000e+05	3.022508608651331770e+02
3.708000000000000000e+05	3.022508608651331770e+02
3.708000000000000000e+05	3.018674706824641021e+02
3.717000000000000000e+05	3.018674706824641021e+02
3.717000000000000000e+05	3.161139099513788437e+02
3.726000000000000000e+05	3.161139099513788437e+02
3.726000000000000000e+05	3.161139099513788437e+02
3.735000000000000000e+05	3.161139099513788437e+02
3.735000000000000000e+05	3.161139099513788437e+02
3.744000000000000000e+05	3.161139099513788437e+02
3.744000000000000000e+05	3.110134111248791555e+02
3.753000000000000000e+05	3.110134111248791555e+02
3.753000000000000000e+05	3.136895375051611836e+02
3.762000000000000000e+05	3.136895375051611836e+02
3.762000000000000000e+05	3.132679361768309718e+02
3.771000000000000000e+05	3.132679361768309718e+02
3.771000000000000000e+05	3.093032543386606221e+02
3.780000000000000000e+05	3.093032543386606221e+02
3.780000000000000000e+05	2.981499999999998067e+02
3.789000000000000000e+05	2.981499999999998067e+02
3.789000000000000000e+05	3.085715422952557105e+02
3.798000000000000000e+05	3.085715422952557105e+02
3.798000000000000000e+05	3.090640107458945067e+02
3.807000000000000000e+05	3.090640107458945067e+02
3.807000000000000000e+05	3.078327202936462754e+02
3.816000000000000000e+05	3.078327202936462754e+02
3.816000000000000000e+05	3.281499999999999773e+02
3.825000000000000000e+05	3.281499999999999773e+02
3.825000000000000000e+05	3.044256809339755137e+02
3.834000000000000000e+05	3.044256809339755137e+02
3.834000000000000000e+05	3.053312503848021606e+02
3.843000000000000000e+05	3.053312503848021606e+02
3.843000000000000000e+05	3.057009243314351465e+02
3.852000000000000000e+05	3.057009243314351465e+02
3.852000000000000000e+05	3.281499999999999773e+02
3.861000000000000000e+05	3.281499999999999773e+02
3.861000000000000000e+05	3.262184454957036337e+02
3.870000000000000000e+05	3.262184454957036337e+02
3.870000000000000000e+05	2.981499999999999773e+02
3.879000000000000000e+05	2.981499999999999773e+02
3.879000000000000000e+05	3.281499999999999773e+02
3.888000000000000000e+05	3.281499999999999773e+02
3.888000000000000000e+05	3.281499999999999773e+02
3.897000000000000000e+05	3.281499999999999773e+02
3.897000000000000000e+05	3.281499999999999773e+02
3.906000000000000000e+05	3.281499999999999773e+02
3.906000000000000000e+05	3.281499999999999773e+02
3.915000000000000000e+05	3.281499999999999773e+02
3.915000000000000000e+05	3.281499999999999773e+02
3.924000000000000000e+05	3.281499999999999773e+02
3.924000000000000000e+05	3.028124152394817656e+02
3.933000000000000000e+05	3.028124152394817656e+02
3.933000000000000000e+05	3.068362520418532995e+02
3.942000000000000000e+05	3.068362520418532995e+02
3.942000000000000000e+05	3.046719039483635356e+02
3.951000000000000000e+05	3.046719039483635356e+02
3.951000000000000000e+05	3.056370233600031270e+02
3.960000000000000000e+05	3.056370233600031270e+02
3.960000000000000000e+05	3.093032543386606221e+02
3.969000000000000000e+05	3.093032543386606221e+02
3.969000000000000000e+05	3.093032543386606221e+02
3.978000000000000000e+05	3.093032543386606221e+02
3.978000000000000000e+05	2.981499999999999773e+02
3.987000000000000000e+05	2.981499999999999773e+02
3.987000000000000000e+05	3.046937345874687253e+02
3.996000000000000000e+05	3.046937345874687253e+02
3.996000000000000000e+05	3.281499999999999773e+02
4.005000000000000000e+05	3.281499999999999773e+02
4.005000000000000000e+05	3.026709789102704349e+02
4.014000000000000000e+05	3.026709789102704349e+02
4.014000000000000000e+05	2.981499999999999773e+02
4.023000000000000000e+05	2.981499999999999773e+02
4.023000000000000000e+05	3.281499999999999773e+02
4.032000000000000000e+05	3.281499999999999773e+02
4.032000000000000000e+05	3.281499999999999773e+02
4.041000000000000000e+05	3.281499999999999773e+02
4.041000000000000000e+05	3.281499999999999773e+02
4.050000000000000000e+05	3.281499999999999773e+02
4.050000000000000000e+05	3.002614632427183210e+02
4.059000000000000000e+05	3.002614632427183210e+02
4.059000000000000000e+05	3.093032543386606221e+02
4.068000000000000000e+05	3.093032543386606221e+02
4.068000000000000000e+05	2.981499999999999204e+02
4.077000000000000000e+05	2.981499999999999204e+02
4.077000000000000000e+05	3.281499999999999773e+02
4.086000000000000000e+05	3.281499999999999773e+02
4.086000000000000000e+05	2.981499999999999773e+02
4.095000000000000000e+05	2.981499999999999773e+02
4.095000000000000000e+05	3.016838818801115849e+02
4.104000000000000000e+05	3.016838818801115849e+02
4.104000000000000000e+05	3.029647256404264795e+02
4.113000000000000000e+05	3.029647256404264795e+02
4.113000000000000000e+05	3.281499999999999773e+02
4.122000000000000000e+05	3.281499999999999773e+02
4.122000000000000000e+05	2.981499999999999773e+02
4.131000000000000000e+05	2.981499999999999773e+02
4.131000000000000000e+05	2.981499999999999773e+02
4.140000000000000000e+05	2.981499999999999773e+02
4.140000000000000000e+05	3.012908448913484563e+02
4.149000000000000000e+05	3.012908448913484563e+02
4.149000000000000000e+05	3.070024492205886304e+02
4.158000000000000000e+05	3.070024492205886304e+02
4.158000000000000000e+05	3.281499999999999773e+02
4.167000000000000000e+05	3.281499999999999773e+02
4.167000000000000000e+05	3.024840244148097099e+02
4.176000000000000000e+05	3.024840244148097099e+02
4.176000000000000000e+05	3.281499999999999773e+02
4.185000000000000000e+05	3.281499999999999773e+02
4.185000000000000000e+05	3.281499999999999773e+02
4.194000000000000000e+05	3.281499999999999773e+02
4.194000000000000000e+05	3.281499999999999773e+02
4.203000000000000000e+05	3.281499999999999773e+02
4.203000000000000000e+05	3.281499999999999773e+02
4.212000000000000000e+05	3.281499999999999773e+02
4.212000000000000000e+05	3.281499999999999773e+02
4.221000000000000000e+05	3.281499999999999773e+02
4.221000000000000000e+05	3.281499999999999773e+02
4.230000000000000000e+05	3.281499999999999773e+02
4.230000000000000000e+05	3.281499999999999773e+02
4.239000000000000000e+05	3.281499999999999773e+02
4.239000000000000000e+05	3.281499999999999773e+02
4.248000000000000000e+05	3.281499999999999773e+02
4.248000000000000000e+05	2.981499999999999773e+02
4.257000000000000000e+05	2.981499999999999773e+02
4.257000000000000000e+05	3.281499999999999773e+02
4.266000000000000000e+05	3.281499999999999773e+02
4.266000000000000000e+05	3.281499999999999773e+02
4.275000000000000000e+05	3.281499999999999773e+02
4.275000000000000000e+05	3.281499999999999773e+02
4.284000000000000000e+05	3.281499999999999773e+02
4.284000000000000000e+05	3.281499999999999773e+02
4.293000000000000000e+05	3.281499999999999773e+02
4.293000000000000000e+05	3.093032543386606221e+02
4.302000000000000000e+05	3.093032543386606221e+02
4.302000000000000000e+05	3.281499999999999773e+02
4.311000000000000000e+05	3.281499999999999773e+02
4.311000000000000000e+05	3.260704470411957345e+02
4.320000000000000000e+05	3.260704470411957345e+02
4.320000000000000000e+05	3.281499999999999773e+02
4.329000000000000000e+05	3.281499999999999773e+02
4.329000000000000000e+05	3.229269643670389769e+02
4.338000000000000000e+05	3.229269643670389769e+02
4.338000000000000000e+05	3.250731409726268453e+02
4.347000000000000000e+05	3.250731409726268453e+02
4.347000000000000000e+05	3.271144811587111008e+02
4.356000000000000000e+05	3.271144811587111008e+02
4.356000000000000000e+05	3.281499999999999773e+02
4.365000000000000000e+05	3.281499999999999773e+02
4.365000000000000000e+05	2.981499999999999773e+02
4.374000000000000000e+05	2.981499999999999773e+02
4.374000000000000000e+05	2.987226209715715299e+02
4.383000000000000000e+05	2.987226209715715299e+02
4.383000000000000000e+05	2.986310381879796410e+02
4.392000000000000000e+05	2.986310381879796410e+02
4.392000000000000000e+05	3.281499999999999773e+02
4.401000000000000000e+05	3.281499999999999773e+02
4.401000000000000000e+05	3.281499999999999773e+02
4.410000000000000000e+05	3.281499999999999773e+02
4.410000000000000000e+05	3.010027222520150758e+02
4.419000000000000000e+05	3.010027222520150758e+02
4.419000000000000000e+05	3.007631410453011540e+02
4.428000000000000000e+05	3.007631410453011540e+02
4.428000000000000000e+05	3.281499999999999773e+02
4.437000000000000000e+05	3.281499999999999773e+02
4.437000000000000000e+05	3.281499999999999773e+02
4.446000000000000000e+05	3.281499999999999773e+02
4.446000000000000000e+05	3.281499999999999773e+02
4.455000000000000000e+05	3.281499999999999773e+02
4.455000000000000000e+05	3.281499999999999773e+02
4.464000000000000000e+05	3.281499999999999773e+02
4.464000000000000000e+05	3.093032543386606221e+02
4.473000000000000000e+05	3.093032543386606221e+02
4.473000000000000000e+05	3.281499999999999773e+02
4.482000000000000000e+05	3.281499999999999773e+02
4.482000000000000000e+05	2.981499999999999773e+02
4.491000000000000000e+05	2.981499999999999773e+02
4.491000000000000000e+05	2.981499999999999773e+02
4.500000000000000000e+05	2.981499999999999773e+02
4.500000000000000000e+05	2.981499999999999773e+02
4.509000000000000000e+05	2.981499999999999773e+02
4.509000000000000000e+05	3.281499999999999773e+02
4.518000000000000000e+05	3.281499999999999773e+02
4.518000000000000000e+05	3.281499999999999773e+02
4.527000000000000000e+05	3.281499999999999773e+02
4.527000000000000000e+05	2.981499999999999773e+02
4.536000000000000000e+05	2.981499999999999773e+02
4.536000000000000000e+05	3.281499999999999773e+02
4.545000000000000000e+05	3.281499999999999773e+02
4.545000000000000000e+05	3.281499999999999773e+02
4.554000000000000000e+05	3.281499999999999773e+02
4.554000000000000000e+05	3.281499999999999773e+02
4.563000000000000000e+05	3.281499999999999773e+02
4.563000000000000000e+05	2.981499999999999773e+02
4.572000000000000000e+05	2.981499999999999773e+02
4.572000000000000000e+05	3.023097637351529556e+02
4.581000000000000000e+05	3.023097637351529556e+02
4.581000000000000000e+05	3.082402177029732684e+02
4.590000000000000000e+05	3.082402177029732684e+02
4.590000000000000000e+05	3.161139099513788437e+02
4.599000000000000000e+05	3.161139099513788437e+02
4.599000000000000000e+05	3.161139099513788437e+02
4.608000000000000000e+05	3.161139099513788437e+02
4.608000000000000000e+05	3.161139099513788437e+02
4.617000000000000000e+05	3.161139099513788437e+02
4.617000000000000000e+05	3.161139099513788437e+02
4.626000000000000000e+05	3.161139099513788437e+02
4.626000000000000000e+05	3.161139099513788437e+02
4.635000000000000000e+05	3.161139099513788437e+02
4.635000000000000000e+05	3.161139099513788437e+02
4.644000000000000000e+05	3.161139099513788437e+02
4.644000000000000000e+05	3.126049016136338992e+02
4.653000000000000000e+05	3.126049016136338992e+02
4.653000000000000000e+05	3.093032543386606221e+02
4.662000000000000000e+05	3.093032543386606221e+02
4.662000000000000000e+05	3.093032543386606221e+02
4.671000000000000000e+05	3.093032543386606221e+02
4.671000000000000000e+05	3.093032543386606221e+02
4.680000000000000000e+05	3.093032543386606221e+02
4.680000000000000000e+05	3.093032543386606221e+02
4.689000000000000000e+05	3.093032543386606221e+02
4.689000000000000000e+05	3.077069115058514512e+02
4.698000000000000000e+05	3.077069115058514512e+02
4.698000000000000000e+05	3.093032543386606221e+02
4.707000000000000000e+05	3.093032543386606221e+02
4.707000000000000000e+05	3.271937213421487058e+02
4.716000000000000000e+05	3.271937213421487058e+02
4.716000000000000000e+05	3.057289657709617359e+02
4.725000000000000000e+05	3.057289657709617359e+02
4.725000000000000000e+05	3.281499999999999773e+02
4.734000000000000000e+05	3.281499999999999773e+02
4.734000000000000000e+05	3.030317800925374740e+02
4.743000000000000000e+05	3.030317800925374740e+02
4.743000000000000000e+05	3.023895893298056308e+02
4.752000000000000000e+05	3.023895893298056308e+02
4.752000000000000000e+05	3.281499999999999773e+02
4.761000000000000000e+05	3.281499999999999773e+02
4.761000000000000000e+05	3.038300578678588408e+02
4.770000000000000000e+05	3.038300578678588408e+02
4.770000000000000000e+05	3.281499999999999773e+02
4.779000000000000000e+05	3.281499999999999773e+02
4.779000000000000000e+05	3.023206839448821484e+02
4.788000000000000000e+05	3.023206839448821484e+02
4.788000000000000000e+05	3.038464868192118047e+02
4.797000000000000000e+05	3.038464868192118047e+02
4.797000000000000000e+05	3.055184786898616380e+02
4.806000000000000000e+05	3.055184786898616380e+02
4.806000000000000000e+05	3.071538774031475327e+02
4.815000000000000000e+05	3.071538774031475327e+02
4.815000000000000000e+05	3.078041126951466708e+02
4.824000000000000000e+05	3.078041126951466708e+02
4.824000000000000000e+05	3.281499999999999773e+02
4.833000000000000000e+05	3.281499999999999773e+02
4.833000000000000000e+05	3.281499999999999773e+02
4.842000000000000000e+05	3.281499999999999773e+02
4.842000000000000000e+05	3.281499999999999773e+02
4.851000000000000000e+05	3.281499999999999773e+02
4.851000000000000000e+05	3.039800886940329292e+02
4.860000000000000000e+05	3.039800886940329292e+02
4.860000000000000000e+05	3.040185207519098753e+02
4.869000000000000000e+05	3.040185207519098753e+02
4.869000000000000000e+05	3.281499999999999773e+02
4.878000000000000000e+05	3.281499999999999773e+02
4.878000000000000000e+05	3.281499999999999773e+02
4.887000000000000000e+05	3.281499999999999773e+02
4.887000000000000000e+05	3.093032543386606221e+02
4.896000000000000000e+05	3.093032543386606221e+02
4.896000000000000000e+05	3.093032543386609063e+02
4.905000000000000000e+05	3.093032543386609063e+02
4.905000000000000000e+05	3.016244728361735952e+02
4.914000000000000000e+05	3.016244728361735952e+02
4.914000000000000000e+05	2.981499999999999773e+02
4.923000000000000000e+05	2.981499999999999773e+02
4.923000000000000000e+05	2.981499999999999773e+02
4.932000000000000000e+05	2.981499999999999773e+02
4.932000000000000000e+05	3.004824267822820048e+02
4.941000000000000000e+05	3.004824267822820048e+02
4.941000000000000000e+05	3.281499999999999773e+02
4.950000000000000000e+05	3.281499999999999773e+02
4.950000000000000000e+05	3.019844945720600435e+02
4.959000000000000000e+05	3.019844945720600435e+02
4.959000000000000000e+05	2.981499999999999773e+02
4.968000000000000000e+05	2.981499999999999773e+02
4.968000000000000000e+05	3.013489838834927355e+02
4.977000000000000000e+05	3.013489838834927355e+02
4.977000000000000000e+05	3.281499999999999773e+02
4.986000000000000000e+05	3.281499999999999773e+02
4.986000000000000000e+05	2.981499999999999773e+02
4.995000000000000000e+05	2.981499999999999773e+02
4.995000000000000000e+05	3.008350304807102020e+02
5.004000000000000000e+05	3.008350304807102020e+02
5.004000000000000000e+05	3.013802292913086944e+02
5.013000000000000000e+05	3.013802292913086944e+02
5.013000000000000000e+05	3.281499999999999773e+02
5.022000000000000000e+05	3.281499999999999773e+02
5.022000000000000000e+05	3.010450633550676685e+02
5.031000000000000000e+05	3.010450633550676685e+02
5.031000000000000000e+05	3.035223762480438268e+02
5.040000000000000000e+05	3.035223762480438268e+02
5.040000000000000000e+05	3.093032543386606221e+02
5.049000000000000000e+05	3.093032543386606221e+02
5.049000000000000000e+05	3.281499999999999773e+02
5.058000000000000000e+05	3.281499999999999773e+02
5.058000000000000000e+05	3.281499999999999773e+02
5.067000000000000000e+05	3.281499999999999773e+02
5.067000000000000000e+05	3.281499999999999773e+02
5.076000000000000000e+05	3.281499999999999773e+02
5.076000000000000000e+05	2.981499999999999773e+02
5.085000000000000000e+05	2.981499999999999773e+02
5.085000000000000000e+05	3.281499999999999773e+02
5.094000000000000000e+05	3.281499999999999773e+02
5.094000000000000000e+05	3.281499999999999773e+02
5.103000000000000000e+05	3.281499999999999773e+02
5.103000000000000000e+05	3.281499999999999773e+02
5.112000000000000000e+05	3.281499999999999773e+02
5.112000000000000000e+05	3.281499999999999773e+02
5.121000000000000000e+05	3.281499999999999773e+02
5.121000000000000000e+05	3.281499999999999773e+02
5.130000000000000000e+05	3.281499999999999773e+02
5.130000000000000000e+05	3.281499999999999773e+02
5.139000000000000000e+05	3.281499999999999773e+02
5.139000000000000000e+05	3.281499999999999773e+02
5.148000000000000000e+05	3.281499999999999773e+02
5.148000000000000000e+05	3.281499999999999773e+02
5.157000000000000000e+05	3.281499999999999773e+02
5.157000000000000000e+05	3.281499999999999773e+02
5.166000000000000000e+05	3.281499999999999773e+02
5.166000000000000000e+05	3.281499999999999773e+02
5.175000000000000000e+05	3.281499999999999773e+02
5.175000000000000000e+05	3.281499999999999773e+02
5.184000000000000000e+05	3.281499999999999773e+02
5.184000000000000000e+05	3.281499999999999773e+02
5.193000000000000000e+05	3.281499999999999773e+02
5.193000000000000000e+05	3.281499999999999773e+02
5.202000000000000000e+05	3.281499999999999773e+02
5.202000000000000000e+05	2.981499999999999773e+02
5.211000000000000000e+05	2.981499999999999773e+02
5.211000000000000000e+05	2.981499999999999773e+02
5.220000000000000000e+05	2.981499999999999773e+02
5.220000000000000000e+05	3.281499999999999773e+02
5.229000000000000000e+05	3.281499999999999773e+02
5.229000000000000000e+05	3.281499999999999773e+02
5.238000000000000000e+05	3.281499999999999773e+02
5.238000000000000000e+05	2.981499999999999773e+02
5.247000000000000000e+05	2.981499999999999773e+02
5.247000000000000000e+05	2.981499999999999773e+02
5.256000000000000000e+05	2.981499999999999773e+02
5.256000000000000000e+05	3.281499999999999773e+02
5.265000000000000000e+05	3.281499999999999773e+02
5.265000000000000000e+05	3.281499999999999773e+02
5.274000000000000000e+05	3.281499999999999773e+02
5.274000000000000000e+05	2.981499999999999773e+02
5.283000000000000000e+05	2.981499999999999773e+02
5.283000000000000000e+05	3.231168085177810667e+02
5.292000000000000000e+05	3.231168085177810667e+02
5.292000000000000000e+05	3.093032543386606221e+02
5.301000000000000000e+05	3.093032543386606221e+02
5.301000000000000000e+05	3.281499999999999773e+02
5.310000000000000000e+05	3.281499999999999773e+02
5.310000000000000000e+05	3.015561357461450029e+02
5.319000000000000000e+05	3.015561357461450029e+02
5.319000000000000000e+05	3.093032543386606221e+02
5.328000000000000000e+05	3.093032543386606221e+02
5.328000000000000000e+05	3.056806970980187543e+02
5.337000000000000000e+05	3.056806970980187543e+02
5.337000000000000000e+05	3.255985350698483671e+02
5.346000000000000000e+05	3.255985350698483671e+02
5.346000000000000000e+05	3.281499999999999773e+02
5.355000000000000000e+05	3.281499999999999773e+02
5.355000000000000000e+05	3.012995835078492064e+02
5.364000000000000000e+05	3.012995835078492064e+02
5.364000000000000000e+05	3.255249475878604812e+02
5.373000000000000000e+05	3.255249475878604812e+02
5.373000000000000000e+05	3.281499999999999773e+02
5.382000000000000000e+05	3.281499999999999773e+02
5.382000000000000000e+05	3.281499999999999773e+02
5.391000000000000000e+05	3.281499999999999773e+02
5.391000000000000000e+05	3.281499999999999773e+02
5.400000000000000000e+05	3.281499999999999773e+02
5.400000000000000000e+05	3.281499999999999773e+02
5.409000000000000000e+05	3.281499999999999773e+02
5.409000000000000000e+05	3.281499999999999773e+02
5.418000000000000000e+05	3.281499999999999773e+02
5.418000000000000000e+05	2.981499999999999773e+02
5.427000000000000000e+05	2.981499999999999773e+02
5.427000000000000000e+05	2.986029742901870918e+02
5.436000000000000000e+05	2.986029742901870918e+02
5.436000000000000000e+05	3.037114009241872168e+02
5.445000000000000000e+05	3.037114009241872168e+02
5.445000000000000000e+05	3.161139099513788437e+02
5.454000000000000000e+05	3.161139099513788437e+02
5.454000000000000000e+05	3.161139099513788437e+02
5.463000000000000000e+05	3.161139099513788437e+02
5.463000000000000000e+05	3.161139099513788437e+02
5.472000000000000000e+05	3.161139099513788437e+02
5.472000000000000000e+05	3.116573651924663864e+02
5.481000000000000000e+05	3.116573651924663864e+02
5.481000000000000000e+05	3.141079927487904229e+02
5.490000000000000000e+05	3.141079927487904229e+02
5.490000000000000000e+05	3.142748385350139984e+02
5.499000000000000000e+05	3.142748385350139984e+02
5.499000000000000000e+05	3.148749732405777308e+02
5.508000000000000000e+05	3.148749732405777308e+02
5.508000000000000000e+05	3.281499999999999773e+02
5.517000000000000000e+05	3.281499999999999773e+02
5.517000000000000000e+05	3.080454138611688677e+02
5.526000000000000000e+05	3.080454138611688677e+02
5.526000000000000000e+05	3.088252054763511296e+02
5.535000000000000000e+05	3.088252054763511296e+02
5.535000000000000000e+05	3.093032543386606221e+02
5.544000000000000000e+05	3.093032543386606221e+02
5.544000000000000000e+05	3.081106553407324213e+02
5.553000000000000000e+05	3.081106553407324213e+02
5.553000000000000000e+05	3.075233047022122719e+02
5.562000000000000000e+05	3.075233047022122719e+02
5.562000000000000000e+05	3.071027768143378012e+02
5.571000000000000000e+05	3.071027768143378012e+02
5.571000000000000000e+05	3.073670872687281417e+02
5.580000000000000000e+05	3.073670872687281417e+02
5.580000000000000000e+05	3.093032543386606221e+02
5.589000000000000000e+05	3.093032543386606221e+02
5.589000000000000000e+05	3.093032543386607358e+02
5.598000000000000000e+05	3.093032543386607358e+02
5.598000000000000000e+05	3.281499999999999773e+02
5.607000000000000000e+05	3.281499999999999773e+02
5.607000000000000000e+05	3.093032543386606221e+02
5.616000000000000000e+05	3.093032543386606221e+02
5.616000000000000000e+05	2.981499999999999773e+02
5.625000000000000000e+05	2.981499999999999773e+02
5.625000000000000000e+05	3.041888082123820709e+02
5.634000000000000000e+05	3.041888082123820709e+02
5.634000000000000000e+05	3.281499999999999773e+02
5.643000000000000000e+05	3.281499999999999773e+02
5.643000000000000000e+05	3.047861829860522676e+02
5.652000000000000000e+05	3.047861829860522676e+02
5.652000000000000000e+05	3.093032543386606221e+02
5.661000000000000000e+05	3.093032543386606221e+02
5.661000000000000000e+05	2.981499999999999773e+02
5.670000000000000000e+05	2.981499999999999773e+02
5.670000000000000000e+05	3.281499999999999773e+02
5.679000000000000000e+05	3.281499999999999773e+02
5.679000000000000000e+05	2.981499999999999773e+02
5.688000000000000000e+05	2.981499999999999773e+02
5.688000000000000000e+05	3.012696598209398644e+02
5.697000000000000000e+05	3.012696598209398644e+02
5.697000000000000000e+05	3.281499999999999773e+02
5.706000000000000000e+05	3.281499999999999773e+02
5.706000000000000000e+05	2.981499999999999773e+02
5.715000000000000000e+05	2.981499999999999773e+02
5.715000000000000000e+05	3.011793661395822710e+02
5.724000000000000000e+05	3.011793661395822710e+02
5.724000000000000000e+05	3.281499999999999773e+02
5.733000000000000000e+05	3.281499999999999773e+02
5.733000000000000000e+05	3.281499999999999773e+02
5.742000000000000000e+05	3.281499999999999773e+02
5.742000000000000000e+05	2.981499999999999773e+02
5.751000000000000000e+05	2.981499999999999773e+02
5.751000000000000000e+05	2.981499999999999773e+02
5.760000000000000000e+05	2.981499999999999773e+02
5.760000000000000000e+05	3.012705849945347154e+02
5.769000000000000000e+05	3.012705849945347154e+02
5.769000000000000000e+05	3.281499999999999773e+02
5.778000000000000000e+05	3.281499999999999773e+02
5.778000000000000000e+05	3.010748670266544309e+02
5.787000000000000000e+05	3.010748670266544309e+02
5.787000000000000000e+05	3.034697017146569920e+02
5.796000000000000000e+05	3.034697017146569920e+02
5.796000000000000000e+05	3.066261622478081676e+02
5.805000000000000000e+05	3.066261622478081676e+02
5.805000000000000000e+05	3.043189431073730589e+02
5.814000000000000000e+05	3.043189431073730589e+02
5.814000000000000000e+05	3.281499999999999773e+02
5.823000000000000000e+05	3.281499999999999773e+02
5.823000000000000000e+05	2.981499999999999773e+02
5.832000000000000000e+05	2.981499999999999773e+02
5.832000000000000000e+05	3.281499999999999773e+02
5.841000000000000000e+05	3.281499999999999773e+02
5.841000000000000000e+05	2.981499999999999773e+02
5.850000000000000000e+05	2.981499999999999773e+02
5.850000000000000000e+05	3.281499999999999773e+02
5.859000000000000000e+05	3.281499999999999773e+02
5.859000000000000000e+05	3.281499999999999773e+02
5.868000000000000000e+05	3.281499999999999773e+02
5.868000000000000000e+05	2.981499999999999204e+02
5.877000000000000000e+05	2.981499999999999204e+02
5.877000000000000000e+05	3.018657574746342220e+02
5.886000000000000000e+05	3.018657574746342220e+02
5.886000000000000000e+05	3.281499999999999773e+02
5.895000000000000000e+05	3.281499999999999773e+02
5.895000000000000000e+05	3.031643783810331456e+02
5.904000000000000000e+05	3.031643783810331456e+02
5.904000000000000000e+05	3.023673830288954605e+02
5.913000000000000000e+05	3.023673830288954605e+02
5.913000000000000000e+05	2.981499999999999773e+02
5.922000000000000000e+05	2.981499999999999773e+02
5.922000000000000000e+05	2.981499999999999773e+02
5.931000000000000000e+05	2.981499999999999773e+02
5.931000000000000000e+05	2.981499999999999773e+02
5.940000000000000000e+05	2.981499999999999773e+02
5.940000000000000000e+05	3.281499999999999773e+02
5.949000000000000000e+05	3.281499999999999773e+02
5.949000000000000000e+05	3.281499999999999773e+02
5.958000000000000000e+05	3.281499999999999773e+02
5.958000000000000000e+05	3.281499999999999773e+02
5.967000000000000000e+05	3.281499999999999773e+02
5.967000000000000000e+05	3.281499999999999773e+02
5.976000000000000000e+05	3.281499999999999773e+02
5.976000000000000000e+05	3.281499999999999773e+02
5.985000000000000000e+05	3.281499999999999773e+02
5.985000000000000000e+05	3.281499999999999773e+02
5.994000000000000000e+05	3.281499999999999773e+02
5.994000000000000000e+05	3.281499999999999773e+02
6.003000000000000000e+05	3.281499999999999773e+02
6.003000000000000000e+05	3.281499999999999773e+02
6.012000000000000000e+05	3.281499999999999773e+02
6.012000000000000000e+05	3.192326007434961070e+02
6.021000000000000000e+05	3.192326007434961070e+02
6.021000000000000000e+05	3.281499999999999773e+02
6.030000000000000000e+05	3.281499999999999773e+02
6.030000000000000000e+05	3.281499999999999773e+02
6.039000000000000000e+05	3.281499999999999773e+02
6.039000000000000000e+05	3.281499999999999773e+02
6.048000000000000000e+05	3.281499999999999773e+02
