# #1
# double t_TES(1344, 2)
0.000000000000000000e+00	3.031499999999999773e+02
9.000000000000000000e+02	3.031499999999999773e+02
9.000000000000000000e+02	2.997875033493480714e+02
1.800000000000000000e+03	2.997875033493480714e+02
1.800000000000000000e+03	2.993495672429575620e+02
2.700000000000000000e+03	2.993495672429575620e+02
2.700000000000000000e+03	2.986514905445232557e+02
3.600000000000000000e+03	2.986514905445232557e+02
3.600000000000000000e+03	2.981967130674178748e+02
4.500000000000000000e+03	2.981967130674178748e+02
4.500000000000000000e+03	2.962495891166598767e+02
5.400000000000000000e+03	2.962495891166598767e+02
5.400000000000000000e+03	2.964541823035700077e+02
6.300000000000000000e+03	2.964541823035700077e+02
6.300000000000000000e+03	2.961246791455438938e+02
7.200000000000000000e+03	2.961246791455438938e+02
7.200000000000000000e+03	2.947351691641846969e+02
8.100000000000000000e+03	2.947351691641846969e+02
8.100000000000000000e+03	3.005625988241081359e+02
9.000000000000000000e+03	3.005625988241081359e+02
9.000000000000000000e+03	3.000483489434859052e+02
9.900000000000000000e+03	3.000483489434859052e+02
9.900000000000000000e+03	3.017813915671390532e+02
1.080000000000000000e+04	3.017813915671390532e+02
1.080000000000000000e+04	2.989078760895587266e+02
1.170000000000000000e+04	2.989078760895587266e+02
1.170000000000000000e+04	2.980948862816439942e+02
1.260000000000000000e+04	2.980948862816439942e+02
1.260000000000000000e+04	2.975926156373316189e+02
1.350000000000000000e+04	2.975926156373316189e+02
1.350000000000000000e+04	2.957195185245140010e+02
1.440000000000000000e+04	2.957195185245140010e+02
1.440000000000000000e+04	2.945244164410912617e+02
1.530000000000000000e+04	2.945244164410912617e+02
1.530000000000000000e+04	2.985076970574448296e+02
1.620000000000000000e+04	2.985076970574448296e+02
1.620000000000000000e+04	3.008894257627276261e+02
1.710000000000000000e+04	3.008894257627276261e+02
1.710000000000000000e+04	2.988827148162208118e+02
1.800000000000000000e+04	2.988827148162208118e+02
1.800000000000000000e+04	2.942914709708445002e+02
1.890000000000000000e+04	2.942914709708445002e+02
1.890000000000000000e+04	2.933550493988275889e+02
1.980000000000000000e+04	2.933550493988275889e+02
1.980000000000000000e+04	2.916086189135070299e+02
2.070000000000000000e+04	2.916086189135070299e+02
2.070000000000000000e+04	2.911499999999999773e+02
2.160000000000000000e+04	2.911499999999999773e+02
2.160000000000000000e+04	2.925031318785726739e+02
2.250000000000000000e+04	2.925031318785726739e+02
2.250000000000000000e+04	2.920337313702192432e+02
2.340000000000000000e+04	2.920337313702192432e+02
2.340000000000000000e+04	2.930499114385601160e+02
2.430000000000000000e+04	2.930499114385601160e+02
2.430000000000000000e+04	2.933833729890800441e+02
2.520000000000000000e+04	2.933833729890800441e+02
2.520000000000000000e+04	2.967800490157910076e+02
2.610000000000000000e+04	2.967800490157910076e+02
2.610000000000000000e+04	3.023772879826399276e+02
2.700000000000000000e+04	3.023772879826399276e+02
2.700000000000000000e+04	3.054326807883513766e+02
2.790000000000000000e+04	3.054326807883513766e+02
2.790000000000000000e+04	3.076279561569586463e+02
2.880000000000000000e+04	3.076279561569586463e+02
2.880000000000000000e+04	3.049571923762040342e+02
2.970000000000000000e+04	3.049571923762040342e+02
2.970000000000000000e+04	3.074477654794005730e+02
3.060000000000000000e+04	3.074477654794005730e+02
3.060000000000000000e+04	3.074346512975774317e+02
3.150000000000000000e+04	3.074346512975774317e+02
3.150000000000000000e+04	3.076952034971674266e+02
3.240000000000000000e+04	3.076952034971674266e+02
3.240000000000000000e+04	3.067582829315912818e+02
3.330000000000000000e+04	3.067582829315912818e+02
3.330000000000000000e+04	3.057866999597238191e+02
3.420000000000000000e+04	3.057866999597238191e+02
3.420000000000000000e+04	3.054695581689329629e+02
3.510000000000000000e+04	3.054695581689329629e+02
3.510000000000000000e+04	3.057866999597238191e+02
3.600000000000000000e+04	3.057866999597238191e+02
3.600000000000000000e+04	3.058868530520499007e+02
3.690000000000000000e+04	3.058868530520499007e+02
3.690000000000000000e+04	3.016181164220935784e+02
3.780000000000000000e+04	3.016181164220935784e+02
3.780000000000000000e+04	3.040022937355781210e+02
3.870000000000000000e+04	3.040022937355781210e+02
3.870000000000000000e+04	3.037350192911625868e+02
3.960000000000000000e+04	3.037350192911625868e+02
3.960000000000000000e+04	3.040301344574833138e+02
4.050000000000000000e+04	3.040301344574833138e+02
4.050000000000000000e+04	3.012245109064891722e+02
4.140000000000000000e+04	3.012245109064891722e+02
4.140000000000000000e+04	3.004140392700693951e+02
4.230000000000000000e+04	3.004140392700693951e+02
4.230000000000000000e+04	2.990676416742451238e+02
4.320000000000000000e+04	2.990676416742451238e+02
4.320000000000000000e+04	2.989297945867335784e+02
4.410000000000000000e+04	2.989297945867335784e+02
4.410000000000000000e+04	2.972217208265058730e+02
4.500000000000000000e+04	2.972217208265058730e+02
4.500000000000000000e+04	2.977071436875561972e+02
4.590000000000000000e+04	2.977071436875561972e+02
4.590000000000000000e+04	2.975163509813757514e+02
4.680000000000000000e+04	2.975163509813757514e+02
4.680000000000000000e+04	2.961491125571749876e+02
4.770000000000000000e+04	2.961491125571749876e+02
4.770000000000000000e+04	2.957486429100442820e+02
4.860000000000000000e+04	2.957486429100442820e+02
4.860000000000000000e+04	2.961643718626640407e+02
4.950000000000000000e+04	2.961643718626640407e+02
4.950000000000000000e+04	2.962214041448800685e+02
5.040000000000000000e+04	2.962214041448800685e+02
5.040000000000000000e+04	2.954480463524870402e+02
5.130000000000000000e+04	2.954480463524870402e+02
5.130000000000000000e+04	2.953756381842489986e+02
5.220000000000000000e+04	2.953756381842489986e+02
5.220000000000000000e+04	2.931970736022531696e+02
5.310000000000000000e+04	2.931970736022531696e+02
5.310000000000000000e+04	2.928439512912589180e+02
5.400000000000000000e+04	2.928439512912589180e+02
5.400000000000000000e+04	2.959261823382566945e+02
5.490000000000000000e+04	2.959261823382566945e+02
5.490000000000000000e+04	2.951480039715857515e+02
5.580000000000000000e+04	2.951480039715857515e+02
5.580000000000000000e+04	2.957220448387733995e+02
5.670000000000000000e+04	2.957220448387733995e+02
5.670000000000000000e+04	2.951599789052054348e+02
5.760000000000000000e+04	2.951599789052054348e+02
5.760000000000000000e+04	2.943945227220235665e+02
5.850000000000000000e+04	2.943945227220235665e+02
5.850000000000000000e+04	2.940913699391526848e+02
5.940000000000000000e+04	2.940913699391526848e+02
5.940000000000000000e+04	2.937827530046578772e+02
6.030000000000000000e+04	2.937827530046578772e+02
6.030000000000000000e+04	2.933390939266474220e+02
6.120000000000000000e+04	2.933390939266474220e+02
6.120000000000000000e+04	2.936079855772404699e+02
6.210000000000000000e+04	2.936079855772404699e+02
6.210000000000000000e+04	2.988916555271445645e+02
6.300000000000000000e+04	2.988916555271445645e+02
6.300000000000000000e+04	2.963645852592396182e+02
6.390000000000000000e+04	2.963645852592396182e+02
6.390000000000000000e+04	2.992430910199865934e+02
6.480000000000000000e+04	2.992430910199865934e+02
6.480000000000000000e+04	2.989034281740471215e+02
6.570000000000000000e+04	2.989034281740471215e+02
6.570000000000000000e+04	2.972215728431978050e+02
6.660000000000000000e+04	2.972215728431978050e+02
6.660000000000000000e+04	2.964684724164491172e+02
6.750000000000000000e+04	2.964684724164491172e+02
6.750000000000000000e+04	2.948148895102951883e+02
6.840000000000000000e+04	2.948148895102951883e+02
6.840000000000000000e+04	2.949626484849397343e+02
6.930000000000000000e+04	2.949626484849397343e+02
6.930000000000000000e+04	3.004900626712478697e+02
7.020000000000000000e+04	3.004900626712478697e+02
7.020000000000000000e+04	2.960309579389847272e+02
7.110000000000000000e+04	2.960309579389847272e+02
7.110000000000000000e+04	2.991288803615811389e+02
7.200000000000000000e+04	2.991288803615811389e+02
7.200000000000000000e+04	2.959273473457723185e+02
7.290000000000000000e+04	2.959273473457723185e+02
7.290000000000000000e+04	2.949812617175390415e+02
7.380000000000000000e+04	2.949812617175390415e+02
7.380000000000000000e+04	2.932260136846841760e+02
7.470000000000000000e+04	2.932260136846841760e+02
7.470000000000000000e+04	2.924165297372196619e+02
7.560000000000000000e+04	2.924165297372196619e+02
7.560000000000000000e+04	2.937042776060710594e+02
7.650000000000000000e+04	2.937042776060710594e+02
7.650000000000000000e+04	2.933776188717563400e+02
7.740000000000000000e+04	2.933776188717563400e+02
7.740000000000000000e+04	2.918629659263925760e+02
7.830000000000000000e+04	2.918629659263925760e+02
7.830000000000000000e+04	2.912742183165383949e+02
7.920000000000000000e+04	2.912742183165383949e+02
7.920000000000000000e+04	2.928650520637870613e+02
8.010000000000000000e+04	2.928650520637870613e+02
8.010000000000000000e+04	2.927292281956291617e+02
8.100000000000000000e+04	2.927292281956291617e+02
8.100000000000000000e+04	2.940475032875813781e+02
8.190000000000000000e+04	2.940475032875813781e+02
8.190000000000000000e+04	2.944451832982257429e+02
8.280000000000000000e+04	2.944451832982257429e+02
8.280000000000000000e+04	2.926575800218168411e+02
8.370000000000000000e+04	2.926575800218168411e+02
8.370000000000000000e+04	2.926353463707449123e+02
8.460000000000000000e+04	2.926353463707449123e+02
8.460000000000000000e+04	2.938117985673467842e+02
8.550000000000000000e+04	2.938117985673467842e+02
8.550000000000000000e+04	2.941881735888050571e+02
8.640000000000000000e+04	2.941881735888050571e+02
8.640000000000000000e+04	2.925191223045055722e+02
8.730000000000000000e+04	2.925191223045055722e+02
8.730000000000000000e+04	2.924981440333372120e+02
8.820000000000000000e+04	2.924981440333372120e+02
8.820000000000000000e+04	2.936323907599763174e+02
8.910000000000000000e+04	2.936323907599763174e+02
8.910000000000000000e+04	2.939959870539126996e+02
9.000000000000000000e+04	2.939959870539126996e+02
9.000000000000000000e+04	2.923745391098545383e+02
9.090000000000000000e+04	2.923745391098545383e+02
9.090000000000000000e+04	2.923513063204298419e+02
9.180000000000000000e+04	2.923513063204298419e+02
9.180000000000000000e+04	2.934536138083174137e+02
9.270000000000000000e+04	2.934536138083174137e+02
9.270000000000000000e+04	2.938059461322941388e+02
9.360000000000000000e+04	2.938059461322941388e+02
9.360000000000000000e+04	2.922191020385050706e+02
9.450000000000000000e+04	2.922191020385050706e+02
9.450000000000000000e+04	2.921937680361705247e+02
9.540000000000000000e+04	2.921937680361705247e+02
9.540000000000000000e+04	2.911499999999999204e+02
9.630000000000000000e+04	2.911499999999999204e+02
9.630000000000000000e+04	2.911499999999999773e+02
9.720000000000000000e+04	2.911499999999999773e+02
9.720000000000000000e+04	2.919076518374596958e+02
9.810000000000000000e+04	2.919076518374596958e+02
9.810000000000000000e+04	2.916816838320011698e+02
9.900000000000000000e+04	2.916816838320011698e+02
9.900000000000000000e+04	2.911499999999998636e+02
9.990000000000000000e+04	2.911499999999998636e+02
9.990000000000000000e+04	2.963285767755189113e+02
1.008000000000000000e+05	2.963285767755189113e+02
1.008000000000000000e+05	2.939674195957474012e+02
1.017000000000000000e+05	2.939674195957474012e+02
1.017000000000000000e+05	2.931449204596459026e+02
1.026000000000000000e+05	2.931449204596459026e+02
1.026000000000000000e+05	2.914265436027566238e+02
1.035000000000000000e+05	2.914265436027566238e+02
1.035000000000000000e+05	2.949606702381022956e+02
1.044000000000000000e+05	2.949606702381022956e+02
1.044000000000000000e+05	2.953319426985955261e+02
1.053000000000000000e+05	2.953319426985955261e+02
1.053000000000000000e+05	2.940660752156108515e+02
1.062000000000000000e+05	2.940660752156108515e+02
1.062000000000000000e+05	2.949396163509491657e+02
1.071000000000000000e+05	2.949396163509491657e+02
1.071000000000000000e+05	2.925191985744231147e+02
1.080000000000000000e+05	2.925191985744231147e+02
1.080000000000000000e+05	2.926135059086705041e+02
1.089000000000000000e+05	2.926135059086705041e+02
1.089000000000000000e+05	2.921803337014692943e+02
1.098000000000000000e+05	2.921803337014692943e+02
1.098000000000000000e+05	2.911499999999999204e+02
1.107000000000000000e+05	2.911499999999999204e+02
1.107000000000000000e+05	2.957694085091574152e+02
1.116000000000000000e+05	2.957694085091574152e+02
1.116000000000000000e+05	2.964445270728784863e+02
1.125000000000000000e+05	2.964445270728784863e+02
1.125000000000000000e+05	3.020871813139344795e+02
1.134000000000000000e+05	3.020871813139344795e+02
1.134000000000000000e+05	3.052716360660136274e+02
1.143000000000000000e+05	3.052716360660136274e+02
1.143000000000000000e+05	3.075045472152636989e+02
1.152000000000000000e+05	3.075045472152636989e+02
1.152000000000000000e+05	3.048761996740882410e+02
1.161000000000000000e+05	3.048761996740882410e+02
1.161000000000000000e+05	3.073857733893175919e+02
1.170000000000000000e+05	3.073857733893175919e+02
1.170000000000000000e+05	3.073574266175693879e+02
1.179000000000000000e+05	3.073574266175693879e+02
1.179000000000000000e+05	3.078981053777249599e+02
1.188000000000000000e+05	3.078981053777249599e+02
1.188000000000000000e+05	3.071536950913610440e+02
1.197000000000000000e+05	3.071536950913610440e+02
1.197000000000000000e+05	3.048861986016854644e+02
1.206000000000000000e+05	3.048861986016854644e+02
1.206000000000000000e+05	3.042198950031381628e+02
1.215000000000000000e+05	3.042198950031381628e+02
1.215000000000000000e+05	3.039228169340401564e+02
1.224000000000000000e+05	3.039228169340401564e+02
1.224000000000000000e+05	3.036250101113707842e+02
1.233000000000000000e+05	3.036250101113707842e+02
1.233000000000000000e+05	2.999218724079592562e+02
1.242000000000000000e+05	2.999218724079592562e+02
1.242000000000000000e+05	3.006657396200931203e+02
1.251000000000000000e+05	3.006657396200931203e+02
1.251000000000000000e+05	3.011715133564755433e+02
1.260000000000000000e+05	3.011715133564755433e+02
1.260000000000000000e+05	3.007003103617291231e+02
1.269000000000000000e+05	3.007003103617291231e+02
1.269000000000000000e+05	2.979806671286518167e+02
1.278000000000000000e+05	2.979806671286518167e+02
1.278000000000000000e+05	3.029924755930782680e+02
1.287000000000000000e+05	3.029924755930782680e+02
1.287000000000000000e+05	3.009416950592286639e+02
1.296000000000000000e+05	3.009416950592286639e+02
1.296000000000000000e+05	2.965321986227812658e+02
1.305000000000000000e+05	2.965321986227812658e+02
1.305000000000000000e+05	2.954207639898774573e+02
1.314000000000000000e+05	2.954207639898774573e+02
1.314000000000000000e+05	2.963675861044121689e+02
1.323000000000000000e+05	2.963675861044121689e+02
1.323000000000000000e+05	2.964287392238892949e+02
1.332000000000000000e+05	2.964287392238892949e+02
1.332000000000000000e+05	2.949945567569259310e+02
1.341000000000000000e+05	2.949945567569259310e+02
1.341000000000000000e+05	3.012196649530126820e+02
1.350000000000000000e+05	3.012196649530126820e+02
1.350000000000000000e+05	2.960920220236148452e+02
1.359000000000000000e+05	2.960920220236148452e+02
1.359000000000000000e+05	2.943427528985192225e+02
1.368000000000000000e+05	2.943427528985192225e+02
1.368000000000000000e+05	2.955179233530464558e+02
1.377000000000000000e+05	2.955179233530464558e+02
1.377000000000000000e+05	2.996143924327438981e+02
1.386000000000000000e+05	2.996143924327438981e+02
1.386000000000000000e+05	2.961745482257572348e+02
1.395000000000000000e+05	2.961745482257572348e+02
1.395000000000000000e+05	2.950779985018174898e+02
1.404000000000000000e+05	2.950779985018174898e+02
1.404000000000000000e+05	2.952092375021563839e+02
1.413000000000000000e+05	2.952092375021563839e+02
1.413000000000000000e+05	2.988939293544681277e+02
1.422000000000000000e+05	2.988939293544681277e+02
1.422000000000000000e+05	2.987588894829233368e+02
1.431000000000000000e+05	2.987588894829233368e+02
1.431000000000000000e+05	3.020338185457126201e+02
1.440000000000000000e+05	3.020338185457126201e+02
1.440000000000000000e+05	2.982139854101113201e+02
1.449000000000000000e+05	2.982139854101113201e+02
1.449000000000000000e+05	2.966321379371994453e+02
1.458000000000000000e+05	2.966321379371994453e+02
1.458000000000000000e+05	2.973232239320408894e+02
1.467000000000000000e+05	2.973232239320408894e+02
1.467000000000000000e+05	2.963027806801469524e+02
1.476000000000000000e+05	2.963027806801469524e+02
1.476000000000000000e+05	2.949499550807908008e+02
1.485000000000000000e+05	2.949499550807908008e+02
1.485000000000000000e+05	2.983760015388619991e+02
1.494000000000000000e+05	2.983760015388619991e+02
1.494000000000000000e+05	3.008665207819846046e+02
1.503000000000000000e+05	3.008665207819846046e+02
1.503000000000000000e+05	2.991969272246493574e+02
1.512000000000000000e+05	2.991969272246493574e+02
1.512000000000000000e+05	2.957974719210767489e+02
1.521000000000000000e+05	2.957974719210767489e+02
1.521000000000000000e+05	2.949101427610493147e+02
1.530000000000000000e+05	2.949101427610493147e+02
1.530000000000000000e+05	2.972114840127918569e+02
1.539000000000000000e+05	2.972114840127918569e+02
1.539000000000000000e+05	2.949170633263378818e+02
1.548000000000000000e+05	2.949170633263378818e+02
1.548000000000000000e+05	2.959738935444403296e+02
1.557000000000000000e+05	2.959738935444403296e+02
1.557000000000000000e+05	3.013624122138527923e+02
1.566000000000000000e+05	3.013624122138527923e+02
1.566000000000000000e+05	2.983651700518049665e+02
1.575000000000000000e+05	2.983651700518049665e+02
1.575000000000000000e+05	2.970678770354694507e+02
1.584000000000000000e+05	2.970678770354694507e+02
1.584000000000000000e+05	2.943110418376473376e+02
1.593000000000000000e+05	2.943110418376473376e+02
1.593000000000000000e+05	2.981275268733827488e+02
1.602000000000000000e+05	2.981275268733827488e+02
1.602000000000000000e+05	2.945739108672193538e+02
1.611000000000000000e+05	2.945739108672193538e+02
1.611000000000000000e+05	2.932712828849381594e+02
1.620000000000000000e+05	2.932712828849381594e+02
1.620000000000000000e+05	2.942436240070696272e+02
1.629000000000000000e+05	2.942436240070696272e+02
1.629000000000000000e+05	2.937494949253831464e+02
1.638000000000000000e+05	2.937494949253831464e+02
1.638000000000000000e+05	2.921714395540433884e+02
1.647000000000000000e+05	2.921714395540433884e+02
1.647000000000000000e+05	2.915256700009284714e+02
1.656000000000000000e+05	2.915256700009284714e+02
1.656000000000000000e+05	2.930583116406975250e+02
1.665000000000000000e+05	2.930583116406975250e+02
1.665000000000000000e+05	2.928772711918061873e+02
1.674000000000000000e+05	2.928772711918061873e+02
1.674000000000000000e+05	2.941796519724081804e+02
1.683000000000000000e+05	2.941796519724081804e+02
1.683000000000000000e+05	2.945636867861496171e+02
1.692000000000000000e+05	2.945636867861496171e+02
1.692000000000000000e+05	2.928095256580455157e+02
1.701000000000000000e+05	2.928095256580455157e+02
1.701000000000000000e+05	2.927858846992068038e+02
1.710000000000000000e+05	2.927858846992068038e+02
1.710000000000000000e+05	2.939372462627984532e+02
1.719000000000000000e+05	2.939372462627984532e+02
1.719000000000000000e+05	2.943067397737001443e+02
1.728000000000000000e+05	2.943067397737001443e+02
1.728000000000000000e+05	2.926748702830637399e+02
1.737000000000000000e+05	2.926748702830637399e+02
1.737000000000000000e+05	2.926547062210681247e+02
1.746000000000000000e+05	2.926547062210681247e+02
1.746000000000000000e+05	2.937807255409168192e+02
1.755000000000000000e+05	2.937807255409168192e+02
1.755000000000000000e+05	2.941437956868889501e+02
1.764000000000000000e+05	2.941437956868889501e+02
1.764000000000000000e+05	2.925412893590784051e+02
1.773000000000000000e+05	2.925412893590784051e+02
1.773000000000000000e+05	2.968256700595384814e+02
1.782000000000000000e+05	2.968256700595384814e+02
1.782000000000000000e+05	2.959541253654538764e+02
1.791000000000000000e+05	2.959541253654538764e+02
1.791000000000000000e+05	2.956508799748172009e+02
1.800000000000000000e+05	2.956508799748172009e+02
1.800000000000000000e+05	2.930597548961044367e+02
1.809000000000000000e+05	2.930597548961044367e+02
1.809000000000000000e+05	2.971244933731800870e+02
1.818000000000000000e+05	2.971244933731800870e+02
1.818000000000000000e+05	2.961923281061099260e+02
1.827000000000000000e+05	2.961923281061099260e+02
1.827000000000000000e+05	2.958224209132459919e+02
1.836000000000000000e+05	2.958224209132459919e+02
1.836000000000000000e+05	2.948799809168768888e+02
1.845000000000000000e+05	2.948799809168768888e+02
1.845000000000000000e+05	2.946235367440953041e+02
1.854000000000000000e+05	2.946235367440953041e+02
1.854000000000000000e+05	2.948620686445273691e+02
1.863000000000000000e+05	2.948620686445273691e+02
1.863000000000000000e+05	2.943371460255377769e+02
1.872000000000000000e+05	2.943371460255377769e+02
1.872000000000000000e+05	2.958435281455460881e+02
1.881000000000000000e+05	2.958435281455460881e+02
1.881000000000000000e+05	2.954589376631055302e+02
1.890000000000000000e+05	2.954589376631055302e+02
1.890000000000000000e+05	2.944973803550961975e+02
1.899000000000000000e+05	2.944973803550961975e+02
1.899000000000000000e+05	2.944910653107838243e+02
1.908000000000000000e+05	2.944910653107838243e+02
1.908000000000000000e+05	2.966151452145028315e+02
1.917000000000000000e+05	2.966151452145028315e+02
1.917000000000000000e+05	2.959389581685407506e+02
1.926000000000000000e+05	2.959389581685407506e+02
1.926000000000000000e+05	2.951575143086936350e+02
1.935000000000000000e+05	2.951575143086936350e+02
1.935000000000000000e+05	2.950156395056072256e+02
1.944000000000000000e+05	2.950156395056072256e+02
1.944000000000000000e+05	2.947063043636658790e+02
1.953000000000000000e+05	2.947063043636658790e+02
1.953000000000000000e+05	2.945483136846344792e+02
1.962000000000000000e+05	2.945483136846344792e+02
1.962000000000000000e+05	2.942400643753427971e+02
1.971000000000000000e+05	2.942400643753427971e+02
1.971000000000000000e+05	2.941136072461553113e+02
1.980000000000000000e+05	2.941136072461553113e+02
1.980000000000000000e+05	2.939799459221195548e+02
1.989000000000000000e+05	2.939799459221195548e+02
1.989000000000000000e+05	2.996683650666772678e+02
1.998000000000000000e+05	2.996683650666772678e+02
1.998000000000000000e+05	3.037394446704615234e+02
2.007000000000000000e+05	3.037394446704615234e+02
2.007000000000000000e+05	3.063872929148039361e+02
2.016000000000000000e+05	3.063872929148039361e+02
2.016000000000000000e+05	3.036939964679021386e+02
2.025000000000000000e+05	3.036939964679021386e+02
2.025000000000000000e+05	3.065611726468336542e+02
2.034000000000000000e+05	3.065611726468336542e+02
2.034000000000000000e+05	3.067915793406198190e+02
2.043000000000000000e+05	3.067915793406198190e+02
2.043000000000000000e+05	3.057866999597302993e+02
2.052000000000000000e+05	3.057866999597302993e+02
2.052000000000000000e+05	3.063104352196849618e+02
2.061000000000000000e+05	3.063104352196849618e+02
2.061000000000000000e+05	3.016133739295005967e+02
2.070000000000000000e+05	3.016133739295005967e+02
2.070000000000000000e+05	3.023081826329664068e+02
2.079000000000000000e+05	3.023081826329664068e+02
2.079000000000000000e+05	3.020659431024525361e+02
2.088000000000000000e+05	3.020659431024525361e+02
2.088000000000000000e+05	3.017302569631810911e+02
2.097000000000000000e+05	3.017302569631810911e+02
2.097000000000000000e+05	2.986560889820405009e+02
2.106000000000000000e+05	2.986560889820405009e+02
2.106000000000000000e+05	2.962346774636557711e+02
2.115000000000000000e+05	2.962346774636557711e+02
2.115000000000000000e+05	3.012190253572472898e+02
2.124000000000000000e+05	3.012190253572472898e+02
2.124000000000000000e+05	2.999940948160204925e+02
2.133000000000000000e+05	2.999940948160204925e+02
2.133000000000000000e+05	2.974339624115069682e+02
2.142000000000000000e+05	2.974339624115069682e+02
2.142000000000000000e+05	2.980273343271255726e+02
2.151000000000000000e+05	2.980273343271255726e+02
2.151000000000000000e+05	2.977586504704451045e+02
2.160000000000000000e+05	2.977586504704451045e+02
2.160000000000000000e+05	2.962926534656710942e+02
2.169000000000000000e+05	2.962926534656710942e+02
2.169000000000000000e+05	3.021123619231547082e+02
2.178000000000000000e+05	3.021123619231547082e+02
2.178000000000000000e+05	2.967781737374825752e+02
2.187000000000000000e+05	2.967781737374825752e+02
2.187000000000000000e+05	2.948753976986709517e+02
2.196000000000000000e+05	2.948753976986709517e+02
2.196000000000000000e+05	2.988375277159087773e+02
2.205000000000000000e+05	2.988375277159087773e+02
2.205000000000000000e+05	2.971569499262538443e+02
2.214000000000000000e+05	2.971569499262538443e+02
2.214000000000000000e+05	3.008735914635196877e+02
2.223000000000000000e+05	3.008735914635196877e+02
2.223000000000000000e+05	2.991792704415433377e+02
2.232000000000000000e+05	2.991792704415433377e+02
2.232000000000000000e+05	2.966138675076911682e+02
2.241000000000000000e+05	2.966138675076911682e+02
2.241000000000000000e+05	2.955084089100859615e+02
2.250000000000000000e+05	2.955084089100859615e+02
2.250000000000000000e+05	2.936911642486871870e+02
2.259000000000000000e+05	2.936911642486871870e+02
2.259000000000000000e+05	2.969768764413084909e+02
2.268000000000000000e+05	2.969768764413084909e+02
2.268000000000000000e+05	2.965683267131807952e+02
2.277000000000000000e+05	2.965683267131807952e+02
2.277000000000000000e+05	2.990519105205799519e+02
2.286000000000000000e+05	2.990519105205799519e+02
2.286000000000000000e+05	3.000881047738928373e+02
2.295000000000000000e+05	3.000881047738928373e+02
2.295000000000000000e+05	3.003068932203640884e+02
2.304000000000000000e+05	3.003068932203640884e+02
2.304000000000000000e+05	2.997148881813978960e+02
2.313000000000000000e+05	2.997148881813978960e+02
2.313000000000000000e+05	2.984445958160297891e+02
2.322000000000000000e+05	2.984445958160297891e+02
2.322000000000000000e+05	2.981095992699052317e+02
2.331000000000000000e+05	2.981095992699052317e+02
2.331000000000000000e+05	2.970933594061016265e+02
2.340000000000000000e+05	2.970933594061016265e+02
2.340000000000000000e+05	2.960541485584564043e+02
2.349000000000000000e+05	2.960541485584564043e+02
2.349000000000000000e+05	2.951970970295111556e+02
2.358000000000000000e+05	2.951970970295111556e+02
2.358000000000000000e+05	2.937390512700672502e+02
2.367000000000000000e+05	2.937390512700672502e+02
2.367000000000000000e+05	2.968143624490369348e+02
2.376000000000000000e+05	2.968143624490369348e+02
2.376000000000000000e+05	2.964823827979261068e+02
2.385000000000000000e+05	2.964823827979261068e+02
2.385000000000000000e+05	2.991302179890107595e+02
2.394000000000000000e+05	2.991302179890107595e+02
2.394000000000000000e+05	2.989235665701010021e+02
2.403000000000000000e+05	2.989235665701010021e+02
2.403000000000000000e+05	2.974997068344853233e+02
2.412000000000000000e+05	2.974997068344853233e+02
2.412000000000000000e+05	2.985581921241890200e+02
2.421000000000000000e+05	2.985581921241890200e+02
2.421000000000000000e+05	2.967904607706885827e+02
2.430000000000000000e+05	2.967904607706885827e+02
2.430000000000000000e+05	2.957452092965229440e+02
2.439000000000000000e+05	2.957452092965229440e+02
2.439000000000000000e+05	2.971569995901716652e+02
2.448000000000000000e+05	2.971569995901716652e+02
2.448000000000000000e+05	2.970758825689132436e+02
2.457000000000000000e+05	2.970758825689132436e+02
2.457000000000000000e+05	2.957362024968029459e+02
2.466000000000000000e+05	2.957362024968029459e+02
2.466000000000000000e+05	2.938565103216565149e+02
2.475000000000000000e+05	2.938565103216565149e+02
2.475000000000000000e+05	2.929398802133316053e+02
2.484000000000000000e+05	2.929398802133316053e+02
2.484000000000000000e+05	2.941258990275791803e+02
2.493000000000000000e+05	2.941258990275791803e+02
2.493000000000000000e+05	2.936994558984470132e+02
2.502000000000000000e+05	2.936994558984470132e+02
2.502000000000000000e+05	2.921469500791441192e+02
2.511000000000000000e+05	2.921469500791441192e+02
2.511000000000000000e+05	2.915242067117911233e+02
2.520000000000000000e+05	2.915242067117911233e+02
2.520000000000000000e+05	2.930788461194946990e+02
2.529000000000000000e+05	2.930788461194946990e+02
2.529000000000000000e+05	2.929162781532212421e+02
2.538000000000000000e+05	2.929162781532212421e+02
2.538000000000000000e+05	2.942252654372430811e+02
2.547000000000000000e+05	2.942252654372430811e+02
2.547000000000000000e+05	2.946149463435858706e+02
2.556000000000000000e+05	2.946149463435858706e+02
2.556000000000000000e+05	2.928468585541932612e+02
2.565000000000000000e+05	2.928468585541932612e+02
2.565000000000000000e+05	2.971294573145100344e+02
2.574000000000000000e+05	2.971294573145100344e+02
2.574000000000000000e+05	2.963087063355575310e+02
2.583000000000000000e+05	2.963087063355575310e+02
2.583000000000000000e+05	2.960196728630450593e+02
2.592000000000000000e+05	2.960196728630450593e+02
2.592000000000000000e+05	2.956372734448096935e+02
2.601000000000000000e+05	2.956372734448096935e+02
2.601000000000000000e+05	2.953932134620204693e+02
2.610000000000000000e+05	2.953932134620204693e+02
2.610000000000000000e+05	2.954274658675689125e+02
2.619000000000000000e+05	2.954274658675689125e+02
2.619000000000000000e+05	2.953798043722127318e+02
2.628000000000000000e+05	2.953798043722127318e+02
2.628000000000000000e+05	2.949864753557678227e+02
2.637000000000000000e+05	2.949864753557678227e+02
2.637000000000000000e+05	2.948712712677018999e+02
2.646000000000000000e+05	2.948712712677018999e+02
2.646000000000000000e+05	2.949828478007907506e+02
2.655000000000000000e+05	2.949828478007907506e+02
2.655000000000000000e+05	2.949880121663205728e+02
2.664000000000000000e+05	2.949880121663205728e+02
2.664000000000000000e+05	2.945455386945342866e+02
2.673000000000000000e+05	2.945455386945342866e+02
2.673000000000000000e+05	2.944638599601482269e+02
2.682000000000000000e+05	2.944638599601482269e+02
2.682000000000000000e+05	2.946608272864338574e+02
2.691000000000000000e+05	2.946608272864338574e+02
2.691000000000000000e+05	2.947006932542100799e+02
2.700000000000000000e+05	2.947006932542100799e+02
2.700000000000000000e+05	2.941124417809572833e+02
2.709000000000000000e+05	2.941124417809572833e+02
2.709000000000000000e+05	2.939978099232698696e+02
2.718000000000000000e+05	2.939978099232698696e+02
2.718000000000000000e+05	2.943449902286306497e+02
2.727000000000000000e+05	2.943449902286306497e+02
2.727000000000000000e+05	2.944293816877309951e+02
2.736000000000000000e+05	2.944293816877309951e+02
2.736000000000000000e+05	2.937006293876464724e+02
2.745000000000000000e+05	2.937006293876464724e+02
2.745000000000000000e+05	2.936281613091017562e+02
2.754000000000000000e+05	2.936281613091017562e+02
2.754000000000000000e+05	2.940417696402512320e+02
2.763000000000000000e+05	2.940417696402512320e+02
2.763000000000000000e+05	2.941559808681834625e+02
2.772000000000000000e+05	2.941559808681834625e+02
2.772000000000000000e+05	2.933500635436528796e+02
2.781000000000000000e+05	2.933500635436528796e+02
2.781000000000000000e+05	2.932829166932566523e+02
2.790000000000000000e+05	2.932829166932566523e+02
2.790000000000000000e+05	2.911499999999999773e+02
2.799000000000000000e+05	2.911499999999999773e+02
2.799000000000000000e+05	2.911499999999999773e+02
2.808000000000000000e+05	2.911499999999999773e+02
2.808000000000000000e+05	2.925429189536569652e+02
2.817000000000000000e+05	2.925429189536569652e+02
2.817000000000000000e+05	2.920659984917492693e+02
2.826000000000000000e+05	2.920659984917492693e+02
2.826000000000000000e+05	2.911499999999999773e+02
2.835000000000000000e+05	2.911499999999999773e+02
2.835000000000000000e+05	2.911499999999999773e+02
2.844000000000000000e+05	2.911499999999999773e+02
2.844000000000000000e+05	2.938038735553976721e+02
2.853000000000000000e+05	2.938038735553976721e+02
2.853000000000000000e+05	2.998148938299827932e+02
2.862000000000000000e+05	2.998148938299827932e+02
2.862000000000000000e+05	3.038522880306950356e+02
2.871000000000000000e+05	3.038522880306950356e+02
2.871000000000000000e+05	3.064445154491107814e+02
2.880000000000000000e+05	3.064445154491107814e+02
2.880000000000000000e+05	3.035859566492266595e+02
2.889000000000000000e+05	3.035859566492266595e+02
2.889000000000000000e+05	3.063772739382370673e+02
2.898000000000000000e+05	3.063772739382370673e+02
2.898000000000000000e+05	3.066435729159227890e+02
2.907000000000000000e+05	3.066435729159227890e+02
2.907000000000000000e+05	3.073455820271246921e+02
2.916000000000000000e+05	3.073455820271246921e+02
2.916000000000000000e+05	3.072442303301648394e+02
2.925000000000000000e+05	3.072442303301648394e+02
2.925000000000000000e+05	3.021413004563099776e+02
2.934000000000000000e+05	3.021413004563099776e+02
2.934000000000000000e+05	3.018074627412539712e+02
2.943000000000000000e+05	3.018074627412539712e+02
2.943000000000000000e+05	3.007026731814912637e+02
2.952000000000000000e+05	3.007026731814912637e+02
2.952000000000000000e+05	2.982128084816698106e+02
2.961000000000000000e+05	2.982128084816698106e+02
2.961000000000000000e+05	3.030682364984607489e+02
2.970000000000000000e+05	3.030682364984607489e+02
2.970000000000000000e+05	3.040142306973405653e+02
2.979000000000000000e+05	3.040142306973405653e+02
2.979000000000000000e+05	3.032005877273217038e+02
2.988000000000000000e+05	3.032005877273217038e+02
2.988000000000000000e+05	3.035907318437233471e+02
2.997000000000000000e+05	3.035907318437233471e+02
2.997000000000000000e+05	2.999787030153471505e+02
3.006000000000000000e+05	2.999787030153471505e+02
3.006000000000000000e+05	2.993867070846630440e+02
3.015000000000000000e+05	2.993867070846630440e+02
3.015000000000000000e+05	3.001120042406182620e+02
3.024000000000000000e+05	3.001120042406182620e+02
3.024000000000000000e+05	2.993332032780763257e+02
3.033000000000000000e+05	2.993332032780763257e+02
3.033000000000000000e+05	2.970993106514212059e+02
3.042000000000000000e+05	2.970993106514212059e+02
3.042000000000000000e+05	2.989462030441885076e+02
3.051000000000000000e+05	2.989462030441885076e+02
3.051000000000000000e+05	2.969510883403700063e+02
3.060000000000000000e+05	2.969510883403700063e+02
3.060000000000000000e+05	2.965523006787735198e+02
3.069000000000000000e+05	2.965523006787735198e+02
3.069000000000000000e+05	2.991390830853484317e+02
3.078000000000000000e+05	2.991390830853484317e+02
3.078000000000000000e+05	2.968525968383972327e+02
3.087000000000000000e+05	2.968525968383972327e+02
3.087000000000000000e+05	2.969510177386601981e+02
3.096000000000000000e+05	2.969510177386601981e+02
3.096000000000000000e+05	2.972247131722322706e+02
3.105000000000000000e+05	2.972247131722322706e+02
3.105000000000000000e+05	3.003711344327228403e+02
3.114000000000000000e+05	3.003711344327228403e+02
3.114000000000000000e+05	2.992026178231384961e+02
3.123000000000000000e+05	2.992026178231384961e+02
3.123000000000000000e+05	2.981051465738618163e+02
3.132000000000000000e+05	2.981051465738618163e+02
3.132000000000000000e+05	2.946146940727410311e+02
3.141000000000000000e+05	2.946146940727410311e+02
3.141000000000000000e+05	2.981765365715480698e+02
3.150000000000000000e+05	2.981765365715480698e+02
3.150000000000000000e+05	2.986897495961196682e+02
3.159000000000000000e+05	2.986897495961196682e+02
3.159000000000000000e+05	2.979582923799384844e+02
3.168000000000000000e+05	2.979582923799384844e+02
3.168000000000000000e+05	2.953445965780441043e+02
3.177000000000000000e+05	2.953445965780441043e+02
3.177000000000000000e+05	2.946373683652452655e+02
3.186000000000000000e+05	2.946373683652452655e+02
3.186000000000000000e+05	2.970298693472842047e+02
3.195000000000000000e+05	2.970298693472842047e+02
3.195000000000000000e+05	2.960749466044898668e+02
3.204000000000000000e+05	2.960749466044898668e+02
3.204000000000000000e+05	2.958363598393062830e+02
3.213000000000000000e+05	2.958363598393062830e+02
3.213000000000000000e+05	2.948053121065334494e+02
3.222000000000000000e+05	2.948053121065334494e+02
3.222000000000000000e+05	2.931214364352341022e+02
3.231000000000000000e+05	2.931214364352341022e+02
3.231000000000000000e+05	2.970650256635919391e+02
3.240000000000000000e+05	2.970650256635919391e+02
3.240000000000000000e+05	2.966355807976835308e+02
3.249000000000000000e+05	2.966355807976835308e+02
3.249000000000000000e+05	3.001335467402590211e+02
3.258000000000000000e+05	3.001335467402590211e+02
3.258000000000000000e+05	3.015321562794318311e+02
3.267000000000000000e+05	3.015321562794318311e+02
3.267000000000000000e+05	3.001006140890568759e+02
3.276000000000000000e+05	3.001006140890568759e+02
3.276000000000000000e+05	2.959937084330421726e+02
3.285000000000000000e+05	2.959937084330421726e+02
3.285000000000000000e+05	2.999878265751758590e+02
3.294000000000000000e+05	2.999878265751758590e+02
3.294000000000000000e+05	2.969662817885453592e+02
3.303000000000000000e+05	2.969662817885453592e+02
3.303000000000000000e+05	2.991791863137371479e+02
3.312000000000000000e+05	2.991791863137371479e+02
3.312000000000000000e+05	2.968089540810203175e+02
3.321000000000000000e+05	2.968089540810203175e+02
3.321000000000000000e+05	2.955830218450886946e+02
3.330000000000000000e+05	2.955830218450886946e+02
3.330000000000000000e+05	2.937168452301071397e+02
3.339000000000000000e+05	2.937168452301071397e+02
3.339000000000000000e+05	2.928070641747240757e+02
3.348000000000000000e+05	2.928070641747240757e+02
3.348000000000000000e+05	2.939612534346374559e+02
3.357000000000000000e+05	2.939612534346374559e+02
3.357000000000000000e+05	2.935508507849132229e+02
3.366000000000000000e+05	2.935508507849132229e+02
3.366000000000000000e+05	2.920048383528030058e+02
3.375000000000000000e+05	2.920048383528030058e+02
3.375000000000000000e+05	2.913882742400887196e+02
3.384000000000000000e+05	2.913882742400887196e+02
3.384000000000000000e+05	2.929520287950035708e+02
3.393000000000000000e+05	2.929520287950035708e+02
3.393000000000000000e+05	2.927954303054197567e+02
3.402000000000000000e+05	2.927954303054197567e+02
3.402000000000000000e+05	2.941070903887094801e+02
3.411000000000000000e+05	2.941070903887094801e+02
3.411000000000000000e+05	2.944994561611202357e+02
3.420000000000000000e+05	2.944994561611202357e+02
3.420000000000000000e+05	2.927290672756021763e+02
3.429000000000000000e+05	2.927290672756021763e+02
3.429000000000000000e+05	2.927068231520267432e+02
3.438000000000000000e+05	2.927068231520267432e+02
3.438000000000000000e+05	2.938757329150116107e+02
3.447000000000000000e+05	2.938757329150116107e+02
3.447000000000000000e+05	2.942509678461511271e+02
3.456000000000000000e+05	2.942509678461511271e+02
3.456000000000000000e+05	2.925969102498910388e+02
3.465000000000000000e+05	2.925969102498910388e+02
3.465000000000000000e+05	2.925770804017455475e+02
3.474000000000000000e+05	2.925770804017455475e+02
3.474000000000000000e+05	2.937148118672502619e+02
3.483000000000000000e+05	2.937148118672502619e+02
3.483000000000000000e+05	2.940814885984543707e+02
3.492000000000000000e+05	2.940814885984543707e+02
3.492000000000000000e+05	2.924636019768029200e+02
3.501000000000000000e+05	2.924636019768029200e+02
3.501000000000000000e+05	2.924424749495040601e+02
3.510000000000000000e+05	2.924424749495040601e+02
3.510000000000000000e+05	2.935599682254653544e+02
3.519000000000000000e+05	2.935599682254653544e+02
3.519000000000000000e+05	2.934842620327214036e+02
3.528000000000000000e+05	2.934842620327214036e+02
3.528000000000000000e+05	2.923238456352386834e+02
3.537000000000000000e+05	2.923238456352386834e+02
3.537000000000000000e+05	2.923011775403115848e+02
3.546000000000000000e+05	2.923011775403115848e+02
3.546000000000000000e+05	2.934023953405854854e+02
3.555000000000000000e+05	2.934023953405854854e+02
3.555000000000000000e+05	2.937563681827489859e+02
3.564000000000000000e+05	2.937563681827489859e+02
3.564000000000000000e+05	2.921781784498749630e+02
3.573000000000000000e+05	2.921781784498749630e+02
3.573000000000000000e+05	2.921544879198898457e+02
3.582000000000000000e+05	2.921544879198898457e+02
3.582000000000000000e+05	2.911499999999999204e+02
3.591000000000000000e+05	2.911499999999999204e+02
3.591000000000000000e+05	2.911499999999999773e+02
3.600000000000000000e+05	2.911499999999999773e+02
3.600000000000000000e+05	2.959792793744496748e+02
3.609000000000000000e+05	2.959792793744496748e+02
3.609000000000000000e+05	2.949132202933916460e+02
3.618000000000000000e+05	2.949132202933916460e+02
3.618000000000000000e+05	2.953139746318805692e+02
3.627000000000000000e+05	2.953139746318805692e+02
3.627000000000000000e+05	2.932281703111314641e+02
3.636000000000000000e+05	2.932281703111314641e+02
3.636000000000000000e+05	2.931018767522874668e+02
3.645000000000000000e+05	2.931018767522874668e+02
3.645000000000000000e+05	2.925696464959619902e+02
3.654000000000000000e+05	2.925696464959619902e+02
3.654000000000000000e+05	2.911499999999999773e+02
3.663000000000000000e+05	2.911499999999999773e+02
3.663000000000000000e+05	2.911499999999999773e+02
3.672000000000000000e+05	2.911499999999999773e+02
3.672000000000000000e+05	2.923349909283233501e+02
3.681000000000000000e+05	2.923349909283233501e+02
3.681000000000000000e+05	2.919517837833711269e+02
3.690000000000000000e+05	2.919517837833711269e+02
3.690000000000000000e+05	2.911499999999999773e+02
3.699000000000000000e+05	2.911499999999999773e+02
3.699000000000000000e+05	2.927778529619494066e+02
3.708000000000000000e+05	2.927778529619494066e+02
3.708000000000000000e+05	2.948929890237719178e+02
3.717000000000000000e+05	2.948929890237719178e+02
3.717000000000000000e+05	3.008198307634563093e+02
3.726000000000000000e+05	3.008198307634563093e+02
3.726000000000000000e+05	3.045147861233735966e+02
3.735000000000000000e+05	3.045147861233735966e+02
3.735000000000000000e+05	3.069667482571703658e+02
3.744000000000000000e+05	3.069667482571703658e+02
3.744000000000000000e+05	3.040389294661870281e+02
3.753000000000000000e+05	3.040389294661870281e+02
3.753000000000000000e+05	3.067150558464689993e+02
3.762000000000000000e+05	3.067150558464689993e+02
3.762000000000000000e+05	3.069488929070437848e+02
3.771000000000000000e+05	3.069488929070437848e+02
3.771000000000000000e+05	3.057866999597238191e+02
3.780000000000000000e+05	3.057866999597238191e+02
3.780000000000000000e+05	3.063085277530580015e+02
3.789000000000000000e+05	3.063085277530580015e+02
3.789000000000000000e+05	3.015970606365635263e+02
3.798000000000000000e+05	3.015970606365635263e+02
3.798000000000000000e+05	3.040640107458945067e+02
3.807000000000000000e+05	3.040640107458945067e+02
3.807000000000000000e+05	3.028327202936462754e+02
3.816000000000000000e+05	3.028327202936462754e+02
3.816000000000000000e+05	3.028434901023475163e+02
3.825000000000000000e+05	3.028434901023475163e+02
3.825000000000000000e+05	2.994256809339755137e+02
3.834000000000000000e+05	2.994256809339755137e+02
3.834000000000000000e+05	3.003312503848021606e+02
3.843000000000000000e+05	3.003312503848021606e+02
3.843000000000000000e+05	3.007009243314351465e+02
3.852000000000000000e+05	3.007009243314351465e+02
3.852000000000000000e+05	3.004872027514637125e+02
3.861000000000000000e+05	3.004872027514637125e+02
3.861000000000000000e+05	2.978477242493177073e+02
3.870000000000000000e+05	2.978477242493177073e+02
3.870000000000000000e+05	2.958726161578018150e+02
3.879000000000000000e+05	2.958726161578018150e+02
3.879000000000000000e+05	2.944361115809968510e+02
3.888000000000000000e+05	2.944361115809968510e+02
3.888000000000000000e+05	2.984432196591766910e+02
3.897000000000000000e+05	2.984432196591766910e+02
3.897000000000000000e+05	2.968396052675699934e+02
3.906000000000000000e+05	2.968396052675699934e+02
3.906000000000000000e+05	2.973324120785339346e+02
3.915000000000000000e+05	2.973324120785339346e+02
3.915000000000000000e+05	2.971674479786569236e+02
3.924000000000000000e+05	2.971674479786569236e+02
3.924000000000000000e+05	2.958379335807895814e+02
3.933000000000000000e+05	2.958379335807895814e+02
3.933000000000000000e+05	3.018362520418532995e+02
3.942000000000000000e+05	3.018362520418532995e+02
3.942000000000000000e+05	2.996719039483635356e+02
3.951000000000000000e+05	2.996719039483635356e+02
3.951000000000000000e+05	3.006370233600031270e+02
3.960000000000000000e+05	3.006370233600031270e+02
3.960000000000000000e+05	3.006430188625406572e+02
3.969000000000000000e+05	3.006430188625406572e+02
3.969000000000000000e+05	2.984933512513979963e+02
3.978000000000000000e+05	2.984933512513979963e+02
3.978000000000000000e+05	3.015499742495557030e+02
3.987000000000000000e+05	3.015499742495557030e+02
3.987000000000000000e+05	2.996937345874687253e+02
3.996000000000000000e+05	2.996937345874687253e+02
3.996000000000000000e+05	2.990327785551132251e+02
4.005000000000000000e+05	2.990327785551132251e+02
4.005000000000000000e+05	2.971778333519154671e+02
4.014000000000000000e+05	2.971778333519154671e+02
4.014000000000000000e+05	3.006030412199852435e+02
4.023000000000000000e+05	3.006030412199852435e+02
4.023000000000000000e+05	2.992824409724803445e+02
4.032000000000000000e+05	2.992824409724803445e+02
4.032000000000000000e+05	2.958773834602624220e+02
4.041000000000000000e+05	2.958773834602624220e+02
4.041000000000000000e+05	2.950034723692884882e+02
4.050000000000000000e+05	2.950034723692884882e+02
4.050000000000000000e+05	2.932869815840261367e+02
4.059000000000000000e+05	2.932869815840261367e+02
4.059000000000000000e+05	2.987857292474527071e+02
4.068000000000000000e+05	2.987857292474527071e+02
4.068000000000000000e+05	2.992048091580261939e+02
4.077000000000000000e+05	2.992048091580261939e+02
4.077000000000000000e+05	2.982341271040930906e+02
4.086000000000000000e+05	2.982341271040930906e+02
4.086000000000000000e+05	2.968419191335693768e+02
4.095000000000000000e+05	2.968419191335693768e+02
4.095000000000000000e+05	2.949674600077661921e+02
4.104000000000000000e+05	2.949674600077661921e+02
4.104000000000000000e+05	2.959902439817342952e+02
4.113000000000000000e+05	2.959902439817342952e+02
4.113000000000000000e+05	3.014278745712850309e+02
4.122000000000000000e+05	3.014278745712850309e+02
4.122000000000000000e+05	2.978531701999000347e+02
4.131000000000000000e+05	2.978531701999000347e+02
4.131000000000000000e+05	2.963467151165515361e+02
4.140000000000000000e+05	2.963467151165515361e+02
4.140000000000000000e+05	2.943163632326562720e+02
4.149000000000000000e+05	2.943163632326562720e+02
4.149000000000000000e+05	3.002355129263022491e+02
4.158000000000000000e+05	3.002355129263022491e+02
4.158000000000000000e+05	3.005636719094214868e+02
4.167000000000000000e+05	3.005636719094214868e+02
4.167000000000000000e+05	2.974840244148097099e+02
4.176000000000000000e+05	2.974840244148097099e+02
4.176000000000000000e+05	2.994887099001048227e+02
4.185000000000000000e+05	2.994887099001048227e+02
4.185000000000000000e+05	2.974323638352832972e+02
4.194000000000000000e+05	2.974323638352832972e+02
4.194000000000000000e+05	2.951886415580093512e+02
4.203000000000000000e+05	2.951886415580093512e+02
4.203000000000000000e+05	2.939967564543085814e+02
4.212000000000000000e+05	2.939967564543085814e+02
4.212000000000000000e+05	2.948311240051760365e+02
4.221000000000000000e+05	2.948311240051760365e+02
4.221000000000000000e+05	2.941754553446623959e+02
4.230000000000000000e+05	2.941754553446623959e+02
4.230000000000000000e+05	2.925339927340751842e+02
4.239000000000000000e+05	2.925339927340751842e+02
4.239000000000000000e+05	2.918294440928515314e+02
4.248000000000000000e+05	2.918294440928515314e+02
4.248000000000000000e+05	2.932693544959687983e+02
4.257000000000000000e+05	2.932693544959687983e+02
4.257000000000000000e+05	2.930344668528454690e+02
4.266000000000000000e+05	2.930344668528454690e+02
4.266000000000000000e+05	2.943150574186589097e+02
4.275000000000000000e+05	2.943150574186589097e+02
4.275000000000000000e+05	2.946784935628211315e+02
4.284000000000000000e+05	2.946784935628211315e+02
4.284000000000000000e+05	2.929463567819251466e+02
4.293000000000000000e+05	2.929463567819251466e+02
4.293000000000000000e+05	2.929171582138628764e+02
4.302000000000000000e+05	2.929171582138628764e+02
4.302000000000000000e+05	2.940132565937764753e+02
4.311000000000000000e+05	2.940132565937764753e+02
4.311000000000000000e+05	2.943617073002977236e+02
4.320000000000000000e+05	2.943617073002977236e+02
4.320000000000000000e+05	2.927849265348845051e+02
4.329000000000000000e+05	2.927849265348845051e+02
4.329000000000000000e+05	2.927603109371499386e+02
4.338000000000000000e+05	2.927603109371499386e+02
4.338000000000000000e+05	2.938277890930284570e+02
4.347000000000000000e+05	2.938277890930284570e+02
4.347000000000000000e+05	2.941692305847285525e+02
4.356000000000000000e+05	2.941692305847285525e+02
4.356000000000000000e+05	2.926265156411067778e+02
4.365000000000000000e+05	2.926265156411067778e+02
4.365000000000000000e+05	2.926008014640262331e+02
4.374000000000000000e+05	2.926008014640262331e+02
4.374000000000000000e+05	2.937226209715715299e+02
4.383000000000000000e+05	2.937226209715715299e+02
4.383000000000000000e+05	2.936310381879796410e+02
4.392000000000000000e+05	2.936310381879796410e+02
4.392000000000000000e+05	2.951571037283055148e+02
4.401000000000000000e+05	2.951571037283055148e+02
4.401000000000000000e+05	2.966592891133421972e+02
4.410000000000000000e+05	2.966592891133421972e+02
4.410000000000000000e+05	2.960027222520150758e+02
4.419000000000000000e+05	2.960027222520150758e+02
4.419000000000000000e+05	2.957631410453011540e+02
4.428000000000000000e+05	2.957631410453011540e+02
4.428000000000000000e+05	2.975938718737462523e+02
4.437000000000000000e+05	2.975938718737462523e+02
4.437000000000000000e+05	2.984679077537412581e+02
4.446000000000000000e+05	2.984679077537412581e+02
4.446000000000000000e+05	2.971237156854843420e+02
4.455000000000000000e+05	2.971237156854843420e+02
4.455000000000000000e+05	2.965185088887337201e+02
4.464000000000000000e+05	2.965185088887337201e+02
4.464000000000000000e+05	2.949945751771315372e+02
4.473000000000000000e+05	2.949945751771315372e+02
4.473000000000000000e+05	2.993737869023787539e+02
4.482000000000000000e+05	2.993737869023787539e+02
4.482000000000000000e+05	2.974706766326686420e+02
4.491000000000000000e+05	2.974706766326686420e+02
4.491000000000000000e+05	2.967089521543599631e+02
4.500000000000000000e+05	2.967089521543599631e+02
4.500000000000000000e+05	2.928545145964987455e+02
4.509000000000000000e+05	2.928545145964987455e+02
4.509000000000000000e+05	2.967130022112665984e+02
4.518000000000000000e+05	2.967130022112665984e+02
4.518000000000000000e+05	2.942972581033460528e+02
4.527000000000000000e+05	2.942972581033460528e+02
4.527000000000000000e+05	2.927762291572370259e+02
4.536000000000000000e+05	2.927762291572370259e+02
4.536000000000000000e+05	2.979600457593364808e+02
4.545000000000000000e+05	2.979600457593364808e+02
4.545000000000000000e+05	2.968475720535201390e+02
4.554000000000000000e+05	2.968475720535201390e+02
4.554000000000000000e+05	2.962767266741076924e+02
4.563000000000000000e+05	2.962767266741076924e+02
4.563000000000000000e+05	2.958774992248042395e+02
4.572000000000000000e+05	2.958774992248042395e+02
4.572000000000000000e+05	2.953352820764608850e+02
4.581000000000000000e+05	2.953352820764608850e+02
4.581000000000000000e+05	3.012657360442809704e+02
4.590000000000000000e+05	3.012657360442809704e+02
4.590000000000000000e+05	3.047103616478063941e+02
4.599000000000000000e+05	3.047103616478063941e+02
4.599000000000000000e+05	3.070812538743905407e+02
4.608000000000000000e+05	3.070812538743905407e+02
4.608000000000000000e+05	3.044260860481438158e+02
4.617000000000000000e+05	3.044260860481438158e+02
4.617000000000000000e+05	3.070678742797163068e+02
4.626000000000000000e+05	3.070678742797163068e+02
4.626000000000000000e+05	3.071379169696589884e+02
4.635000000000000000e+05	3.071379169696589884e+02
4.635000000000000000e+05	3.077416686111557169e+02
4.644000000000000000e+05	3.077416686111557169e+02
4.644000000000000000e+05	3.076049016136338992e+02
4.653000000000000000e+05	3.076049016136338992e+02
4.653000000000000000e+05	3.056536131454026304e+02
4.662000000000000000e+05	3.056536131454026304e+02
4.662000000000000000e+05	3.057866999597238191e+02
4.671000000000000000e+05	3.057866999597238191e+02
4.671000000000000000e+05	3.057866999597238191e+02
4.680000000000000000e+05	3.057866999597238191e+02
4.680000000000000000e+05	3.059218719095304095e+02
4.689000000000000000e+05	3.059218719095304095e+02
4.689000000000000000e+05	3.027069115058514512e+02
4.698000000000000000e+05	3.027069115058514512e+02
4.698000000000000000e+05	3.056557521546741327e+02
4.707000000000000000e+05	3.056557521546741327e+02
4.707000000000000000e+05	3.024125084566055079e+02
4.716000000000000000e+05	3.024125084566055079e+02
4.716000000000000000e+05	2.987544841122695516e+02
4.725000000000000000e+05	2.987544841122695516e+02
4.725000000000000000e+05	3.018959204575093054e+02
4.734000000000000000e+05	3.018959204575093054e+02
4.734000000000000000e+05	2.980317800925374740e+02
4.743000000000000000e+05	2.980317800925374740e+02
4.743000000000000000e+05	2.987643899677641457e+02
4.752000000000000000e+05	2.987643899677641457e+02
4.752000000000000000e+05	2.988153213035579938e+02
4.761000000000000000e+05	2.988153213035579938e+02
4.761000000000000000e+05	2.968555762091666566e+02
4.770000000000000000e+05	2.968555762091666566e+02
4.770000000000000000e+05	3.001104597869883150e+02
4.779000000000000000e+05	3.001104597869883150e+02
4.779000000000000000e+05	2.973068509009958689e+02
4.788000000000000000e+05	2.973068509009958689e+02
4.788000000000000000e+05	2.988464868192118047e+02
4.797000000000000000e+05	2.988464868192118047e+02
4.797000000000000000e+05	3.005184786898616380e+02
4.806000000000000000e+05	3.005184786898616380e+02
4.806000000000000000e+05	3.021538774031475327e+02
4.815000000000000000e+05	3.021538774031475327e+02
4.815000000000000000e+05	3.028041126951466708e+02
4.824000000000000000e+05	3.028041126951466708e+02
4.824000000000000000e+05	3.039610917401147958e+02
4.833000000000000000e+05	3.039610917401147958e+02
4.833000000000000000e+05	3.013793983814840658e+02
4.842000000000000000e+05	3.013793983814840658e+02
4.842000000000000000e+05	3.002127366364451859e+02
4.851000000000000000e+05	3.002127366364451859e+02
4.851000000000000000e+05	2.989800886940329292e+02
4.860000000000000000e+05	2.989800886940329292e+02
4.860000000000000000e+05	2.990185207519098753e+02
4.869000000000000000e+05	2.990185207519098753e+02
4.869000000000000000e+05	3.010220744194230065e+02
4.878000000000000000e+05	3.010220744194230065e+02
4.878000000000000000e+05	2.996758123689399440e+02
4.887000000000000000e+05	2.996758123689399440e+02
4.887000000000000000e+05	2.986296689175739516e+02
4.896000000000000000e+05	2.986296689175739516e+02
4.896000000000000000e+05	2.953528870953109617e+02
4.905000000000000000e+05	2.953528870953109617e+02
4.905000000000000000e+05	2.946499911774814109e+02
4.914000000000000000e+05	2.946499911774814109e+02
4.914000000000000000e+05	2.993857800811102265e+02
4.923000000000000000e+05	2.993857800811102265e+02
4.923000000000000000e+05	2.980673213863943829e+02
4.932000000000000000e+05	2.980673213863943829e+02
4.932000000000000000e+05	2.946175243383228235e+02
4.941000000000000000e+05	2.946175243383228235e+02
4.941000000000000000e+05	2.984027109507066484e+02
4.950000000000000000e+05	2.984027109507066484e+02
4.950000000000000000e+05	2.950100129133678593e+02
4.959000000000000000e+05	2.950100129133678593e+02
4.959000000000000000e+05	2.991114084567822715e+02
4.968000000000000000e+05	2.991114084567822715e+02
4.968000000000000000e+05	2.943745022248006649e+02
4.977000000000000000e+05	2.943745022248006649e+02
4.977000000000000000e+05	2.992681513720733051e+02
4.986000000000000000e+05	2.992681513720733051e+02
4.986000000000000000e+05	2.953107236993862443e+02
4.995000000000000000e+05	2.953107236993862443e+02
4.995000000000000000e+05	2.944326871488761981e+02
5.004000000000000000e+05	2.944326871488761981e+02
5.004000000000000000e+05	2.944057476326165101e+02
5.013000000000000000e+05	2.944057476326165101e+02
5.013000000000000000e+05	3.002557406073267998e+02
5.022000000000000000e+05	3.002557406073267998e+02
5.022000000000000000e+05	2.957576978745586871e+02
5.031000000000000000e+05	2.957576978745586871e+02
5.031000000000000000e+05	2.980658173977525962e+02
5.040000000000000000e+05	2.980658173977525962e+02
5.040000000000000000e+05	2.977572791980957163e+02
5.049000000000000000e+05	2.977572791980957163e+02
5.049000000000000000e+05	2.988297128241297287e+02
5.058000000000000000e+05	2.988297128241297287e+02
5.058000000000000000e+05	2.955955189682989044e+02
5.067000000000000000e+05	2.955955189682989044e+02
5.067000000000000000e+05	2.941824700853973695e+02
5.076000000000000000e+05	2.941824700853973695e+02
5.076000000000000000e+05	2.946032995784243553e+02
5.085000000000000000e+05	2.946032995784243553e+02
5.085000000000000000e+05	2.939969990516721055e+02
5.094000000000000000e+05	2.939969990516721055e+02
5.094000000000000000e+05	2.923743323747159479e+02
5.103000000000000000e+05	2.923743323747159479e+02
5.103000000000000000e+05	2.916869833206823728e+02
5.112000000000000000e+05	2.916869833206823728e+02
5.112000000000000000e+05	2.931480299146851962e+02
5.121000000000000000e+05	2.931480299146851962e+02
5.121000000000000000e+05	2.929278135503043927e+02
5.130000000000000000e+05	2.929278135503043927e+02
5.130000000000000000e+05	2.942143351813949721e+02
5.139000000000000000e+05	2.942143351813949721e+02
5.139000000000000000e+05	2.945834218198487520e+02
5.148000000000000000e+05	2.945834218198487520e+02
5.148000000000000000e+05	2.928437116421033579e+02
5.157000000000000000e+05	2.928437116421033579e+02
5.157000000000000000e+05	2.928160504642933120e+02
5.166000000000000000e+05	2.928160504642933120e+02
5.166000000000000000e+05	2.939256113577160932e+02
5.175000000000000000e+05	2.939256113577160932e+02
5.175000000000000000e+05	2.942790670565183859e+02
5.184000000000000000e+05	2.942790670565183859e+02
5.184000000000000000e+05	2.926876195275133909e+02
5.193000000000000000e+05	2.926876195275133909e+02
5.193000000000000000e+05	2.926636662257561738e+02
5.202000000000000000e+05	2.926636662257561738e+02
5.202000000000000000e+05	2.937432092300869613e+02
5.211000000000000000e+05	2.937432092300869613e+02
5.211000000000000000e+05	2.940885223058268139e+02
5.220000000000000000e+05	2.940885223058268139e+02
5.220000000000000000e+05	2.925315318296311489e+02
5.229000000000000000e+05	2.925315318296311489e+02
5.229000000000000000e+05	2.925060609588117018e+02
5.238000000000000000e+05	2.925060609588117018e+02
5.238000000000000000e+05	2.928123090402856405e+02
5.247000000000000000e+05	2.928123090402856405e+02
5.247000000000000000e+05	2.924738336027400010e+02
5.256000000000000000e+05	2.924738336027400010e+02
5.256000000000000000e+05	2.921273628489232692e+02
5.265000000000000000e+05	2.921273628489232692e+02
5.265000000000000000e+05	2.919858414552259092e+02
5.274000000000000000e+05	2.919858414552259092e+02
5.274000000000000000e+05	2.911499999999999204e+02
5.283000000000000000e+05	2.911499999999999204e+02
5.283000000000000000e+05	2.919561207313255977e+02
5.292000000000000000e+05	2.919561207313255977e+02
5.292000000000000000e+05	2.931147801172963909e+02
5.301000000000000000e+05	2.931147801172963909e+02
5.301000000000000000e+05	2.954334355258976075e+02
5.310000000000000000e+05	2.954334355258976075e+02
5.310000000000000000e+05	2.936021179230034477e+02
5.319000000000000000e+05	2.936021179230034477e+02
5.319000000000000000e+05	2.965042358692444964e+02
5.328000000000000000e+05	2.965042358692444964e+02
5.328000000000000000e+05	2.964222438786257499e+02
5.337000000000000000e+05	2.964222438786257499e+02
5.337000000000000000e+05	2.986373403445759322e+02
5.346000000000000000e+05	2.986373403445759322e+02
5.346000000000000000e+05	2.973300087122469790e+02
5.355000000000000000e+05	2.973300087122469790e+02
5.355000000000000000e+05	2.960667950058837050e+02
5.364000000000000000e+05	2.960667950058837050e+02
5.364000000000000000e+05	2.979154605633355573e+02
5.373000000000000000e+05	2.979154605633355573e+02
5.373000000000000000e+05	2.964855374116534676e+02
5.382000000000000000e+05	2.964855374116534676e+02
5.382000000000000000e+05	2.957307304643644557e+02
5.391000000000000000e+05	2.957307304643644557e+02
5.391000000000000000e+05	2.942600351518436241e+02
5.400000000000000000e+05	2.942600351518436241e+02
5.400000000000000000e+05	2.937111500982999814e+02
5.409000000000000000e+05	2.937111500982999814e+02
5.409000000000000000e+05	2.958618896813007950e+02
5.418000000000000000e+05	2.958618896813007950e+02
5.418000000000000000e+05	2.928596282955666084e+02
5.427000000000000000e+05	2.928596282955666084e+02
5.427000000000000000e+05	2.919311015635996114e+02
5.436000000000000000e+05	2.919311015635996114e+02
5.436000000000000000e+05	2.967369192654952030e+02
5.445000000000000000e+05	2.967369192654952030e+02
5.445000000000000000e+05	3.024043910963082453e+02
5.454000000000000000e+05	3.024043910963082453e+02
5.454000000000000000e+05	3.055571015432424815e+02
5.463000000000000000e+05	3.055571015432424815e+02
5.463000000000000000e+05	3.077559299965674882e+02
5.472000000000000000e+05	3.077559299965674882e+02
5.472000000000000000e+05	3.046828835337743158e+02
5.481000000000000000e+05	3.046828835337743158e+02
5.481000000000000000e+05	3.071335110900982386e+02
5.490000000000000000e+05	3.071335110900982386e+02
5.490000000000000000e+05	3.073003568763218141e+02
5.499000000000000000e+05	3.073003568763218141e+02
5.499000000000000000e+05	3.079004915818855466e+02
5.508000000000000000e+05	3.079004915818855466e+02
5.508000000000000000e+05	3.077326368342941123e+02
5.517000000000000000e+05	3.077326368342941123e+02
5.517000000000000000e+05	3.025087897773060490e+02
5.526000000000000000e+05	3.025087897773060490e+02
5.526000000000000000e+05	3.036979504699053223e+02
5.535000000000000000e+05	3.036979504699053223e+02
5.535000000000000000e+05	3.034055125877670775e+02
5.544000000000000000e+05	3.034055125877670775e+02
5.544000000000000000e+05	3.031106553407324213e+02
5.553000000000000000e+05	3.031106553407324213e+02
5.553000000000000000e+05	3.025233047022122150e+02
5.562000000000000000e+05	3.025233047022122150e+02
5.562000000000000000e+05	3.021027768143378012e+02
5.571000000000000000e+05	3.021027768143378012e+02
5.571000000000000000e+05	3.023670872687281417e+02
5.580000000000000000e+05	3.023670872687281417e+02
5.580000000000000000e+05	3.022915610921440930e+02
5.589000000000000000e+05	3.022915610921440930e+02
5.589000000000000000e+05	3.020194784891508561e+02
5.598000000000000000e+05	3.020194784891508561e+02
5.598000000000000000e+05	3.036431291149466460e+02
5.607000000000000000e+05	3.036431291149466460e+02
5.607000000000000000e+05	3.011648554594762572e+02
5.616000000000000000e+05	3.011648554594762572e+02
5.616000000000000000e+05	3.015824313744292908e+02
5.625000000000000000e+05	3.015824313744292908e+02
5.625000000000000000e+05	2.991888082123820709e+02
5.634000000000000000e+05	2.991888082123820709e+02
5.634000000000000000e+05	3.019891193827530174e+02
5.643000000000000000e+05	3.019891193827530174e+02
5.643000000000000000e+05	2.997861829860522676e+02
5.652000000000000000e+05	2.997861829860522676e+02
5.652000000000000000e+05	3.001908720006925932e+02
5.661000000000000000e+05	3.001908720006925932e+02
5.661000000000000000e+05	2.980896207149679640e+02
5.670000000000000000e+05	2.980896207149679640e+02
5.670000000000000000e+05	2.973241001344553069e+02
5.679000000000000000e+05	2.973241001344553069e+02
5.679000000000000000e+05	2.983520123821710399e+02
5.688000000000000000e+05	2.983520123821710399e+02
5.688000000000000000e+05	2.960304547566686892e+02
5.697000000000000000e+05	2.960304547566686892e+02
5.697000000000000000e+05	2.990030973304100712e+02
5.706000000000000000e+05	2.990030973304100712e+02
5.706000000000000000e+05	2.973187386249578026e+02
5.715000000000000000e+05	2.973187386249578026e+02
5.715000000000000000e+05	2.959207993223959647e+02
5.724000000000000000e+05	2.959207993223959647e+02
5.724000000000000000e+05	2.971765137912413479e+02
5.733000000000000000e+05	2.971765137912413479e+02
5.733000000000000000e+05	2.958698064750977323e+02
5.742000000000000000e+05	2.958698064750977323e+02
5.742000000000000000e+05	2.939956067888398366e+02
5.751000000000000000e+05	2.939956067888398366e+02
5.751000000000000000e+05	2.930861053745964568e+02
5.760000000000000000e+05	2.930861053745964568e+02
5.760000000000000000e+05	2.942961033358425311e+02
5.769000000000000000e+05	2.942961033358425311e+02
5.769000000000000000e+05	3.002805080447887462e+02
5.778000000000000000e+05	3.002805080447887462e+02
5.778000000000000000e+05	2.957938923734608352e+02
5.787000000000000000e+05	2.957938923734608352e+02
5.787000000000000000e+05	2.983982934518821821e+02
5.796000000000000000e+05	2.983982934518821821e+02
5.796000000000000000e+05	2.979231074500311820e+02
5.805000000000000000e+05	2.979231074500311820e+02
5.805000000000000000e+05	2.993189431073730589e+02
5.814000000000000000e+05	2.993189431073730589e+02
5.814000000000000000e+05	3.009510745170791211e+02
5.823000000000000000e+05	3.009510745170791211e+02
5.823000000000000000e+05	3.010946292065365242e+02
5.832000000000000000e+05	3.010946292065365242e+02
5.832000000000000000e+05	2.997395465758464752e+02
5.841000000000000000e+05	2.997395465758464752e+02
5.841000000000000000e+05	2.982855924567089687e+02
5.850000000000000000e+05	2.982855924567089687e+02
5.850000000000000000e+05	2.979959041125368344e+02
5.859000000000000000e+05	2.979959041125368344e+02
5.859000000000000000e+05	2.967042150717923050e+02
5.868000000000000000e+05	2.967042150717923050e+02
5.868000000000000000e+05	2.957093521813125676e+02
5.877000000000000000e+05	2.957093521813125676e+02
5.877000000000000000e+05	2.948912758159420378e+02
5.886000000000000000e+05	2.948912758159420378e+02
5.886000000000000000e+05	2.992789271578686794e+02
5.895000000000000000e+05	2.992789271578686794e+02
5.895000000000000000e+05	2.965990401085465464e+02
5.904000000000000000e+05	2.965990401085465464e+02
5.904000000000000000e+05	2.963043749624139309e+02
5.913000000000000000e+05	2.963043749624139309e+02
5.913000000000000000e+05	2.995085846743769480e+02
5.922000000000000000e+05	2.995085846743769480e+02
5.922000000000000000e+05	2.957085182848852014e+02
5.931000000000000000e+05	2.957085182848852014e+02
5.931000000000000000e+05	2.942033287378590671e+02
5.940000000000000000e+05	2.942033287378590671e+02
5.940000000000000000e+05	2.940774886285234970e+02
5.949000000000000000e+05	2.940774886285234970e+02
5.949000000000000000e+05	2.936370281934203490e+02
5.958000000000000000e+05	2.936370281934203490e+02
5.958000000000000000e+05	2.920772560178857589e+02
5.967000000000000000e+05	2.920772560178857589e+02
5.967000000000000000e+05	2.914467259980529548e+02
5.976000000000000000e+05	2.914467259980529548e+02
5.976000000000000000e+05	2.929728073152180059e+02
5.985000000000000000e+05	2.929728073152180059e+02
5.985000000000000000e+05	2.927988663370296081e+02
5.994000000000000000e+05	2.927988663370296081e+02
5.994000000000000000e+05	2.941019901228840467e+02
6.003000000000000000e+05	2.941019901228840467e+02
6.003000000000000000e+05	2.944854355924944116e+02
6.012000000000000000e+05	2.944854355924944116e+02
6.012000000000000000e+05	2.927155088824466702e+02
6.021000000000000000e+05	2.927155088824466702e+02
6.021000000000000000e+05	2.926895964164718862e+02
6.030000000000000000e+05	2.926895964164718862e+02
6.030000000000000000e+05	2.938271798303846936e+02
6.039000000000000000e+05	2.938271798303846936e+02
6.039000000000000000e+05	2.941885854631259463e+02
6.048000000000000000e+05	2.941885854631259463e+02
