# #1
# double t_DHW(1344, 2)
0.000000000000000000e+00	3.231499999999999773e+02
9.000000000000000000e+02	3.231499999999999773e+02
9.000000000000000000e+02	3.231380000000000337e+02
1.800000000000000000e+03	3.231380000000000337e+02
1.800000000000000000e+03	3.231260044999999081e+02
2.700000000000000000e+03	3.231260044999999081e+02
2.700000000000000000e+03	3.231140134983123176e+02
3.600000000000000000e+03	3.231140134983123176e+02
3.600000000000000000e+03	3.230506284580427518e+02
4.500000000000000000e+03	3.230506284580427518e+02
4.500000000000000000e+03	3.230386657223709790e+02
5.400000000000000000e+03	3.230386657223709790e+02
5.400000000000000000e+03	3.230267074727249792e+02
6.300000000000000000e+03	3.230267074727249792e+02
6.300000000000000000e+03	3.230147537074225852e+02
7.200000000000000000e+03	3.230147537074225852e+02
7.200000000000000000e+03	3.229515792565591710e+02
8.100000000000000000e+03	3.229515792565591710e+02
8.100000000000000000e+03	3.229396536643379818e+02
9.000000000000000000e+03	3.229396536643379818e+02
9.000000000000000000e+03	3.229277325442137112e+02
9.900000000000000000e+03	3.229277325442137112e+02
9.900000000000000000e+03	3.229158158945094783e+02
1.080000000000000000e+04	3.229158158945094783e+02
1.080000000000000000e+04	3.228528407752777980e+02
1.170000000000000000e+04	3.228528407752777980e+02
1.170000000000000000e+04	3.228409522099870514e+02
1.260000000000000000e+04	3.228409522099870514e+02
1.260000000000000000e+04	3.228290681029081952e+02
1.350000000000000000e+04	3.228290681029081952e+02
1.350000000000000000e+04	3.228171884523695212e+02
1.440000000000000000e+04	3.228171884523695212e+02
1.440000000000000000e+04	3.227544120021051981e+02
1.530000000000000000e+04	3.227544120021051981e+02
1.530000000000000000e+04	3.227425603476044103e+02
1.620000000000000000e+04	3.227425603476044103e+02
1.620000000000000000e+04	3.227307131374740834e+02
1.710000000000000000e+04	3.227307131374740834e+02
1.710000000000000000e+04	3.227899230016264482e+02
1.800000000000000000e+04	3.227899230016264482e+02
1.800000000000000000e+04	3.238260467536572378e+02
1.890000000000000000e+04	3.238260467536572378e+02
1.890000000000000000e+04	3.238137932361245817e+02
1.980000000000000000e+04	3.238137932361245817e+02
1.980000000000000000e+04	3.238015443136609406e+02
2.070000000000000000e+04	3.238015443136609406e+02
2.070000000000000000e+04	3.237892999845432200e+02
2.160000000000000000e+04	3.237892999845432200e+02
2.160000000000000000e+04	3.237245754084673877e+02
2.250000000000000000e+04	3.237245754084673877e+02
2.250000000000000000e+04	3.237123599426891474e+02
2.340000000000000000e+04	3.237123599426891474e+02
2.340000000000000000e+04	3.237001490577106324e+02
2.430000000000000000e+04	3.237001490577106324e+02
2.430000000000000000e+04	3.236879427518140346e+02
2.520000000000000000e+04	3.236879427518140346e+02
2.520000000000000000e+04	3.236234291666533522e+02
2.610000000000000000e+04	3.236234291666533522e+02
2.610000000000000000e+04	3.159612515857158428e+02
2.700000000000000000e+04	3.159612515857158428e+02
2.700000000000000000e+04	3.160229999979501372e+02
2.790000000000000000e+04	3.160229999979501372e+02
2.790000000000000000e+04	3.159947252545291576e+02
2.880000000000000000e+04	3.159947252545291576e+02
2.880000000000000000e+04	3.166200024357553957e+02
2.970000000000000000e+04	3.166200024357553957e+02
2.970000000000000000e+04	3.165204511848419884e+02
3.060000000000000000e+04	3.165204511848419884e+02
3.060000000000000000e+04	3.164209372656476376e+02
3.150000000000000000e+04	3.164209372656476376e+02
3.150000000000000000e+04	3.163214606641727187e+02
3.240000000000000000e+04	3.163214606641727187e+02
3.240000000000000000e+04	3.161908321007288123e+02
3.330000000000000000e+04	3.161908321007288123e+02
3.330000000000000000e+04	3.160914417886910428e+02
3.420000000000000000e+04	3.160914417886910428e+02
3.420000000000000000e+04	3.160820887480202828e+02
3.510000000000000000e+04	3.160820887480202828e+02
3.510000000000000000e+04	3.159827392147395244e+02
3.600000000000000000e+04	3.159827392147395244e+02
3.600000000000000000e+04	3.159351413290143569e+02
3.690000000000000000e+04	3.159351413290143569e+02
3.690000000000000000e+04	3.159258469010159729e+02
3.780000000000000000e+04	3.159258469010159729e+02
3.780000000000000000e+04	3.159165559584280913e+02
3.870000000000000000e+04	3.159165559584280913e+02
3.870000000000000000e+04	3.158872685019437085e+02
3.960000000000000000e+04	3.158872685019437085e+02
3.960000000000000000e+04	3.158375708461356339e+02
4.050000000000000000e+04	3.158375708461356339e+02
4.050000000000000000e+04	3.158283130070682887e+02
4.140000000000000000e+04	3.158283130070682887e+02
4.140000000000000000e+04	3.158190586396906383e+02
4.230000000000000000e+04	3.158190586396906383e+02
4.230000000000000000e+04	3.157198077427007661e+02
4.320000000000000000e+04	3.157198077427007661e+02
4.320000000000000000e+04	3.155820517221122827e+02
4.410000000000000000e+04	3.155820517221122827e+02
4.410000000000000000e+04	3.155728897027165090e+02
4.500000000000000000e+04	3.155728897027165090e+02
4.500000000000000000e+04	3.155637311190779997e+02
4.590000000000000000e+04	3.155637311190779997e+02
4.590000000000000000e+04	3.155545759699081145e+02
4.680000000000000000e+04	3.155545759699081145e+02
4.680000000000000000e+04	3.153468863519343017e+02
4.770000000000000000e+04	3.153468863519343017e+02
4.770000000000000000e+04	3.154088651511310673e+02
4.860000000000000000e+04	3.154088651511310673e+02
4.860000000000000000e+04	3.154708207082783247e+02
4.950000000000000000e+04	3.154708207082783247e+02
4.950000000000000000e+04	3.155327530320913070e+02
5.040000000000000000e+04	3.155327530320913070e+02
5.040000000000000000e+04	3.163112787588964920e+02
5.130000000000000000e+04	3.163112787588964920e+02
5.130000000000000000e+04	3.163018432793618899e+02
5.220000000000000000e+04	3.163018432793618899e+02
5.220000000000000000e+04	3.162924113381321263e+02
5.310000000000000000e+04	3.162924113381321263e+02
5.310000000000000000e+04	3.161929829338803302e+02
5.400000000000000000e+04	3.161929829338803302e+02
5.400000000000000000e+04	3.161497994952009094e+02
5.490000000000000000e+04	3.161497994952009094e+02
5.490000000000000000e+04	3.161404245703902234e+02
5.580000000000000000e+04	3.161404245703902234e+02
5.580000000000000000e+04	3.161310531611763395e+02
5.670000000000000000e+04	3.161310531611763395e+02
5.670000000000000000e+04	3.160316852662409133e+02
5.760000000000000000e+04	3.160316852662409133e+02
5.760000000000000000e+04	3.159831439417937418e+02
5.850000000000000000e+04	3.159831439417937418e+02
5.850000000000000000e+04	3.159738315128155364e+02
5.940000000000000000e+04	3.159738315128155364e+02
5.940000000000000000e+04	3.159645225759982168e+02
6.030000000000000000e+04	3.159645225759982168e+02
6.030000000000000000e+04	3.158652171300322493e+02
6.120000000000000000e+04	3.158652171300322493e+02
6.120000000000000000e+04	3.158169391534933084e+02
6.210000000000000000e+04	3.158169391534933084e+02
6.210000000000000000e+04	3.181150227024483002e+02
6.300000000000000000e+04	3.181150227024483002e+02
6.300000000000000000e+04	3.181049108189349113e+02
6.390000000000000000e+04	3.181049108189349113e+02
6.390000000000000000e+04	3.180948027273777825e+02
6.480000000000000000e+04	3.180948027273777825e+02
6.480000000000000000e+04	3.154476732763336031e+02
6.570000000000000000e+04	3.154476732763336031e+02
6.570000000000000000e+04	3.152441142804339052e+02
6.660000000000000000e+04	3.152441142804339052e+02
6.660000000000000000e+04	3.152861316211576650e+02
6.750000000000000000e+04	3.152861316211576650e+02
6.750000000000000000e+04	3.152570805737994988e+02
6.840000000000000000e+04	3.152570805737994988e+02
6.840000000000000000e+04	3.157901044475692629e+02
6.930000000000000000e+04	3.157901044475692629e+02
6.930000000000000000e+04	3.156908644084014099e+02
7.020000000000000000e+04	3.156908644084014099e+02
7.020000000000000000e+04	3.156816615842482747e+02
7.110000000000000000e+04	3.156816615842482747e+02
7.110000000000000000e+04	3.156724622111539702e+02
7.200000000000000000e+04	3.156724622111539702e+02
7.200000000000000000e+04	3.156251514075017326e+02
7.290000000000000000e+04	3.156251514075017326e+02
7.290000000000000000e+04	3.156159732257239625e+02
7.380000000000000000e+04	3.156159732257239625e+02
7.380000000000000000e+04	3.156067984857643296e+02
7.470000000000000000e+04	3.156067984857643296e+02
7.470000000000000000e+04	3.149576271423318303e+02
7.560000000000000000e+04	3.149576271423318303e+02
7.560000000000000000e+04	3.149173633215684731e+02
7.650000000000000000e+04	3.149173633215684731e+02
7.650000000000000000e+04	3.149084505603228763e+02
7.740000000000000000e+04	3.149084505603228763e+02
7.740000000000000000e+04	3.148095411413627289e+02
7.830000000000000000e+04	3.148095411413627289e+02
7.830000000000000000e+04	3.128406687994342406e+02
7.920000000000000000e+04	3.128406687994342406e+02
7.920000000000000000e+04	3.128201307643285531e+02
8.010000000000000000e+04	3.128201307643285531e+02
8.010000000000000000e+04	3.128120044652918637e+02
8.100000000000000000e+04	3.128120044652918637e+02
8.100000000000000000e+04	3.128038812136173874e+02
8.190000000000000000e+04	3.128038812136173874e+02
8.190000000000000000e+04	3.127957610081622306e+02
8.280000000000000000e+04	3.127957610081622306e+02
8.280000000000000000e+04	3.127539404643334819e+02
8.370000000000000000e+04	3.127539404643334819e+02
8.370000000000000000e+04	3.127458389866593507e+02
8.460000000000000000e+04	3.127458389866593507e+02
8.460000000000000000e+04	3.127377405470393796e+02
8.550000000000000000e+04	3.127377405470393796e+02
8.550000000000000000e+04	3.127296451443341994e+02
8.640000000000000000e+04	3.127296451443341994e+02
8.640000000000000000e+04	3.126879455040199218e+02
8.730000000000000000e+04	3.126879455040199218e+02
8.730000000000000000e+04	3.126798687744558265e+02
8.820000000000000000e+04	3.126798687744558265e+02
8.820000000000000000e+04	3.126717950736654075e+02
8.910000000000000000e+04	3.126717950736654075e+02
8.910000000000000000e+04	3.126637244005127627e+02
9.000000000000000000e+04	3.126637244005127627e+02
9.000000000000000000e+04	3.126221454165406612e+02
9.090000000000000000e+04	3.126221454165406612e+02
9.090000000000000000e+04	3.126140933620093847e+02
9.180000000000000000e+04	3.126140933620093847e+02
9.180000000000000000e+04	3.126060443269986422e+02
9.270000000000000000e+04	3.126060443269986422e+02
9.270000000000000000e+04	3.125979983103759992e+02
9.360000000000000000e+04	3.125979983103759992e+02
9.360000000000000000e+04	3.125565397243399275e+02
9.450000000000000000e+04	3.125565397243399275e+02
9.450000000000000000e+04	3.125485122719432525e+02
9.540000000000000000e+04	3.125485122719432525e+02
9.540000000000000000e+04	3.125404878298412541e+02
9.630000000000000000e+04	3.125404878298412541e+02
9.630000000000000000e+04	3.125324663969050789e+02
9.720000000000000000e+04	3.125324663969050789e+02
9.720000000000000000e+04	3.124911279576913898e+02
9.810000000000000000e+04	3.124911279576913898e+02
9.810000000000000000e+04	3.124831250347072569e+02
9.900000000000000000e+04	3.124831250347072569e+02
9.900000000000000000e+04	3.124751251128192280e+02
9.990000000000000000e+04	3.124751251128192280e+02
9.990000000000000000e+04	3.124671281909019172e+02
1.008000000000000000e+05	3.124671281909019172e+02
1.008000000000000000e+05	3.124259096395796860e+02
1.017000000000000000e+05	3.124259096395796860e+02
1.017000000000000000e+05	3.124179311734648081e+02
1.026000000000000000e+05	3.124179311734648081e+02
1.026000000000000000e+05	3.124099556992747466e+02
1.035000000000000000e+05	3.124099556992747466e+02
1.035000000000000000e+05	3.124019832158875261e+02
1.044000000000000000e+05	3.124019832158875261e+02
1.044000000000000000e+05	3.140568838852281601e+02
1.053000000000000000e+05	3.140568838852281601e+02
1.053000000000000000e+05	3.140482938037710596e+02
1.062000000000000000e+05	3.140482938037710596e+02
1.062000000000000000e+05	3.140397069435946378e+02
1.071000000000000000e+05	3.140397069435946378e+02
1.071000000000000000e+05	3.190048075140171591e+02
1.080000000000000000e+05	3.190048075140171591e+02
1.080000000000000000e+05	3.178085066025720948e+02
1.089000000000000000e+05	3.178085066025720948e+02
1.089000000000000000e+05	3.236033239552505734e+02
1.098000000000000000e+05	3.236033239552505734e+02
1.098000000000000000e+05	3.235911539587673360e+02
1.107000000000000000e+05	3.235911539587673360e+02
1.107000000000000000e+05	3.235789885260328447e+02
1.116000000000000000e+05	3.235789885260328447e+02
1.116000000000000000e+05	3.197954346504156433e+02
1.125000000000000000e+05	3.197954346504156433e+02
1.125000000000000000e+05	3.168946925954217022e+02
1.134000000000000000e+05	3.168946925954217022e+02
1.134000000000000000e+05	3.168850383356984253e+02
1.143000000000000000e+05	3.168850383356984253e+02
1.143000000000000000e+05	3.167853876963225161e+02
1.152000000000000000e+05	3.167853876963225161e+02
1.152000000000000000e+05	3.167861297274827734e+02
1.161000000000000000e+05	3.167861297274827734e+02
1.161000000000000000e+05	3.166865161788349496e+02
1.170000000000000000e+05	3.166865161788349496e+02
1.170000000000000000e+05	3.165869399852678612e+02
1.179000000000000000e+05	3.165869399852678612e+02
1.179000000000000000e+05	3.164874011327734138e+02
1.188000000000000000e+05	3.164874011327734138e+02
1.188000000000000000e+05	3.163491254566381485e+02
1.197000000000000000e+05	3.163491254566381485e+02
1.197000000000000000e+05	3.162496757845918864e+02
1.206000000000000000e+05	3.162496757845918864e+02
1.206000000000000000e+05	3.212139476166989880e+02
1.215000000000000000e+05	3.212139476166989880e+02
1.215000000000000000e+05	3.211126736363427199e+02
1.224000000000000000e+05	3.211126736363427199e+02
1.224000000000000000e+05	3.164094055272927335e+02
1.233000000000000000e+05	3.164094055272927335e+02
1.233000000000000000e+05	3.163999332502199877e+02
1.242000000000000000e+05	3.163999332502199877e+02
1.242000000000000000e+05	3.163904645252511614e+02
1.251000000000000000e+05	3.163904645252511614e+02
1.251000000000000000e+05	3.163609993530541828e+02
1.260000000000000000e+05	3.163609993530541828e+02
1.260000000000000000e+05	3.163099384066742346e+02
1.269000000000000000e+05	3.163099384066742346e+02
1.269000000000000000e+05	3.163005034297717657e+02
1.278000000000000000e+05	3.163005034297717657e+02
1.278000000000000000e+05	3.162910719909855857e+02
1.287000000000000000e+05	3.162910719909855857e+02
1.287000000000000000e+05	3.161916440889889941e+02
1.296000000000000000e+05	3.161916440889889941e+02
1.296000000000000000e+05	3.160524273262539623e+02
1.305000000000000000e+05	3.160524273262539623e+02
1.305000000000000000e+05	3.160430889160065817e+02
1.314000000000000000e+05	3.160430889160065817e+02
1.314000000000000000e+05	3.189184908497683750e+02
1.323000000000000000e+05	3.189184908497683750e+02
1.323000000000000000e+05	3.189080776656996932e+02
1.332000000000000000e+05	3.189080776656996932e+02
1.332000000000000000e+05	3.158213426767753162e+02
1.341000000000000000e+05	3.158213426767753162e+02
1.341000000000000000e+05	3.158120909232715690e+02
1.350000000000000000e+05	3.158120909232715690e+02
1.350000000000000000e+05	3.158028426391753669e+02
1.359000000000000000e+05	3.158028426391753669e+02
1.359000000000000000e+05	3.157935978231856780e+02
1.368000000000000000e+05	3.157935978231856780e+02
1.368000000000000000e+05	3.157453721053555000e+02
1.377000000000000000e+05	3.157453721053555000e+02
1.377000000000000000e+05	3.157361488408159857e+02
1.386000000000000000e+05	3.157361488408159857e+02
1.386000000000000000e+05	3.157269290350006941e+02
1.395000000000000000e+05	3.157269290350006941e+02
1.395000000000000000e+05	3.150622126866125541e+02
1.404000000000000000e+05	3.150622126866125541e+02
1.404000000000000000e+05	3.150211924504441754e+02
1.413000000000000000e+05	3.150211924504441754e+02
1.413000000000000000e+05	3.150122407532752504e+02
1.422000000000000000e+05	3.150122407532752504e+02
1.422000000000000000e+05	3.199769766235190787e+02
1.431000000000000000e+05	3.199769766235190787e+02
1.431000000000000000e+05	3.198761665072852338e+02
1.440000000000000000e+05	3.198761665072852338e+02
1.440000000000000000e+05	3.145349322033833346e+02
1.449000000000000000e+05	3.145349322033833346e+02
1.449000000000000000e+05	3.145261628538070795e+02
1.458000000000000000e+05	3.145261628538070795e+02
1.458000000000000000e+05	3.194910810032632185e+02
1.467000000000000000e+05	3.194910810032632185e+02
1.467000000000000000e+05	3.193904530978870184e+02
1.476000000000000000e+05	3.193904530978870184e+02
1.476000000000000000e+05	3.141426129593054952e+02
1.485000000000000000e+05	3.141426129593054952e+02
1.485000000000000000e+05	3.141339907294457703e+02
1.494000000000000000e+05	3.141339907294457703e+02
1.494000000000000000e+05	3.141253717329222468e+02
1.503000000000000000e+05	3.141253717329222468e+02
1.503000000000000000e+05	3.141167559685223978e+02
1.512000000000000000e+05	3.141167559685223978e+02
1.512000000000000000e+05	3.140715368792492654e+02
1.521000000000000000e+05	3.140715368792492654e+02
1.521000000000000000e+05	3.139729413029195371e+02
1.530000000000000000e+05	3.139729413029195371e+02
1.530000000000000000e+05	3.139443827019309197e+02
1.539000000000000000e+05	3.139443827019309197e+02
1.539000000000000000e+05	3.139158348104177776e+02
1.548000000000000000e+05	3.139158348104177776e+02
1.548000000000000000e+05	3.138722059062772587e+02
1.557000000000000000e+05	3.138722059062772587e+02
1.557000000000000000e+05	3.180821547281166772e+02
1.566000000000000000e+05	3.180821547281166772e+02
1.566000000000000000e+05	3.180720551700936198e+02
1.575000000000000000e+05	3.180720551700936198e+02
1.575000000000000000e+05	3.180619593994048273e+02
1.584000000000000000e+05	3.180619593994048273e+02
1.584000000000000000e+05	3.137772695107902337e+02
1.593000000000000000e+05	3.137772695107902337e+02
1.593000000000000000e+05	3.178460523499289820e+02
1.602000000000000000e+05	3.178460523499289820e+02
1.602000000000000000e+05	3.200450256598812189e+02
1.611000000000000000e+05	3.200450256598812189e+02
1.611000000000000000e+05	3.222750024985917889e+02
1.620000000000000000e+05	3.222750024985917889e+02
1.620000000000000000e+05	3.210137290226138020e+02
1.629000000000000000e+05	3.210137290226138020e+02
1.629000000000000000e+05	3.222516631236713351e+02
1.638000000000000000e+05	3.222516631236713351e+02
1.638000000000000000e+05	3.221499999999999773e+02
1.647000000000000000e+05	3.221499999999999773e+02
1.647000000000000000e+05	3.158383749549998356e+02
1.656000000000000000e+05	3.158383749549998356e+02
1.656000000000000000e+05	3.151274967723144869e+02
1.665000000000000000e+05	3.151274967723144869e+02
1.665000000000000000e+05	3.151185052110247966e+02
1.674000000000000000e+05	3.151185052110247966e+02
1.674000000000000000e+05	3.151095170215706389e+02
1.683000000000000000e+05	3.151095170215706389e+02
1.683000000000000000e+05	3.151005322026875888e+02
1.692000000000000000e+05	3.151005322026875888e+02
1.692000000000000000e+05	3.150545647000949430e+02
1.701000000000000000e+05	3.150545647000949430e+02
1.701000000000000000e+05	3.150456004883324681e+02
1.710000000000000000e+05	3.150456004883324681e+02
1.710000000000000000e+05	3.150366396381493246e+02
1.719000000000000000e+05	3.150366396381493246e+02
1.719000000000000000e+05	3.150276821482850664e+02
1.728000000000000000e+05	3.150276821482850664e+02
1.728000000000000000e+05	3.149818431355751613e+02
1.737000000000000000e+05	3.149818431355751613e+02
1.737000000000000000e+05	3.149729061943993429e+02
1.746000000000000000e+05	3.149729061943993429e+02
1.746000000000000000e+05	3.149639726045764405e+02
1.755000000000000000e+05	3.149639726045764405e+02
1.755000000000000000e+05	3.149550423648497031e+02
1.764000000000000000e+05	3.149550423648497031e+02
1.764000000000000000e+05	3.149093316551122825e+02
1.773000000000000000e+05	3.149093316551122825e+02
1.773000000000000000e+05	3.149004219057416663e+02
1.782000000000000000e+05	3.149004219057416663e+02
1.782000000000000000e+05	3.148915154975269957e+02
1.791000000000000000e+05	3.148915154975269957e+02
1.791000000000000000e+05	3.148826124292154418e+02
1.800000000000000000e+05	3.148826124292154418e+02
1.800000000000000000e+05	3.148370298354710712e+02
1.809000000000000000e+05	3.148370298354710712e+02
1.809000000000000000e+05	3.148281471992826823e+02
1.818000000000000000e+05	3.148281471992826823e+02
1.818000000000000000e+05	3.148903205256618776e+02
1.827000000000000000e+05	3.148903205256618776e+02
1.827000000000000000e+05	3.148814179054647866e+02
1.836000000000000000e+05	3.148814179054647866e+02
1.836000000000000000e+05	3.174450305004962729e+02
1.845000000000000000e+05	3.174450305004962729e+02
1.845000000000000000e+05	3.189272751272163759e+02
1.854000000000000000e+05	3.189272751272163759e+02
1.854000000000000000e+05	3.189168586490436610e+02
1.863000000000000000e+05	3.189168586490436610e+02
1.863000000000000000e+05	3.232122355507345333e+02
1.872000000000000000e+05	3.232122355507345333e+02
1.872000000000000000e+05	3.241385755504674080e+02
1.881000000000000000e+05	3.241385755504674080e+02
1.881000000000000000e+05	3.262874272193042202e+02
1.890000000000000000e+05	3.262874272193042202e+02
1.890000000000000000e+05	3.262742506840970123e+02
1.899000000000000000e+05	3.262742506840970123e+02
1.899000000000000000e+05	3.262610790900905613e+02
1.908000000000000000e+05	3.262610790900905613e+02
1.908000000000000000e+05	3.259581976031619206e+02
1.917000000000000000e+05	3.259581976031619206e+02
1.917000000000000000e+05	3.271439700057317737e+02
1.926000000000000000e+05	3.271439700057317737e+02
1.926000000000000000e+05	3.271304722669796661e+02
1.935000000000000000e+05	3.271304722669796661e+02
1.935000000000000000e+05	3.271169795898795201e+02
1.944000000000000000e+05	3.271169795898795201e+02
1.944000000000000000e+05	3.259308864608516387e+02
1.953000000000000000e+05	3.259308864608516387e+02
1.953000000000000000e+05	3.270996351456409457e+02
1.962000000000000000e+05	3.270996351456409457e+02
1.962000000000000000e+05	3.270861540324613657e+02
1.971000000000000000e+05	3.270861540324613657e+02
1.971000000000000000e+05	3.270726779746991610e+02
1.980000000000000000e+05	3.270726779746991610e+02
1.980000000000000000e+05	3.275161918100158118e+02
1.989000000000000000e+05	3.275161918100158118e+02
1.989000000000000000e+05	3.246125544710870372e+02
1.998000000000000000e+05	3.246125544710870372e+02
1.998000000000000000e+05	3.246000060131602822e+02
2.007000000000000000e+05	3.246000060131602822e+02
2.007000000000000000e+05	3.244974622609053654e+02
2.016000000000000000e+05	3.244974622609053654e+02
2.016000000000000000e+05	3.244832954026239804e+02
2.025000000000000000e+05	3.244832954026239804e+02
2.025000000000000000e+05	3.243807954168480023e+02
2.034000000000000000e+05	3.243807954168480023e+02
2.034000000000000000e+05	3.242783338685666763e+02
2.043000000000000000e+05	3.242783338685666763e+02
2.043000000000000000e+05	3.241759107433659324e+02
2.052000000000000000e+05	3.241759107433659324e+02
2.052000000000000000e+05	3.240226066748332414e+02
2.061000000000000000e+05	3.240226066748332414e+02
2.061000000000000000e+05	3.239202794473301310e+02
2.070000000000000000e+05	3.239202794473301310e+02
2.070000000000000000e+05	3.239079905925373737e+02
2.079000000000000000e+05	3.239079905925373737e+02
2.079000000000000000e+05	3.238057063460651648e+02
2.088000000000000000e+05	3.238057063460651648e+02
2.088000000000000000e+05	3.237407988277362278e+02
2.097000000000000000e+05	3.237407988277362278e+02
2.097000000000000000e+05	3.237285772781758055e+02
2.106000000000000000e+05	3.237285772781758055e+02
2.106000000000000000e+05	3.266922850286119910e+02
2.115000000000000000e+05	3.266922850286119910e+02
2.115000000000000000e+05	3.266589566737262658e+02
2.124000000000000000e+05	3.266589566737262658e+02
2.124000000000000000e+05	3.235629180724581602e+02
2.133000000000000000e+05	3.235629180724581602e+02
2.133000000000000000e+05	3.235507632281810402e+02
2.142000000000000000e+05	3.235507632281810402e+02
2.142000000000000000e+05	3.235386129419704844e+02
2.151000000000000000e+05	3.235386129419704844e+02
2.151000000000000000e+05	3.256345831618129409e+02
2.160000000000000000e+05	3.256345831618129409e+02
2.160000000000000000e+05	3.229548515770571839e+02
2.169000000000000000e+05	3.229548515770571839e+02
2.169000000000000000e+05	3.229429247577157867e+02
2.178000000000000000e+05	3.229429247577157867e+02
2.178000000000000000e+05	3.229310024109316259e+02
2.187000000000000000e+05	3.229310024109316259e+02
2.187000000000000000e+05	3.229190845350275367e+02
2.196000000000000000e+05	3.229190845350275367e+02
2.196000000000000000e+05	3.217743621715866311e+02
2.205000000000000000e+05	3.217743621715866311e+02
2.205000000000000000e+05	3.236663155996126875e+02
2.214000000000000000e+05	3.236663155996126875e+02
2.214000000000000000e+05	3.236541219812628469e+02
2.223000000000000000e+05	3.236541219812628469e+02
2.223000000000000000e+05	3.236419329355198897e+02
2.232000000000000000e+05	3.236419329355198897e+02
2.232000000000000000e+05	3.232906974168006968e+02
2.241000000000000000e+05	3.232906974168006968e+02
2.241000000000000000e+05	3.232786446552694315e+02
2.250000000000000000e+05	3.232786446552694315e+02
2.250000000000000000e+05	3.232665964135237573e+02
2.259000000000000000e+05	3.232665964135237573e+02
2.259000000000000000e+05	3.231645526898686853e+02
2.268000000000000000e+05	3.231645526898686853e+02
2.268000000000000000e+05	3.232047170406012810e+02
2.277000000000000000e+05	3.232047170406012810e+02
2.277000000000000000e+05	3.273623186905541615e+02
2.286000000000000000e+05	3.273623186905541615e+02
2.286000000000000000e+05	3.273487390710452019e+02
2.295000000000000000e+05	3.273487390710452019e+02
2.295000000000000000e+05	3.272451645438935657e+02
2.304000000000000000e+05	3.272451645438935657e+02
2.304000000000000000e+05	3.234305629301666158e+02
2.313000000000000000e+05	3.234305629301666158e+02
2.313000000000000000e+05	3.234184577190678169e+02
2.322000000000000000e+05	3.234184577190678169e+02
2.322000000000000000e+05	3.234063570474232279e+02
2.331000000000000000e+05	3.234063570474232279e+02
2.331000000000000000e+05	3.233042609135304133e+02
2.340000000000000000e+05	3.233042609135304133e+02
2.340000000000000000e+05	3.232408903155203461e+02
2.349000000000000000e+05	3.232408903155203461e+02
2.349000000000000000e+05	3.232288562316520029e+02
2.358000000000000000e+05	3.232288562316520029e+02
2.358000000000000000e+05	3.232168266605651183e+02
2.367000000000000000e+05	3.232168266605651183e+02
2.367000000000000000e+05	3.232048016005674640e+02
2.376000000000000000e+05	3.232048016005674640e+02
2.376000000000000000e+05	3.231415572526596520e+02
2.385000000000000000e+05	3.231415572526596520e+02
2.385000000000000000e+05	3.230395604186899163e+02
2.394000000000000000e+05	3.230395604186899163e+02
2.394000000000000000e+05	3.254955422159316640e+02
2.403000000000000000e+05	3.254955422159316640e+02
2.403000000000000000e+05	3.251326626726007021e+02
2.412000000000000000e+05	3.251326626726007021e+02
2.412000000000000000e+05	3.264926897955494951e+02
2.421000000000000000e+05	3.264926897955494951e+02
2.421000000000000000e+05	3.263894362868761618e+02
2.430000000000000000e+05	3.263894362868761618e+02
2.430000000000000000e+05	3.288710214982685898e+02
2.439000000000000000e+05	3.288710214982685898e+02
2.439000000000000000e+05	3.288568761152067168e+02
2.448000000000000000e+05	3.288568761152067168e+02
2.448000000000000000e+05	3.266990636603785561e+02
2.457000000000000000e+05	3.266990636603785561e+02
2.457000000000000000e+05	3.266857327615059035e+02
2.466000000000000000e+05	3.266857327615059035e+02
2.466000000000000000e+05	3.266724068617203329e+02
2.475000000000000000e+05	3.266724068617203329e+02
2.475000000000000000e+05	3.242590857941472109e+02
2.484000000000000000e+05	3.242590857941472109e+02
2.484000000000000000e+05	3.242443584622897106e+02
2.493000000000000000e+05	3.242443584622897106e+02
2.493000000000000000e+05	3.267267480778663185e+02
2.502000000000000000e+05	3.267267480778663185e+02
2.502000000000000000e+05	3.266234067973371111e+02
2.511000000000000000e+05	3.266234067973371111e+02
2.511000000000000000e+05	3.246501042557881078e+02
2.520000000000000000e+05	3.246501042557881078e+02
2.520000000000000000e+05	3.217067894930520424e+02
2.529000000000000000e+05	3.217067894930520424e+02
2.529000000000000000e+05	3.216953306969920732e+02
2.538000000000000000e+05	3.216953306969920732e+02
2.538000000000000000e+05	3.216838761979807373e+02
2.547000000000000000e+05	3.216838761979807373e+02
2.547000000000000000e+05	3.216724259944064670e+02
2.556000000000000000e+05	3.216724259944064670e+02
2.556000000000000000e+05	3.216132114047591131e+02
2.565000000000000000e+05	3.216132114047591131e+02
2.565000000000000000e+05	3.246671712292597363e+02
2.574000000000000000e+05	3.246671712292597363e+02
2.574000000000000000e+05	3.271494022900487835e+02
2.583000000000000000e+05	3.271494022900487835e+02
2.583000000000000000e+05	3.271359025141900361e+02
2.592000000000000000e+05	3.271359025141900361e+02
2.592000000000000000e+05	3.249955272801831825e+02
2.601000000000000000e+05	3.249955272801831825e+02
2.601000000000000000e+05	3.249828352074530926e+02
2.610000000000000000e+05	3.249828352074530926e+02
2.610000000000000000e+05	3.249701478942503172e+02
2.619000000000000000e+05	3.249701478942503172e+02
2.619000000000000000e+05	3.249574653387899730e+02
2.628000000000000000e+05	3.249574653387899730e+02
2.628000000000000000e+05	3.248909053292098861e+02
2.637000000000000000e+05	3.248909053292098861e+02
2.637000000000000000e+05	3.248782524897114286e+02
2.646000000000000000e+05	3.248782524897114286e+02
2.646000000000000000e+05	3.248656043950277876e+02
2.655000000000000000e+05	3.248656043950277876e+02
2.655000000000000000e+05	3.248529610433796506e+02
2.664000000000000000e+05	3.248529610433796506e+02
2.664000000000000000e+05	3.247866112806796650e+02
2.673000000000000000e+05	3.247866112806796650e+02
2.673000000000000000e+05	3.247739975514498951e+02
2.682000000000000000e+05	3.247739975514498951e+02
2.682000000000000000e+05	3.247613885523680892e+02
2.691000000000000000e+05	3.247613885523680892e+02
2.691000000000000000e+05	3.247487842816609600e+02
2.700000000000000000e+05	3.247487842816609600e+02
2.700000000000000000e+05	3.246826440408880785e+02
2.709000000000000000e+05	3.246826440408880785e+02
2.709000000000000000e+05	3.246700692993727557e+02
2.718000000000000000e+05	3.246700692993727557e+02
2.718000000000000000e+05	3.250529191269830562e+02
2.727000000000000000e+05	3.250529191269830562e+02
2.727000000000000000e+05	3.256744088233884327e+02
2.736000000000000000e+05	3.256744088233884327e+02
2.736000000000000000e+05	3.275661605488645023e+02
2.745000000000000000e+05	3.275661605488645023e+02
2.745000000000000000e+05	3.275525044886586556e+02
2.754000000000000000e+05	3.275525044886586556e+02
2.754000000000000000e+05	3.275388535494754478e+02
2.763000000000000000e+05	3.275388535494754478e+02
2.763000000000000000e+05	3.275252077293944239e+02
2.772000000000000000e+05	3.275252077293944239e+02
2.772000000000000000e+05	3.274805431917505416e+02
2.781000000000000000e+05	3.274805431917505416e+02
2.781000000000000000e+05	3.274669192380536060e+02
2.790000000000000000e+05	3.274669192380536060e+02
2.790000000000000000e+05	3.274533003933393047e+02
2.799000000000000000e+05	3.274533003933393047e+02
2.799000000000000000e+05	3.274396866556918440e+02
2.808000000000000000e+05	3.274396866556918440e+02
2.808000000000000000e+05	3.273678469792486680e+02
2.817000000000000000e+05	3.273678469792486680e+02
2.817000000000000000e+05	3.273542652866314597e+02
2.826000000000000000e+05	3.273542652866314597e+02
2.826000000000000000e+05	3.273406886871489974e+02
2.835000000000000000e+05	3.273406886871489974e+02
2.835000000000000000e+05	3.273271171788913421e+02
2.844000000000000000e+05	3.273271171788913421e+02
2.844000000000000000e+05	3.272555099494270507e+02
2.853000000000000000e+05	3.272555099494270507e+02
2.853000000000000000e+05	3.243519703661959852e+02
2.862000000000000000e+05	3.243519703661959852e+02
2.862000000000000000e+05	3.243395196273085617e+02
2.871000000000000000e+05	3.243395196273085617e+02
2.871000000000000000e+05	3.242370735574481841e+02
2.880000000000000000e+05	3.242370735574481841e+02
2.880000000000000000e+05	3.242234513084784453e+02
2.889000000000000000e+05	3.242234513084784453e+02
2.889000000000000000e+05	3.241210487642377416e+02
2.898000000000000000e+05	3.241210487642377416e+02
2.898000000000000000e+05	3.240186846209509781e+02
2.907000000000000000e+05	3.240186846209509781e+02
2.907000000000000000e+05	3.226563588642179639e+02
2.916000000000000000e+05	3.226563588642179639e+02
2.916000000000000000e+05	3.213066204136458737e+02
2.925000000000000000e+05	3.213066204136458737e+02
2.925000000000000000e+05	3.212053116809907465e+02
2.934000000000000000e+05	3.212053116809907465e+02
2.934000000000000000e+05	3.211940409391102662e+02
2.943000000000000000e+05	3.211940409391102662e+02
2.943000000000000000e+05	3.210927744237579873e+02
2.952000000000000000e+05	3.210927744237579873e+02
2.952000000000000000e+05	3.210321779448909183e+02
2.961000000000000000e+05	3.210321779448909183e+02
2.961000000000000000e+05	3.210209721281615316e+02
2.970000000000000000e+05	3.210209721281615316e+02
2.970000000000000000e+05	3.210097705136133754e+02
2.979000000000000000e+05	3.210097705136133754e+02
2.979000000000000000e+05	3.209785731016706904e+02
2.988000000000000000e+05	3.209785731016706904e+02
2.988000000000000000e+05	3.209163112647678417e+02
2.997000000000000000e+05	3.209163112647678417e+02
2.997000000000000000e+05	3.209051488980435920e+02
3.006000000000000000e+05	3.209051488980435920e+02
3.006000000000000000e+05	3.208939907172068615e+02
3.015000000000000000e+05	3.208939907172068615e+02
3.015000000000000000e+05	3.208638893522668241e+02
3.024000000000000000e+05	3.208638893522668241e+02
3.024000000000000000e+05	3.217799593801429978e+02
3.033000000000000000e+05	3.217799593801429978e+02
3.033000000000000000e+05	3.217684731453754807e+02
3.042000000000000000e+05	3.217684731453754807e+02
3.042000000000000000e+05	3.217569912179459379e+02
3.051000000000000000e+05	3.217569912179459379e+02
3.051000000000000000e+05	3.217455135962392205e+02
3.060000000000000000e+05	3.217455135962392205e+02
3.060000000000000000e+05	3.215242275573971256e+02
3.069000000000000000e+05	3.215242275573971256e+02
3.069000000000000000e+05	3.215128372220630695e+02
3.078000000000000000e+05	3.215128372220630695e+02
3.078000000000000000e+05	3.215014511581048282e+02
3.087000000000000000e+05	3.215014511581048282e+02
3.087000000000000000e+05	3.214900693639205542e+02
3.096000000000000000e+05	3.214900693639205542e+02
3.096000000000000000e+05	3.214311245574915574e+02
3.105000000000000000e+05	3.214311245574915574e+02
3.105000000000000000e+05	3.214197691357824738e+02
3.114000000000000000e+05	3.214197691357824738e+02
3.114000000000000000e+05	3.214084179723565740e+02
3.123000000000000000e+05	3.214084179723565740e+02
3.123000000000000000e+05	3.213070710656169808e+02
3.132000000000000000e+05	3.213070710656169808e+02
3.132000000000000000e+05	3.210815498905274126e+02
3.141000000000000000e+05	3.210815498905274126e+02
3.141000000000000000e+05	3.210703255593184622e+02
3.150000000000000000e+05	3.210703255593184622e+02
3.150000000000000000e+05	3.210591054372337112e+02
3.159000000000000000e+05	3.210591054372337112e+02
3.159000000000000000e+05	3.199378895226947748e+02
3.168000000000000000e+05	3.199378895226947748e+02
3.168000000000000000e+05	3.199586439495714671e+02
3.177000000000000000e+05	3.199586439495714671e+02
3.177000000000000000e+05	3.200188933396692619e+02
3.186000000000000000e+05	3.200188933396692619e+02
3.186000000000000000e+05	3.200791201362458196e+02
3.195000000000000000e+05	3.200791201362458196e+02
3.195000000000000000e+05	3.200493243477736769e+02
3.204000000000000000e+05	3.200493243477736769e+02
3.204000000000000000e+05	3.213845895160845885e+02
3.213000000000000000e+05	3.213845895160845885e+02
3.213000000000000000e+05	3.213732515450160463e+02
3.222000000000000000e+05	3.213732515450160463e+02
3.222000000000000000e+05	3.213619178256867031e+02
3.231000000000000000e+05	3.213619178256867031e+02
3.231000000000000000e+05	3.213505883565021009e+02
3.240000000000000000e+05	3.213505883565021009e+02
3.240000000000000000e+05	3.212964160147046755e+02
3.249000000000000000e+05	3.212964160147046755e+02
3.249000000000000000e+05	3.211951111086991659e+02
3.258000000000000000e+05	3.211951111086991659e+02
3.258000000000000000e+05	3.211638441940334019e+02
3.267000000000000000e+05	3.211638441940334019e+02
3.267000000000000000e+05	3.211325890044606695e+02
3.276000000000000000e+05	3.211325890044606695e+02
3.276000000000000000e+05	3.210749256550877249e+02
3.285000000000000000e+05	3.210749256550877249e+02
3.285000000000000000e+05	3.209737038079670128e+02
3.294000000000000000e+05	3.209737038079670128e+02
3.294000000000000000e+05	3.209625199190390390e+02
3.303000000000000000e+05	3.209625199190390390e+02
3.303000000000000000e+05	3.209513402240693836e+02
3.312000000000000000e+05	3.209513402240693836e+02
3.312000000000000000e+05	3.208934631744364196e+02
3.321000000000000000e+05	3.208934631744364196e+02
3.321000000000000000e+05	3.208823093757459901e+02
3.330000000000000000e+05	3.208823093757459901e+02
3.330000000000000000e+05	3.208711597597301193e+02
3.339000000000000000e+05	3.208711597597301193e+02
3.339000000000000000e+05	3.202200142808201804e+02
3.348000000000000000e+05	3.202200142808201804e+02
3.348000000000000000e+05	3.201692072150398189e+02
3.357000000000000000e+05	3.201692072150398189e+02
3.357000000000000000e+05	3.201583250123342168e+02
3.366000000000000000e+05	3.201583250123342168e+02
3.366000000000000000e+05	3.200574468904545711e+02
3.375000000000000000e+05	3.200574468904545711e+02
3.375000000000000000e+05	3.180866065838706618e+02
3.384000000000000000e+05	3.180866065838706618e+02
3.384000000000000000e+05	3.180555589142875306e+02
3.393000000000000000e+05	3.180555589142875306e+02
3.393000000000000000e+05	3.180454693296946971e+02
3.402000000000000000e+05	3.180454693296946971e+02
3.402000000000000000e+05	3.180353835286960589e+02
3.411000000000000000e+05	3.180353835286960589e+02
3.411000000000000000e+05	3.180253015098728042e+02
3.420000000000000000e+05	3.180253015098728042e+02
3.420000000000000000e+05	3.179732364855519791e+02
3.429000000000000000e+05	3.179732364855519791e+02
3.429000000000000000e+05	3.179631777718698800e+02
3.438000000000000000e+05	3.179631777718698800e+02
3.438000000000000000e+05	3.179531228302054160e+02
3.447000000000000000e+05	3.179531228302054160e+02
3.447000000000000000e+05	3.179430716591440955e+02
3.456000000000000000e+05	3.179430716591440955e+02
3.456000000000000000e+05	3.178911591754496158e+02
3.465000000000000000e+05	3.178911591754496158e+02
3.465000000000000000e+05	3.178811312407587479e+02
3.474000000000000000e+05	3.178811312407587479e+02
3.474000000000000000e+05	3.178711070665434590e+02
3.483000000000000000e+05	3.178711070665434590e+02
3.483000000000000000e+05	3.178610866513935207e+02
3.492000000000000000e+05	3.178610866513935207e+02
3.492000000000000000e+05	3.178093263586580406e+02
3.501000000000000000e+05	3.178093263586580406e+02
3.501000000000000000e+05	3.177993291112734937e+02
3.510000000000000000e+05	3.177993291112734937e+02
3.510000000000000000e+05	3.177893356128567461e+02
3.519000000000000000e+05	3.177893356128567461e+02
3.519000000000000000e+05	3.177793458620019464e+02
3.528000000000000000e+05	3.177793458620019464e+02
3.528000000000000000e+05	3.177277374081486414e+02
3.537000000000000000e+05	3.177277374081486414e+02
3.537000000000000000e+05	3.177177707566206095e+02
3.546000000000000000e+05	3.177177707566206095e+02
3.546000000000000000e+05	3.177078078425868739e+02
3.555000000000000000e+05	3.177078078425868739e+02
3.555000000000000000e+05	3.176978486646459032e+02
3.564000000000000000e+05	3.176978486646459032e+02
3.564000000000000000e+05	3.176463917003704296e+02
3.573000000000000000e+05	3.176463917003704296e+02
3.573000000000000000e+05	3.219422450271702587e+02
3.582000000000000000e+05	3.219422450271702587e+02
3.582000000000000000e+05	3.261887081343841146e+02
3.591000000000000000e+05	3.261887081343841146e+02
3.591000000000000000e+05	3.261755686188337791e+02
3.600000000000000000e+05	3.261755686188337791e+02
3.600000000000000000e+05	3.225647305230449433e+02
3.609000000000000000e+05	3.225647305230449433e+02
3.609000000000000000e+05	3.261493043678423192e+02
3.618000000000000000e+05	3.261493043678423192e+02
3.618000000000000000e+05	3.261361796287044399e+02
3.627000000000000000e+05	3.261361796287044399e+02
3.627000000000000000e+05	3.261230598113436940e+02
3.636000000000000000e+05	3.261230598113436940e+02
3.636000000000000000e+05	3.224502510649685973e+02
3.645000000000000000e+05	3.224502510649685973e+02
3.645000000000000000e+05	3.260968349345717456e+02
3.654000000000000000e+05	3.260968349345717456e+02
3.654000000000000000e+05	3.260837298714712915e+02
3.663000000000000000e+05	3.260837298714712915e+02
3.663000000000000000e+05	3.260706297227695245e+02
3.672000000000000000e+05	3.260706297227695245e+02
3.672000000000000000e+05	3.231104502494663393e+02
3.681000000000000000e+05	3.231104502494663393e+02
3.681000000000000000e+05	3.260444441611910520e+02
3.690000000000000000e+05	3.260444441611910520e+02
3.690000000000000000e+05	3.260313587446306087e+02
3.699000000000000000e+05	3.260313587446306087e+02
3.699000000000000000e+05	3.260182782351014339e+02
3.708000000000000000e+05	3.260182782351014339e+02
3.708000000000000000e+05	3.233113025259927440e+02
3.717000000000000000e+05	3.233113025259927440e+02
3.717000000000000000e+05	3.204092420205454914e+02
3.726000000000000000e+05	3.204092420205454914e+02
3.726000000000000000e+05	3.203982698047877875e+02
3.735000000000000000e+05	3.203982698047877875e+02
3.735000000000000000e+05	3.202973017036109695e+02
3.744000000000000000e+05	3.202973017036109695e+02
3.744000000000000000e+05	3.202916594466936431e+02
3.753000000000000000e+05	3.202916594466936431e+02
3.753000000000000000e+05	3.201907313244011561e+02
3.762000000000000000e+05	3.201907313244011561e+02
3.762000000000000000e+05	3.200898410501544618e+02
3.771000000000000000e+05	3.200898410501544618e+02
3.771000000000000000e+05	3.199889886097607246e+02
3.780000000000000000e+05	3.199889886097607246e+02
3.780000000000000000e+05	3.198441794156548212e+02
3.789000000000000000e+05	3.198441794156548212e+02
3.789000000000000000e+05	3.197434190983739768e+02
3.798000000000000000e+05	3.197434190983739768e+02
3.798000000000000000e+05	3.224551970651117472e+02
3.807000000000000000e+05	3.224551970651117472e+02
3.807000000000000000e+05	3.223534576162123813e+02
3.816000000000000000e+05	3.223534576162123813e+02
3.816000000000000000e+05	3.199870836473216968e+02
3.825000000000000000e+05	3.199870836473216968e+02
3.825000000000000000e+05	3.199762697409539669e+02
3.834000000000000000e+05	3.199762697409539669e+02
3.834000000000000000e+05	3.199654598898011386e+02
3.843000000000000000e+05	3.199654598898011386e+02
3.843000000000000000e+05	3.199346540943424770e+02
3.852000000000000000e+05	3.199346540943424770e+02
3.852000000000000000e+05	3.198767478417754546e+02
3.861000000000000000e+05	3.198767478417754546e+02
3.861000000000000000e+05	3.198659753113353759e+02
3.870000000000000000e+05	3.198659753113353759e+02
3.870000000000000000e+05	3.222516631236713920e+02
3.879000000000000000e+05	3.222516631236713920e+02
3.879000000000000000e+05	3.221499999999999773e+02
3.888000000000000000e+05	3.221499999999999773e+02
3.888000000000000000e+05	3.185557751193611011e+02
3.897000000000000000e+05	3.185557751193611011e+02
3.897000000000000000e+05	3.185454979536913243e+02
3.906000000000000000e+05	3.185454979536913243e+02
3.906000000000000000e+05	3.185352246419586777e+02
3.915000000000000000e+05	3.185352246419586777e+02
3.915000000000000000e+05	3.185249551827179744e+02
3.924000000000000000e+05	3.185249551827179744e+02
3.924000000000000000e+05	3.201155777545651517e+02
3.933000000000000000e+05	3.201155777545651517e+02
3.933000000000000000e+05	3.201047156629072106e+02
3.942000000000000000e+05	3.201047156629072106e+02
3.942000000000000000e+05	3.200938576445336139e+02
3.951000000000000000e+05	3.200938576445336139e+02
3.951000000000000000e+05	3.200830036979169790e+02
3.960000000000000000e+05	3.200830036979169790e+02
3.960000000000000000e+05	3.200729182628225544e+02
3.969000000000000000e+05	3.200729182628225544e+02
3.969000000000000000e+05	3.200620721684740033e+02
3.978000000000000000e+05	3.200620721684740033e+02
3.978000000000000000e+05	3.200512301414108265e+02
3.987000000000000000e+05	3.200512301414108265e+02
3.987000000000000000e+05	3.199503921801078263e+02
3.996000000000000000e+05	3.199503921801078263e+02
3.996000000000000000e+05	3.198930584739862866e+02
4.005000000000000000e+05	3.198930584739862866e+02
4.005000000000000000e+05	3.198822798270585395e+02
4.014000000000000000e+05	3.198822798270585395e+02
4.014000000000000000e+05	3.198715052221234032e+02
4.023000000000000000e+05	3.198715052221234032e+02
4.023000000000000000e+05	3.197707346576651162e+02
4.032000000000000000e+05	3.197707346576651162e+02
4.032000000000000000e+05	3.197137075836012627e+02
4.041000000000000000e+05	3.197137075836012627e+02
4.041000000000000000e+05	3.197029961932574338e+02
4.050000000000000000e+05	3.197029961932574338e+02
4.050000000000000000e+05	3.196922888196849613e+02
4.059000000000000000e+05	3.196922888196849613e+02
4.059000000000000000e+05	3.224763223034828457e+02
4.068000000000000000e+05	3.224763223034828457e+02
4.068000000000000000e+05	3.191837342562995445e+02
4.077000000000000000e+05	3.191837342562995445e+02
4.077000000000000000e+05	3.191732216059534153e+02
4.086000000000000000e+05	3.191732216059534153e+02
4.086000000000000000e+05	3.191627128978511792e+02
4.095000000000000000e+05	3.191627128978511792e+02
4.095000000000000000e+05	3.191522081305145093e+02
4.104000000000000000e+05	3.191522081305145093e+02
4.104000000000000000e+05	3.190970930322747563e+02
4.113000000000000000e+05	3.190970930322747563e+02
4.113000000000000000e+05	3.189966128723876295e+02
4.122000000000000000e+05	3.189966128723876295e+02
4.122000000000000000e+05	3.221432782700098869e+02
4.131000000000000000e+05	3.221432782700098869e+02
4.131000000000000000e+05	3.221116557926586097e+02
4.140000000000000000e+05	3.221116557926586097e+02
4.140000000000000000e+05	3.186943476492748459e+02
4.149000000000000000e+05	3.186943476492748459e+02
4.149000000000000000e+05	3.185940185189063527e+02
4.158000000000000000e+05	3.185940185189063527e+02
4.158000000000000000e+05	3.185837270119617415e+02
4.167000000000000000e+05	3.185837270119617415e+02
4.167000000000000000e+05	3.214581762064375425e+02
4.176000000000000000e+05	3.214581762064375425e+02
4.176000000000000000e+05	3.182487468461848152e+02
4.185000000000000000e+05	3.182487468461848152e+02
4.185000000000000000e+05	3.182385848161174522e+02
4.194000000000000000e+05	3.182385848161174522e+02
4.194000000000000000e+05	3.182284265968114028e+02
4.203000000000000000e+05	3.182284265968114028e+02
4.203000000000000000e+05	3.175782721428376476e+02
4.212000000000000000e+05	3.175782721428376476e+02
4.212000000000000000e+05	3.182365462369194802e+02
4.221000000000000000e+05	3.182365462369194802e+02
4.221000000000000000e+05	3.204164462184164108e+02
4.230000000000000000e+05	3.204164462184164108e+02
4.230000000000000000e+05	3.203865239326634651e+02
4.239000000000000000e+05	3.203865239326634651e+02
4.239000000000000000e+05	3.184155602221887307e+02
4.248000000000000000e+05	3.184155602221887307e+02
4.248000000000000000e+05	3.185925256156702972e+02
4.257000000000000000e+05	3.185925256156702972e+02
4.257000000000000000e+05	3.185822346685644106e+02
4.266000000000000000e+05	3.185822346685644106e+02
4.266000000000000000e+05	3.185719475805636876e+02
4.275000000000000000e+05	3.185719475805636876e+02
4.275000000000000000e+05	3.185616643502209513e+02
4.284000000000000000e+05	3.185616643502209513e+02
4.284000000000000000e+05	3.185082155974646412e+02
4.293000000000000000e+05	3.185082155974646412e+02
4.293000000000000000e+05	3.209927562666155723e+02
4.302000000000000000e+05	3.209927562666155723e+02
4.302000000000000000e+05	3.209815652330156013e+02
4.311000000000000000e+05	3.209815652330156013e+02
4.311000000000000000e+05	3.252724771110430879e+02
4.320000000000000000e+05	3.252724771110430879e+02
4.320000000000000000e+05	3.222209771271561749e+02
4.329000000000000000e+05	3.222209771271561749e+02
4.329000000000000000e+05	3.252487727672289566e+02
4.338000000000000000e+05	3.252487727672289566e+02
4.338000000000000000e+05	3.252359857274412320e+02
4.347000000000000000e+05	3.252359857274412320e+02
4.347000000000000000e+05	3.252232034827934513e+02
4.356000000000000000e+05	3.252232034827934513e+02
4.356000000000000000e+05	3.228746228698440746e+02
4.365000000000000000e+05	3.228746228698440746e+02
4.365000000000000000e+05	3.261529788523461093e+02
4.374000000000000000e+05	3.261529788523461093e+02
4.374000000000000000e+05	3.287457982730800836e+02
4.383000000000000000e+05	3.287457982730800836e+02
4.383000000000000000e+05	3.287316998487277147e+02
4.392000000000000000e+05	3.287316998487277147e+02
4.392000000000000000e+05	3.269929977557843586e+02
4.401000000000000000e+05	3.269929977557843586e+02
4.401000000000000000e+05	3.269795566316259396e+02
4.410000000000000000e+05	3.269795566316259396e+02
4.410000000000000000e+05	3.269661205478890906e+02
4.419000000000000000e+05	3.269661205478890906e+02
4.419000000000000000e+05	3.269526895026836542e+02
4.428000000000000000e+05	3.269526895026836542e+02
4.428000000000000000e+05	3.268817634333568094e+02
4.437000000000000000e+05	3.268817634333568094e+02
4.437000000000000000e+05	3.268683640220693292e+02
4.446000000000000000e+05	3.268683640220693292e+02
4.446000000000000000e+05	3.268549696355610763e+02
4.455000000000000000e+05	3.268549696355610763e+02
4.455000000000000000e+05	3.268415802719477483e+02
4.464000000000000000e+05	3.268415802719477483e+02
4.464000000000000000e+05	3.267708843978981008e+02
4.473000000000000000e+05	3.267708843978981008e+02
4.473000000000000000e+05	3.267575265662488846e+02
4.482000000000000000e+05	3.267575265662488846e+02
4.482000000000000000e+05	3.267441737437865754e+02
4.491000000000000000e+05	3.267441737437865754e+02
4.491000000000000000e+05	3.267308259286326688e+02
4.500000000000000000e+05	3.267308259286326688e+02
4.500000000000000000e+05	3.266603593715399256e+02
4.509000000000000000e+05	3.266603593715399256e+02
4.509000000000000000e+05	3.266470429867756025e+02
4.518000000000000000e+05	3.266470429867756025e+02
4.518000000000000000e+05	3.266337315956555472e+02
4.527000000000000000e+05	3.266337315956555472e+02
4.527000000000000000e+05	3.266204251963071670e+02
4.536000000000000000e+05	3.266204251963071670e+02
4.536000000000000000e+05	3.265501870714543884e+02
4.545000000000000000e+05	3.265501870714543884e+02
4.545000000000000000e+05	3.265369120013025963e+02
4.554000000000000000e+05	3.265369120013025963e+02
4.554000000000000000e+05	3.265236419093021141e+02
4.563000000000000000e+05	3.265236419093021141e+02
4.563000000000000000e+05	3.265103767935861470e+02
4.572000000000000000e+05	3.265103767935861470e+02
4.572000000000000000e+05	3.264403662226193319e+02
4.581000000000000000e+05	3.264403662226193319e+02
4.581000000000000000e+05	3.235371323182858418e+02
4.590000000000000000e+05	3.235371323182858418e+02
4.590000000000000000e+05	3.235249871436663511e+02
4.599000000000000000e+05	3.235249871436663511e+02
4.599000000000000000e+05	3.234228465234874648e+02
4.608000000000000000e+05	3.234228465234874648e+02
4.608000000000000000e+05	3.234105234979742818e+02
4.617000000000000000e+05	3.234105234979742818e+02
4.617000000000000000e+05	3.233084258016625654e+02
4.626000000000000000e+05	3.233084258016625654e+02
4.626000000000000000e+05	3.232063663919869327e+02
4.635000000000000000e+05	3.232063663919869327e+02
4.635000000000000000e+05	3.231043452545899299e+02
4.644000000000000000e+05	3.231043452545899299e+02
4.644000000000000000e+05	3.229529507228393186e+02
4.653000000000000000e+05	3.229529507228393186e+02
4.653000000000000000e+05	3.228510246163182273e+02
4.662000000000000000e+05	3.228510246163182273e+02
4.662000000000000000e+05	3.228391367320871268e+02
4.671000000000000000e+05	3.228391367320871268e+02
4.671000000000000000e+05	3.227372533058126010e+02
4.680000000000000000e+05	3.227372533058126010e+02
4.680000000000000000e+05	3.226742555461232769e+02
4.689000000000000000e+05	3.226742555461232769e+02
4.689000000000000000e+05	3.226624339502934617e+02
4.698000000000000000e+05	3.226624339502934617e+02
4.698000000000000000e+05	3.226506167875621145e+02
4.707000000000000000e+05	3.226506167875621145e+02
4.707000000000000000e+05	3.226188040582667895e+02
4.716000000000000000e+05	3.226188040582667895e+02
4.716000000000000000e+05	3.225543981120043782e+02
4.725000000000000000e+05	3.225543981120043782e+02
4.725000000000000000e+05	3.225426214627123613e+02
4.734000000000000000e+05	3.225426214627123613e+02
4.734000000000000000e+05	3.246669502448121989e+02
4.743000000000000000e+05	3.246669502448121989e+02
4.743000000000000000e+05	3.245643813884703945e+02
4.752000000000000000e+05	3.245643813884703945e+02
4.752000000000000000e+05	3.211493946148894452e+02
4.761000000000000000e+05	3.211493946148894452e+02
4.761000000000000000e+05	3.221499999999999773e+02
4.770000000000000000e+05	3.221499999999999773e+02
4.770000000000000000e+05	3.221383749999999964e+02
4.779000000000000000e+05	3.221383749999999964e+02
4.779000000000000000e+05	3.221267543593750133e+02
4.788000000000000000e+05	3.221267543593750133e+02
4.788000000000000000e+05	3.205873792431567608e+02
4.797000000000000000e+05	3.205873792431567608e+02
4.797000000000000000e+05	3.205763402259405552e+02
4.806000000000000000e+05	3.205763402259405552e+02
4.806000000000000000e+05	3.205653053483558210e+02
4.815000000000000000e+05	3.205653053483558210e+02
4.815000000000000000e+05	3.205542746088502213e+02
4.824000000000000000e+05	3.205542746088502213e+02
4.824000000000000000e+05	3.220699985129167544e+02
4.833000000000000000e+05	3.220699985129167544e+02
4.833000000000000000e+05	3.220584035134743885e+02
4.842000000000000000e+05	3.220584035134743885e+02
4.842000000000000000e+05	3.220468128621568553e+02
4.851000000000000000e+05	3.220468128621568553e+02
4.851000000000000000e+05	3.219452265573335694e+02
4.860000000000000000e+05	3.219452265573335694e+02
4.860000000000000000e+05	3.219281747872844335e+02
4.869000000000000000e+05	3.219281747872844335e+02
4.869000000000000000e+05	3.230218936896901596e+02
4.878000000000000000e+05	3.230218936896901596e+02
4.878000000000000000e+05	3.230099417295566013e+02
4.887000000000000000e+05	3.230099417295566013e+02
4.887000000000000000e+05	3.229079942514080130e+02
4.896000000000000000e+05	3.229079942514080130e+02
4.896000000000000000e+05	3.214659829871466741e+02
4.905000000000000000e+05	3.214659829871466741e+02
4.905000000000000000e+05	3.215256671251053717e+02
4.914000000000000000e+05	3.215256671251053717e+02
4.914000000000000000e+05	3.215853288815123960e+02
4.923000000000000000e+05	3.215853288815123960e+02
4.923000000000000000e+05	3.215549682647607597e+02
4.932000000000000000e+05	3.215549682647607597e+02
4.932000000000000000e+05	3.225391306364882666e+02
4.941000000000000000e+05	3.225391306364882666e+02
4.941000000000000000e+05	3.225273597124995604e+02
4.950000000000000000e+05	3.225273597124995604e+02
4.950000000000000000e+05	3.225155932026074197e+02
4.959000000000000000e+05	3.225155932026074197e+02
4.959000000000000000e+05	3.225038311051563937e+02
4.968000000000000000e+05	3.225038311051563937e+02
4.968000000000000000e+05	3.224473929027498116e+02
4.977000000000000000e+05	3.224473929027498116e+02
4.977000000000000000e+05	3.223456563804112420e+02
4.986000000000000000e+05	3.223456563804112420e+02
4.986000000000000000e+05	3.223139580112685962e+02
4.995000000000000000e+05	3.223139580112685962e+02
4.995000000000000000e+05	3.222822715290143947e+02
5.004000000000000000e+05	3.222822715290143947e+02
5.004000000000000000e+05	3.218059518807749555e+02
5.013000000000000000e+05	3.218059518807749555e+02
5.013000000000000000e+05	3.217044558988196741e+02
5.022000000000000000e+05	3.217044558988196741e+02
5.022000000000000000e+05	3.216929979778576012e+02
5.031000000000000000e+05	3.216929979778576012e+02
5.031000000000000000e+05	3.216815443536159478e+02
5.040000000000000000e+05	3.216815443536159478e+02
5.040000000000000000e+05	3.216936890248239820e+02
5.049000000000000000e+05	3.216936890248239820e+02
5.049000000000000000e+05	3.216822351414396053e+02
5.058000000000000000e+05	3.216822351414396053e+02
5.058000000000000000e+05	3.245555223953668929e+02
5.067000000000000000e+05	3.245555223953668929e+02
5.067000000000000000e+05	3.221429951594686258e+02
5.076000000000000000e+05	3.221429951594686258e+02
5.076000000000000000e+05	3.192162100171767634e+02
5.085000000000000000e+05	3.192162100171767634e+02
5.085000000000000000e+05	3.192056851884203184e+02
5.094000000000000000e+05	3.192056851884203184e+02
5.094000000000000000e+05	3.191051643064746486e+02
5.103000000000000000e+05	3.191051643064746486e+02
5.103000000000000000e+05	3.171346811058597268e+02
5.112000000000000000e+05	3.171346811058597268e+02
5.112000000000000000e+05	3.171046918322633701e+02
5.121000000000000000e+05	3.171046918322633701e+02
5.121000000000000000e+05	3.170949588228262428e+02
5.130000000000000000e+05	3.170949588228262428e+02
5.130000000000000000e+05	3.170852294632676944e+02
5.139000000000000000e+05	3.170852294632676944e+02
5.139000000000000000e+05	3.170755037522189923e+02
5.148000000000000000e+05	3.170755037522189923e+02
5.148000000000000000e+05	3.170254885936768687e+02
5.157000000000000000e+05	3.170254885936768687e+02
5.157000000000000000e+05	3.170157852854541716e+02
5.166000000000000000e+05	3.170157852854541716e+02
5.166000000000000000e+05	3.170060856159721538e+02
5.175000000000000000e+05	3.170060856159721538e+02
5.175000000000000000e+05	3.169963895838661756e+02
5.184000000000000000e+05	3.169963895838661756e+02
5.184000000000000000e+05	3.169465179597756332e+02
5.193000000000000000e+05	3.169465179597756332e+02
5.193000000000000000e+05	3.169368442655406284e+02
5.202000000000000000e+05	3.169368442655406284e+02
5.202000000000000000e+05	3.169271741989410316e+02
5.211000000000000000e+05	3.169271741989410316e+02
5.211000000000000000e+05	3.169175077586164662e+02
5.220000000000000000e+05	3.169175077586164662e+02
5.220000000000000000e+05	3.168677793860253473e+02
5.229000000000000000e+05	3.168677793860253473e+02
5.229000000000000000e+05	3.168581352187555353e+02
5.238000000000000000e+05	3.168581352187555353e+02
5.238000000000000000e+05	3.168484946680484882e+02
5.247000000000000000e+05	3.168484946680484882e+02
5.247000000000000000e+05	3.168388577325480355e+02
5.256000000000000000e+05	3.168388577325480355e+02
5.256000000000000000e+05	3.180081697570570327e+02
5.265000000000000000e+05	3.180081697570570327e+02
5.265000000000000000e+05	3.220759084625896094e+02
5.274000000000000000e+05	3.220759084625896094e+02
5.274000000000000000e+05	3.220643112469161338e+02
5.283000000000000000e+05	3.220643112469161338e+02
5.283000000000000000e+05	3.220527183801985984e+02
5.292000000000000000e+05	3.220527183801985984e+02
5.292000000000000000e+05	3.191256345433956767e+02
5.301000000000000000e+05	3.191256345433956767e+02
5.301000000000000000e+05	3.191151436804419177e+02
5.310000000000000000e+05	3.191151436804419177e+02
5.310000000000000000e+05	3.191046567515617767e+02
5.319000000000000000e+05	3.191046567515617767e+02
5.319000000000000000e+05	3.234258105141732358e+02
5.328000000000000000e+05	3.234258105141732358e+02
5.328000000000000000e+05	3.199011957735615397e+02
5.337000000000000000e+05	3.199011957735615397e+02
5.337000000000000000e+05	3.198904140751464524e+02
5.346000000000000000e+05	3.198904140751464524e+02
5.346000000000000000e+05	3.219895323451973468e+02
5.355000000000000000e+05	3.219895323451973468e+02
5.355000000000000000e+05	3.241623796423658632e+02
5.364000000000000000e+05	3.241623796423658632e+02
5.364000000000000000e+05	3.229649784720436401e+02
5.373000000000000000e+05	3.229649784720436401e+02
5.373000000000000000e+05	3.229530478551166084e+02
5.382000000000000000e+05	3.229530478551166084e+02
5.382000000000000000e+05	3.262215939367424085e+02
5.391000000000000000e+05	3.262215939367424085e+02
5.391000000000000000e+05	3.262084420890161596e+02
5.400000000000000000e+05	3.262084420890161596e+02
5.400000000000000000e+05	3.228584206354913704e+02
5.409000000000000000e+05	3.228584206354913704e+02
5.409000000000000000e+05	3.261821531875582423e+02
5.418000000000000000e+05	3.261821531875582423e+02
5.418000000000000000e+05	3.261690161301129365e+02
5.427000000000000000e+05	3.261690161301129365e+02
5.427000000000000000e+05	3.261558839990642014e+02
5.436000000000000000e+05	3.261558839990642014e+02
5.436000000000000000e+05	3.235518452266575196e+02
5.445000000000000000e+05	3.235518452266575196e+02
5.445000000000000000e+05	3.206496945176975260e+02
5.454000000000000000e+05	3.206496945176975260e+02
5.454000000000000000e+05	3.206386321322534059e+02
5.463000000000000000e+05	3.206386321322534059e+02
5.463000000000000000e+05	3.205375738952038205e+02
5.472000000000000000e+05	3.205375738952038205e+02
5.472000000000000000e+05	3.205314188150605332e+02
5.481000000000000000e+05	3.205314188150605332e+02
5.481000000000000000e+05	3.204304007830048704e+02
5.490000000000000000e+05	3.204304007830048704e+02
5.490000000000000000e+05	3.203294206327112192e+02
5.499000000000000000e+05	3.203294206327112192e+02
5.499000000000000000e+05	3.202284783499740115e+02
5.508000000000000000e+05	3.202284783499740115e+02
5.508000000000000000e+05	3.200831593356499525e+02
5.517000000000000000e+05	3.200831593356499525e+02
5.517000000000000000e+05	3.199823094008990552e+02
5.526000000000000000e+05	3.199823094008990552e+02
5.526000000000000000e+05	3.199714972848736920e+02
5.535000000000000000e+05	3.199714972848736920e+02
5.535000000000000000e+05	3.198706892233918779e+02
5.544000000000000000e+05	3.198706892233918779e+02
5.544000000000000000e+05	3.198137416568956723e+02
5.553000000000000000e+05	3.198137416568956723e+02
5.553000000000000000e+05	3.198029927537743902e+02
5.562000000000000000e+05	3.198029927537743902e+02
5.562000000000000000e+05	3.197922478814917326e+02
5.571000000000000000e+05	3.197922478814917326e+02
5.571000000000000000e+05	3.197615070405361735e+02
5.580000000000000000e+05	3.197615070405361735e+02
5.580000000000000000e+05	3.197029620721784795e+02
5.589000000000000000e+05	3.197029620721784795e+02
5.589000000000000000e+05	3.196922547114014037e+02
5.598000000000000000e+05	3.196922547114014037e+02
5.598000000000000000e+05	3.196815513658846157e+02
5.607000000000000000e+05	3.196815513658846157e+02
5.607000000000000000e+05	3.234599624353027139e+02
5.616000000000000000e+05	3.234599624353027139e+02
5.616000000000000000e+05	3.205641147805376932e+02
5.625000000000000000e+05	3.205641147805376932e+02
5.625000000000000000e+05	3.228255181682595776e+02
5.634000000000000000e+05	3.228255181682595776e+02
5.634000000000000000e+05	3.228136398489464796e+02
5.643000000000000000e+05	3.228136398489464796e+02
5.643000000000000000e+05	3.228017659840031683e+02
5.652000000000000000e+05	3.228017659840031683e+02
5.652000000000000000e+05	3.192872256926893328e+02
5.661000000000000000e+05	3.192872256926893328e+02
5.661000000000000000e+05	3.192766742330545640e+02
5.670000000000000000e+05	3.192766742330545640e+02
5.670000000000000000e+05	3.192661267302171950e+02
5.679000000000000000e+05	3.192661267302171950e+02
5.679000000000000000e+05	3.192555831826933286e+02
5.688000000000000000e+05	3.192555831826933286e+02
5.688000000000000000e+05	3.192011600942226437e+02
5.697000000000000000e+05	3.192011600942226437e+02
5.697000000000000000e+05	3.191906409091873229e+02
5.706000000000000000e+05	3.191906409091873229e+02
5.706000000000000000e+05	3.191801256688463582e+02
5.715000000000000000e+05	3.191801256688463582e+02
5.715000000000000000e+05	3.190796143717205950e+02
5.724000000000000000e+05	3.190796143717205950e+02
5.724000000000000000e+05	3.190236372320148348e+02
5.733000000000000000e+05	3.190236372320148348e+02
5.733000000000000000e+05	3.190842372496317694e+02
5.742000000000000000e+05	3.190842372496317694e+02
5.742000000000000000e+05	3.191448145422421021e+02
5.751000000000000000e+05	3.191448145422421021e+02
5.751000000000000000e+05	3.191153691183677097e+02
5.760000000000000000e+05	3.191153691183677097e+02
5.760000000000000000e+05	3.199019497789224715e+02
5.769000000000000000e+05	3.199019497789224715e+02
5.769000000000000000e+05	3.198911677977553722e+02
5.778000000000000000e+05	3.198911677977553722e+02
5.778000000000000000e+05	3.198803898598312117e+02
5.787000000000000000e+05	3.198803898598312117e+02
5.787000000000000000e+05	3.197796159636337734e+02
5.796000000000000000e+05	3.197796159636337734e+02
5.796000000000000000e+05	3.197292456889002779e+02
5.805000000000000000e+05	3.197292456889002779e+02
5.805000000000000000e+05	3.197185284717669447e+02
5.814000000000000000e+05	3.197185284717669447e+02
5.814000000000000000e+05	3.225925521156952982e+02
5.823000000000000000e+05	3.225925521156952982e+02
5.823000000000000000e+05	3.225807611586519101e+02
5.832000000000000000e+05	3.225807611586519101e+02
5.832000000000000000e+05	3.195480887716577740e+02
5.841000000000000000e+05	3.195480887716577740e+02
5.841000000000000000e+05	3.191819394883684140e+02
5.850000000000000000e+05	3.191819394883684140e+02
5.850000000000000000e+05	3.191514275130602982e+02
5.859000000000000000e+05	3.191514275130602982e+02
5.859000000000000000e+05	3.191209269797428760e+02
5.868000000000000000e+05	3.191209269797428760e+02
5.868000000000000000e+05	3.190720961008091763e+02
5.877000000000000000e+05	3.190720961008091763e+02
5.877000000000000000e+05	3.189716253147713587e+02
5.886000000000000000e+05	3.189716253147713587e+02
5.886000000000000000e+05	3.189611922052783370e+02
5.895000000000000000e+05	3.189611922052783370e+02
5.895000000000000000e+05	3.189507630082013634e+02
5.904000000000000000e+05	3.189507630082013634e+02
5.904000000000000000e+05	3.188967575820247475e+02
5.913000000000000000e+05	3.188967575820247475e+02
5.913000000000000000e+05	3.188863525479314944e+02
5.922000000000000000e+05	3.188863525479314944e+02
5.922000000000000000e+05	3.188759514157260355e+02
5.931000000000000000e+05	3.188759514157260355e+02
5.931000000000000000e+05	3.182255541399451317e+02
5.940000000000000000e+05	3.182255541399451317e+02
5.940000000000000000e+05	3.181786138275127200e+02
5.949000000000000000e+05	3.181786138275127200e+02
5.949000000000000000e+05	3.181684780973272950e+02
5.958000000000000000e+05	3.181684780973272950e+02
5.958000000000000000e+05	3.180683461680407618e+02
5.967000000000000000e+05	3.180683461680407618e+02
5.967000000000000000e+05	3.160982517742277764e+02
5.976000000000000000e+05	3.160982517742277764e+02
5.976000000000000000e+05	3.160710534031744032e+02
5.985000000000000000e+05	3.160710534031744032e+02
5.985000000000000000e+05	3.160617080081481731e+02
5.994000000000000000e+05	3.160617080081481731e+02
5.994000000000000000e+05	3.160523661176451355e+02
6.003000000000000000e+05	3.160523661176451355e+02
6.003000000000000000e+05	3.160430277303510138e+02
6.012000000000000000e+05	3.160430277303510138e+02
6.012000000000000000e+05	3.159948996624813162e+02
6.021000000000000000e+05	3.159948996624813162e+02
6.021000000000000000e+05	3.196191405228996700e+02
6.030000000000000000e+05	3.196191405228996700e+02
6.030000000000000000e+05	3.196084645952035999e+02
6.039000000000000000e+05	3.196084645952035999e+02
6.039000000000000000e+05	3.195977926709803683e+02
6.048000000000000000e+05	3.195977926709803683e+02
