# #1
# double T_supply_UFH(1344, 2)
0.000000000000000000e+00	3.031499999999999773e+02
9.000000000000000000e+02	3.031499999999999773e+02
9.000000000000000000e+02	2.967875033493592127e+02
1.800000000000000000e+03	2.967875033493592127e+02
1.800000000000000000e+03	2.967773934832184182e+02
2.700000000000000000e+03	2.967773934832184182e+02
2.700000000000000000e+03	2.981550159303595251e+02
3.600000000000000000e+03	2.981550159303595251e+02
3.600000000000000000e+03	2.960923656964801580e+02
4.500000000000000000e+03	2.960923656964801580e+02
4.500000000000000000e+03	2.988919723360482408e+02
5.400000000000000000e+03	2.988919723360482408e+02
5.400000000000000000e+03	2.962845606806645833e+02
6.300000000000000000e+03	2.962845606806645833e+02
6.300000000000000000e+03	2.993669390206810021e+02
7.200000000000000000e+03	2.993669390206810021e+02
7.200000000000000000e+03	2.989253631725169953e+02
8.100000000000000000e+03	2.989253631725169953e+02
8.100000000000000000e+03	2.933438841354634974e+02
9.000000000000000000e+03	2.933438841354634974e+02
9.000000000000000000e+03	2.971578218527931199e+02
9.900000000000000000e+03	2.971578218527931199e+02
9.900000000000000000e+03	2.970734827944147582e+02
1.080000000000000000e+04	2.970734827944147582e+02
1.080000000000000000e+04	2.968487584647593849e+02
1.170000000000000000e+04	2.968487584647593849e+02
1.170000000000000000e+04	2.954220915569962926e+02
1.260000000000000000e+04	2.954220915569962926e+02
1.260000000000000000e+04	2.965626525754566956e+02
1.350000000000000000e+04	2.965626525754566956e+02
1.350000000000000000e+04	2.964346587792730929e+02
1.440000000000000000e+04	2.964346587792730929e+02
1.440000000000000000e+04	2.942029549893354101e+02
1.530000000000000000e+04	2.942029549893354101e+02
1.530000000000000000e+04	2.996421710215133771e+02
1.620000000000000000e+04	2.996421710215133771e+02
1.620000000000000000e+04	2.963171342268356057e+02
1.710000000000000000e+04	2.963171342268356057e+02
1.710000000000000000e+04	2.967922714283102437e+02
1.800000000000000000e+04	2.967922714283102437e+02
1.800000000000000000e+04	2.979165777166277849e+02
1.890000000000000000e+04	2.979165777166277849e+02
1.890000000000000000e+04	2.938102049960276645e+02
1.980000000000000000e+04	2.938102049960276645e+02
1.980000000000000000e+04	2.939719196434145942e+02
2.070000000000000000e+04	2.939719196434145942e+02
2.070000000000000000e+04	2.937120829305513325e+02
2.160000000000000000e+04	2.937120829305513325e+02
2.160000000000000000e+04	2.936724700284622713e+02
2.250000000000000000e+04	2.936724700284622713e+02
2.250000000000000000e+04	2.913535586461115372e+02
2.340000000000000000e+04	2.913535586461115372e+02
2.340000000000000000e+04	2.917641803086222581e+02
2.430000000000000000e+04	2.917641803086222581e+02
2.430000000000000000e+04	2.917679153613255494e+02
2.520000000000000000e+04	2.917679153613255494e+02
2.520000000000000000e+04	2.917808949444237214e+02
2.610000000000000000e+04	2.917808949444237214e+02
2.610000000000000000e+04	2.950931991717821461e+02
2.700000000000000000e+04	2.950931991717821461e+02
2.700000000000000000e+04	2.934499706439702891e+02
2.790000000000000000e+04	2.934499706439702891e+02
2.790000000000000000e+04	2.928728528138742035e+02
2.880000000000000000e+04	2.928728528138742035e+02
2.880000000000000000e+04	2.928695430812989571e+02
2.970000000000000000e+04	2.928695430812989571e+02
2.970000000000000000e+04	3.027778159507171267e+02
3.060000000000000000e+04	3.027778159507171267e+02
3.060000000000000000e+04	3.041763202354010218e+02
3.150000000000000000e+04	3.041763202354010218e+02
3.150000000000000000e+04	3.058658589438909985e+02
3.240000000000000000e+04	3.058658589438909985e+02
3.240000000000000000e+04	3.052016608276613852e+02
3.330000000000000000e+04	3.052016608276613852e+02
3.330000000000000000e+04	3.088982048751895491e+02
3.420000000000000000e+04	3.088982048751895491e+02
3.420000000000000000e+04	3.096507189651329099e+02
3.510000000000000000e+04	3.096507189651329099e+02
3.510000000000000000e+04	3.087883858470974587e+02
3.600000000000000000e+04	3.087883858470974587e+02
3.600000000000000000e+04	3.082173271695867243e+02
3.690000000000000000e+04	3.082173271695867243e+02
3.690000000000000000e+04	3.045652631522659703e+02
3.780000000000000000e+04	3.045652631522659703e+02
3.780000000000000000e+04	3.053374512597396802e+02
3.870000000000000000e+04	3.053374512597396802e+02
3.870000000000000000e+04	3.047370931301010160e+02
3.960000000000000000e+04	3.047370931301010160e+02
3.960000000000000000e+04	3.027116182890185883e+02
4.050000000000000000e+04	3.027116182890185883e+02
4.050000000000000000e+04	3.015336605388077942e+02
4.140000000000000000e+04	3.015336605388077942e+02
4.140000000000000000e+04	2.991328380515498679e+02
4.230000000000000000e+04	2.991328380515498679e+02
4.230000000000000000e+04	3.041377838755937546e+02
4.320000000000000000e+04	3.041377838755937546e+02
4.320000000000000000e+04	3.009695176261487859e+02
4.410000000000000000e+04	3.009695176261487859e+02
4.410000000000000000e+04	3.003561992399025371e+02
4.500000000000000000e+04	3.003561992399025371e+02
4.500000000000000000e+04	2.996962436586737795e+02
4.590000000000000000e+04	2.996962436586737795e+02
4.590000000000000000e+04	2.997784267191714775e+02
4.680000000000000000e+04	2.997784267191714775e+02
4.680000000000000000e+04	2.998643251012769610e+02
4.770000000000000000e+04	2.998643251012769610e+02
4.770000000000000000e+04	2.946351523360386864e+02
4.860000000000000000e+04	2.946351523360386864e+02
4.860000000000000000e+04	2.950766031929064752e+02
4.950000000000000000e+04	2.950766031929064752e+02
4.950000000000000000e+04	2.948314814650614153e+02
5.040000000000000000e+04	2.948314814650614153e+02
5.040000000000000000e+04	2.948396855596243427e+02
5.130000000000000000e+04	2.948396855596243427e+02
5.130000000000000000e+04	2.962888235447906595e+02
5.220000000000000000e+04	2.962888235447906595e+02
5.220000000000000000e+04	2.953622390902147004e+02
5.310000000000000000e+04	2.953622390902147004e+02
5.310000000000000000e+04	2.955679344075253994e+02
5.400000000000000000e+04	2.955679344075253994e+02
5.400000000000000000e+04	2.946210855960379718e+02
5.490000000000000000e+04	2.946210855960379718e+02
5.490000000000000000e+04	2.958691608311413006e+02
5.580000000000000000e+04	2.958691608311413006e+02
5.580000000000000000e+04	2.950417733666416211e+02
5.670000000000000000e+04	2.950417733666416211e+02
5.670000000000000000e+04	2.949743005146513610e+02
5.760000000000000000e+04	2.949743005146513610e+02
5.760000000000000000e+04	2.953522186308458686e+02
5.850000000000000000e+04	2.953522186308458686e+02
5.850000000000000000e+04	2.943044724033647981e+02
5.940000000000000000e+04	2.943044724033647981e+02
5.940000000000000000e+04	2.952300326922867839e+02
6.030000000000000000e+04	2.952300326922867839e+02
6.030000000000000000e+04	2.952610796515898528e+02
6.120000000000000000e+04	2.952610796515898528e+02
6.120000000000000000e+04	2.941488521404197627e+02
6.210000000000000000e+04	2.941488521404197627e+02
6.210000000000000000e+04	2.967687413240927867e+02
6.300000000000000000e+04	2.967687413240927867e+02
6.300000000000000000e+04	2.983314681912204378e+02
6.390000000000000000e+04	2.983314681912204378e+02
6.390000000000000000e+04	2.979876249435192790e+02
6.480000000000000000e+04	2.979876249435192790e+02
6.480000000000000000e+04	2.966627423350900017e+02
6.570000000000000000e+04	2.966627423350900017e+02
6.570000000000000000e+04	2.982862955886702139e+02
6.660000000000000000e+04	2.982862955886702139e+02
6.660000000000000000e+04	2.965116034550679842e+02
6.750000000000000000e+04	2.965116034550679842e+02
6.750000000000000000e+04	2.999893945976206169e+02
6.840000000000000000e+04	2.999893945976206169e+02
6.840000000000000000e+04	2.972005795000142143e+02
6.930000000000000000e+04	2.972005795000142143e+02
6.930000000000000000e+04	2.936463966031829500e+02
7.020000000000000000e+04	2.936463966031829500e+02
7.020000000000000000e+04	2.964851800024140402e+02
7.110000000000000000e+04	2.964851800024140402e+02
7.110000000000000000e+04	2.963540808941687601e+02
7.200000000000000000e+04	2.963540808941687601e+02
7.200000000000000000e+04	2.943683837735018187e+02
7.290000000000000000e+04	2.943683837735018187e+02
7.290000000000000000e+04	3.031437693932284674e+02
7.380000000000000000e+04	3.031437693932284674e+02
7.380000000000000000e+04	2.989405320055982429e+02
7.470000000000000000e+04	2.989405320055982429e+02
7.470000000000000000e+04	2.971888860065755580e+02
7.560000000000000000e+04	2.971888860065755580e+02
7.560000000000000000e+04	2.957498182848688089e+02
7.650000000000000000e+04	2.957498182848688089e+02
7.650000000000000000e+04	2.975676146851839690e+02
7.740000000000000000e+04	2.975676146851839690e+02
7.740000000000000000e+04	2.958530599157486449e+02
7.830000000000000000e+04	2.958530599157486449e+02
7.830000000000000000e+04	2.950807075122502283e+02
7.920000000000000000e+04	2.950807075122502283e+02
7.920000000000000000e+04	2.935408961863067816e+02
8.010000000000000000e+04	2.935408961863067816e+02
8.010000000000000000e+04	2.901264762707860996e+02
8.100000000000000000e+04	2.901264762707860996e+02
8.100000000000000000e+04	2.913823951258075340e+02
8.190000000000000000e+04	2.913823951258075340e+02
8.190000000000000000e+04	2.917227654824600336e+02
8.280000000000000000e+04	2.917227654824600336e+02
8.280000000000000000e+04	2.923389338760858323e+02
8.370000000000000000e+04	2.923389338760858323e+02
8.370000000000000000e+04	2.899816448043417267e+02
8.460000000000000000e+04	2.899816448043417267e+02
8.460000000000000000e+04	2.910201938920880593e+02
8.550000000000000000e+04	2.910201938920880593e+02
8.550000000000000000e+04	2.913473964072020408e+02
8.640000000000000000e+04	2.913473964072020408e+02
8.640000000000000000e+04	2.920803240792797055e+02
8.730000000000000000e+04	2.920803240792797055e+02
8.730000000000000000e+04	2.898029906812839158e+02
8.820000000000000000e+04	2.898029906812839158e+02
8.820000000000000000e+04	2.908132650036685050e+02
8.910000000000000000e+04	2.908132650036685050e+02
8.910000000000000000e+04	2.911338889714307925e+02
9.000000000000000000e+04	2.911338889714307925e+02
9.000000000000000000e+04	2.918655262473573657e+02
9.090000000000000000e+04	2.918655262473573657e+02
9.090000000000000000e+04	2.896217727067659666e+02
9.180000000000000000e+04	2.896217727067659666e+02
9.180000000000000000e+04	2.906150342853208031e+02
9.270000000000000000e+04	2.906150342853208031e+02
9.270000000000000000e+04	2.909295747264789611e+02
9.360000000000000000e+04	2.909295747264789611e+02
9.360000000000000000e+04	2.916510253946815396e+02
9.450000000000000000e+04	2.916510253946815396e+02
9.450000000000000000e+04	2.943544181932654737e+02
9.540000000000000000e+04	2.943544181932654737e+02
9.540000000000000000e+04	2.921049405623629127e+02
9.630000000000000000e+04	2.921049405623629127e+02
9.630000000000000000e+04	2.918817789610286013e+02
9.720000000000000000e+04	2.918817789610286013e+02
9.720000000000000000e+04	2.921490074914776187e+02
9.810000000000000000e+04	2.921490074914776187e+02
9.810000000000000000e+04	2.903525568863593662e+02
9.900000000000000000e+04	2.903525568863593662e+02
9.900000000000000000e+04	2.926428115279023245e+02
9.990000000000000000e+04	2.926428115279023245e+02
9.990000000000000000e+04	2.916819187329654710e+02
1.008000000000000000e+05	2.916819187329654710e+02
1.008000000000000000e+05	2.914686365601745592e+02
1.017000000000000000e+05	2.914686365601745592e+02
1.017000000000000000e+05	3.008404642119324421e+02
1.026000000000000000e+05	3.008404642119324421e+02
1.026000000000000000e+05	2.998888813428808362e+02
1.035000000000000000e+05	2.998888813428808362e+02
1.035000000000000000e+05	2.987759063803785580e+02
1.044000000000000000e+05	2.987759063803785580e+02
1.044000000000000000e+05	2.981083380186720433e+02
1.053000000000000000e+05	2.981083380186720433e+02
1.053000000000000000e+05	2.950361348065405309e+02
1.062000000000000000e+05	2.950361348065405309e+02
1.062000000000000000e+05	2.958424934986477979e+02
1.071000000000000000e+05	2.958424934986477979e+02
1.071000000000000000e+05	2.948635973431020716e+02
1.080000000000000000e+05	2.948635973431020716e+02
1.080000000000000000e+05	2.934112204146982208e+02
1.089000000000000000e+05	2.934112204146982208e+02
1.089000000000000000e+05	2.952204846489479451e+02
1.098000000000000000e+05	2.952204846489479451e+02
1.098000000000000000e+05	2.941499999999999204e+02
1.107000000000000000e+05	2.941499999999999204e+02
1.107000000000000000e+05	2.892721787546926180e+02
1.116000000000000000e+05	2.892721787546926180e+02
1.116000000000000000e+05	2.931300820930335931e+02
1.125000000000000000e+05	2.931300820930335931e+02
1.125000000000000000e+05	2.975851701063402857e+02
1.134000000000000000e+05	2.975851701063402857e+02
1.134000000000000000e+05	3.013987616185324896e+02
1.143000000000000000e+05	3.013987616185324896e+02
1.143000000000000000e+05	3.038693061086295870e+02
1.152000000000000000e+05	3.038693061086295870e+02
1.152000000000000000e+05	3.041938746580025281e+02
1.161000000000000000e+05	3.041938746580025281e+02
1.161000000000000000e+05	3.095364470247828876e+02
1.170000000000000000e+05	3.095364470247828876e+02
1.170000000000000000e+05	3.097937375348416253e+02
1.179000000000000000e+05	3.097937375348416253e+02
1.179000000000000000e+05	3.104669197538635785e+02
1.188000000000000000e+05	3.104669197538635785e+02
1.188000000000000000e+05	3.091359251995893942e+02
1.197000000000000000e+05	3.091359251995893942e+02
1.197000000000000000e+05	3.081516853036975476e+02
1.206000000000000000e+05	3.081516853036975476e+02
1.206000000000000000e+05	3.069206525615983310e+02
1.215000000000000000e+05	3.069206525615983310e+02
1.215000000000000000e+05	3.069422285904171872e+02
1.224000000000000000e+05	3.069422285904171872e+02
1.224000000000000000e+05	3.049407041608677673e+02
1.233000000000000000e+05	3.049407041608677673e+02
1.233000000000000000e+05	3.027569329648584926e+02
1.242000000000000000e+05	3.027569329648584926e+02
1.242000000000000000e+05	3.033374175372338755e+02
1.251000000000000000e+05	3.033374175372338755e+02
1.251000000000000000e+05	3.025578399935060361e+02
1.260000000000000000e+05	3.025578399935060361e+02
1.260000000000000000e+05	3.015817608103234306e+02
1.269000000000000000e+05	3.015817608103234306e+02
1.269000000000000000e+05	3.002802374613364691e+02
1.278000000000000000e+05	3.002802374613364691e+02
1.278000000000000000e+05	3.001438112806905565e+02
1.287000000000000000e+05	3.001438112806905565e+02
1.287000000000000000e+05	3.000285560504278806e+02
1.296000000000000000e+05	3.000285560504278806e+02
1.296000000000000000e+05	2.976201739289570583e+02
1.305000000000000000e+05	2.976201739289570583e+02
1.305000000000000000e+05	2.988346804810906292e+02
1.314000000000000000e+05	2.988346804810906292e+02
1.314000000000000000e+05	2.969524578418920555e+02
1.323000000000000000e+05	2.969524578418920555e+02
1.323000000000000000e+05	3.001917752559626820e+02
1.332000000000000000e+05	3.001917752559626820e+02
1.332000000000000000e+05	2.974088977442349346e+02
1.341000000000000000e+05	2.974088977442349346e+02
1.341000000000000000e+05	2.983404287342522707e+02
1.350000000000000000e+05	2.983404287342522707e+02
1.350000000000000000e+05	2.973477164931752554e+02
1.359000000000000000e+05	2.973477164931752554e+02
1.359000000000000000e+05	2.974735106326386926e+02
1.368000000000000000e+05	2.974735106326386926e+02
1.368000000000000000e+05	2.951770359715634982e+02
1.377000000000000000e+05	2.951770359715634982e+02
1.377000000000000000e+05	2.973604236901936133e+02
1.386000000000000000e+05	2.973604236901936133e+02
1.386000000000000000e+05	2.957503247080466053e+02
1.395000000000000000e+05	2.957503247080466053e+02
1.395000000000000000e+05	2.988458577363122686e+02
1.404000000000000000e+05	2.988458577363122686e+02
1.404000000000000000e+05	2.942010230554836312e+02
1.413000000000000000e+05	2.942010230554836312e+02
1.413000000000000000e+05	3.014933173035415166e+02
1.422000000000000000e+05	3.014933173035415166e+02
1.422000000000000000e+05	2.962813069214618622e+02
1.431000000000000000e+05	2.962813069214618622e+02
1.431000000000000000e+05	2.967709437513786384e+02
1.440000000000000000e+05	2.967709437513786384e+02
1.440000000000000000e+05	2.971640205127986860e+02
1.449000000000000000e+05	2.971640205127986860e+02
1.449000000000000000e+05	2.955670750512364293e+02
1.458000000000000000e+05	2.955670750512364293e+02
1.458000000000000000e+05	2.957672502697362233e+02
1.467000000000000000e+05	2.957672502697362233e+02
1.467000000000000000e+05	2.970206419594446743e+02
1.476000000000000000e+05	2.970206419594446743e+02
1.476000000000000000e+05	2.968163367145861002e+02
1.485000000000000000e+05	2.968163367145861002e+02
1.485000000000000000e+05	2.946571889854392339e+02
1.494000000000000000e+05	2.946571889854392339e+02
1.494000000000000000e+05	2.973442060295285501e+02
1.503000000000000000e+05	2.973442060295285501e+02
1.503000000000000000e+05	2.976564968564716196e+02
1.512000000000000000e+05	2.976564968564716196e+02
1.512000000000000000e+05	2.952679266566520937e+02
1.521000000000000000e+05	2.952679266566520937e+02
1.521000000000000000e+05	3.012105780678397764e+02
1.530000000000000000e+05	3.012105780678397764e+02
1.530000000000000000e+05	2.975719641329595788e+02
1.539000000000000000e+05	2.975719641329595788e+02
1.539000000000000000e+05	2.979188455697549216e+02
1.548000000000000000e+05	2.979188455697549216e+02
1.548000000000000000e+05	2.979535533712264623e+02
1.557000000000000000e+05	2.979535533712264623e+02
1.557000000000000000e+05	2.985901120288326638e+02
1.566000000000000000e+05	2.985901120288326638e+02
1.566000000000000000e+05	2.967420511842196902e+02
1.575000000000000000e+05	2.967420511842196902e+02
1.575000000000000000e+05	2.986635598072335256e+02
1.584000000000000000e+05	2.986635598072335256e+02
1.584000000000000000e+05	2.962062705064085435e+02
1.593000000000000000e+05	2.962062705064085435e+02
1.593000000000000000e+05	2.978696368990822521e+02
1.602000000000000000e+05	2.978696368990822521e+02
1.602000000000000000e+05	2.961223357232650528e+02
1.611000000000000000e+05	2.961223357232650528e+02
1.611000000000000000e+05	2.953282000129025278e+02
1.620000000000000000e+05	2.953282000129025278e+02
1.620000000000000000e+05	2.962894680347100689e+02
1.629000000000000000e+05	2.962894680347100689e+02
1.629000000000000000e+05	2.984117081324216088e+02
1.638000000000000000e+05	2.984117081324216088e+02
1.638000000000000000e+05	2.964069344456105455e+02
1.647000000000000000e+05	2.964069344456105455e+02
1.647000000000000000e+05	2.955194444015913291e+02
1.656000000000000000e+05	2.955194444015913291e+02
1.656000000000000000e+05	2.939895229199170785e+02
1.665000000000000000e+05	2.939895229199170785e+02
1.665000000000000000e+05	2.904593941049948285e+02
1.674000000000000000e+05	2.904593941049948285e+02
1.674000000000000000e+05	2.916849952636977719e+02
1.683000000000000000e+05	2.916849952636977719e+02
1.683000000000000000e+05	2.919984499085862808e+02
1.692000000000000000e+05	2.919984499085862808e+02
1.692000000000000000e+05	2.925451631109389723e+02
1.701000000000000000e+05	2.925451631109389723e+02
1.701000000000000000e+05	2.902977653204940793e+02
1.710000000000000000e+05	2.902977653204940793e+02
1.710000000000000000e+05	2.912824104837090999e+02
1.719000000000000000e+05	2.912824104837090999e+02
1.719000000000000000e+05	2.915923231400988129e+02
1.728000000000000000e+05	2.915923231400988129e+02
1.728000000000000000e+05	2.923158716923067004e+02
1.737000000000000000e+05	2.923158716923067004e+02
1.737000000000000000e+05	2.901177581026651637e+02
1.746000000000000000e+05	2.901177581026651637e+02
1.746000000000000000e+05	2.910924047621311388e+02
1.755000000000000000e+05	2.910924047621311388e+02
1.755000000000000000e+05	2.914030061161888625e+02
1.764000000000000000e+05	2.914030061161888625e+02
1.764000000000000000e+05	2.921444383471489914e+02
1.773000000000000000e+05	2.921444383471489914e+02
1.773000000000000000e+05	2.899420139329110384e+02
1.782000000000000000e+05	2.899420139329110384e+02
1.782000000000000000e+05	2.909184005526571468e+02
1.791000000000000000e+05	2.909184005526571468e+02
1.791000000000000000e+05	2.912296413413630489e+02
1.800000000000000000e+05	2.912296413413630489e+02
1.800000000000000000e+05	2.919771204233169897e+02
1.809000000000000000e+05	2.919771204233169897e+02
1.809000000000000000e+05	2.897644208028289654e+02
1.818000000000000000e+05	2.897644208028289654e+02
1.818000000000000000e+05	2.910269591763704398e+02
1.827000000000000000e+05	2.910269591763704398e+02
1.827000000000000000e+05	2.914529940468062250e+02
1.836000000000000000e+05	2.914529940468062250e+02
1.836000000000000000e+05	2.918145064096999022e+02
1.845000000000000000e+05	2.918145064096999022e+02
1.845000000000000000e+05	2.902240237958231432e+02
1.854000000000000000e+05	2.902240237958231432e+02
1.854000000000000000e+05	2.937435783532777691e+02
1.863000000000000000e+05	2.937435783532777691e+02
1.863000000000000000e+05	2.923278678749123856e+02
1.872000000000000000e+05	2.923278678749123856e+02
1.872000000000000000e+05	2.920874674481618740e+02
1.881000000000000000e+05	2.920874674481618740e+02
1.881000000000000000e+05	2.934287570410963895e+02
1.890000000000000000e+05	2.934287570410963895e+02
1.890000000000000000e+05	2.941499999999998636e+02
1.899000000000000000e+05	2.941499999999998636e+02
1.899000000000000000e+05	2.935151991252106995e+02
1.908000000000000000e+05	2.935151991252106995e+02
1.908000000000000000e+05	2.935522563215645846e+02
1.917000000000000000e+05	2.935522563215645846e+02
1.917000000000000000e+05	2.932757467762561419e+02
1.926000000000000000e+05	2.932757467762561419e+02
1.926000000000000000e+05	2.926054129348197534e+02
1.935000000000000000e+05	2.926054129348197534e+02
1.935000000000000000e+05	2.919538818176503128e+02
1.944000000000000000e+05	2.919538818176503128e+02
1.944000000000000000e+05	2.920213177337768684e+02
1.953000000000000000e+05	2.920213177337768684e+02
1.953000000000000000e+05	2.923967099004916008e+02
1.962000000000000000e+05	2.923967099004916008e+02
1.962000000000000000e+05	2.919624473114863576e+02
1.971000000000000000e+05	2.919624473114863576e+02
1.971000000000000000e+05	2.896862484110379796e+02
1.980000000000000000e+05	2.896862484110379796e+02
1.980000000000000000e+05	2.917332551181341955e+02
1.989000000000000000e+05	2.917332551181341955e+02
1.989000000000000000e+05	2.959614697971389887e+02
1.998000000000000000e+05	2.959614697971389887e+02
1.998000000000000000e+05	3.003387096477824798e+02
2.007000000000000000e+05	3.003387096477824798e+02
2.007000000000000000e+05	3.030954728088306069e+02
2.016000000000000000e+05	3.030954728088306069e+02
2.016000000000000000e+05	3.032803180675037993e+02
2.025000000000000000e+05	3.032803180675037993e+02
2.025000000000000000e+05	3.106699289676419085e+02
2.034000000000000000e+05	3.106699289676419085e+02
2.034000000000000000e+05	3.103223453013608264e+02
2.043000000000000000e+05	3.103223453013608264e+02
2.043000000000000000e+05	3.108563475979392479e+02
2.052000000000000000e+05	3.108563475979392479e+02
2.052000000000000000e+05	3.088429222171212700e+02
2.061000000000000000e+05	3.088429222171212700e+02
2.061000000000000000e+05	3.023377038414611775e+02
2.070000000000000000e+05	3.023377038414611775e+02
2.070000000000000000e+05	3.053619784627982199e+02
2.079000000000000000e+05	3.053619784627982199e+02
2.079000000000000000e+05	3.048479390790749335e+02
2.088000000000000000e+05	3.048479390790749335e+02
2.088000000000000000e+05	3.030492593730339763e+02
2.097000000000000000e+05	3.030492593730339763e+02
2.097000000000000000e+05	3.018398113046078493e+02
2.106000000000000000e+05	3.018398113046078493e+02
2.106000000000000000e+05	2.993858583827670259e+02
2.115000000000000000e+05	2.993858583827670259e+02
2.115000000000000000e+05	3.030895692821541161e+02
2.124000000000000000e+05	3.030895692821541161e+02
2.124000000000000000e+05	3.003043918809141246e+02
2.133000000000000000e+05	3.003043918809141246e+02
2.133000000000000000e+05	3.001055344582669591e+02
2.142000000000000000e+05	3.001055344582669591e+02
2.142000000000000000e+05	2.998511193684927321e+02
2.151000000000000000e+05	2.998511193684927321e+02
2.151000000000000000e+05	2.996020047452623771e+02
2.160000000000000000e+05	2.996020047452623771e+02
2.160000000000000000e+05	2.987306321581828001e+02
2.169000000000000000e+05	2.987306321581828001e+02
2.169000000000000000e+05	2.986151952353543493e+02
2.178000000000000000e+05	2.986151952353543493e+02
2.178000000000000000e+05	2.987613039872376248e+02
2.187000000000000000e+05	2.987613039872376248e+02
2.187000000000000000e+05	2.989451155952705221e+02
2.196000000000000000e+05	2.989451155952705221e+02
2.196000000000000000e+05	2.988550419626452026e+02
2.205000000000000000e+05	2.988550419626452026e+02
2.205000000000000000e+05	2.963311009259130060e+02
2.214000000000000000e+05	2.963311009259130060e+02
2.214000000000000000e+05	2.978841356033106536e+02
2.223000000000000000e+05	2.978841356033106536e+02
2.223000000000000000e+05	2.983111803807541946e+02
2.232000000000000000e+05	2.983111803807541946e+02
2.232000000000000000e+05	2.979618943657921477e+02
2.241000000000000000e+05	2.979618943657921477e+02
2.241000000000000000e+05	2.966006599729472555e+02
2.250000000000000000e+05	2.966006599729472555e+02
2.250000000000000000e+05	2.986409026393283739e+02
2.259000000000000000e+05	2.986409026393283739e+02
2.259000000000000000e+05	2.996114390739583087e+02
2.268000000000000000e+05	2.996114390739583087e+02
2.268000000000000000e+05	3.000925802517334660e+02
2.277000000000000000e+05	3.000925802517334660e+02
2.277000000000000000e+05	2.979554591474803829e+02
2.286000000000000000e+05	2.979554591474803829e+02
2.286000000000000000e+05	2.968844679862350517e+02
2.295000000000000000e+05	2.968844679862350517e+02
2.295000000000000000e+05	2.961435272672071051e+02
2.304000000000000000e+05	2.961435272672071051e+02
2.304000000000000000e+05	2.961153498549292067e+02
2.313000000000000000e+05	2.961153498549292067e+02
2.313000000000000000e+05	2.944731638033785543e+02
2.322000000000000000e+05	2.944731638033785543e+02
2.322000000000000000e+05	2.943930357934690392e+02
2.331000000000000000e+05	2.943930357934690392e+02
2.331000000000000000e+05	2.941920167173032041e+02
2.340000000000000000e+05	2.941920167173032041e+02
2.340000000000000000e+05	2.941847544297396553e+02
2.349000000000000000e+05	2.941847544297396553e+02
2.349000000000000000e+05	2.967433779386449260e+02
2.358000000000000000e+05	2.967433779386449260e+02
2.358000000000000000e+05	2.963476348626951449e+02
2.367000000000000000e+05	2.963476348626951449e+02
2.367000000000000000e+05	2.971948392317703451e+02
2.376000000000000000e+05	2.971948392317703451e+02
2.376000000000000000e+05	2.968918009195773493e+02
2.385000000000000000e+05	2.968918009195773493e+02
2.385000000000000000e+05	2.961777591409335741e+02
2.394000000000000000e+05	2.961777591409335741e+02
2.394000000000000000e+05	2.970315193204098705e+02
2.403000000000000000e+05	2.970315193204098705e+02
2.403000000000000000e+05	2.967739987018133547e+02
2.412000000000000000e+05	2.967739987018133547e+02
2.412000000000000000e+05	2.944070054940536920e+02
2.421000000000000000e+05	2.944070054940536920e+02
2.421000000000000000e+05	3.013555568932014239e+02
2.430000000000000000e+05	3.013555568932014239e+02
2.430000000000000000e+05	2.969122688376657493e+02
2.439000000000000000e+05	2.969122688376657493e+02
2.439000000000000000e+05	2.982735893258728197e+02
2.448000000000000000e+05	2.982735893258728197e+02
2.448000000000000000e+05	2.953092419681535716e+02
2.457000000000000000e+05	2.953092419681535716e+02
2.457000000000000000e+05	3.002761440554360775e+02
2.466000000000000000e+05	3.002761440554360775e+02
2.466000000000000000e+05	2.972757659263460255e+02
2.475000000000000000e+05	2.972757659263460255e+02
2.475000000000000000e+05	2.961112563031014133e+02
2.484000000000000000e+05	2.961112563031014133e+02
2.484000000000000000e+05	2.949703783398485939e+02
2.493000000000000000e+05	2.949703783398485939e+02
2.493000000000000000e+05	2.971009641018964658e+02
2.502000000000000000e+05	2.971009641018964658e+02
2.502000000000000000e+05	2.954734437753098177e+02
2.511000000000000000e+05	2.954734437753098177e+02
2.511000000000000000e+05	2.947819525294562482e+02
2.520000000000000000e+05	2.947819525294562482e+02
2.520000000000000000e+05	2.933349540763925916e+02
2.529000000000000000e+05	2.933349540763925916e+02
2.529000000000000000e+05	2.900239943157533276e+02
2.538000000000000000e+05	2.900239943157533276e+02
2.538000000000000000e+05	2.913098950083502245e+02
2.547000000000000000e+05	2.913098950083502245e+02
2.547000000000000000e+05	2.916784322805844454e+02
2.556000000000000000e+05	2.916784322805844454e+02
2.556000000000000000e+05	2.924104230640824085e+02
2.565000000000000000e+05	2.924104230640824085e+02
2.565000000000000000e+05	2.899147107125671141e+02
2.574000000000000000e+05	2.899147107125671141e+02
2.574000000000000000e+05	2.910253038126867295e+02
2.583000000000000000e+05	2.910253038126867295e+02
2.583000000000000000e+05	2.913792852266888076e+02
2.592000000000000000e+05	2.913792852266888076e+02
2.592000000000000000e+05	2.921880625317940030e+02
2.601000000000000000e+05	2.921880625317940030e+02
2.601000000000000000e+05	2.897649970498081871e+02
2.610000000000000000e+05	2.897649970498081871e+02
2.610000000000000000e+05	2.908482132630924752e+02
2.619000000000000000e+05	2.908482132630924752e+02
2.619000000000000000e+05	2.911953961445335040e+02
2.628000000000000000e+05	2.911953961445335040e+02
2.628000000000000000e+05	2.920013493224392960e+02
2.637000000000000000e+05	2.920013493224392960e+02
2.637000000000000000e+05	2.896119460919365451e+02
2.646000000000000000e+05	2.896119460919365451e+02
2.646000000000000000e+05	2.906787559994274375e+02
2.655000000000000000e+05	2.906787559994274375e+02
2.655000000000000000e+05	2.910320211919949998e+02
2.664000000000000000e+05	2.910320211919949998e+02
2.664000000000000000e+05	2.918183020275283752e+02
2.673000000000000000e+05	2.918183020275283752e+02
2.673000000000000000e+05	2.894532889423528559e+02
2.682000000000000000e+05	2.894532889423528559e+02
2.682000000000000000e+05	2.905076377545056516e+02
2.691000000000000000e+05	2.905076377545056516e+02
2.691000000000000000e+05	2.908449551072336021e+02
2.700000000000000000e+05	2.908449551072336021e+02
2.700000000000000000e+05	2.916365427811991253e+02
2.709000000000000000e+05	2.916365427811991253e+02
2.709000000000000000e+05	2.995961403117624968e+02
2.718000000000000000e+05	2.995961403117624968e+02
2.718000000000000000e+05	2.958993920634605388e+02
2.727000000000000000e+05	2.958993920634605388e+02
2.727000000000000000e+05	2.942630669075476817e+02
2.736000000000000000e+05	2.942630669075476817e+02
2.736000000000000000e+05	2.936674472399574256e+02
2.745000000000000000e+05	2.936674472399574256e+02
2.745000000000000000e+05	2.898267502982751012e+02
2.754000000000000000e+05	2.898267502982751012e+02
2.754000000000000000e+05	2.909708495197004936e+02
2.763000000000000000e+05	2.909708495197004936e+02
2.763000000000000000e+05	2.912083660166998129e+02
2.772000000000000000e+05	2.912083660166998129e+02
2.772000000000000000e+05	2.914918345287214265e+02
2.781000000000000000e+05	2.914918345287214265e+02
2.781000000000000000e+05	2.944658122070200648e+02
2.790000000000000000e+05	2.944658122070200648e+02
2.790000000000000000e+05	2.919745935471759708e+02
2.799000000000000000e+05	2.919745935471759708e+02
2.799000000000000000e+05	2.917500398024420747e+02
2.808000000000000000e+05	2.917500398024420747e+02
2.808000000000000000e+05	2.917339002040740752e+02
2.817000000000000000e+05	2.917339002040740752e+02
2.817000000000000000e+05	2.926314107311551425e+02
2.826000000000000000e+05	2.926314107311551425e+02
2.826000000000000000e+05	2.915454848895333271e+02
2.835000000000000000e+05	2.915454848895333271e+02
2.835000000000000000e+05	2.881499999999999773e+02
2.844000000000000000e+05	2.881499999999999773e+02
2.844000000000000000e+05	2.934582867548406284e+02
2.853000000000000000e+05	2.934582867548406284e+02
2.853000000000000000e+05	2.986363828780046106e+02
2.862000000000000000e+05	2.986363828780046106e+02
2.862000000000000000e+05	3.020068225484038180e+02
2.871000000000000000e+05	3.020068225484038180e+02
2.871000000000000000e+05	3.043227497046812005e+02
2.880000000000000000e+05	3.043227497046812005e+02
2.880000000000000000e+05	3.046254325800663878e+02
2.889000000000000000e+05	3.046254325800663878e+02
2.889000000000000000e+05	3.101195773732782754e+02
2.898000000000000000e+05	3.101195773732782754e+02
2.898000000000000000e+05	3.102107291617745091e+02
2.907000000000000000e+05	3.102107291617745091e+02
2.907000000000000000e+05	3.107741104347746273e+02
2.916000000000000000e+05	3.107741104347746273e+02
2.916000000000000000e+05	3.086834361123588337e+02
2.925000000000000000e+05	3.086834361123588337e+02
2.925000000000000000e+05	3.060502014481975834e+02
2.934000000000000000e+05	3.060502014481975834e+02
2.934000000000000000e+05	3.063805120458721376e+02
2.943000000000000000e+05	3.063805120458721376e+02
2.943000000000000000e+05	3.061789734904326110e+02
2.952000000000000000e+05	3.061789734904326110e+02
2.952000000000000000e+05	3.042192937038032596e+02
2.961000000000000000e+05	3.042192937038032596e+02
2.961000000000000000e+05	3.038946970201362205e+02
2.970000000000000000e+05	3.038946970201362205e+02
2.970000000000000000e+05	3.026490608182001552e+02
2.979000000000000000e+05	3.026490608182001552e+02
2.979000000000000000e+05	3.025625712815510724e+02
2.988000000000000000e+05	3.025625712815510724e+02
2.988000000000000000e+05	3.004270713375020705e+02
2.997000000000000000e+05	3.004270713375020705e+02
2.997000000000000000e+05	3.005284058029552057e+02
3.006000000000000000e+05	3.005284058029552057e+02
3.006000000000000000e+05	3.003067504042019209e+02
3.015000000000000000e+05	3.003067504042019209e+02
3.015000000000000000e+05	3.001675328478380607e+02
3.024000000000000000e+05	3.001675328478380607e+02
3.024000000000000000e+05	2.973721286589417332e+02
3.033000000000000000e+05	2.973721286589417332e+02
3.033000000000000000e+05	3.015548330428299550e+02
3.042000000000000000e+05	3.015548330428299550e+02
3.042000000000000000e+05	2.992182406003760207e+02
3.051000000000000000e+05	2.992182406003760207e+02
3.051000000000000000e+05	2.994100427615083504e+02
3.060000000000000000e+05	2.994100427615083504e+02
3.060000000000000000e+05	2.971055686055856313e+02
3.069000000000000000e+05	2.971055686055856313e+02
3.069000000000000000e+05	2.985364759313046648e+02
3.078000000000000000e+05	2.985364759313046648e+02
3.078000000000000000e+05	2.986245419769488194e+02
3.087000000000000000e+05	2.986245419769488194e+02
3.087000000000000000e+05	2.979636487900078237e+02
3.096000000000000000e+05	2.979636487900078237e+02
3.096000000000000000e+05	2.960755300222358528e+02
3.105000000000000000e+05	2.960755300222358528e+02
3.105000000000000000e+05	2.977986309507533633e+02
3.114000000000000000e+05	2.977986309507533633e+02
3.114000000000000000e+05	2.981075212169956217e+02
3.123000000000000000e+05	2.981075212169956217e+02
3.123000000000000000e+05	2.972288128380126295e+02
3.132000000000000000e+05	2.972288128380126295e+02
3.132000000000000000e+05	2.942703756715840768e+02
3.141000000000000000e+05	2.942703756715840768e+02
3.141000000000000000e+05	3.018492179590619457e+02
3.150000000000000000e+05	3.018492179590619457e+02
3.150000000000000000e+05	2.964978510884081402e+02
3.159000000000000000e+05	2.964978510884081402e+02
3.159000000000000000e+05	2.970252665378485517e+02
3.168000000000000000e+05	2.970252665378485517e+02
3.168000000000000000e+05	2.949638962028702167e+02
3.177000000000000000e+05	2.949638962028702167e+02
3.177000000000000000e+05	2.912137052452384296e+02
3.186000000000000000e+05	2.912137052452384296e+02
3.186000000000000000e+05	2.923829223254557519e+02
3.195000000000000000e+05	2.923829223254557519e+02
3.195000000000000000e+05	2.926472448795817627e+02
3.204000000000000000e+05	2.926472448795817627e+02
3.204000000000000000e+05	2.930697889387412260e+02
3.213000000000000000e+05	2.930697889387412260e+02
3.213000000000000000e+05	3.034115948408798431e+02
3.222000000000000000e+05	3.034115948408798431e+02
3.222000000000000000e+05	2.992557262075218887e+02
3.231000000000000000e+05	2.992557262075218887e+02
3.231000000000000000e+05	2.996748288838116423e+02
3.240000000000000000e+05	2.996748288838116423e+02
3.240000000000000000e+05	2.973005941902894733e+02
3.249000000000000000e+05	2.973005941902894733e+02
3.249000000000000000e+05	3.021954464109564356e+02
3.258000000000000000e+05	3.021954464109564356e+02
3.258000000000000000e+05	2.993297333888680214e+02
3.267000000000000000e+05	2.993297333888680214e+02
3.267000000000000000e+05	2.995242630077641479e+02
3.276000000000000000e+05	2.995242630077641479e+02
3.276000000000000000e+05	2.999807595389985977e+02
3.285000000000000000e+05	2.999807595389985977e+02
3.285000000000000000e+05	2.983061439056188533e+02
3.294000000000000000e+05	2.983061439056188533e+02
3.294000000000000000e+05	2.988592738857204836e+02
3.303000000000000000e+05	2.988592738857204836e+02
3.303000000000000000e+05	2.997003077498786183e+02
3.312000000000000000e+05	2.997003077498786183e+02
3.312000000000000000e+05	2.967201219639478040e+02
3.321000000000000000e+05	2.967201219639478040e+02
3.321000000000000000e+05	2.982234569861484488e+02
3.330000000000000000e+05	2.982234569861484488e+02
3.330000000000000000e+05	2.964210205380058483e+02
3.339000000000000000e+05	2.964210205380058483e+02
3.339000000000000000e+05	2.955690079209555279e+02
3.348000000000000000e+05	2.955690079209555279e+02
3.348000000000000000e+05	2.939484578082960979e+02
3.357000000000000000e+05	2.939484578082960979e+02
3.357000000000000000e+05	2.964423674440394620e+02
3.366000000000000000e+05	2.964423674440394620e+02
3.366000000000000000e+05	2.949154064095904459e+02
3.375000000000000000e+05	2.949154064095904459e+02
3.375000000000000000e+05	2.938793948496496569e+02
3.384000000000000000e+05	2.938793948496496569e+02
3.384000000000000000e+05	2.929592894171246371e+02
3.393000000000000000e+05	2.929592894171246371e+02
3.393000000000000000e+05	2.897617682872906357e+02
3.402000000000000000e+05	2.897617682872906357e+02
3.402000000000000000e+05	2.910793757055383821e+02
3.411000000000000000e+05	2.910793757055383821e+02
3.411000000000000000e+05	2.914771992309670736e+02
3.420000000000000000e+05	2.914771992309670736e+02
3.420000000000000000e+05	2.923126463823116978e+02
3.429000000000000000e+05	2.923126463823116978e+02
3.429000000000000000e+05	2.896770762305479252e+02
3.438000000000000000e+05	2.896770762305479252e+02
3.438000000000000000e+05	2.908594264153826430e+02
3.447000000000000000e+05	2.908594264153826430e+02
3.447000000000000000e+05	2.912394251125318192e+02
3.456000000000000000e+05	2.912394251125318192e+02
3.456000000000000000e+05	2.921082296247531076e+02
3.465000000000000000e+05	2.921082296247531076e+02
3.465000000000000000e+05	2.895514401428951032e+02
3.474000000000000000e+05	2.895514401428951032e+02
3.474000000000000000e+05	2.907010414055598631e+02
3.483000000000000000e+05	2.907010414055598631e+02
3.483000000000000000e+05	2.910718228935742786e+02
3.492000000000000000e+05	2.910718228935742786e+02
3.492000000000000000e+05	2.919322694322751772e+02
3.501000000000000000e+05	2.919322694322751772e+02
3.501000000000000000e+05	2.894202546578202941e+02
3.510000000000000000e+05	2.894202546578202941e+02
3.510000000000000000e+05	2.905480303243429603e+02
3.519000000000000000e+05	2.905480303243429603e+02
3.519000000000000000e+05	2.909113164566377918e+02
3.528000000000000000e+05	2.909113164566377918e+02
3.528000000000000000e+05	2.917592172401550101e+02
3.537000000000000000e+05	2.917592172401550101e+02
3.537000000000000000e+05	2.892819677929236377e+02
3.546000000000000000e+05	2.892819677929236377e+02
3.546000000000000000e+05	2.903920638940659842e+02
3.555000000000000000e+05	2.903920638940659842e+02
3.555000000000000000e+05	2.907491146242163609e+02
3.564000000000000000e+05	2.907491146242163609e+02
3.564000000000000000e+05	2.915863964430078568e+02
3.573000000000000000e+05	2.915863964430078568e+02
3.573000000000000000e+05	2.891379343471877519e+02
3.582000000000000000e+05	2.891379343471877519e+02
3.582000000000000000e+05	2.902339448957357604e+02
3.591000000000000000e+05	2.902339448957357604e+02
3.591000000000000000e+05	2.969811756208509905e+02
3.600000000000000000e+05	2.969811756208509905e+02
3.600000000000000000e+05	2.959278082310499940e+02
3.609000000000000000e+05	2.959278082310499940e+02
3.609000000000000000e+05	2.910929762151363889e+02
3.618000000000000000e+05	2.910929762151363889e+02
3.618000000000000000e+05	2.933917777504406672e+02
3.627000000000000000e+05	2.933917777504406672e+02
3.627000000000000000e+05	2.962727325159141856e+02
3.636000000000000000e+05	2.962727325159141856e+02
3.636000000000000000e+05	2.930428144008267282e+02
3.645000000000000000e+05	2.930428144008267282e+02
3.645000000000000000e+05	2.894331320644358243e+02
3.654000000000000000e+05	2.894331320644358243e+02
3.654000000000000000e+05	2.906263336288448613e+02
3.663000000000000000e+05	2.906263336288448613e+02
3.663000000000000000e+05	2.909213434876214706e+02
3.672000000000000000e+05	2.909213434876214706e+02
3.672000000000000000e+05	2.914645064804710728e+02
3.681000000000000000e+05	2.914645064804710728e+02
3.681000000000000000e+05	2.938580685248594477e+02
3.690000000000000000e+05	2.938580685248594477e+02
3.690000000000000000e+05	2.918963750824902377e+02
3.699000000000000000e+05	2.918963750824902377e+02
3.699000000000000000e+05	2.881499999999999773e+02
3.708000000000000000e+05	2.881499999999999773e+02
3.708000000000000000e+05	2.929725665994582187e+02
3.717000000000000000e+05	2.929725665994582187e+02
3.717000000000000000e+05	2.977068314344484179e+02
3.726000000000000000e+05	2.977068314344484179e+02
3.726000000000000000e+05	3.014611844717842928e+02
3.735000000000000000e+05	3.014611844717842928e+02
3.735000000000000000e+05	3.039336627196011023e+02
3.744000000000000000e+05	3.039336627196011023e+02
3.744000000000000000e+05	3.042691699273349855e+02
3.753000000000000000e+05	3.042691699273349855e+02
3.753000000000000000e+05	3.096834207387482820e+02
3.762000000000000000e+05	3.096834207387482820e+02
3.762000000000000000e+05	3.099309363459553879e+02
3.771000000000000000e+05	3.099309363459553879e+02
3.771000000000000000e+05	3.106062072307427684e+02
3.780000000000000000e+05	3.106062072307427684e+02
3.780000000000000000e+05	3.095913651842580521e+02
3.789000000000000000e+05	3.095913651842580521e+02
3.789000000000000000e+05	3.040893444535954586e+02
3.798000000000000000e+05	3.040893444535954586e+02
3.798000000000000000e+05	3.028215755996536132e+02
3.807000000000000000e+05	3.028215755996536132e+02
3.807000000000000000e+05	3.067949098916089383e+02
3.816000000000000000e+05	3.067949098916089383e+02
3.816000000000000000e+05	3.033800110288576661e+02
3.825000000000000000e+05	3.033800110288576661e+02
3.825000000000000000e+05	3.042697076375629308e+02
3.834000000000000000e+05	3.042697076375629308e+02
3.834000000000000000e+05	3.021389124617607536e+02
3.843000000000000000e+05	3.021389124617607536e+02
3.843000000000000000e+05	3.022377797317550403e+02
3.852000000000000000e+05	3.022377797317550403e+02
3.852000000000000000e+05	3.026795820543002833e+02
3.861000000000000000e+05	3.026795820543002833e+02
3.861000000000000000e+05	2.974004452990593563e+02
3.870000000000000000e+05	2.974004452990593563e+02
3.870000000000000000e+05	3.002494236198223234e+02
3.879000000000000000e+05	3.002494236198223234e+02
3.879000000000000000e+05	2.998362345715871129e+02
3.888000000000000000e+05	2.998362345715871129e+02
3.888000000000000000e+05	2.980684974780372158e+02
3.897000000000000000e+05	2.980684974780372158e+02
3.897000000000000000e+05	2.996649902438580284e+02
3.906000000000000000e+05	2.996649902438580284e+02
3.906000000000000000e+05	2.990314991236870696e+02
3.915000000000000000e+05	2.990314991236870696e+02
3.915000000000000000e+05	2.992971580671129459e+02
3.924000000000000000e+05	2.992971580671129459e+02
3.924000000000000000e+05	2.993317687387706201e+02
3.933000000000000000e+05	2.993317687387706201e+02
3.933000000000000000e+05	2.964096670720334146e+02
3.942000000000000000e+05	2.964096670720334146e+02
3.942000000000000000e+05	2.983671938240531745e+02
3.951000000000000000e+05	2.983671938240531745e+02
3.951000000000000000e+05	2.981356468953930516e+02
3.960000000000000000e+05	2.981356468953930516e+02
3.960000000000000000e+05	2.973080481353503615e+02
3.969000000000000000e+05	2.973080481353503615e+02
3.969000000000000000e+05	2.978493524717570722e+02
3.978000000000000000e+05	2.978493524717570722e+02
3.978000000000000000e+05	2.975544872577667093e+02
3.987000000000000000e+05	2.975544872577667093e+02
3.987000000000000000e+05	2.977236276144411704e+02
3.996000000000000000e+05	2.977236276144411704e+02
3.996000000000000000e+05	2.968991088059826779e+02
4.005000000000000000e+05	2.968991088059826779e+02
4.005000000000000000e+05	2.968559747053341198e+02
4.014000000000000000e+05	2.968559747053341198e+02
4.014000000000000000e+05	2.967848535515731214e+02
4.023000000000000000e+05	2.967848535515731214e+02
4.023000000000000000e+05	2.966117579757636236e+02
4.032000000000000000e+05	2.966117579757636236e+02
4.032000000000000000e+05	2.951308622639757573e+02
4.041000000000000000e+05	2.951308622639757573e+02
4.041000000000000000e+05	2.973452934441336311e+02
4.050000000000000000e+05	2.973452934441336311e+02
4.050000000000000000e+05	2.972090250905483799e+02
4.059000000000000000e+05	2.972090250905483799e+02
4.059000000000000000e+05	2.965043858578277423e+02
4.068000000000000000e+05	2.965043858578277423e+02
4.068000000000000000e+05	2.970263241169309936e+02
4.077000000000000000e+05	2.970263241169309936e+02
4.077000000000000000e+05	2.966541400881328059e+02
4.086000000000000000e+05	2.966541400881328059e+02
4.086000000000000000e+05	2.981030997925402630e+02
4.095000000000000000e+05	2.981030997925402630e+02
4.095000000000000000e+05	2.986798168510003961e+02
4.104000000000000000e+05	2.986798168510003961e+02
4.104000000000000000e+05	2.970740160901069089e+02
4.113000000000000000e+05	2.970740160901069089e+02
4.113000000000000000e+05	3.023701797863545266e+02
4.122000000000000000e+05	3.023701797863545266e+02
4.122000000000000000e+05	2.985467487361970029e+02
4.131000000000000000e+05	2.985467487361970029e+02
4.131000000000000000e+05	2.990439805360451828e+02
4.140000000000000000e+05	2.990439805360451828e+02
4.140000000000000000e+05	2.963386051468773417e+02
4.149000000000000000e+05	2.963386051468773417e+02
4.149000000000000000e+05	3.038841295010856811e+02
4.158000000000000000e+05	3.038841295010856811e+02
4.158000000000000000e+05	2.999382320275169604e+02
4.167000000000000000e+05	2.999382320275169604e+02
4.167000000000000000e+05	2.979877339457129892e+02
4.176000000000000000e+05	2.979877339457129892e+02
4.176000000000000000e+05	2.978857219776535885e+02
4.185000000000000000e+05	2.978857219776535885e+02
4.185000000000000000e+05	2.987909854224511150e+02
4.194000000000000000e+05	2.987909854224511150e+02
4.194000000000000000e+05	2.968788597818197559e+02
4.203000000000000000e+05	2.968788597818197559e+02
4.203000000000000000e+05	2.959369571737086062e+02
4.212000000000000000e+05	2.959369571737086062e+02
4.212000000000000000e+05	2.943062611605034817e+02
4.221000000000000000e+05	2.943062611605034817e+02
4.221000000000000000e+05	2.966657476891613214e+02
4.230000000000000000e+05	2.966657476891613214e+02
4.230000000000000000e+05	2.951013362591931468e+02
4.239000000000000000e+05	2.951013362591931468e+02
4.239000000000000000e+05	2.942965111504203719e+02
4.248000000000000000e+05	2.942965111504203719e+02
4.248000000000000000e+05	2.930741676110562821e+02
4.257000000000000000e+05	2.930741676110562821e+02
4.257000000000000000e+05	2.898324929732610826e+02
4.266000000000000000e+05	2.898324929732610826e+02
4.266000000000000000e+05	2.911373351981999349e+02
4.275000000000000000e+05	2.911373351981999349e+02
4.275000000000000000e+05	2.915231106164418406e+02
4.284000000000000000e+05	2.915231106164418406e+02
4.284000000000000000e+05	2.923102116943775854e+02
4.293000000000000000e+05	2.923102116943775854e+02
4.293000000000000000e+05	2.897354278872663258e+02
4.302000000000000000e+05	2.897354278872663258e+02
4.302000000000000000e+05	2.908859486993110863e+02
4.311000000000000000e+05	2.908859486993110863e+02
4.311000000000000000e+05	2.912538812236798549e+02
4.320000000000000000e+05	2.912538812236798549e+02
4.320000000000000000e+05	2.920880144984408844e+02
4.329000000000000000e+05	2.920880144984408844e+02
4.329000000000000000e+05	2.895956828018337319e+02
4.338000000000000000e+05	2.895956828018337319e+02
4.338000000000000000e+05	2.907125353755345145e+02
4.347000000000000000e+05	2.907125353755345145e+02
4.347000000000000000e+05	2.910711588459083146e+02
4.356000000000000000e+05	2.910711588459083146e+02
4.356000000000000000e+05	2.918968542133661117e+02
4.365000000000000000e+05	2.918968542133661117e+02
4.365000000000000000e+05	2.894505167640934360e+02
4.374000000000000000e+05	2.894505167640934360e+02
4.374000000000000000e+05	2.905450224569366355e+02
4.383000000000000000e+05	2.905450224569366355e+02
4.383000000000000000e+05	2.908960396082464968e+02
4.392000000000000000e+05	2.908960396082464968e+02
4.392000000000000000e+05	2.917093758042963145e+02
4.401000000000000000e+05	2.917093758042963145e+02
4.401000000000000000e+05	2.892983483272619765e+02
4.410000000000000000e+05	2.892983483272619765e+02
4.410000000000000000e+05	2.903750132146738565e+02
4.419000000000000000e+05	2.903750132146738565e+02
4.419000000000000000e+05	2.907198166777121173e+02
4.428000000000000000e+05	2.907198166777121173e+02
4.428000000000000000e+05	2.915227681605715588e+02
4.437000000000000000e+05	2.915227681605715588e+02
4.437000000000000000e+05	2.951405198555514744e+02
4.446000000000000000e+05	2.951405198555514744e+02
4.446000000000000000e+05	2.973682061773215537e+02
4.455000000000000000e+05	2.973682061773215537e+02
4.455000000000000000e+05	2.948117937838751459e+02
4.464000000000000000e+05	2.948117937838751459e+02
4.464000000000000000e+05	2.952253322068449393e+02
4.473000000000000000e+05	2.952253322068449393e+02
4.473000000000000000e+05	2.961869535084784388e+02
4.482000000000000000e+05	2.961869535084784388e+02
4.482000000000000000e+05	2.956765356831824647e+02
4.491000000000000000e+05	2.956765356831824647e+02
4.491000000000000000e+05	2.958578371692392466e+02
4.500000000000000000e+05	2.958578371692392466e+02
4.500000000000000000e+05	2.930227731294573914e+02
4.509000000000000000e+05	2.930227731294573914e+02
4.509000000000000000e+05	3.003289631276792875e+02
4.518000000000000000e+05	3.003289631276792875e+02
4.518000000000000000e+05	2.965555602853484629e+02
4.527000000000000000e+05	2.965555602853484629e+02
4.527000000000000000e+05	2.967251704495977265e+02
4.536000000000000000e+05	2.967251704495977265e+02
4.536000000000000000e+05	2.937064784480332378e+02
4.545000000000000000e+05	2.937064784480332378e+02
4.545000000000000000e+05	3.002825671793916626e+02
4.554000000000000000e+05	3.002825671793916626e+02
4.554000000000000000e+05	2.965420946697030331e+02
4.563000000000000000e+05	2.965420946697030331e+02
4.563000000000000000e+05	2.891347462077512773e+02
4.572000000000000000e+05	2.891347462077512773e+02
4.572000000000000000e+05	2.924703929612802540e+02
4.581000000000000000e+05	2.924703929612802540e+02
4.581000000000000000e+05	2.966259173339295785e+02
4.590000000000000000e+05	2.966259173339295785e+02
4.590000000000000000e+05	3.007136689449005758e+02
4.599000000000000000e+05	3.007136689449005758e+02
4.599000000000000000e+05	3.033136514482559392e+02
4.608000000000000000e+05	3.033136514482559392e+02
4.608000000000000000e+05	3.036562945087134722e+02
4.617000000000000000e+05	3.036562945087134722e+02
4.617000000000000000e+05	3.091459593919678355e+02
4.626000000000000000e+05	3.091459593919678355e+02
4.626000000000000000e+05	3.094595984182490156e+02
4.635000000000000000e+05	3.094595984182490156e+02
4.635000000000000000e+05	3.101787296071915989e+02
4.644000000000000000e+05	3.101787296071915989e+02
4.644000000000000000e+05	3.091720742576646330e+02
4.653000000000000000e+05	3.091720742576646330e+02
4.653000000000000000e+05	3.087883858470709697e+02
4.662000000000000000e+05	3.087883858470709697e+02
4.662000000000000000e+05	3.081843436722133447e+02
4.671000000000000000e+05	3.081843436722133447e+02
4.671000000000000000e+05	3.082402912783349507e+02
4.680000000000000000e+05	3.082402912783349507e+02
4.680000000000000000e+05	3.067265200760423340e+02
4.689000000000000000e+05	3.067265200760423340e+02
4.689000000000000000e+05	3.038255260464555931e+02
4.698000000000000000e+05	3.038255260464555931e+02
4.698000000000000000e+05	3.051279342007935611e+02
4.707000000000000000e+05	3.051279342007935611e+02
4.707000000000000000e+05	3.043370356258358811e+02
4.716000000000000000e+05	3.043370356258358811e+02
4.716000000000000000e+05	3.044110160557652875e+02
4.725000000000000000e+05	3.044110160557652875e+02
4.725000000000000000e+05	3.003379962892850017e+02
4.734000000000000000e+05	3.003379962892850017e+02
4.734000000000000000e+05	3.009941581276190163e+02
4.743000000000000000e+05	3.009941581276190163e+02
4.743000000000000000e+05	2.987743466673998682e+02
4.752000000000000000e+05	2.987743466673998682e+02
4.752000000000000000e+05	2.993605758848544269e+02
4.761000000000000000e+05	2.993605758848544269e+02
4.761000000000000000e+05	3.001607599509974307e+02
4.770000000000000000e+05	3.001607599509974307e+02
4.770000000000000000e+05	3.031594662985579021e+02
4.779000000000000000e+05	3.031594662985579021e+02
4.779000000000000000e+05	3.012184689443557772e+02
4.788000000000000000e+05	3.012184689443557772e+02
4.788000000000000000e+05	3.011250609671154734e+02
4.797000000000000000e+05	3.011250609671154734e+02
4.797000000000000000e+05	2.993879032379896898e+02
4.806000000000000000e+05	2.993879032379896898e+02
4.806000000000000000e+05	3.002561863603238521e+02
4.815000000000000000e+05	3.002561863603238521e+02
4.815000000000000000e+05	3.003049753215956343e+02
4.824000000000000000e+05	3.003049753215956343e+02
4.824000000000000000e+05	3.001209293316899789e+02
4.833000000000000000e+05	3.001209293316899789e+02
4.833000000000000000e+05	2.983491555441060541e+02
4.842000000000000000e+05	2.983491555441060541e+02
4.842000000000000000e+05	2.990074735172333931e+02
4.851000000000000000e+05	2.990074735172333931e+02
4.851000000000000000e+05	2.991493685113410379e+02
4.860000000000000000e+05	2.991493685113410379e+02
4.860000000000000000e+05	2.983616739298530547e+02
4.869000000000000000e+05	2.983616739298530547e+02
4.869000000000000000e+05	2.987121939619089517e+02
4.878000000000000000e+05	2.987121939619089517e+02
4.878000000000000000e+05	2.968505542587502077e+02
4.887000000000000000e+05	2.968505542587502077e+02
4.887000000000000000e+05	3.009056288010090157e+02
4.896000000000000000e+05	3.009056288010090157e+02
4.896000000000000000e+05	2.982543646808384779e+02
4.905000000000000000e+05	2.982543646808384779e+02
4.905000000000000000e+05	2.932987474774309362e+02
4.914000000000000000e+05	2.932987474774309362e+02
4.914000000000000000e+05	2.941428793312034031e+02
4.923000000000000000e+05	2.941428793312034031e+02
4.923000000000000000e+05	2.940971069572480019e+02
4.932000000000000000e+05	2.940971069572480019e+02
4.932000000000000000e+05	2.941153950593284208e+02
4.941000000000000000e+05	2.941153950593284208e+02
4.941000000000000000e+05	3.015957445664755028e+02
4.950000000000000000e+05	3.015957445664755028e+02
4.950000000000000000e+05	2.964762821504347698e+02
4.959000000000000000e+05	2.964762821504347698e+02
4.959000000000000000e+05	2.971930059875529651e+02
4.968000000000000000e+05	2.971930059875529651e+02
4.968000000000000000e+05	2.954685075902972926e+02
4.977000000000000000e+05	2.954685075902972926e+02
4.977000000000000000e+05	2.975324647223000625e+02
4.986000000000000000e+05	2.975324647223000625e+02
4.986000000000000000e+05	2.958851267675245253e+02
4.995000000000000000e+05	2.958851267675245253e+02
4.995000000000000000e+05	2.983768450809183150e+02
5.004000000000000000e+05	2.983768450809183150e+02
5.004000000000000000e+05	2.943085307596883808e+02
5.013000000000000000e+05	2.943085307596883808e+02
5.013000000000000000e+05	3.030184090485741422e+02
5.022000000000000000e+05	3.030184090485741422e+02
5.022000000000000000e+05	2.988725770694354082e+02
5.031000000000000000e+05	2.988725770694354082e+02
5.031000000000000000e+05	3.004061701560781330e+02
5.040000000000000000e+05	3.004061701560781330e+02
5.040000000000000000e+05	2.982259778776387407e+02
5.049000000000000000e+05	2.982259778776387407e+02
5.049000000000000000e+05	2.992087700766788316e+02
5.058000000000000000e+05	2.992087700766788316e+02
5.058000000000000000e+05	2.972324329318464606e+02
5.067000000000000000e+05	2.972324329318464606e+02
5.067000000000000000e+05	2.962339079837318536e+02
5.076000000000000000e+05	2.962339079837318536e+02
5.076000000000000000e+05	2.944714287867907956e+02
5.085000000000000000e+05	2.944714287867907956e+02
5.085000000000000000e+05	2.967841907130345476e+02
5.094000000000000000e+05	2.967841907130345476e+02
5.094000000000000000e+05	2.952064084480591646e+02
5.103000000000000000e+05	2.952064084480591646e+02
5.103000000000000000e+05	2.945602237659750244e+02
5.112000000000000000e+05	2.945602237659750244e+02
5.112000000000000000e+05	2.931495733527880816e+02
5.121000000000000000e+05	2.931495733527880816e+02
5.121000000000000000e+05	2.898915358705444305e+02
5.130000000000000000e+05	2.898915358705444305e+02
5.130000000000000000e+05	2.911919326721232437e+02
5.139000000000000000e+05	2.911919326721232437e+02
5.139000000000000000e+05	2.915737413789806851e+02
5.148000000000000000e+05	2.915737413789806851e+02
5.148000000000000000e+05	2.923437131601218084e+02
5.157000000000000000e+05	2.923437131601218084e+02
5.157000000000000000e+05	2.897902590356756605e+02
5.166000000000000000e+05	2.897902590356756605e+02
5.166000000000000000e+05	2.909303124050887845e+02
5.175000000000000000e+05	2.909303124050887845e+02
5.175000000000000000e+05	2.912945791912501932e+02
5.184000000000000000e+05	2.912945791912501932e+02
5.184000000000000000e+05	2.921189230270367716e+02
5.193000000000000000e+05	2.921189230270367716e+02
5.193000000000000000e+05	2.896465658355979826e+02
5.202000000000000000e+05	2.896465658355979826e+02
5.202000000000000000e+05	2.907531841231153180e+02
5.211000000000000000e+05	2.907531841231153180e+02
5.211000000000000000e+05	2.911078326564392569e+02
5.220000000000000000e+05	2.911078326564392569e+02
5.220000000000000000e+05	2.919209541922837161e+02
5.229000000000000000e+05	2.919209541922837161e+02
5.229000000000000000e+05	2.901538426614529271e+02
5.238000000000000000e+05	2.901538426614529271e+02
5.238000000000000000e+05	2.921162182410484434e+02
5.247000000000000000e+05	2.921162182410484434e+02
5.247000000000000000e+05	2.919841399068760666e+02
5.256000000000000000e+05	2.919841399068760666e+02
5.256000000000000000e+05	2.919770790705558738e+02
5.265000000000000000e+05	2.919770790705558738e+02
5.265000000000000000e+05	2.938642486410546439e+02
5.274000000000000000e+05	2.938642486410546439e+02
5.274000000000000000e+05	2.921264873586166573e+02
5.283000000000000000e+05	2.921264873586166573e+02
5.283000000000000000e+05	2.938303044168629299e+02
5.292000000000000000e+05	2.938303044168629299e+02
5.292000000000000000e+05	2.942401802036165464e+02
5.301000000000000000e+05	2.942401802036165464e+02
5.301000000000000000e+05	2.943253527242762857e+02
5.310000000000000000e+05	2.943253527242762857e+02
5.310000000000000000e+05	2.951218734443284575e+02
5.319000000000000000e+05	2.951218734443284575e+02
5.319000000000000000e+05	2.944256980030820614e+02
5.328000000000000000e+05	2.944256980030820614e+02
5.328000000000000000e+05	2.941449561953771763e+02
5.337000000000000000e+05	2.941449561953771763e+02
5.337000000000000000e+05	2.964329847283400454e+02
5.346000000000000000e+05	2.964329847283400454e+02
5.346000000000000000e+05	2.953625593338128397e+02
5.355000000000000000e+05	2.953625593338128397e+02
5.355000000000000000e+05	2.955660290075210241e+02
5.364000000000000000e+05	2.955660290075210241e+02
5.364000000000000000e+05	2.960201193384825160e+02
5.373000000000000000e+05	2.960201193384825160e+02
5.373000000000000000e+05	2.953196125040105926e+02
5.382000000000000000e+05	2.953196125040105926e+02
5.382000000000000000e+05	2.960305302049816305e+02
5.391000000000000000e+05	2.960305302049816305e+02
5.391000000000000000e+05	2.960187431008130829e+02
5.400000000000000000e+05	2.960187431008130829e+02
5.400000000000000000e+05	2.937878232783631347e+02
5.409000000000000000e+05	2.937878232783631347e+02
5.409000000000000000e+05	2.958393187427305406e+02
5.418000000000000000e+05	2.958393187427305406e+02
5.418000000000000000e+05	2.941886919231806701e+02
5.427000000000000000e+05	2.941886919231806701e+02
5.427000000000000000e+05	2.881499999999999773e+02
5.436000000000000000e+05	2.881499999999999773e+02
5.436000000000000000e+05	2.933120158262814243e+02
5.445000000000000000e+05	2.933120158262814243e+02
5.445000000000000000e+05	2.979408468673607899e+02
5.454000000000000000e+05	2.979408468673607899e+02
5.454000000000000000e+05	3.016166028761294342e+02
5.463000000000000000e+05	3.016166028761294342e+02
5.463000000000000000e+05	3.040339945694219637e+02
5.472000000000000000e+05	3.040339945694219637e+02
5.472000000000000000e+05	3.043530464900996435e+02
5.481000000000000000e+05	3.043530464900996435e+02
5.481000000000000000e+05	3.096844781500558952e+02
5.490000000000000000e+05	3.096844781500558952e+02
5.490000000000000000e+05	3.099152050530940414e+02
5.499000000000000000e+05	3.099152050530940414e+02
5.499000000000000000e+05	3.105744962458183522e+02
5.508000000000000000e+05	3.105744962458183522e+02
5.508000000000000000e+05	3.095562457535110070e+02
5.517000000000000000e+05	3.095562457535110070e+02
5.517000000000000000e+05	3.069850206809656470e+02
5.526000000000000000e+05	3.069850206809656470e+02
5.526000000000000000e+05	3.070893747786768699e+02
5.535000000000000000e+05	3.070893747786768699e+02
5.535000000000000000e+05	3.068712740090820716e+02
5.544000000000000000e+05	3.068712740090820716e+02
5.544000000000000000e+05	3.050359356327159048e+02
5.553000000000000000e+05	3.050359356327159048e+02
5.553000000000000000e+05	3.047049162482511520e+02
5.562000000000000000e+05	3.047049162482511520e+02
5.562000000000000000e+05	3.035548147675766018e+02
5.571000000000000000e+05	3.035548147675766018e+02
5.571000000000000000e+05	3.034766424942196181e+02
5.580000000000000000e+05	3.034766424942196181e+02
5.580000000000000000e+05	3.034207277497561108e+02
5.589000000000000000e+05	3.034207277497561108e+02
5.589000000000000000e+05	2.995372905350418478e+02
5.598000000000000000e+05	2.995372905350418478e+02
5.598000000000000000e+05	3.013688716526292524e+02
5.607000000000000000e+05	3.013688716526292524e+02
5.607000000000000000e+05	3.010897435446287318e+02
5.616000000000000000e+05	3.010897435446287318e+02
5.616000000000000000e+05	3.012062182319618273e+02
5.625000000000000000e+05	3.012062182319618273e+02
5.625000000000000000e+05	2.981946754048355501e+02
5.634000000000000000e+05	2.981946754048355501e+02
5.634000000000000000e+05	3.002299801469587237e+02
5.643000000000000000e+05	3.002299801469587237e+02
5.643000000000000000e+05	3.001802787368254144e+02
5.652000000000000000e+05	3.001802787368254144e+02
5.652000000000000000e+05	3.000512268055115328e+02
5.661000000000000000e+05	3.000512268055115328e+02
5.661000000000000000e+05	2.987385989785702805e+02
5.670000000000000000e+05	2.987385989785702805e+02
5.670000000000000000e+05	2.993102233907076197e+02
5.679000000000000000e+05	2.993102233907076197e+02
5.679000000000000000e+05	2.993017341984689210e+02
5.688000000000000000e+05	2.993017341984689210e+02
5.688000000000000000e+05	2.978854527065754496e+02
5.697000000000000000e+05	2.978854527065754496e+02
5.697000000000000000e+05	2.990369574719486536e+02
5.706000000000000000e+05	2.990369574719486536e+02
5.706000000000000000e+05	2.990597046946616047e+02
5.715000000000000000e+05	2.990597046946616047e+02
5.715000000000000000e+05	2.989876676500604162e+02
5.724000000000000000e+05	2.989876676500604162e+02
5.724000000000000000e+05	2.973203573583669481e+02
5.733000000000000000e+05	2.973203573583669481e+02
5.733000000000000000e+05	2.926944091558734158e+02
5.742000000000000000e+05	2.926944091558734158e+02
5.742000000000000000e+05	2.936165508362138894e+02
5.751000000000000000e+05	2.936165508362138894e+02
5.751000000000000000e+05	2.936551573804223381e+02
5.760000000000000000e+05	2.936551573804223381e+02
5.760000000000000000e+05	2.936766819828666826e+02
5.769000000000000000e+05	2.936766819828666826e+02
5.769000000000000000e+05	3.043155675307357910e+02
5.778000000000000000e+05	3.043155675307357910e+02
5.778000000000000000e+05	2.987270443857897249e+02
5.787000000000000000e+05	2.987270443857897249e+02
5.787000000000000000e+05	2.985215891559179795e+02
5.796000000000000000e+05	2.985215891559179795e+02
5.796000000000000000e+05	2.986112194252440872e+02
5.805000000000000000e+05	2.986112194252440872e+02
5.805000000000000000e+05	2.991137207457003342e+02
5.814000000000000000e+05	2.991137207457003342e+02
5.814000000000000000e+05	2.971885792558857702e+02
5.823000000000000000e+05	2.971885792558857702e+02
5.823000000000000000e+05	2.987810789200824502e+02
5.832000000000000000e+05	2.987810789200824502e+02
5.832000000000000000e+05	2.984686808980102910e+02
5.841000000000000000e+05	2.984686808980102910e+02
5.841000000000000000e+05	2.962520605040830333e+02
5.850000000000000000e+05	2.962520605040830333e+02
5.850000000000000000e+05	2.974546748976081290e+02
5.859000000000000000e+05	2.974546748976081290e+02
5.859000000000000000e+05	2.972179876557370903e+02
5.868000000000000000e+05	2.972179876557370903e+02
5.868000000000000000e+05	2.947530269070580289e+02
5.877000000000000000e+05	2.947530269070580289e+02
5.877000000000000000e+05	3.029347273569424033e+02
5.886000000000000000e+05	3.029347273569424033e+02
5.886000000000000000e+05	2.989804051315350080e+02
5.895000000000000000e+05	2.989804051315350080e+02
5.895000000000000000e+05	3.006492554681312868e+02
5.904000000000000000e+05	3.006492554681312868e+02
5.904000000000000000e+05	2.987596277718653823e+02
5.913000000000000000e+05	2.987596277718653823e+02
5.913000000000000000e+05	3.024373195830413010e+02
5.922000000000000000e+05	3.024373195830413010e+02
5.922000000000000000e+05	2.989488131245978479e+02
5.931000000000000000e+05	2.989488131245978479e+02
5.931000000000000000e+05	2.974501013983450548e+02
5.940000000000000000e+05	2.974501013983450548e+02
5.940000000000000000e+05	2.950168758959975435e+02
5.949000000000000000e+05	2.950168758959975435e+02
5.949000000000000000e+05	2.971165816024585524e+02
5.958000000000000000e+05	2.971165816024585524e+02
5.958000000000000000e+05	2.954785227854035270e+02
5.967000000000000000e+05	2.954785227854035270e+02
5.967000000000000000e+05	2.947760941998387239e+02
5.976000000000000000e+05	2.947760941998387239e+02
5.976000000000000000e+05	2.932987613318657054e+02
5.985000000000000000e+05	2.932987613318657054e+02
5.985000000000000000e+05	2.899673965263071409e+02
5.994000000000000000e+05	2.899673965263071409e+02
5.994000000000000000e+05	2.912460131844681541e+02
6.003000000000000000e+05	2.912460131844681541e+02
6.003000000000000000e+05	2.916069162932247423e+02
6.012000000000000000e+05	2.916069162932247423e+02
6.012000000000000000e+05	2.922846374217354537e+02
6.021000000000000000e+05	2.922846374217354537e+02
6.021000000000000000e+05	2.898380154507229918e+02
6.030000000000000000e+05	2.898380154507229918e+02
6.030000000000000000e+05	2.909211010001397995e+02
6.039000000000000000e+05	2.909211010001397995e+02
6.039000000000000000e+05	2.912630479071203240e+02
6.048000000000000000e+05	2.912630479071203240e+02
