# #1
# double T_supply_HP_heat(1344, 2)
0.000000000000000000e+00	3.281499999999999773e+02
9.000000000000000000e+02	3.281499999999999773e+02
9.000000000000000000e+02	3.281499999999999773e+02
1.800000000000000000e+03	3.281499999999999773e+02
1.800000000000000000e+03	3.281499999999999773e+02
2.700000000000000000e+03	3.281499999999999773e+02
2.700000000000000000e+03	3.281499999999999773e+02
3.600000000000000000e+03	3.281499999999999773e+02
3.600000000000000000e+03	3.008339631937173522e+02
4.500000000000000000e+03	3.008339631937173522e+02
4.500000000000000000e+03	3.032286778088755455e+02
5.400000000000000000e+03	3.032286778088755455e+02
5.400000000000000000e+03	3.029097600427060684e+02
6.300000000000000000e+03	3.029097600427060684e+02
6.300000000000000000e+03	3.281499999999999773e+02
7.200000000000000000e+03	3.281499999999999773e+02
7.200000000000000000e+03	2.981499999999998636e+02
8.100000000000000000e+03	2.981499999999998636e+02
8.100000000000000000e+03	3.011568405281897753e+02
9.000000000000000000e+03	3.011568405281897753e+02
9.000000000000000000e+03	3.044238640851491482e+02
9.900000000000000000e+03	3.044238640851491482e+02
9.900000000000000000e+03	2.981499999999999773e+02
1.080000000000000000e+04	2.981499999999999773e+02
1.080000000000000000e+04	3.021187779946278056e+02
1.170000000000000000e+04	3.021187779946278056e+02
1.170000000000000000e+04	3.281499999999999773e+02
1.260000000000000000e+04	3.281499999999999773e+02
1.260000000000000000e+04	3.281499999999999773e+02
1.350000000000000000e+04	3.281499999999999773e+02
1.350000000000000000e+04	3.281499999999999773e+02
1.440000000000000000e+04	3.281499999999999773e+02
1.440000000000000000e+04	2.995072331085723931e+02
1.530000000000000000e+04	2.995072331085723931e+02
1.530000000000000000e+04	3.093047408319490614e+02
1.620000000000000000e+04	3.093047408319490614e+02
1.620000000000000000e+04	3.267307131374740266e+02
1.710000000000000000e+04	3.267307131374740266e+02
1.710000000000000000e+04	3.025677689559960299e+02
1.800000000000000000e+04	3.025677689559960299e+02
1.800000000000000000e+04	3.281499999999999773e+02
1.890000000000000000e+04	3.281499999999999773e+02
1.890000000000000000e+04	3.281499999999999773e+02
1.980000000000000000e+04	3.281499999999999773e+02
1.980000000000000000e+04	3.281499999999999773e+02
2.070000000000000000e+04	3.281499999999999773e+02
2.070000000000000000e+04	3.281499999999999773e+02
2.160000000000000000e+04	3.281499999999999773e+02
2.160000000000000000e+04	3.281499999999999773e+02
2.250000000000000000e+04	3.281499999999999773e+02
2.250000000000000000e+04	3.281499999999999773e+02
2.340000000000000000e+04	3.281499999999999773e+02
2.340000000000000000e+04	3.281499999999999773e+02
2.430000000000000000e+04	3.281499999999999773e+02
2.430000000000000000e+04	3.281499999999999773e+02
2.520000000000000000e+04	3.281499999999999773e+02
2.520000000000000000e+04	2.981499999999999773e+02
2.610000000000000000e+04	2.981499999999999773e+02
2.610000000000000000e+04	3.199612515857158428e+02
2.700000000000000000e+04	3.199612515857158428e+02
2.700000000000000000e+04	3.200229999979501372e+02
2.790000000000000000e+04	3.200229999979501372e+02
2.790000000000000000e+04	3.199947252545291576e+02
2.880000000000000000e+04	3.199947252545291576e+02
2.880000000000000000e+04	3.007852333566908101e+02
2.970000000000000000e+04	3.007852333566908101e+02
2.970000000000000000e+04	3.093047408319490614e+02
3.060000000000000000e+04	3.093047408319490614e+02
3.060000000000000000e+04	3.093047408319490614e+02
3.150000000000000000e+04	3.093047408319490614e+02
3.150000000000000000e+04	3.098403406025831828e+02
3.240000000000000000e+04	3.098403406025831828e+02
3.240000000000000000e+04	3.104930281691205209e+02
3.330000000000000000e+04	3.104930281691205209e+02
3.330000000000000000e+04	3.128726865338782090e+02
3.420000000000000000e+04	3.128726865338782090e+02
3.420000000000000000e+04	3.132416358546643096e+02
3.510000000000000000e+04	3.132416358546643096e+02
3.510000000000000000e+04	3.093047408319490614e+02
3.600000000000000000e+04	3.093047408319490614e+02
3.600000000000000000e+04	3.281499999999999773e+02
3.690000000000000000e+04	3.281499999999999773e+02
3.690000000000000000e+04	3.065652631522568754e+02
3.780000000000000000e+04	3.065652631522568754e+02
3.780000000000000000e+04	3.073374512597396802e+02
3.870000000000000000e+04	3.073374512597396802e+02
3.870000000000000000e+04	3.067853482996050616e+02
3.960000000000000000e+04	3.067853482996050616e+02
3.960000000000000000e+04	3.281500000000011141e+02
4.050000000000000000e+04	3.281500000000011141e+02
4.050000000000000000e+04	3.281499999999999773e+02
4.140000000000000000e+04	3.281499999999999773e+02
4.140000000000000000e+04	3.031073197102420522e+02
4.230000000000000000e+04	3.031073197102420522e+02
4.230000000000000000e+04	3.061377838755937546e+02
4.320000000000000000e+04	3.061377838755937546e+02
4.320000000000000000e+04	3.048798072940255679e+02
4.410000000000000000e+04	3.048798072940255679e+02
4.410000000000000000e+04	3.061044839775728974e+02
4.500000000000000000e+04	3.061044839775728974e+02
4.500000000000000000e+04	2.981499999999999773e+02
4.590000000000000000e+04	2.981499999999999773e+02
4.590000000000000000e+04	3.041262932497972429e+02
4.680000000000000000e+04	3.041262932497972429e+02
4.680000000000000000e+04	3.193468863519343017e+02
4.770000000000000000e+04	3.193468863519343017e+02
4.770000000000000000e+04	3.194088651511310673e+02
4.860000000000000000e+04	3.194088651511310673e+02
4.860000000000000000e+04	3.194708207082783247e+02
4.950000000000000000e+04	3.194708207082783247e+02
4.950000000000000000e+04	3.195327530320913070e+02
5.040000000000000000e+04	3.195327530320913070e+02
5.040000000000000000e+04	2.981499999999999773e+02
5.130000000000000000e+04	2.981499999999999773e+02
5.130000000000000000e+04	3.281499999999999773e+02
5.220000000000000000e+04	3.281499999999999773e+02
5.220000000000000000e+04	2.981499999999999773e+02
5.310000000000000000e+04	2.981499999999999773e+02
5.310000000000000000e+04	3.281499999999999773e+02
5.400000000000000000e+04	3.281499999999999773e+02
5.400000000000000000e+04	2.981500000000010573e+02
5.490000000000000000e+04	2.981500000000010573e+02
5.490000000000000000e+04	2.981499999999999773e+02
5.580000000000000000e+04	2.981499999999999773e+02
5.580000000000000000e+04	2.981499999999999773e+02
5.670000000000000000e+04	2.981499999999999773e+02
5.670000000000000000e+04	3.281499999999999773e+02
5.760000000000000000e+04	3.281499999999999773e+02
5.760000000000000000e+04	3.093047408319490614e+02
5.850000000000000000e+04	3.093047408319490614e+02
5.850000000000000000e+04	2.981499999999999773e+02
5.940000000000000000e+04	2.981499999999999773e+02
5.940000000000000000e+04	2.981499999999999773e+02
6.030000000000000000e+04	2.981499999999999773e+02
6.030000000000000000e+04	2.981499999999999773e+02
6.120000000000000000e+04	2.981499999999999773e+02
6.120000000000000000e+04	3.198169391534933084e+02
6.210000000000000000e+04	3.198169391534933084e+02
6.210000000000000000e+04	3.007432229827795709e+02
6.300000000000000000e+04	3.007432229827795709e+02
6.300000000000000000e+04	3.026354216228363043e+02
6.390000000000000000e+04	3.026354216228363043e+02
6.390000000000000000e+04	2.981499999999999773e+02
6.480000000000000000e+04	2.981499999999999773e+02
6.480000000000000000e+04	3.281499999999999773e+02
6.570000000000000000e+04	3.281499999999999773e+02
6.570000000000000000e+04	3.281499999999999773e+02
6.660000000000000000e+04	3.281499999999999773e+02
6.660000000000000000e+04	2.981499999999999773e+02
6.750000000000000000e+04	2.981499999999999773e+02
6.750000000000000000e+04	3.019893945976206169e+02
6.840000000000000000e+04	3.019893945976206169e+02
6.840000000000000000e+04	2.981499999999999773e+02
6.930000000000000000e+04	2.981499999999999773e+02
6.930000000000000000e+04	2.981499999999999773e+02
7.020000000000000000e+04	2.981499999999999773e+02
7.020000000000000000e+04	2.981499999999999773e+02
7.110000000000000000e+04	2.981499999999999773e+02
7.110000000000000000e+04	2.981499999999999773e+02
7.200000000000000000e+04	2.981499999999999773e+02
7.200000000000000000e+04	3.011670755831024167e+02
7.290000000000000000e+04	3.011670755831024167e+02
7.290000000000000000e+04	3.281499999999999773e+02
7.380000000000000000e+04	3.281499999999999773e+02
7.380000000000000000e+04	3.281499999999999773e+02
7.470000000000000000e+04	3.281499999999999773e+02
7.470000000000000000e+04	3.281499999999999773e+02
7.560000000000000000e+04	3.281499999999999773e+02
7.560000000000000000e+04	2.981499999999999773e+02
7.650000000000000000e+04	2.981499999999999773e+02
7.650000000000000000e+04	3.281499999999999773e+02
7.740000000000000000e+04	3.281499999999999773e+02
7.740000000000000000e+04	3.281499999999999773e+02
7.830000000000000000e+04	3.281499999999999773e+02
7.830000000000000000e+04	3.281499999999999773e+02
7.920000000000000000e+04	3.281499999999999773e+02
7.920000000000000000e+04	3.281499999999999773e+02
8.010000000000000000e+04	3.281499999999999773e+02
8.010000000000000000e+04	3.281499999999999773e+02
8.100000000000000000e+04	3.281499999999999773e+02
8.100000000000000000e+04	3.281499999999999773e+02
8.190000000000000000e+04	3.281499999999999773e+02
8.190000000000000000e+04	3.281499999999999773e+02
8.280000000000000000e+04	3.281499999999999773e+02
8.280000000000000000e+04	3.281499999999999773e+02
8.370000000000000000e+04	3.281499999999999773e+02
8.370000000000000000e+04	3.281499999999999773e+02
8.460000000000000000e+04	3.281499999999999773e+02
8.460000000000000000e+04	3.281499999999999773e+02
8.550000000000000000e+04	3.281499999999999773e+02
8.550000000000000000e+04	3.281499999999999773e+02
8.640000000000000000e+04	3.281499999999999773e+02
8.640000000000000000e+04	3.281499999999999773e+02
8.730000000000000000e+04	3.281499999999999773e+02
8.730000000000000000e+04	3.281499999999999773e+02
8.820000000000000000e+04	3.281499999999999773e+02
8.820000000000000000e+04	3.281499999999999773e+02
8.910000000000000000e+04	3.281499999999999773e+02
8.910000000000000000e+04	3.281499999999999773e+02
9.000000000000000000e+04	3.281499999999999773e+02
9.000000000000000000e+04	3.281499999999999773e+02
9.090000000000000000e+04	3.281499999999999773e+02
9.090000000000000000e+04	3.281499999999999773e+02
9.180000000000000000e+04	3.281499999999999773e+02
9.180000000000000000e+04	3.281499999999999773e+02
9.270000000000000000e+04	3.281499999999999773e+02
9.270000000000000000e+04	3.281499999999999773e+02
9.360000000000000000e+04	3.281499999999999773e+02
9.360000000000000000e+04	3.281499999999999773e+02
9.450000000000000000e+04	3.281499999999999773e+02
9.450000000000000000e+04	3.281499999999999773e+02
9.540000000000000000e+04	3.281499999999999773e+02
9.540000000000000000e+04	2.981499999999999773e+02
9.630000000000000000e+04	2.981499999999999773e+02
9.630000000000000000e+04	2.981499999999999773e+02
9.720000000000000000e+04	2.981499999999999773e+02
9.720000000000000000e+04	2.981499999999999773e+02
9.810000000000000000e+04	2.981499999999999773e+02
9.810000000000000000e+04	2.981499999999999773e+02
9.900000000000000000e+04	2.981499999999999773e+02
9.900000000000000000e+04	3.093047408319490614e+02
9.990000000000000000e+04	3.093047408319490614e+02
9.990000000000000000e+04	3.281499999999999773e+02
1.008000000000000000e+05	3.281499999999999773e+02
1.008000000000000000e+05	2.984913176318697765e+02
1.017000000000000000e+05	2.984913176318697765e+02
1.017000000000000000e+05	3.048149458706258201e+02
1.026000000000000000e+05	3.048149458706258201e+02
1.026000000000000000e+05	3.054479546012661331e+02
1.035000000000000000e+05	3.054479546012661331e+02
1.035000000000000000e+05	3.164019832158886629e+02
1.044000000000000000e+05	3.164019832158886629e+02
1.044000000000000000e+05	3.093047408319490614e+02
1.053000000000000000e+05	3.093047408319490614e+02
1.053000000000000000e+05	3.281499999999999773e+02
1.062000000000000000e+05	3.281499999999999773e+02
1.062000000000000000e+05	3.220141886022868221e+02
1.071000000000000000e+05	3.220141886022868221e+02
1.071000000000000000e+05	3.267877205874748370e+02
1.080000000000000000e+05	3.267877205874748370e+02
1.080000000000000000e+05	3.256776831557611445e+02
1.089000000000000000e+05	3.256776831557611445e+02
1.089000000000000000e+05	3.093047408319490614e+02
1.098000000000000000e+05	3.093047408319490614e+02
1.098000000000000000e+05	3.281499999999999773e+02
1.107000000000000000e+05	3.281499999999999773e+02
1.107000000000000000e+05	2.992466604133848023e+02
1.116000000000000000e+05	2.992466604133848023e+02
1.116000000000000000e+05	3.016773569455385768e+02
1.125000000000000000e+05	3.016773569455385768e+02
1.125000000000000000e+05	3.075596517650474198e+02
1.134000000000000000e+05	3.075596517650474198e+02
1.134000000000000000e+05	3.161133754950747061e+02
1.143000000000000000e+05	3.161133754950747061e+02
1.143000000000000000e+05	3.161133754950747061e+02
1.152000000000000000e+05	3.161133754950747061e+02
1.152000000000000000e+05	3.161133754950747061e+02
1.161000000000000000e+05	3.161133754950747061e+02
1.161000000000000000e+05	3.161133754950747061e+02
1.170000000000000000e+05	3.161133754950747061e+02
1.170000000000000000e+05	3.161133754950747061e+02
1.179000000000000000e+05	3.161133754950747061e+02
1.179000000000000000e+05	3.161133754950747061e+02
1.188000000000000000e+05	3.161133754950747061e+02
1.188000000000000000e+05	3.140543836850594630e+02
1.197000000000000000e+05	3.140543836850594630e+02
1.197000000000000000e+05	3.242241574432840707e+02
1.206000000000000000e+05	3.242241574432840707e+02
1.206000000000000000e+05	3.093047408319490614e+02
1.215000000000000000e+05	3.093047408319490614e+02
1.215000000000000000e+05	3.089422285904171872e+02
1.224000000000000000e+05	3.089422285904171872e+02
1.224000000000000000e+05	3.281499999999999773e+02
1.233000000000000000e+05	3.281499999999999773e+02
1.233000000000000000e+05	3.047569329648549115e+02
1.242000000000000000e+05	3.047569329648549115e+02
1.242000000000000000e+05	3.055523066868109936e+02
1.251000000000000000e+05	3.055523066868109936e+02
1.251000000000000000e+05	3.057958980706376906e+02
1.260000000000000000e+05	3.057958980706376906e+02
1.260000000000000000e+05	3.054861684332249752e+02
1.269000000000000000e+05	3.054861684332249752e+02
1.269000000000000000e+05	3.061788607929240129e+02
1.278000000000000000e+05	3.061788607929240129e+02
1.278000000000000000e+05	2.981499999999999773e+02
1.287000000000000000e+05	2.981499999999999773e+02
1.287000000000000000e+05	3.281499999999999773e+02
1.296000000000000000e+05	3.281499999999999773e+02
1.296000000000000000e+05	2.981499999999999773e+02
1.305000000000000000e+05	2.981499999999999773e+02
1.305000000000000000e+05	3.281499999999999773e+02
1.314000000000000000e+05	3.281499999999999773e+02
1.314000000000000000e+05	2.996227289871509356e+02
1.323000000000000000e+05	2.996227289871509356e+02
1.323000000000000000e+05	3.093047408319490614e+02
1.332000000000000000e+05	3.093047408319490614e+02
1.332000000000000000e+05	3.281499999999999773e+02
1.341000000000000000e+05	3.281499999999999773e+02
1.341000000000000000e+05	3.093047408319490614e+02
1.350000000000000000e+05	3.093047408319490614e+02
1.350000000000000000e+05	3.281499999999999773e+02
1.359000000000000000e+05	3.281499999999999773e+02
1.359000000000000000e+05	3.281499999999999773e+02
1.368000000000000000e+05	3.281499999999999773e+02
1.368000000000000000e+05	3.093047408319490614e+02
1.377000000000000000e+05	3.093047408319490614e+02
1.377000000000000000e+05	2.981499999999999773e+02
1.386000000000000000e+05	2.981499999999999773e+02
1.386000000000000000e+05	2.985686744461987132e+02
1.395000000000000000e+05	2.985686744461987132e+02
1.395000000000000000e+05	3.093047408319490614e+02
1.404000000000000000e+05	3.093047408319490614e+02
1.404000000000000000e+05	3.006956638400662314e+02
1.413000000000000000e+05	3.006956638400662314e+02
1.413000000000000000e+05	3.229867224119674347e+02
1.422000000000000000e+05	3.229867224119674347e+02
1.422000000000000000e+05	3.093047408319490614e+02
1.431000000000000000e+05	3.093047408319490614e+02
1.431000000000000000e+05	3.093047408319490614e+02
1.440000000000000000e+05	3.093047408319490614e+02
1.440000000000000000e+05	3.093047408319490614e+02
1.449000000000000000e+05	3.093047408319490614e+02
1.449000000000000000e+05	3.225006445124992638e+02
1.458000000000000000e+05	3.225006445124992638e+02
1.458000000000000000e+05	3.093047408319490614e+02
1.467000000000000000e+05	3.093047408319490614e+02
1.467000000000000000e+05	3.281499999999999773e+02
1.476000000000000000e+05	3.281499999999999773e+02
1.476000000000000000e+05	3.281499999999999773e+02
1.485000000000000000e+05	3.281499999999999773e+02
1.485000000000000000e+05	3.018006120415255964e+02
1.494000000000000000e+05	3.018006120415255964e+02
1.494000000000000000e+05	2.981499999999999773e+02
1.503000000000000000e+05	2.981499999999999773e+02
1.503000000000000000e+05	3.281499999999999773e+02
1.512000000000000000e+05	3.281499999999999773e+02
1.512000000000000000e+05	3.004396488155102816e+02
1.521000000000000000e+05	3.004396488155102816e+02
1.521000000000000000e+05	3.281499999999999773e+02
1.530000000000000000e+05	3.281499999999999773e+02
1.530000000000000000e+05	3.004187369329710577e+02
1.539000000000000000e+05	3.004187369329710577e+02
1.539000000000000000e+05	3.028264152683111661e+02
1.548000000000000000e+05	3.028264152683111661e+02
1.548000000000000000e+05	3.207801258181809203e+02
1.557000000000000000e+05	3.207801258181809203e+02
1.557000000000000000e+05	3.281499999999999773e+02
1.566000000000000000e+05	3.281499999999999773e+02
1.566000000000000000e+05	3.093047408319490614e+02
1.575000000000000000e+05	3.093047408319490614e+02
1.575000000000000000e+05	3.281499999999999773e+02
1.584000000000000000e+05	3.281499999999999773e+02
1.584000000000000000e+05	3.203144958458955784e+02
1.593000000000000000e+05	3.203144958458955784e+02
1.593000000000000000e+05	3.218460523499289820e+02
1.602000000000000000e+05	3.218460523499289820e+02
1.602000000000000000e+05	3.281499999999999773e+02
1.611000000000000000e+05	3.281499999999999773e+02
1.611000000000000000e+05	3.281499999999999773e+02
1.620000000000000000e+05	3.281499999999999773e+02
1.620000000000000000e+05	3.250137290226136315e+02
1.629000000000000000e+05	3.250137290226136315e+02
1.629000000000000000e+05	2.981499999999999773e+02
1.638000000000000000e+05	2.981499999999999773e+02
1.638000000000000000e+05	3.281499999999999773e+02
1.647000000000000000e+05	3.281499999999999773e+02
1.647000000000000000e+05	3.281499999999999773e+02
1.656000000000000000e+05	3.281499999999999773e+02
1.656000000000000000e+05	3.281499999999999773e+02
1.665000000000000000e+05	3.281499999999999773e+02
1.665000000000000000e+05	3.281499999999999773e+02
1.674000000000000000e+05	3.281499999999999773e+02
1.674000000000000000e+05	3.281499999999999773e+02
1.683000000000000000e+05	3.281499999999999773e+02
1.683000000000000000e+05	3.281499999999999773e+02
1.692000000000000000e+05	3.281499999999999773e+02
1.692000000000000000e+05	3.281499999999999773e+02
1.701000000000000000e+05	3.281499999999999773e+02
1.701000000000000000e+05	3.281499999999999773e+02
1.710000000000000000e+05	3.281499999999999773e+02
1.710000000000000000e+05	3.281499999999999773e+02
1.719000000000000000e+05	3.281499999999999773e+02
1.719000000000000000e+05	3.281499999999999773e+02
1.728000000000000000e+05	3.281499999999999773e+02
1.728000000000000000e+05	3.281499999999999773e+02
1.737000000000000000e+05	3.281499999999999773e+02
1.737000000000000000e+05	3.281499999999999773e+02
1.746000000000000000e+05	3.281499999999999773e+02
1.746000000000000000e+05	3.281499999999999773e+02
1.755000000000000000e+05	3.281499999999999773e+02
1.755000000000000000e+05	3.281499999999999773e+02
1.764000000000000000e+05	3.281499999999999773e+02
1.764000000000000000e+05	3.281499999999999773e+02
1.773000000000000000e+05	3.281499999999999773e+02
1.773000000000000000e+05	3.281499999999999773e+02
1.782000000000000000e+05	3.281499999999999773e+02
1.782000000000000000e+05	3.281499999999999773e+02
1.791000000000000000e+05	3.281499999999999773e+02
1.791000000000000000e+05	3.281499999999999773e+02
1.800000000000000000e+05	3.281499999999999773e+02
1.800000000000000000e+05	2.981499999999999773e+02
1.809000000000000000e+05	2.981499999999999773e+02
1.809000000000000000e+05	3.281499999999999773e+02
1.818000000000000000e+05	3.281499999999999773e+02
1.818000000000000000e+05	3.281499999999999773e+02
1.827000000000000000e+05	3.281499999999999773e+02
1.827000000000000000e+05	3.281499999999999773e+02
1.836000000000000000e+05	3.281499999999999773e+02
1.836000000000000000e+05	3.281499999999999773e+02
1.845000000000000000e+05	3.281499999999999773e+02
1.845000000000000000e+05	3.281499999999999773e+02
1.854000000000000000e+05	3.281499999999999773e+02
1.854000000000000000e+05	3.281499999999999773e+02
1.863000000000000000e+05	3.281499999999999773e+02
1.863000000000000000e+05	3.281499999999999773e+02
1.872000000000000000e+05	3.281499999999999773e+02
1.872000000000000000e+05	3.281499999999999773e+02
1.881000000000000000e+05	3.281499999999999773e+02
1.881000000000000000e+05	3.281499999999999773e+02
1.890000000000000000e+05	3.281499999999999773e+02
1.890000000000000000e+05	3.281499999999999773e+02
1.899000000000000000e+05	3.281499999999999773e+02
1.899000000000000000e+05	3.281499999999999773e+02
1.908000000000000000e+05	3.281499999999999773e+02
1.908000000000000000e+05	3.281499999999999773e+02
1.917000000000000000e+05	3.281499999999999773e+02
1.917000000000000000e+05	3.281499999999999773e+02
1.926000000000000000e+05	3.281499999999999773e+02
1.926000000000000000e+05	3.281499999999999773e+02
1.935000000000000000e+05	3.281499999999999773e+02
1.935000000000000000e+05	3.281499999999999773e+02
1.944000000000000000e+05	3.281499999999999773e+02
1.944000000000000000e+05	3.281499999999999773e+02
1.953000000000000000e+05	3.281499999999999773e+02
1.953000000000000000e+05	3.281499999999999773e+02
1.962000000000000000e+05	3.281499999999999773e+02
1.962000000000000000e+05	3.281499999999999773e+02
1.971000000000000000e+05	3.281499999999999773e+02
1.971000000000000000e+05	3.281499999999999773e+02
1.980000000000000000e+05	3.281499999999999773e+02
1.980000000000000000e+05	2.996032128414433373e+02
1.989000000000000000e+05	2.996032128414433373e+02
1.989000000000000000e+05	3.059359514558016144e+02
1.998000000000000000e+05	3.059359514558016144e+02
1.998000000000000000e+05	3.161133754950747061e+02
2.007000000000000000e+05	3.161133754950747061e+02
2.007000000000000000e+05	3.161133754950747061e+02
2.016000000000000000e+05	3.161133754950747061e+02
2.016000000000000000e+05	3.161133754950747061e+02
2.025000000000000000e+05	3.161133754950747061e+02
2.025000000000000000e+05	3.161133754950747061e+02
2.034000000000000000e+05	3.161133754950747061e+02
2.034000000000000000e+05	3.161133754950747061e+02
2.043000000000000000e+05	3.161133754950747061e+02
2.043000000000000000e+05	3.128563475979392479e+02
2.052000000000000000e+05	3.128563475979392479e+02
2.052000000000000000e+05	3.118984378884969146e+02
2.061000000000000000e+05	3.118984378884969146e+02
2.061000000000000000e+05	3.281499999999999773e+02
2.070000000000000000e+05	3.281499999999999773e+02
2.070000000000000000e+05	3.079568347155088190e+02
2.079000000000000000e+05	3.079568347155088190e+02
2.079000000000000000e+05	3.071715968770880636e+02
2.088000000000000000e+05	3.071715968770880636e+02
2.088000000000000000e+05	3.093047408319490614e+02
2.097000000000000000e+05	3.093047408319490614e+02
2.097000000000000000e+05	3.281499999999999773e+02
2.106000000000000000e+05	3.281499999999999773e+02
2.106000000000000000e+05	3.033603400414592102e+02
2.115000000000000000e+05	3.033603400414592102e+02
2.115000000000000000e+05	3.067504425029693493e+02
2.124000000000000000e+05	3.067504425029693493e+02
2.124000000000000000e+05	3.281499999999999773e+02
2.133000000000000000e+05	3.281499999999999773e+02
2.133000000000000000e+05	3.021549301404771199e+02
2.142000000000000000e+05	3.021549301404771199e+02
2.142000000000000000e+05	3.275386129419704844e+02
2.151000000000000000e+05	3.275386129419704844e+02
2.151000000000000000e+05	3.018826929308831950e+02
2.160000000000000000e+05	3.018826929308831950e+02
2.160000000000000000e+05	3.093047408319490614e+02
2.169000000000000000e+05	3.093047408319490614e+02
2.169000000000000000e+05	3.093047408319490614e+02
2.178000000000000000e+05	3.093047408319490614e+02
2.178000000000000000e+05	3.068533566677153317e+02
2.187000000000000000e+05	3.068533566677153317e+02
2.187000000000000000e+05	3.281499999999999773e+02
2.196000000000000000e+05	3.281499999999999773e+02
2.196000000000000000e+05	3.281499999999999773e+02
2.205000000000000000e+05	3.281499999999999773e+02
2.205000000000000000e+05	3.093047408319490614e+02
2.214000000000000000e+05	3.093047408319490614e+02
2.214000000000000000e+05	3.093047408319490614e+02
2.223000000000000000e+05	3.093047408319490614e+02
2.223000000000000000e+05	3.281499999999999773e+02
2.232000000000000000e+05	3.281499999999999773e+02
2.232000000000000000e+05	3.093047408319490614e+02
2.241000000000000000e+05	3.093047408319490614e+02
2.241000000000000000e+05	3.093047408319490614e+02
2.250000000000000000e+05	3.093047408319490614e+02
2.250000000000000000e+05	3.093047408319490614e+02
2.259000000000000000e+05	3.093047408319490614e+02
2.259000000000000000e+05	3.281499999999999773e+02
2.268000000000000000e+05	3.281499999999999773e+02
2.268000000000000000e+05	3.281499999999999773e+02
2.277000000000000000e+05	3.281499999999999773e+02
2.277000000000000000e+05	3.281499999999999773e+02
2.286000000000000000e+05	3.281499999999999773e+02
2.286000000000000000e+05	2.981499999999999773e+02
2.295000000000000000e+05	2.981499999999999773e+02
2.295000000000000000e+05	3.281499999999999773e+02
2.304000000000000000e+05	3.281499999999999773e+02
2.304000000000000000e+05	3.281499999999999773e+02
2.313000000000000000e+05	3.281499999999999773e+02
2.313000000000000000e+05	3.093047408319490614e+02
2.322000000000000000e+05	3.093047408319490614e+02
2.322000000000000000e+05	3.281499999999999773e+02
2.331000000000000000e+05	3.281499999999999773e+02
2.331000000000000000e+05	3.281499999999999773e+02
2.340000000000000000e+05	3.281499999999999773e+02
2.340000000000000000e+05	3.041343230638560158e+02
2.349000000000000000e+05	3.041343230638560158e+02
2.349000000000000000e+05	3.281499999999999773e+02
2.358000000000000000e+05	3.281499999999999773e+02
2.358000000000000000e+05	3.281499999999999773e+02
2.367000000000000000e+05	3.281499999999999773e+02
2.367000000000000000e+05	3.041668771256627224e+02
2.376000000000000000e+05	3.041668771256627224e+02
2.376000000000000000e+05	3.093047408319490614e+02
2.385000000000000000e+05	3.093047408319490614e+02
2.385000000000000000e+05	3.281499999999999773e+02
2.394000000000000000e+05	3.281499999999999773e+02
2.394000000000000000e+05	3.281499999999999773e+02
2.403000000000000000e+05	3.281499999999999773e+02
2.403000000000000000e+05	3.281499999999999773e+02
2.412000000000000000e+05	3.281499999999999773e+02
2.412000000000000000e+05	3.012151382576859078e+02
2.421000000000000000e+05	3.012151382576859078e+02
2.421000000000000000e+05	3.281499999999999773e+02
2.430000000000000000e+05	3.281499999999999773e+02
2.430000000000000000e+05	3.093047408319490614e+02
2.439000000000000000e+05	3.093047408319490614e+02
2.439000000000000000e+05	3.093047408319490614e+02
2.448000000000000000e+05	3.093047408319490614e+02
2.448000000000000000e+05	3.093047408319490614e+02
2.457000000000000000e+05	3.093047408319490614e+02
2.457000000000000000e+05	3.281499999999999773e+02
2.466000000000000000e+05	3.281499999999999773e+02
2.466000000000000000e+05	3.281499999999999773e+02
2.475000000000000000e+05	3.281499999999999773e+02
2.475000000000000000e+05	3.281499999999999773e+02
2.484000000000000000e+05	3.281499999999999773e+02
2.484000000000000000e+05	3.281499999999999773e+02
2.493000000000000000e+05	3.281499999999999773e+02
2.493000000000000000e+05	3.281499999999999773e+02
2.502000000000000000e+05	3.281499999999999773e+02
2.502000000000000000e+05	3.281499999999999773e+02
2.511000000000000000e+05	3.281499999999999773e+02
2.511000000000000000e+05	3.281499999999999773e+02
2.520000000000000000e+05	3.281499999999999773e+02
2.520000000000000000e+05	3.281499999999999773e+02
2.529000000000000000e+05	3.281499999999999773e+02
2.529000000000000000e+05	3.281499999999999773e+02
2.538000000000000000e+05	3.281499999999999773e+02
2.538000000000000000e+05	3.281499999999999773e+02
2.547000000000000000e+05	3.281499999999999773e+02
2.547000000000000000e+05	3.093047408319490614e+02
2.556000000000000000e+05	3.093047408319490614e+02
2.556000000000000000e+05	3.265280479107354381e+02
2.565000000000000000e+05	3.265280479107354381e+02
2.565000000000000000e+05	3.281499999999999773e+02
2.574000000000000000e+05	3.281499999999999773e+02
2.574000000000000000e+05	3.281499999999999773e+02
2.583000000000000000e+05	3.281499999999999773e+02
2.583000000000000000e+05	3.281499999999999773e+02
2.592000000000000000e+05	3.281499999999999773e+02
2.592000000000000000e+05	3.281499999999999773e+02
2.601000000000000000e+05	3.281499999999999773e+02
2.601000000000000000e+05	3.281499999999999773e+02
2.610000000000000000e+05	3.281499999999999773e+02
2.610000000000000000e+05	3.281499999999999773e+02
2.619000000000000000e+05	3.281499999999999773e+02
2.619000000000000000e+05	3.281499999999999773e+02
2.628000000000000000e+05	3.281499999999999773e+02
2.628000000000000000e+05	3.281499999999999773e+02
2.637000000000000000e+05	3.281499999999999773e+02
2.637000000000000000e+05	3.281499999999999773e+02
2.646000000000000000e+05	3.281499999999999773e+02
2.646000000000000000e+05	3.281499999999999773e+02
2.655000000000000000e+05	3.281499999999999773e+02
2.655000000000000000e+05	3.281499999999999773e+02
2.664000000000000000e+05	3.281499999999999773e+02
2.664000000000000000e+05	3.281499999999999773e+02
2.673000000000000000e+05	3.281499999999999773e+02
2.673000000000000000e+05	2.981499999999999773e+02
2.682000000000000000e+05	2.981499999999999773e+02
2.682000000000000000e+05	2.981499999999999773e+02
2.691000000000000000e+05	2.981499999999999773e+02
2.691000000000000000e+05	2.981499999999999773e+02
2.700000000000000000e+05	2.981499999999999773e+02
2.700000000000000000e+05	2.981499999999999773e+02
2.709000000000000000e+05	2.981499999999999773e+02
2.709000000000000000e+05	3.281499999999999773e+02
2.718000000000000000e+05	3.281499999999999773e+02
2.718000000000000000e+05	3.281499999999999773e+02
2.727000000000000000e+05	3.281499999999999773e+02
2.727000000000000000e+05	3.281499999999999773e+02
2.736000000000000000e+05	3.281499999999999773e+02
2.736000000000000000e+05	3.281499999999999773e+02
2.745000000000000000e+05	3.281499999999999773e+02
2.745000000000000000e+05	3.281499999999999773e+02
2.754000000000000000e+05	3.281499999999999773e+02
2.754000000000000000e+05	3.281499999999999773e+02
2.763000000000000000e+05	3.281499999999999773e+02
2.763000000000000000e+05	3.281499999999999773e+02
2.772000000000000000e+05	3.281499999999999773e+02
2.772000000000000000e+05	3.281499999999999773e+02
2.781000000000000000e+05	3.281499999999999773e+02
2.781000000000000000e+05	2.981499999999999773e+02
2.790000000000000000e+05	2.981499999999999773e+02
2.790000000000000000e+05	3.281499999999999773e+02
2.799000000000000000e+05	3.281499999999999773e+02
2.799000000000000000e+05	3.281499999999999773e+02
2.808000000000000000e+05	3.281499999999999773e+02
2.808000000000000000e+05	3.281499999999999773e+02
2.817000000000000000e+05	3.281499999999999773e+02
2.817000000000000000e+05	2.981499999999999773e+02
2.826000000000000000e+05	2.981499999999999773e+02
2.826000000000000000e+05	2.981499999999999773e+02
2.835000000000000000e+05	2.981499999999999773e+02
2.835000000000000000e+05	2.981499999999999773e+02
2.844000000000000000e+05	2.981499999999999773e+02
2.844000000000000000e+05	3.028715532717837391e+02
2.853000000000000000e+05	3.028715532717837391e+02
2.853000000000000000e+05	3.086108645366932706e+02
2.862000000000000000e+05	3.086108645366932706e+02
2.862000000000000000e+05	3.161133754950747061e+02
2.871000000000000000e+05	3.161133754950747061e+02
2.871000000000000000e+05	3.161133754950747061e+02
2.880000000000000000e+05	3.161133754950747061e+02
2.880000000000000000e+05	3.161133754950747061e+02
2.889000000000000000e+05	3.161133754950747061e+02
2.889000000000000000e+05	3.161133754950747061e+02
2.898000000000000000e+05	3.161133754950747061e+02
2.898000000000000000e+05	3.161133754950747061e+02
2.907000000000000000e+05	3.161133754950747061e+02
2.907000000000000000e+05	3.281499999999999773e+02
2.916000000000000000e+05	3.281499999999999773e+02
2.916000000000000000e+05	3.281499999999999773e+02
2.925000000000000000e+05	3.281499999999999773e+02
2.925000000000000000e+05	3.082275174872237926e+02
2.934000000000000000e+05	3.082275174872237926e+02
2.934000000000000000e+05	3.083918158933931863e+02
2.943000000000000000e+05	3.083918158933931863e+02
2.943000000000000000e+05	3.081789734904326110e+02
2.952000000000000000e+05	3.081789734904326110e+02
2.952000000000000000e+05	3.078074357271413533e+02
2.961000000000000000e+05	3.078074357271413533e+02
2.961000000000000000e+05	3.073663302009899212e+02
2.970000000000000000e+05	3.073663302009899212e+02
2.970000000000000000e+05	3.071753427284783697e+02
2.979000000000000000e+05	3.071753427284783697e+02
2.979000000000000000e+05	3.281499999999999773e+02
2.988000000000000000e+05	3.281499999999999773e+02
2.988000000000000000e+05	3.045819321985561601e+02
2.997000000000000000e+05	3.045819321985561601e+02
2.997000000000000000e+05	3.059510069453259575e+02
3.006000000000000000e+05	3.059510069453259575e+02
3.006000000000000000e+05	3.281499999999999773e+02
3.015000000000000000e+05	3.281499999999999773e+02
3.015000000000000000e+05	3.281499999999999773e+02
3.024000000000000000e+05	3.281499999999999773e+02
3.024000000000000000e+05	3.035421543538426477e+02
3.033000000000000000e+05	3.035421543538426477e+02
3.033000000000000000e+05	3.074111124679644149e+02
3.042000000000000000e+05	3.074111124679644149e+02
3.042000000000000000e+05	2.981499999999999773e+02
3.051000000000000000e+05	2.981499999999999773e+02
3.051000000000000000e+05	2.981499999999999773e+02
3.060000000000000000e+05	2.981499999999999773e+02
3.060000000000000000e+05	3.093047408319490614e+02
3.069000000000000000e+05	3.093047408319490614e+02
3.069000000000000000e+05	3.008629039466254085e+02
3.078000000000000000e+05	3.008629039466254085e+02
3.078000000000000000e+05	2.981499999999999773e+02
3.087000000000000000e+05	2.981499999999999773e+02
3.087000000000000000e+05	3.026299123897718459e+02
3.096000000000000000e+05	3.026299123897718459e+02
3.096000000000000000e+05	3.093047408319513920e+02
3.105000000000000000e+05	3.093047408319513920e+02
3.105000000000000000e+05	3.017731126094697061e+02
3.114000000000000000e+05	3.017731126094697061e+02
3.114000000000000000e+05	2.981499999999999773e+02
3.123000000000000000e+05	2.981499999999999773e+02
3.123000000000000000e+05	3.281499999999999773e+02
3.132000000000000000e+05	3.281499999999999773e+02
3.132000000000000000e+05	3.011072406610941812e+02
3.141000000000000000e+05	3.011072406610941812e+02
3.141000000000000000e+05	3.281499999999999773e+02
3.150000000000000000e+05	3.281499999999999773e+02
3.150000000000000000e+05	3.019763312266948674e+02
3.159000000000000000e+05	3.019763312266948674e+02
3.159000000000000000e+05	2.981499999999999773e+02
3.168000000000000000e+05	2.981499999999999773e+02
3.168000000000000000e+05	3.239586439495714671e+02
3.177000000000000000e+05	3.239586439495714671e+02
3.177000000000000000e+05	3.240188933396693187e+02
3.186000000000000000e+05	3.240188933396693187e+02
3.186000000000000000e+05	3.240791201362458196e+02
3.195000000000000000e+05	3.240791201362458196e+02
3.195000000000000000e+05	3.240493243477736769e+02
3.204000000000000000e+05	3.240493243477736769e+02
3.204000000000000000e+05	3.010395148876726239e+02
3.213000000000000000e+05	3.010395148876726239e+02
3.213000000000000000e+05	3.073860764995729937e+02
3.222000000000000000e+05	3.073860764995729937e+02
3.222000000000000000e+05	2.981499999999999773e+02
3.231000000000000000e+05	2.981499999999999773e+02
3.231000000000000000e+05	2.981499999999999773e+02
3.240000000000000000e+05	2.981499999999999773e+02
3.240000000000000000e+05	3.019233244881551741e+02
3.249000000000000000e+05	3.019233244881551741e+02
3.249000000000000000e+05	3.093047408319490614e+02
3.258000000000000000e+05	3.093047408319490614e+02
3.258000000000000000e+05	2.981499999999999773e+02
3.267000000000000000e+05	2.981499999999999773e+02
3.267000000000000000e+05	3.038088354314527351e+02
3.276000000000000000e+05	3.038088354314527351e+02
3.276000000000000000e+05	2.981499999999999773e+02
3.285000000000000000e+05	2.981499999999999773e+02
3.285000000000000000e+05	3.281499999999999773e+02
3.294000000000000000e+05	3.281499999999999773e+02
3.294000000000000000e+05	3.281499999999999773e+02
3.303000000000000000e+05	3.281499999999999773e+02
3.303000000000000000e+05	3.281499999999999773e+02
3.312000000000000000e+05	3.281499999999999773e+02
3.312000000000000000e+05	3.281499999999999773e+02
3.321000000000000000e+05	3.281499999999999773e+02
3.321000000000000000e+05	3.281499999999999773e+02
3.330000000000000000e+05	3.281499999999999773e+02
3.330000000000000000e+05	3.281499999999999773e+02
3.339000000000000000e+05	3.281499999999999773e+02
3.339000000000000000e+05	3.281499999999999773e+02
3.348000000000000000e+05	3.281499999999999773e+02
3.348000000000000000e+05	3.281499999999999773e+02
3.357000000000000000e+05	3.281499999999999773e+02
3.357000000000000000e+05	3.281499999999999773e+02
3.366000000000000000e+05	3.281499999999999773e+02
3.366000000000000000e+05	3.281499999999999773e+02
3.375000000000000000e+05	3.281499999999999773e+02
3.375000000000000000e+05	3.281499999999999773e+02
3.384000000000000000e+05	3.281499999999999773e+02
3.384000000000000000e+05	3.281499999999999773e+02
3.393000000000000000e+05	3.281499999999999773e+02
3.393000000000000000e+05	3.281499999999999773e+02
3.402000000000000000e+05	3.281499999999999773e+02
3.402000000000000000e+05	3.281499999999999773e+02
3.411000000000000000e+05	3.281499999999999773e+02
3.411000000000000000e+05	3.281499999999999773e+02
3.420000000000000000e+05	3.281499999999999773e+02
3.420000000000000000e+05	3.281499999999999773e+02
3.429000000000000000e+05	3.281499999999999773e+02
3.429000000000000000e+05	3.281499999999999773e+02
3.438000000000000000e+05	3.281499999999999773e+02
3.438000000000000000e+05	3.281499999999999773e+02
3.447000000000000000e+05	3.281499999999999773e+02
3.447000000000000000e+05	3.281499999999999773e+02
3.456000000000000000e+05	3.281499999999999773e+02
3.456000000000000000e+05	3.281499999999999773e+02
3.465000000000000000e+05	3.281499999999999773e+02
3.465000000000000000e+05	3.281499999999999773e+02
3.474000000000000000e+05	3.281499999999999773e+02
3.474000000000000000e+05	3.281499999999999773e+02
3.483000000000000000e+05	3.281499999999999773e+02
3.483000000000000000e+05	3.281499999999999773e+02
3.492000000000000000e+05	3.281499999999999773e+02
3.492000000000000000e+05	3.281499999999999773e+02
3.501000000000000000e+05	3.281499999999999773e+02
3.501000000000000000e+05	3.281499999999999773e+02
3.510000000000000000e+05	3.281499999999999773e+02
3.510000000000000000e+05	3.281499999999999773e+02
3.519000000000000000e+05	3.281499999999999773e+02
3.519000000000000000e+05	3.281499999999999773e+02
3.528000000000000000e+05	3.281499999999999773e+02
3.528000000000000000e+05	2.981500000000001478e+02
3.537000000000000000e+05	2.981500000000001478e+02
3.537000000000000000e+05	2.981499999999999773e+02
3.546000000000000000e+05	2.981499999999999773e+02
3.546000000000000000e+05	3.281499999999999773e+02
3.555000000000000000e+05	3.281499999999999773e+02
3.555000000000000000e+05	2.981499999999999773e+02
3.564000000000000000e+05	2.981499999999999773e+02
3.564000000000000000e+05	3.281499999999999773e+02
3.573000000000000000e+05	3.281499999999999773e+02
3.573000000000000000e+05	3.281499999999999773e+02
3.582000000000000000e+05	3.281499999999999773e+02
3.582000000000000000e+05	3.002084265544280015e+02
3.591000000000000000e+05	3.002084265544280015e+02
3.591000000000000000e+05	3.093047408319490614e+02
3.600000000000000000e+05	3.093047408319490614e+02
3.600000000000000000e+05	3.281499999999999773e+02
3.609000000000000000e+05	3.281499999999999773e+02
3.609000000000000000e+05	3.281499999999999773e+02
3.618000000000000000e+05	3.281499999999999773e+02
3.618000000000000000e+05	3.281499999999999773e+02
3.627000000000000000e+05	3.281499999999999773e+02
3.627000000000000000e+05	3.281499999999999773e+02
3.636000000000000000e+05	3.281499999999999773e+02
3.636000000000000000e+05	3.281499999999999773e+02
3.645000000000000000e+05	3.281499999999999773e+02
3.645000000000000000e+05	3.281499999999999773e+02
3.654000000000000000e+05	3.281499999999999773e+02
3.654000000000000000e+05	3.281499999999999773e+02
3.663000000000000000e+05	3.281499999999999773e+02
3.663000000000000000e+05	3.281499999999999773e+02
3.672000000000000000e+05	3.281499999999999773e+02
3.672000000000000000e+05	3.281499999999999773e+02
3.681000000000000000e+05	3.281499999999999773e+02
3.681000000000000000e+05	3.281499999999999773e+02
3.690000000000000000e+05	3.281499999999999773e+02
3.690000000000000000e+05	3.281499999999999773e+02
3.699000000000000000e+05	3.281499999999999773e+02
3.699000000000000000e+05	3.009142668670889975e+02
3.708000000000000000e+05	3.009142668670889975e+02
3.708000000000000000e+05	3.017441223370963144e+02
3.717000000000000000e+05	3.017441223370963144e+02
3.717000000000000000e+05	3.076813130931444675e+02
3.726000000000000000e+05	3.076813130931444675e+02
3.726000000000000000e+05	3.161133754950747061e+02
3.735000000000000000e+05	3.161133754950747061e+02
3.735000000000000000e+05	3.161133754950747061e+02
3.744000000000000000e+05	3.161133754950747061e+02
3.744000000000000000e+05	3.161133754950747061e+02
3.753000000000000000e+05	3.161133754950747061e+02
3.753000000000000000e+05	3.161133754950747061e+02
3.762000000000000000e+05	3.161133754950747061e+02
3.762000000000000000e+05	3.161133754950747061e+02
3.771000000000000000e+05	3.161133754950747061e+02
3.771000000000000000e+05	3.161133754950747061e+02
3.780000000000000000e+05	3.161133754950747061e+02
3.780000000000000000e+05	3.281499999999999773e+02
3.789000000000000000e+05	3.281499999999999773e+02
3.789000000000000000e+05	3.241084992633566344e+02
3.798000000000000000e+05	3.241084992633566344e+02
3.798000000000000000e+05	3.067960572583457406e+02
3.807000000000000000e+05	3.067960572583457406e+02
3.807000000000000000e+05	3.093047408319490614e+02
3.816000000000000000e+05	3.093047408319490614e+02
3.816000000000000000e+05	3.070242322721899768e+02
3.825000000000000000e+05	3.070242322721899768e+02
3.825000000000000000e+05	3.068924099754427175e+02
3.834000000000000000e+05	3.068924099754427175e+02
3.834000000000000000e+05	3.064383882715599157e+02
3.843000000000000000e+05	3.064383882715599157e+02
3.843000000000000000e+05	3.071472067154355159e+02
3.852000000000000000e+05	3.071472067154355159e+02
3.852000000000000000e+05	3.281499999999999773e+02
3.861000000000000000e+05	3.281499999999999773e+02
3.861000000000000000e+05	3.281499999999999773e+02
3.870000000000000000e+05	3.281499999999999773e+02
3.870000000000000000e+05	3.093047408319490614e+02
3.879000000000000000e+05	3.093047408319490614e+02
3.879000000000000000e+05	2.981499999999999773e+02
3.888000000000000000e+05	2.981499999999999773e+02
3.888000000000000000e+05	3.024729778394598725e+02
3.897000000000000000e+05	3.024729778394598725e+02
3.897000000000000000e+05	3.048195098208129252e+02
3.906000000000000000e+05	3.048195098208129252e+02
3.906000000000000000e+05	3.080018543245727187e+02
3.915000000000000000e+05	3.080018543245727187e+02
3.915000000000000000e+05	3.239794811070189553e+02
3.924000000000000000e+05	3.239794811070189553e+02
3.924000000000000000e+05	3.281499999999999773e+02
3.933000000000000000e+05	3.281499999999999773e+02
3.933000000000000000e+05	3.281499999999999773e+02
3.942000000000000000e+05	3.281499999999999773e+02
3.942000000000000000e+05	2.981499999999999773e+02
3.951000000000000000e+05	2.981499999999999773e+02
3.951000000000000000e+05	3.281499999999999773e+02
3.960000000000000000e+05	3.281499999999999773e+02
3.960000000000000000e+05	3.281499999999999773e+02
3.969000000000000000e+05	3.281499999999999773e+02
3.969000000000000000e+05	3.010014521236129212e+02
3.978000000000000000e+05	3.010014521236129212e+02
3.978000000000000000e+05	3.033075940603163758e+02
3.987000000000000000e+05	3.033075940603163758e+02
3.987000000000000000e+05	2.981499999999999773e+02
3.996000000000000000e+05	2.981499999999999773e+02
3.996000000000000000e+05	3.093047408319490614e+02
4.005000000000000000e+05	3.093047408319490614e+02
4.005000000000000000e+05	3.281499999999999773e+02
4.014000000000000000e+05	3.281499999999999773e+02
4.014000000000000000e+05	3.007922026157252731e+02
4.023000000000000000e+05	3.007922026157252731e+02
4.023000000000000000e+05	2.981499999999999773e+02
4.032000000000000000e+05	2.981499999999999773e+02
4.032000000000000000e+05	2.981499999999995225e+02
4.041000000000000000e+05	2.981499999999995225e+02
4.041000000000000000e+05	3.000464358420255735e+02
4.050000000000000000e+05	3.000464358420255735e+02
4.050000000000000000e+05	3.243174881817264463e+02
4.059000000000000000e+05	3.243174881817264463e+02
4.059000000000000000e+05	3.025593346546887119e+02
4.068000000000000000e+05	3.025593346546887119e+02
4.068000000000000000e+05	2.981499999999999773e+02
4.077000000000000000e+05	2.981499999999999773e+02
4.077000000000000000e+05	3.009247466924567220e+02
4.086000000000000000e+05	3.009247466924567220e+02
4.086000000000000000e+05	2.981499999999999773e+02
4.095000000000000000e+05	2.981499999999999773e+02
4.095000000000000000e+05	3.019744956028968090e+02
4.104000000000000000e+05	3.019744956028968090e+02
4.104000000000000000e+05	3.022518448432973059e+02
4.113000000000000000e+05	3.022518448432973059e+02
4.113000000000000000e+05	3.281499999999999773e+02
4.122000000000000000e+05	3.281499999999999773e+02
4.122000000000000000e+05	3.009714193188937656e+02
4.131000000000000000e+05	3.009714193188937656e+02
4.131000000000000000e+05	3.281499999999999773e+02
4.140000000000000000e+05	3.281499999999999773e+02
4.140000000000000000e+05	3.029304750951461074e+02
4.149000000000000000e+05	3.029304750951461074e+02
4.149000000000000000e+05	3.281499999999999773e+02
4.158000000000000000e+05	3.281499999999999773e+02
4.158000000000000000e+05	3.281499999999999773e+02
4.167000000000000000e+05	3.281499999999999773e+02
4.167000000000000000e+05	3.281499999999999773e+02
4.176000000000000000e+05	3.281499999999999773e+02
4.176000000000000000e+05	3.093047408319490614e+02
4.185000000000000000e+05	3.093047408319490614e+02
4.185000000000000000e+05	3.281499999999999773e+02
4.194000000000000000e+05	3.281499999999999773e+02
4.194000000000000000e+05	3.093047408319490614e+02
4.203000000000000000e+05	3.093047408319490614e+02
4.203000000000000000e+05	3.281499999999999773e+02
4.212000000000000000e+05	3.281499999999999773e+02
4.212000000000000000e+05	3.222365462369194802e+02
4.221000000000000000e+05	3.222365462369194802e+02
4.221000000000000000e+05	3.281499999999999773e+02
4.230000000000000000e+05	3.281499999999999773e+02
4.230000000000000000e+05	3.281499999999999773e+02
4.239000000000000000e+05	3.281499999999999773e+02
4.239000000000000000e+05	3.281499999999999773e+02
4.248000000000000000e+05	3.281499999999999773e+02
4.248000000000000000e+05	3.281499999999999773e+02
4.257000000000000000e+05	3.281499999999999773e+02
4.257000000000000000e+05	3.281499999999999773e+02
4.266000000000000000e+05	3.281499999999999773e+02
4.266000000000000000e+05	3.281499999999999773e+02
4.275000000000000000e+05	3.281499999999999773e+02
4.275000000000000000e+05	3.281499999999999773e+02
4.284000000000000000e+05	3.281499999999999773e+02
4.284000000000000000e+05	3.225082155974646412e+02
4.293000000000000000e+05	3.225082155974646412e+02
4.293000000000000000e+05	3.281499999999999773e+02
4.302000000000000000e+05	3.281499999999999773e+02
4.302000000000000000e+05	3.278792704037545604e+02
4.311000000000000000e+05	3.278792704037545604e+02
4.311000000000000000e+05	3.281499999999999773e+02
4.320000000000000000e+05	3.281499999999999773e+02
4.320000000000000000e+05	3.270942291016559693e+02
4.329000000000000000e+05	3.270942291016559693e+02
4.329000000000000000e+05	3.281499999999999773e+02
4.338000000000000000e+05	3.281499999999999773e+02
4.338000000000000000e+05	3.281499999999999773e+02
4.347000000000000000e+05	3.281499999999999773e+02
4.347000000000000000e+05	3.093047408319490614e+02
4.356000000000000000e+05	3.093047408319490614e+02
4.356000000000000000e+05	3.281499999999999773e+02
4.365000000000000000e+05	3.281499999999999773e+02
4.365000000000000000e+05	3.281499999999999773e+02
4.374000000000000000e+05	3.281499999999999773e+02
4.374000000000000000e+05	3.281499999999999773e+02
4.383000000000000000e+05	3.281499999999999773e+02
4.383000000000000000e+05	3.281499999999999773e+02
4.392000000000000000e+05	3.281499999999999773e+02
4.392000000000000000e+05	3.281499999999999773e+02
4.401000000000000000e+05	3.281499999999999773e+02
4.401000000000000000e+05	3.281499999999999773e+02
4.410000000000000000e+05	3.281499999999999773e+02
4.410000000000000000e+05	3.281499999999999773e+02
4.419000000000000000e+05	3.281499999999999773e+02
4.419000000000000000e+05	3.281499999999999773e+02
4.428000000000000000e+05	3.281499999999999773e+02
4.428000000000000000e+05	3.281499999999999773e+02
4.437000000000000000e+05	3.281499999999999773e+02
4.437000000000000000e+05	2.981499999999999773e+02
4.446000000000000000e+05	2.981499999999999773e+02
4.446000000000000000e+05	3.093047408319490614e+02
4.455000000000000000e+05	3.093047408319490614e+02
4.455000000000000000e+05	3.281499999999999773e+02
4.464000000000000000e+05	3.281499999999999773e+02
4.464000000000000000e+05	3.020474917520659233e+02
4.473000000000000000e+05	3.020474917520659233e+02
4.473000000000000000e+05	2.981499999999999773e+02
4.482000000000000000e+05	2.981499999999999773e+02
4.482000000000000000e+05	2.981499999999999773e+02
4.491000000000000000e+05	2.981499999999999773e+02
4.491000000000000000e+05	3.281499999999999773e+02
4.500000000000000000e+05	3.281499999999999773e+02
4.500000000000000000e+05	2.998059623479546190e+02
4.509000000000000000e+05	2.998059623479546190e+02
4.509000000000000000e+05	3.051231741033122375e+02
4.518000000000000000e+05	3.051231741033122375e+02
4.518000000000000000e+05	3.281499999999999773e+02
4.527000000000000000e+05	3.281499999999999773e+02
4.527000000000000000e+05	2.981499999999999773e+02
4.536000000000000000e+05	2.981499999999999773e+02
4.536000000000000000e+05	2.997055819522900038e+02
4.545000000000000000e+05	2.997055819522900038e+02
4.545000000000000000e+05	2.981499999999999773e+02
4.554000000000000000e+05	2.981499999999999773e+02
4.554000000000000000e+05	2.981499999999999773e+02
4.563000000000000000e+05	2.981499999999999773e+02
4.563000000000000000e+05	2.991092278664434616e+02
4.572000000000000000e+05	2.991092278664434616e+02
4.572000000000000000e+05	3.005969880517499746e+02
4.581000000000000000e+05	3.005969880517499746e+02
4.581000000000000000e+05	3.066003989926152258e+02
4.590000000000000000e+05	3.066003989926152258e+02
4.590000000000000000e+05	3.161133754950747061e+02
4.599000000000000000e+05	3.161133754950747061e+02
4.599000000000000000e+05	3.161133754950747061e+02
4.608000000000000000e+05	3.161133754950747061e+02
4.608000000000000000e+05	3.161133754950747061e+02
4.617000000000000000e+05	3.161133754950747061e+02
4.617000000000000000e+05	3.161133754950747061e+02
4.626000000000000000e+05	3.161133754950747061e+02
4.626000000000000000e+05	3.161133754950747061e+02
4.635000000000000000e+05	3.161133754950747061e+02
4.635000000000000000e+05	3.161133754950747061e+02
4.644000000000000000e+05	3.161133754950747061e+02
4.644000000000000000e+05	3.281499999999999773e+02
4.653000000000000000e+05	3.281499999999999773e+02
4.653000000000000000e+05	3.093047408319490614e+02
4.662000000000000000e+05	3.093047408319490614e+02
4.662000000000000000e+05	3.093047408319490614e+02
4.671000000000000000e+05	3.093047408319490614e+02
4.671000000000000000e+05	3.093047408319490614e+02
4.680000000000000000e+05	3.093047408319490614e+02
4.680000000000000000e+05	3.281499999999999773e+02
4.689000000000000000e+05	3.281499999999999773e+02
4.689000000000000000e+05	3.078000077051391372e+02
4.698000000000000000e+05	3.078000077051391372e+02
4.698000000000000000e+05	3.093047408319490614e+02
4.707000000000000000e+05	3.093047408319490614e+02
4.707000000000000000e+05	3.093047408319490614e+02
4.716000000000000000e+05	3.093047408319490614e+02
4.716000000000000000e+05	2.981499999999999773e+02
4.725000000000000000e+05	2.981499999999999773e+02
4.725000000000000000e+05	3.265426214627123613e+02
4.734000000000000000e+05	3.265426214627123613e+02
4.734000000000000000e+05	2.981499999999999773e+02
4.743000000000000000e+05	2.981499999999999773e+02
4.743000000000000000e+05	3.027488283260920525e+02
4.752000000000000000e+05	3.027488283260920525e+02
4.752000000000000000e+05	3.281499999999999773e+02
4.761000000000000000e+05	3.281499999999999773e+02
4.761000000000000000e+05	3.041352416096896150e+02
4.770000000000000000e+05	3.041352416096896150e+02
4.770000000000000000e+05	3.051594662985579021e+02
4.779000000000000000e+05	3.051594662985579021e+02
4.779000000000000000e+05	3.049481992676413711e+02
4.788000000000000000e+05	3.049481992676413711e+02
4.788000000000000000e+05	3.052064940536279209e+02
4.797000000000000000e+05	3.052064940536279209e+02
4.797000000000000000e+05	3.092126704393589307e+02
4.806000000000000000e+05	3.092126704393589307e+02
4.806000000000000000e+05	3.073860819897013243e+02
4.815000000000000000e+05	3.073860819897013243e+02
4.815000000000000000e+05	3.281499999999999773e+02
4.824000000000000000e+05	3.281499999999999773e+02
4.824000000000000000e+05	3.093047408319490614e+02
4.833000000000000000e+05	3.093047408319490614e+02
4.833000000000000000e+05	3.281499999999999773e+02
4.842000000000000000e+05	3.281499999999999773e+02
4.842000000000000000e+05	3.051026998297044770e+02
4.851000000000000000e+05	3.051026998297044770e+02
4.851000000000000000e+05	2.981499999999999773e+02
4.860000000000000000e+05	2.981499999999999773e+02
4.860000000000000000e+05	3.281499999999999773e+02
4.869000000000000000e+05	3.281499999999999773e+02
4.869000000000000000e+05	3.033391071562588763e+02
4.878000000000000000e+05	3.033391071562588763e+02
4.878000000000000000e+05	3.066210377290373685e+02
4.887000000000000000e+05	3.066210377290373685e+02
4.887000000000000000e+05	2.981499999999999773e+02
4.896000000000000000e+05	2.981499999999999773e+02
4.896000000000000000e+05	3.281499999999999773e+02
4.905000000000000000e+05	3.281499999999999773e+02
4.905000000000000000e+05	3.281499999999999773e+02
4.914000000000000000e+05	3.281499999999999773e+02
4.914000000000000000e+05	3.281499999999999773e+02
4.923000000000000000e+05	3.281499999999999773e+02
4.923000000000000000e+05	3.281499999999999773e+02
4.932000000000000000e+05	3.281499999999999773e+02
4.932000000000000000e+05	3.024336389142511621e+02
4.941000000000000000e+05	3.024336389142511621e+02
4.941000000000000000e+05	3.281499999999999773e+02
4.950000000000000000e+05	3.281499999999999773e+02
4.950000000000000000e+05	2.981499999999999773e+02
4.959000000000000000e+05	2.981499999999999773e+02
4.959000000000000000e+05	3.281499999999999773e+02
4.968000000000000000e+05	3.281499999999999773e+02
4.968000000000000000e+05	2.981500000000001478e+02
4.977000000000000000e+05	2.981500000000001478e+02
4.977000000000000000e+05	2.981499999999999773e+02
4.986000000000000000e+05	2.981499999999999773e+02
4.986000000000000000e+05	2.995115113870886603e+02
4.995000000000000000e+05	2.995115113870886603e+02
4.995000000000000000e+05	3.281499999999999773e+02
5.004000000000000000e+05	3.281499999999999773e+02
5.004000000000000000e+05	3.011319094005739316e+02
5.013000000000000000e+05	3.011319094005739316e+02
5.013000000000000000e+05	3.281499999999999773e+02
5.022000000000000000e+05	3.281499999999999773e+02
5.022000000000000000e+05	3.061879368321381776e+02
5.031000000000000000e+05	3.061879368321381776e+02
5.031000000000000000e+05	3.024171796879340377e+02
5.040000000000000000e+05	3.024171796879340377e+02
5.040000000000000000e+05	3.281499999999999773e+02
5.049000000000000000e+05	3.281499999999999773e+02
5.049000000000000000e+05	3.281499999999999773e+02
5.058000000000000000e+05	3.281499999999999773e+02
5.058000000000000000e+05	3.281499999999999773e+02
5.067000000000000000e+05	3.281499999999999773e+02
5.067000000000000000e+05	3.281499999999999773e+02
5.076000000000000000e+05	3.281499999999999773e+02
5.076000000000000000e+05	2.981499999999999773e+02
5.085000000000000000e+05	2.981499999999999773e+02
5.085000000000000000e+05	3.281499999999999773e+02
5.094000000000000000e+05	3.281499999999999773e+02
5.094000000000000000e+05	3.281499999999999773e+02
5.103000000000000000e+05	3.281499999999999773e+02
5.103000000000000000e+05	3.281499999999999773e+02
5.112000000000000000e+05	3.281499999999999773e+02
5.112000000000000000e+05	3.281499999999999773e+02
5.121000000000000000e+05	3.281499999999999773e+02
5.121000000000000000e+05	3.281499999999999773e+02
5.130000000000000000e+05	3.281499999999999773e+02
5.130000000000000000e+05	3.281499999999999773e+02
5.139000000000000000e+05	3.281499999999999773e+02
5.139000000000000000e+05	3.281499999999999773e+02
5.148000000000000000e+05	3.281499999999999773e+02
5.148000000000000000e+05	3.281499999999999773e+02
5.157000000000000000e+05	3.281499999999999773e+02
5.157000000000000000e+05	3.281499999999999773e+02
5.166000000000000000e+05	3.281499999999999773e+02
5.166000000000000000e+05	3.281499999999999773e+02
5.175000000000000000e+05	3.281499999999999773e+02
5.175000000000000000e+05	3.281499999999999773e+02
5.184000000000000000e+05	3.281499999999999773e+02
5.184000000000000000e+05	3.281499999999999773e+02
5.193000000000000000e+05	3.281499999999999773e+02
5.193000000000000000e+05	3.281499999999999773e+02
5.202000000000000000e+05	3.281499999999999773e+02
5.202000000000000000e+05	3.281499999999999773e+02
5.211000000000000000e+05	3.281499999999999773e+02
5.211000000000000000e+05	3.281499999999999773e+02
5.220000000000000000e+05	3.281499999999999773e+02
5.220000000000000000e+05	3.281499999999999773e+02
5.229000000000000000e+05	3.281499999999999773e+02
5.229000000000000000e+05	3.281499999999999773e+02
5.238000000000000000e+05	3.281499999999999773e+02
5.238000000000000000e+05	2.981499999999999773e+02
5.247000000000000000e+05	2.981499999999999773e+02
5.247000000000000000e+05	3.208388577325480355e+02
5.256000000000000000e+05	3.208388577325480355e+02
5.256000000000000000e+05	3.281499999999999773e+02
5.265000000000000000e+05	3.281499999999999773e+02
5.265000000000000000e+05	2.981499999999999773e+02
5.274000000000000000e+05	2.981499999999999773e+02
5.274000000000000000e+05	2.981499999999999773e+02
5.283000000000000000e+05	2.981499999999999773e+02
5.283000000000000000e+05	3.281499999999999773e+02
5.292000000000000000e+05	3.281499999999999773e+02
5.292000000000000000e+05	3.093047408319490614e+02
5.301000000000000000e+05	3.093047408319490614e+02
5.301000000000000000e+05	3.093047408319490614e+02
5.310000000000000000e+05	3.093047408319490614e+02
5.310000000000000000e+05	3.260497213000518855e+02
5.319000000000000000e+05	3.260497213000518855e+02
5.319000000000000000e+05	3.281499999999999773e+02
5.328000000000000000e+05	3.281499999999999773e+02
5.328000000000000000e+05	3.004946612799072341e+02
5.337000000000000000e+05	3.004946612799072341e+02
5.337000000000000000e+05	3.238904140751464524e+02
5.346000000000000000e+05	3.238904140751464524e+02
5.346000000000000000e+05	3.259895323451973468e+02
5.355000000000000000e+05	3.259895323451973468e+02
5.355000000000000000e+05	3.019688111990631683e+02
5.364000000000000000e+05	3.019688111990631683e+02
5.364000000000000000e+05	3.093047408319490614e+02
5.373000000000000000e+05	3.093047408319490614e+02
5.373000000000000000e+05	3.281499999999999773e+02
5.382000000000000000e+05	3.281499999999999773e+02
5.382000000000000000e+05	2.981499999999999773e+02
5.391000000000000000e+05	2.981499999999999773e+02
5.391000000000000000e+05	3.281499999999999773e+02
5.400000000000000000e+05	3.281499999999999773e+02
5.400000000000000000e+05	3.281500000000000341e+02
5.409000000000000000e+05	3.281500000000000341e+02
5.409000000000000000e+05	3.281499999999999773e+02
5.418000000000000000e+05	3.281499999999999773e+02
5.418000000000000000e+05	3.281499999999999773e+02
5.427000000000000000e+05	3.281499999999999773e+02
5.427000000000000000e+05	2.981499999999999773e+02
5.436000000000000000e+05	2.981499999999999773e+02
5.436000000000000000e+05	3.020943595872870446e+02
5.445000000000000000e+05	3.020943595872870446e+02
5.445000000000000000e+05	3.079153285260542816e+02
5.454000000000000000e+05	3.079153285260542816e+02
5.454000000000000000e+05	3.161133754950747061e+02
5.463000000000000000e+05	3.161133754950747061e+02
5.463000000000000000e+05	3.161133754950747061e+02
5.472000000000000000e+05	3.161133754950747061e+02
5.472000000000000000e+05	3.110259822618374415e+02
5.481000000000000000e+05	3.110259822618374415e+02
5.481000000000000000e+05	3.136589598087394393e+02
5.490000000000000000e+05	3.136589598087394393e+02
5.490000000000000000e+05	3.138896867117862257e+02
5.499000000000000000e+05	3.138896867117862257e+02
5.499000000000000000e+05	3.145489779045105365e+02
5.508000000000000000e+05	3.145489779045105365e+02
5.508000000000000000e+05	3.124415410289334432e+02
5.517000000000000000e+05	3.124415410289334432e+02
5.517000000000000000e+05	3.093047408319490614e+02
5.526000000000000000e+05	3.093047408319490614e+02
5.526000000000000000e+05	3.093047408319490614e+02
5.535000000000000000e+05	3.093047408319490614e+02
5.535000000000000000e+05	3.093047408319490614e+02
5.544000000000000000e+05	3.093047408319490614e+02
5.544000000000000000e+05	3.093047408319490614e+02
5.553000000000000000e+05	3.093047408319490614e+02
5.553000000000000000e+05	3.076549606958120080e+02
5.562000000000000000e+05	3.076549606958120080e+02
5.562000000000000000e+05	3.071874233643251273e+02
5.571000000000000000e+05	3.071874233643251273e+02
5.571000000000000000e+05	3.073035277778014915e+02
5.580000000000000000e+05	3.073035277778014915e+02
5.580000000000000000e+05	3.093047408319490614e+02
5.589000000000000000e+05	3.093047408319490614e+02
5.589000000000000000e+05	3.093047408319491183e+02
5.598000000000000000e+05	3.093047408319491183e+02
5.598000000000000000e+05	3.281499999999999773e+02
5.607000000000000000e+05	3.281499999999999773e+02
5.607000000000000000e+05	3.093047408319490614e+02
5.616000000000000000e+05	3.093047408319490614e+02
5.616000000000000000e+05	3.281499999999999773e+02
5.625000000000000000e+05	3.281499999999999773e+02
5.625000000000000000e+05	3.035797196619459442e+02
5.634000000000000000e+05	3.035797196619459442e+02
5.634000000000000000e+05	2.981499999999999773e+02
5.643000000000000000e+05	2.981499999999999773e+02
5.643000000000000000e+05	3.039104524751820122e+02
5.652000000000000000e+05	3.039104524751820122e+02
5.652000000000000000e+05	3.281499999999999773e+02
5.661000000000000000e+05	3.281499999999999773e+02
5.661000000000000000e+05	3.023185524453543849e+02
5.670000000000000000e+05	3.023185524453543849e+02
5.670000000000000000e+05	3.045833625855602236e+02
5.679000000000000000e+05	3.045833625855602236e+02
5.679000000000000000e+05	2.981499999999999773e+02
5.688000000000000000e+05	2.981499999999999773e+02
5.688000000000000000e+05	3.093047408319490614e+02
5.697000000000000000e+05	3.093047408319490614e+02
5.697000000000000000e+05	3.025533727549907894e+02
5.706000000000000000e+05	3.025533727549907894e+02
5.706000000000000000e+05	3.058076164478908368e+02
5.715000000000000000e+05	3.058076164478908368e+02
5.715000000000000000e+05	2.981499999999999773e+02
5.724000000000000000e+05	2.981499999999999773e+02
5.724000000000000000e+05	3.230236372320148348e+02
5.733000000000000000e+05	3.230236372320148348e+02
5.733000000000000000e+05	3.230842372496317694e+02
5.742000000000000000e+05	3.230842372496317694e+02
5.742000000000000000e+05	3.231448145422420453e+02
5.751000000000000000e+05	3.231448145422420453e+02
5.751000000000000000e+05	3.231153691183676528e+02
5.760000000000000000e+05	3.231153691183676528e+02
5.760000000000000000e+05	3.021140699300505617e+02
5.769000000000000000e+05	3.021140699300505617e+02
5.769000000000000000e+05	2.981499999999999773e+02
5.778000000000000000e+05	2.981499999999999773e+02
5.778000000000000000e+05	3.014065679408369647e+02
5.787000000000000000e+05	3.014065679408369647e+02
5.787000000000000000e+05	3.035289050228923884e+02
5.796000000000000000e+05	3.035289050228923884e+02
5.796000000000000000e+05	3.281499999999999773e+02
5.805000000000000000e+05	3.281499999999999773e+02
5.805000000000000000e+05	3.281499999999999773e+02
5.814000000000000000e+05	3.281499999999999773e+02
5.814000000000000000e+05	3.011630609145779545e+02
5.823000000000000000e+05	3.011630609145779545e+02
5.823000000000000000e+05	3.051034839412130850e+02
5.832000000000000000e+05	3.051034839412130850e+02
5.832000000000000000e+05	3.281499999999999773e+02
5.841000000000000000e+05	3.281499999999999773e+02
5.841000000000000000e+05	3.281499999999999773e+02
5.850000000000000000e+05	3.281499999999999773e+02
5.850000000000000000e+05	2.981499999999999773e+02
5.859000000000000000e+05	2.981499999999999773e+02
5.859000000000000000e+05	2.981499999999999773e+02
5.868000000000000000e+05	2.981499999999999773e+02
5.868000000000000000e+05	3.015331843023053580e+02
5.877000000000000000e+05	3.015331843023053580e+02
5.877000000000000000e+05	3.281499999999999773e+02
5.886000000000000000e+05	3.281499999999999773e+02
5.886000000000000000e+05	3.012284531884549210e+02
5.895000000000000000e+05	3.012284531884549210e+02
5.895000000000000000e+05	3.038566217784527339e+02
5.904000000000000000e+05	3.038566217784527339e+02
5.904000000000000000e+05	3.048892833970264178e+02
5.913000000000000000e+05	3.048892833970264178e+02
5.913000000000000000e+05	3.281499999999999773e+02
5.922000000000000000e+05	3.281499999999999773e+02
5.922000000000000000e+05	3.281499999999999773e+02
5.931000000000000000e+05	3.281499999999999773e+02
5.931000000000000000e+05	2.981499999999999773e+02
5.940000000000000000e+05	2.981499999999999773e+02
5.940000000000000000e+05	3.281499999999999773e+02
5.949000000000000000e+05	3.281499999999999773e+02
5.949000000000000000e+05	3.281499999999999773e+02
5.958000000000000000e+05	3.281499999999999773e+02
5.958000000000000000e+05	3.281499999999999773e+02
5.967000000000000000e+05	3.281499999999999773e+02
5.967000000000000000e+05	3.281499999999999773e+02
5.976000000000000000e+05	3.281499999999999773e+02
5.976000000000000000e+05	3.281499999999999773e+02
5.985000000000000000e+05	3.281499999999999773e+02
5.985000000000000000e+05	3.281499999999999773e+02
5.994000000000000000e+05	3.281499999999999773e+02
5.994000000000000000e+05	3.281499999999999773e+02
6.003000000000000000e+05	3.281499999999999773e+02
6.003000000000000000e+05	3.281499999999999773e+02
6.012000000000000000e+05	3.281499999999999773e+02
6.012000000000000000e+05	3.218207096637508471e+02
6.021000000000000000e+05	3.218207096637508471e+02
6.021000000000000000e+05	3.281499999999999773e+02
6.030000000000000000e+05	3.281499999999999773e+02
6.030000000000000000e+05	3.281499999999999773e+02
6.039000000000000000e+05	3.281499999999999773e+02
6.039000000000000000e+05	3.281499999999999773e+02
6.048000000000000000e+05	3.281499999999999773e+02
