# #1
# double ch_TES(1344, 2)
0.000000000000000000e+00	0.000000000000000000e+00
9.000000000000000000e+02	0.000000000000000000e+00
9.000000000000000000e+02	0.000000000000000000e+00
1.800000000000000000e+03	0.000000000000000000e+00
1.800000000000000000e+03	0.000000000000000000e+00
2.700000000000000000e+03	0.000000000000000000e+00
2.700000000000000000e+03	0.000000000000000000e+00
3.600000000000000000e+03	0.000000000000000000e+00
3.600000000000000000e+03	0.000000000000000000e+00
4.500000000000000000e+03	0.000000000000000000e+00
4.500000000000000000e+03	0.000000000000000000e+00
5.400000000000000000e+03	0.000000000000000000e+00
5.400000000000000000e+03	8.343587798630111138e+03
6.300000000000000000e+03	8.343587798630111138e+03
6.300000000000000000e+03	0.000000000000000000e+00
7.200000000000000000e+03	0.000000000000000000e+00
7.200000000000000000e+03	5.639090965724200942e+03
8.100000000000000000e+03	5.639090965724200942e+03
8.100000000000000000e+03	0.000000000000000000e+00
9.000000000000000000e+03	0.000000000000000000e+00
9.000000000000000000e+03	5.670556038604776404e+03
9.900000000000000000e+03	5.670556038604776404e+03
9.900000000000000000e+03	0.000000000000000000e+00
1.080000000000000000e+04	0.000000000000000000e+00
1.080000000000000000e+04	7.378015396673756186e+03
1.170000000000000000e+04	7.378015396673756186e+03
1.170000000000000000e+04	0.000000000000000000e+00
1.260000000000000000e+04	0.000000000000000000e+00
1.260000000000000000e+04	7.000000000000000000e+03
1.350000000000000000e+04	7.000000000000000000e+03
1.350000000000000000e+04	0.000000000000000000e+00
1.440000000000000000e+04	0.000000000000000000e+00
1.440000000000000000e+04	9.000000000000000000e+03
1.530000000000000000e+04	9.000000000000000000e+03
1.530000000000000000e+04	0.000000000000000000e+00
1.620000000000000000e+04	0.000000000000000000e+00
1.620000000000000000e+04	0.000000000000000000e+00
1.710000000000000000e+04	0.000000000000000000e+00
1.710000000000000000e+04	8.586266433083772426e+03
1.800000000000000000e+04	8.586266433083772426e+03
1.800000000000000000e+04	9.000000000000058208e+03
1.890000000000000000e+04	9.000000000000058208e+03
1.890000000000000000e+04	3.420968882053575271e+03
1.980000000000000000e+04	3.420968882053575271e+03
1.980000000000000000e+04	5.339541681117477310e+03
2.070000000000000000e+04	5.339541681117477310e+03
2.070000000000000000e+04	0.000000000000000000e+00
2.160000000000000000e+04	0.000000000000000000e+00
2.160000000000000000e+04	0.000000000000000000e+00
2.250000000000000000e+04	0.000000000000000000e+00
2.250000000000000000e+04	0.000000000000000000e+00
2.340000000000000000e+04	0.000000000000000000e+00
2.340000000000000000e+04	0.000000000000000000e+00
2.430000000000000000e+04	0.000000000000000000e+00
2.430000000000000000e+04	6.102637300277870054e+03
2.520000000000000000e+04	6.102637300277870054e+03
2.520000000000000000e+04	9.000000000000000000e+03
2.610000000000000000e+04	9.000000000000000000e+03
2.610000000000000000e+04	9.000000000000000000e+03
2.700000000000000000e+04	9.000000000000000000e+03
2.700000000000000000e+04	9.000000000000000000e+03
2.790000000000000000e+04	9.000000000000000000e+03
2.790000000000000000e+04	9.000000000000000000e+03
2.880000000000000000e+04	9.000000000000000000e+03
2.880000000000000000e+04	8.999999999999883585e+03
2.970000000000000000e+04	8.999999999999883585e+03
2.970000000000000000e+04	9.000000000000000000e+03
3.060000000000000000e+04	9.000000000000000000e+03
3.060000000000000000e+04	9.000000000000000000e+03
3.150000000000000000e+04	9.000000000000000000e+03
3.150000000000000000e+04	8.547528559977372424e+03
3.240000000000000000e+04	8.547528559977372424e+03
3.240000000000000000e+04	9.000000000000000000e+03
3.330000000000000000e+04	9.000000000000000000e+03
3.330000000000000000e+04	0.000000000000000000e+00
3.420000000000000000e+04	0.000000000000000000e+00
3.420000000000000000e+04	7.518705337731297732e+03
3.510000000000000000e+04	7.518705337731297732e+03
3.510000000000000000e+04	0.000000000000000000e+00
3.600000000000000000e+04	0.000000000000000000e+00
3.600000000000000000e+04	8.999999999999941792e+03
3.690000000000000000e+04	8.999999999999941792e+03
3.690000000000000000e+04	3.945775023548251738e+03
3.780000000000000000e+04	3.945775023548251738e+03
3.780000000000000000e+04	4.384436195339684673e+03
3.870000000000000000e+04	4.384436195339684673e+03
3.870000000000000000e+04	4.309000150835666318e+03
3.960000000000000000e+04	4.309000150835666318e+03
3.960000000000000000e+04	0.000000000000000000e+00
4.050000000000000000e+04	0.000000000000000000e+00
4.050000000000000000e+04	0.000000000000000000e+00
4.140000000000000000e+04	0.000000000000000000e+00
4.140000000000000000e+04	9.000000000000000000e+03
4.230000000000000000e+04	9.000000000000000000e+03
4.230000000000000000e+04	0.000000000000000000e+00
4.320000000000000000e+04	0.000000000000000000e+00
4.320000000000000000e+04	4.059999999999883585e+03
4.410000000000000000e+04	4.059999999999883585e+03
4.410000000000000000e+04	0.000000000000000000e+00
4.500000000000000000e+04	0.000000000000000000e+00
4.500000000000000000e+04	7.000000000000000000e+03
4.590000000000000000e+04	7.000000000000000000e+03
4.590000000000000000e+04	0.000000000000000000e+00
4.680000000000000000e+04	0.000000000000000000e+00
4.680000000000000000e+04	-5.820766091346740723e-11
4.770000000000000000e+04	-5.820766091346740723e-11
4.770000000000000000e+04	8.574372819444397464e+03
4.860000000000000000e+04	8.574372819444397464e+03
4.860000000000000000e+04	0.000000000000000000e+00
4.950000000000000000e+04	0.000000000000000000e+00
4.950000000000000000e+04	0.000000000000000000e+00
5.040000000000000000e+04	0.000000000000000000e+00
5.040000000000000000e+04	1.164153218269348145e-10
5.130000000000000000e+04	1.164153218269348145e-10
5.130000000000000000e+04	0.000000000000000000e+00
5.220000000000000000e+04	0.000000000000000000e+00
5.220000000000000000e+04	5.974314365178022854e+03
5.310000000000000000e+04	5.974314365178022854e+03
5.310000000000000000e+04	4.654506821497261626e+03
5.400000000000000000e+04	4.654506821497261626e+03
5.400000000000000000e+04	5.820766091346740723e-11
5.490000000000000000e+04	5.820766091346740723e-11
5.490000000000000000e+04	0.000000000000000000e+00
5.580000000000000000e+04	0.000000000000000000e+00
5.580000000000000000e+04	0.000000000000000000e+00
5.670000000000000000e+04	0.000000000000000000e+00
5.670000000000000000e+04	0.000000000000000000e+00
5.760000000000000000e+04	0.000000000000000000e+00
5.760000000000000000e+04	0.000000000000000000e+00
5.850000000000000000e+04	0.000000000000000000e+00
5.850000000000000000e+04	0.000000000000000000e+00
5.940000000000000000e+04	0.000000000000000000e+00
5.940000000000000000e+04	2.338451571912490579e+02
6.030000000000000000e+04	2.338451571912490579e+02
6.030000000000000000e+04	0.000000000000000000e+00
6.120000000000000000e+04	0.000000000000000000e+00
6.120000000000000000e+04	6.060000000000116415e+03
6.210000000000000000e+04	6.060000000000116415e+03
6.210000000000000000e+04	0.000000000000000000e+00
6.300000000000000000e+04	0.000000000000000000e+00
6.300000000000000000e+04	0.000000000000000000e+00
6.390000000000000000e+04	0.000000000000000000e+00
6.390000000000000000e+04	0.000000000000000000e+00
6.480000000000000000e+04	0.000000000000000000e+00
6.480000000000000000e+04	9.000000000000000000e+03
6.570000000000000000e+04	9.000000000000000000e+03
6.570000000000000000e+04	0.000000000000000000e+00
6.660000000000000000e+04	0.000000000000000000e+00
6.660000000000000000e+04	9.000000000000000000e+03
6.750000000000000000e+04	9.000000000000000000e+03
6.750000000000000000e+04	0.000000000000000000e+00
6.840000000000000000e+04	0.000000000000000000e+00
6.840000000000000000e+04	9.000000000000000000e+03
6.930000000000000000e+04	9.000000000000000000e+03
6.930000000000000000e+04	0.000000000000000000e+00
7.020000000000000000e+04	0.000000000000000000e+00
7.020000000000000000e+04	0.000000000000000000e+00
7.110000000000000000e+04	0.000000000000000000e+00
7.110000000000000000e+04	4.284657994329087160e+03
7.200000000000000000e+04	4.284657994329087160e+03
7.200000000000000000e+04	5.820766091346740723e-11
7.290000000000000000e+04	5.820766091346740723e-11
7.290000000000000000e+04	0.000000000000000000e+00
7.380000000000000000e+04	0.000000000000000000e+00
7.380000000000000000e+04	0.000000000000000000e+00
7.470000000000000000e+04	0.000000000000000000e+00
7.470000000000000000e+04	0.000000000000000000e+00
7.560000000000000000e+04	0.000000000000000000e+00
7.560000000000000000e+04	0.000000000000000000e+00
7.650000000000000000e+04	0.000000000000000000e+00
7.650000000000000000e+04	0.000000000000000000e+00
7.740000000000000000e+04	0.000000000000000000e+00
7.740000000000000000e+04	0.000000000000000000e+00
7.830000000000000000e+04	0.000000000000000000e+00
7.830000000000000000e+04	0.000000000000000000e+00
7.920000000000000000e+04	0.000000000000000000e+00
7.920000000000000000e+04	9.999999999976716936e+01
8.010000000000000000e+04	9.999999999976716936e+01
8.010000000000000000e+04	0.000000000000000000e+00
8.100000000000000000e+04	0.000000000000000000e+00
8.100000000000000000e+04	0.000000000000000000e+00
8.190000000000000000e+04	0.000000000000000000e+00
8.190000000000000000e+04	0.000000000000000000e+00
8.280000000000000000e+04	0.000000000000000000e+00
8.280000000000000000e+04	6.059999999999883585e+03
8.370000000000000000e+04	6.059999999999883585e+03
8.370000000000000000e+04	0.000000000000000000e+00
8.460000000000000000e+04	0.000000000000000000e+00
8.460000000000000000e+04	0.000000000000000000e+00
8.550000000000000000e+04	0.000000000000000000e+00
8.550000000000000000e+04	0.000000000000000000e+00
8.640000000000000000e+04	0.000000000000000000e+00
8.640000000000000000e+04	0.000000000000000000e+00
8.730000000000000000e+04	0.000000000000000000e+00
8.730000000000000000e+04	0.000000000000000000e+00
8.820000000000000000e+04	0.000000000000000000e+00
8.820000000000000000e+04	0.000000000000000000e+00
8.910000000000000000e+04	0.000000000000000000e+00
8.910000000000000000e+04	0.000000000000000000e+00
9.000000000000000000e+04	0.000000000000000000e+00
9.000000000000000000e+04	5.820766091346740723e-11
9.090000000000000000e+04	5.820766091346740723e-11
9.090000000000000000e+04	0.000000000000000000e+00
9.180000000000000000e+04	0.000000000000000000e+00
9.180000000000000000e+04	0.000000000000000000e+00
9.270000000000000000e+04	0.000000000000000000e+00
9.270000000000000000e+04	0.000000000000000000e+00
9.360000000000000000e+04	0.000000000000000000e+00
9.360000000000000000e+04	6.060000000000058208e+03
9.450000000000000000e+04	6.060000000000058208e+03
9.450000000000000000e+04	0.000000000000000000e+00
9.540000000000000000e+04	0.000000000000000000e+00
9.540000000000000000e+04	0.000000000000000000e+00
9.630000000000000000e+04	0.000000000000000000e+00
9.630000000000000000e+04	0.000000000000000000e+00
9.720000000000000000e+04	0.000000000000000000e+00
9.720000000000000000e+04	0.000000000000000000e+00
9.810000000000000000e+04	0.000000000000000000e+00
9.810000000000000000e+04	4.517948189405712583e+03
9.900000000000000000e+04	4.517948189405712583e+03
9.900000000000000000e+04	0.000000000000000000e+00
9.990000000000000000e+04	0.000000000000000000e+00
9.990000000000000000e+04	0.000000000000000000e+00
1.008000000000000000e+05	0.000000000000000000e+00
1.008000000000000000e+05	0.000000000000000000e+00
1.017000000000000000e+05	0.000000000000000000e+00
1.017000000000000000e+05	6.060000000000000000e+03
1.026000000000000000e+05	6.060000000000000000e+03
1.026000000000000000e+05	2.591447651805062378e+03
1.035000000000000000e+05	2.591447651805062378e+03
1.035000000000000000e+05	9.999999999999909051e+01
1.044000000000000000e+05	9.999999999999909051e+01
1.044000000000000000e+05	2.679009322692523710e+03
1.053000000000000000e+05	2.679009322692523710e+03
1.053000000000000000e+05	2.679009322692689238e+03
1.062000000000000000e+05	2.679009322692689238e+03
1.062000000000000000e+05	0.000000000000000000e+00
1.071000000000000000e+05	0.000000000000000000e+00
1.071000000000000000e+05	9.999999999998908606e+01
1.080000000000000000e+05	9.999999999998908606e+01
1.080000000000000000e+05	5.820766091346740723e-11
1.089000000000000000e+05	5.820766091346740723e-11
1.089000000000000000e+05	0.000000000000000000e+00
1.098000000000000000e+05	0.000000000000000000e+00
1.098000000000000000e+05	0.000000000000000000e+00
1.107000000000000000e+05	0.000000000000000000e+00
1.107000000000000000e+05	5.171719960981598888e+03
1.116000000000000000e+05	5.171719960981598888e+03
1.116000000000000000e+05	9.000000000000058208e+03
1.125000000000000000e+05	9.000000000000058208e+03
1.125000000000000000e+05	9.000000000000000000e+03
1.134000000000000000e+05	9.000000000000000000e+03
1.134000000000000000e+05	9.000000000000000000e+03
1.143000000000000000e+05	9.000000000000000000e+03
1.143000000000000000e+05	9.000000000000000000e+03
1.152000000000000000e+05	9.000000000000000000e+03
1.152000000000000000e+05	8.999999999999941792e+03
1.161000000000000000e+05	8.999999999999941792e+03
1.161000000000000000e+05	9.000000000000000000e+03
1.170000000000000000e+05	9.000000000000000000e+03
1.170000000000000000e+05	9.000000000000000000e+03
1.179000000000000000e+05	9.000000000000000000e+03
1.179000000000000000e+05	9.000000000000000000e+03
1.188000000000000000e+05	9.000000000000000000e+03
1.188000000000000000e+05	3.169659317377139814e+03
1.197000000000000000e+05	3.169659317377139814e+03
1.197000000000000000e+05	5.185583491517158109e+03
1.206000000000000000e+05	5.185583491517158109e+03
1.206000000000000000e+05	5.266799999999993815e+03
1.215000000000000000e+05	5.266799999999993815e+03
1.215000000000000000e+05	5.111242519925769557e+03
1.224000000000000000e+05	5.111242519925769557e+03
1.224000000000000000e+05	5.266799999999930151e+03
1.233000000000000000e+05	5.266799999999930151e+03
1.233000000000000000e+05	5.363941336757940917e+03
1.242000000000000000e+05	5.363941336757940917e+03
1.242000000000000000e+05	0.000000000000000000e+00
1.251000000000000000e+05	0.000000000000000000e+00
1.251000000000000000e+05	0.000000000000000000e+00
1.260000000000000000e+05	0.000000000000000000e+00
1.260000000000000000e+05	5.123950922979274765e+03
1.269000000000000000e+05	5.123950922979274765e+03
1.269000000000000000e+05	4.749952681462242253e+03
1.278000000000000000e+05	4.749952681462242253e+03
1.278000000000000000e+05	4.796817633969119925e+03
1.287000000000000000e+05	4.796817633969119925e+03
1.287000000000000000e+05	0.000000000000000000e+00
1.296000000000000000e+05	0.000000000000000000e+00
1.296000000000000000e+05	0.000000000000000000e+00
1.305000000000000000e+05	0.000000000000000000e+00
1.305000000000000000e+05	5.371687969658534712e+03
1.314000000000000000e+05	5.371687969658534712e+03
1.314000000000000000e+05	0.000000000000000000e+00
1.323000000000000000e+05	0.000000000000000000e+00
1.323000000000000000e+05	5.161468860534647320e+03
1.332000000000000000e+05	5.161468860534647320e+03
1.332000000000000000e+05	5.820766091346740723e-11
1.341000000000000000e+05	5.820766091346740723e-11
1.341000000000000000e+05	0.000000000000000000e+00
1.350000000000000000e+05	0.000000000000000000e+00
1.350000000000000000e+05	0.000000000000000000e+00
1.359000000000000000e+05	0.000000000000000000e+00
1.359000000000000000e+05	0.000000000000000000e+00
1.368000000000000000e+05	0.000000000000000000e+00
1.368000000000000000e+05	3.963887498064548708e+03
1.377000000000000000e+05	3.963887498064548708e+03
1.377000000000000000e+05	0.000000000000000000e+00
1.386000000000000000e+05	0.000000000000000000e+00
1.386000000000000000e+05	4.956574969613546273e+03
1.395000000000000000e+05	4.956574969613546273e+03
1.395000000000000000e+05	0.000000000000000000e+00
1.404000000000000000e+05	0.000000000000000000e+00
1.404000000000000000e+05	3.963887498064548708e+03
1.413000000000000000e+05	3.963887498064548708e+03
1.413000000000000000e+05	0.000000000000000000e+00
1.422000000000000000e+05	0.000000000000000000e+00
1.422000000000000000e+05	0.000000000000000000e+00
1.431000000000000000e+05	0.000000000000000000e+00
1.431000000000000000e+05	0.000000000000000000e+00
1.440000000000000000e+05	0.000000000000000000e+00
1.440000000000000000e+05	0.000000000000000000e+00
1.449000000000000000e+05	0.000000000000000000e+00
1.449000000000000000e+05	0.000000000000000000e+00
1.458000000000000000e+05	0.000000000000000000e+00
1.458000000000000000e+05	0.000000000000000000e+00
1.467000000000000000e+05	0.000000000000000000e+00
1.467000000000000000e+05	0.000000000000000000e+00
1.476000000000000000e+05	0.000000000000000000e+00
1.476000000000000000e+05	0.000000000000000000e+00
1.485000000000000000e+05	0.000000000000000000e+00
1.485000000000000000e+05	0.000000000000000000e+00
1.494000000000000000e+05	0.000000000000000000e+00
1.494000000000000000e+05	0.000000000000000000e+00
1.503000000000000000e+05	0.000000000000000000e+00
1.503000000000000000e+05	9.000000000000000000e+03
1.512000000000000000e+05	9.000000000000000000e+03
1.512000000000000000e+05	0.000000000000000000e+00
1.521000000000000000e+05	0.000000000000000000e+00
1.521000000000000000e+05	0.000000000000000000e+00
1.530000000000000000e+05	0.000000000000000000e+00
1.530000000000000000e+05	7.532142880648101709e+03
1.539000000000000000e+05	7.532142880648101709e+03
1.539000000000000000e+05	0.000000000000000000e+00
1.548000000000000000e+05	0.000000000000000000e+00
1.548000000000000000e+05	8.999999999999883585e+03
1.557000000000000000e+05	8.999999999999883585e+03
1.557000000000000000e+05	4.679092387315897213e+03
1.566000000000000000e+05	4.679092387315897213e+03
1.566000000000000000e+05	0.000000000000000000e+00
1.575000000000000000e+05	0.000000000000000000e+00
1.575000000000000000e+05	0.000000000000000000e+00
1.584000000000000000e+05	0.000000000000000000e+00
1.584000000000000000e+05	-5.820766091346740723e-11
1.593000000000000000e+05	-5.820766091346740723e-11
1.593000000000000000e+05	0.000000000000000000e+00
1.602000000000000000e+05	0.000000000000000000e+00
1.602000000000000000e+05	0.000000000000000000e+00
1.611000000000000000e+05	0.000000000000000000e+00
1.611000000000000000e+05	0.000000000000000000e+00
1.620000000000000000e+05	0.000000000000000000e+00
1.620000000000000000e+05	5.820766091346740723e-11
1.629000000000000000e+05	5.820766091346740723e-11
1.629000000000000000e+05	0.000000000000000000e+00
1.638000000000000000e+05	0.000000000000000000e+00
1.638000000000000000e+05	0.000000000000000000e+00
1.647000000000000000e+05	0.000000000000000000e+00
1.647000000000000000e+05	0.000000000000000000e+00
1.656000000000000000e+05	0.000000000000000000e+00
1.656000000000000000e+05	0.000000000000000000e+00
1.665000000000000000e+05	0.000000000000000000e+00
1.665000000000000000e+05	0.000000000000000000e+00
1.674000000000000000e+05	0.000000000000000000e+00
1.674000000000000000e+05	0.000000000000000000e+00
1.683000000000000000e+05	0.000000000000000000e+00
1.683000000000000000e+05	0.000000000000000000e+00
1.692000000000000000e+05	0.000000000000000000e+00
1.692000000000000000e+05	-5.820766091346740723e-11
1.701000000000000000e+05	-5.820766091346740723e-11
1.701000000000000000e+05	0.000000000000000000e+00
1.710000000000000000e+05	0.000000000000000000e+00
1.710000000000000000e+05	0.000000000000000000e+00
1.719000000000000000e+05	0.000000000000000000e+00
1.719000000000000000e+05	0.000000000000000000e+00
1.728000000000000000e+05	0.000000000000000000e+00
1.728000000000000000e+05	0.000000000000000000e+00
1.737000000000000000e+05	0.000000000000000000e+00
1.737000000000000000e+05	0.000000000000000000e+00
1.746000000000000000e+05	0.000000000000000000e+00
1.746000000000000000e+05	0.000000000000000000e+00
1.755000000000000000e+05	0.000000000000000000e+00
1.755000000000000000e+05	0.000000000000000000e+00
1.764000000000000000e+05	0.000000000000000000e+00
1.764000000000000000e+05	5.820766091346740723e-11
1.773000000000000000e+05	5.820766091346740723e-11
1.773000000000000000e+05	0.000000000000000000e+00
1.782000000000000000e+05	0.000000000000000000e+00
1.782000000000000000e+05	0.000000000000000000e+00
1.791000000000000000e+05	0.000000000000000000e+00
1.791000000000000000e+05	0.000000000000000000e+00
1.800000000000000000e+05	0.000000000000000000e+00
1.800000000000000000e+05	0.000000000000000000e+00
1.809000000000000000e+05	0.000000000000000000e+00
1.809000000000000000e+05	9.999999999998817657e+01
1.818000000000000000e+05	9.999999999998817657e+01
1.818000000000000000e+05	9.999999999998817657e+01
1.827000000000000000e+05	9.999999999998817657e+01
1.827000000000000000e+05	0.000000000000000000e+00
1.836000000000000000e+05	0.000000000000000000e+00
1.836000000000000000e+05	0.000000000000000000e+00
1.845000000000000000e+05	0.000000000000000000e+00
1.845000000000000000e+05	0.000000000000000000e+00
1.854000000000000000e+05	0.000000000000000000e+00
1.854000000000000000e+05	0.000000000000000000e+00
1.863000000000000000e+05	0.000000000000000000e+00
1.863000000000000000e+05	0.000000000000000000e+00
1.872000000000000000e+05	0.000000000000000000e+00
1.872000000000000000e+05	1.853560167206625920e+03
1.881000000000000000e+05	1.853560167206625920e+03
1.881000000000000000e+05	9.999999999999909051e+01
1.890000000000000000e+05	9.999999999999909051e+01
1.890000000000000000e+05	9.999999999998817657e+01
1.899000000000000000e+05	9.999999999998817657e+01
1.899000000000000000e+05	2.262393639090640136e+03
1.908000000000000000e+05	2.262393639090640136e+03
1.908000000000000000e+05	-5.820766091346740723e-11
1.917000000000000000e+05	-5.820766091346740723e-11
1.917000000000000000e+05	0.000000000000000000e+00
1.926000000000000000e+05	0.000000000000000000e+00
1.926000000000000000e+05	0.000000000000000000e+00
1.935000000000000000e+05	0.000000000000000000e+00
1.935000000000000000e+05	0.000000000000000000e+00
1.944000000000000000e+05	0.000000000000000000e+00
1.944000000000000000e+05	5.820766091346740723e-11
1.953000000000000000e+05	5.820766091346740723e-11
1.953000000000000000e+05	0.000000000000000000e+00
1.962000000000000000e+05	0.000000000000000000e+00
1.962000000000000000e+05	0.000000000000000000e+00
1.971000000000000000e+05	0.000000000000000000e+00
1.971000000000000000e+05	0.000000000000000000e+00
1.980000000000000000e+05	0.000000000000000000e+00
1.980000000000000000e+05	6.060000000000058208e+03
1.989000000000000000e+05	6.060000000000058208e+03
1.989000000000000000e+05	0.000000000000000000e+00
1.998000000000000000e+05	0.000000000000000000e+00
1.998000000000000000e+05	0.000000000000000000e+00
2.007000000000000000e+05	0.000000000000000000e+00
2.007000000000000000e+05	0.000000000000000000e+00
2.016000000000000000e+05	0.000000000000000000e+00
2.016000000000000000e+05	8.999999999999883585e+03
2.025000000000000000e+05	8.999999999999883585e+03
2.025000000000000000e+05	9.000000000000000000e+03
2.034000000000000000e+05	9.000000000000000000e+03
2.034000000000000000e+05	9.000000000000000000e+03
2.043000000000000000e+05	9.000000000000000000e+03
2.043000000000000000e+05	9.000000000000000000e+03
2.052000000000000000e+05	9.000000000000000000e+03
2.052000000000000000e+05	9.000000000000058208e+03
2.061000000000000000e+05	9.000000000000058208e+03
2.061000000000000000e+05	9.000000000000000000e+03
2.070000000000000000e+05	9.000000000000000000e+03
2.070000000000000000e+05	6.303737745965323484e+03
2.079000000000000000e+05	6.303737745965323484e+03
2.079000000000000000e+05	5.963887498064509600e+03
2.088000000000000000e+05	5.963887498064509600e+03
2.088000000000000000e+05	5.820766091346740723e-11
2.097000000000000000e+05	5.820766091346740723e-11
2.097000000000000000e+05	5.266800000000043838e+03
2.106000000000000000e+05	5.266800000000043838e+03
2.106000000000000000e+05	6.139653261938200558e+03
2.115000000000000000e+05	6.139653261938200558e+03
2.115000000000000000e+05	0.000000000000000000e+00
2.124000000000000000e+05	0.000000000000000000e+00
2.124000000000000000e+05	7.461239357212209143e+03
2.133000000000000000e+05	7.461239357212209143e+03
2.133000000000000000e+05	0.000000000000000000e+00
2.142000000000000000e+05	0.000000000000000000e+00
2.142000000000000000e+05	7.004996323008490435e+03
2.151000000000000000e+05	7.004996323008490435e+03
2.151000000000000000e+05	0.000000000000000000e+00
2.160000000000000000e+05	0.000000000000000000e+00
2.160000000000000000e+05	8.107236337581998669e+03
2.169000000000000000e+05	8.107236337581998669e+03
2.169000000000000000e+05	0.000000000000000000e+00
2.178000000000000000e+05	0.000000000000000000e+00
2.178000000000000000e+05	7.000000000000000000e+03
2.187000000000000000e+05	7.000000000000000000e+03
2.187000000000000000e+05	0.000000000000000000e+00
2.196000000000000000e+05	0.000000000000000000e+00
2.196000000000000000e+05	8.337980461711820681e+03
2.205000000000000000e+05	8.337980461711820681e+03
2.205000000000000000e+05	4.516519797526689217e+03
2.214000000000000000e+05	4.516519797526689217e+03
2.214000000000000000e+05	0.000000000000000000e+00
2.223000000000000000e+05	0.000000000000000000e+00
2.223000000000000000e+05	5.093731752161667828e+03
2.232000000000000000e+05	5.093731752161667828e+03
2.232000000000000000e+05	8.999999999999941792e+03
2.241000000000000000e+05	8.999999999999941792e+03
2.241000000000000000e+05	0.000000000000000000e+00
2.250000000000000000e+05	0.000000000000000000e+00
2.250000000000000000e+05	0.000000000000000000e+00
2.259000000000000000e+05	0.000000000000000000e+00
2.259000000000000000e+05	6.060000000000000000e+03
2.268000000000000000e+05	6.060000000000000000e+03
2.268000000000000000e+05	0.000000000000000000e+00
2.277000000000000000e+05	0.000000000000000000e+00
2.277000000000000000e+05	1.071976236708983521e+02
2.286000000000000000e+05	1.071976236708983521e+02
2.286000000000000000e+05	9.999999999999727152e+01
2.295000000000000000e+05	9.999999999999727152e+01
2.295000000000000000e+05	4.060000000000001819e+03
2.304000000000000000e+05	4.060000000000001819e+03
2.304000000000000000e+05	-5.820766091346740723e-11
2.313000000000000000e+05	-5.820766091346740723e-11
2.313000000000000000e+05	0.000000000000000000e+00
2.322000000000000000e+05	0.000000000000000000e+00
2.322000000000000000e+05	0.000000000000000000e+00
2.331000000000000000e+05	0.000000000000000000e+00
2.331000000000000000e+05	0.000000000000000000e+00
2.340000000000000000e+05	0.000000000000000000e+00
2.340000000000000000e+05	6.023577350126812235e+03
2.349000000000000000e+05	6.023577350126812235e+03
2.349000000000000000e+05	0.000000000000000000e+00
2.358000000000000000e+05	0.000000000000000000e+00
2.358000000000000000e+05	0.000000000000000000e+00
2.367000000000000000e+05	0.000000000000000000e+00
2.367000000000000000e+05	7.000000000000000000e+03
2.376000000000000000e+05	7.000000000000000000e+03
2.376000000000000000e+05	8.952972157774493098e+03
2.385000000000000000e+05	8.952972157774493098e+03
2.385000000000000000e+05	0.000000000000000000e+00
2.394000000000000000e+05	0.000000000000000000e+00
2.394000000000000000e+05	4.060000000000000000e+03
2.403000000000000000e+05	4.060000000000000000e+03
2.403000000000000000e+05	4.976403471983006057e+03
2.412000000000000000e+05	4.976403471983006057e+03
2.412000000000000000e+05	0.000000000000000000e+00
2.421000000000000000e+05	0.000000000000000000e+00
2.421000000000000000e+05	0.000000000000000000e+00
2.430000000000000000e+05	0.000000000000000000e+00
2.430000000000000000e+05	4.582153380611462126e+03
2.439000000000000000e+05	4.582153380611462126e+03
2.439000000000000000e+05	0.000000000000000000e+00
2.448000000000000000e+05	0.000000000000000000e+00
2.448000000000000000e+05	0.000000000000000000e+00
2.457000000000000000e+05	0.000000000000000000e+00
2.457000000000000000e+05	0.000000000000000000e+00
2.466000000000000000e+05	0.000000000000000000e+00
2.466000000000000000e+05	0.000000000000000000e+00
2.475000000000000000e+05	0.000000000000000000e+00
2.475000000000000000e+05	0.000000000000000000e+00
2.484000000000000000e+05	0.000000000000000000e+00
2.484000000000000000e+05	5.820766091346740723e-11
2.493000000000000000e+05	5.820766091346740723e-11
2.493000000000000000e+05	0.000000000000000000e+00
2.502000000000000000e+05	0.000000000000000000e+00
2.502000000000000000e+05	0.000000000000000000e+00
2.511000000000000000e+05	0.000000000000000000e+00
2.511000000000000000e+05	0.000000000000000000e+00
2.520000000000000000e+05	0.000000000000000000e+00
2.520000000000000000e+05	5.820766091346740723e-11
2.529000000000000000e+05	5.820766091346740723e-11
2.529000000000000000e+05	0.000000000000000000e+00
2.538000000000000000e+05	0.000000000000000000e+00
2.538000000000000000e+05	0.000000000000000000e+00
2.547000000000000000e+05	0.000000000000000000e+00
2.547000000000000000e+05	0.000000000000000000e+00
2.556000000000000000e+05	0.000000000000000000e+00
2.556000000000000000e+05	0.000000000000000000e+00
2.565000000000000000e+05	0.000000000000000000e+00
2.565000000000000000e+05	0.000000000000000000e+00
2.574000000000000000e+05	0.000000000000000000e+00
2.574000000000000000e+05	0.000000000000000000e+00
2.583000000000000000e+05	0.000000000000000000e+00
2.583000000000000000e+05	0.000000000000000000e+00
2.592000000000000000e+05	0.000000000000000000e+00
2.592000000000000000e+05	5.820766091346740723e-11
2.601000000000000000e+05	5.820766091346740723e-11
2.601000000000000000e+05	0.000000000000000000e+00
2.610000000000000000e+05	0.000000000000000000e+00
2.610000000000000000e+05	0.000000000000000000e+00
2.619000000000000000e+05	0.000000000000000000e+00
2.619000000000000000e+05	0.000000000000000000e+00
2.628000000000000000e+05	0.000000000000000000e+00
2.628000000000000000e+05	6.059999999999883585e+03
2.637000000000000000e+05	6.059999999999883585e+03
2.637000000000000000e+05	0.000000000000000000e+00
2.646000000000000000e+05	0.000000000000000000e+00
2.646000000000000000e+05	0.000000000000000000e+00
2.655000000000000000e+05	0.000000000000000000e+00
2.655000000000000000e+05	0.000000000000000000e+00
2.664000000000000000e+05	0.000000000000000000e+00
2.664000000000000000e+05	5.820766091346740723e-11
2.673000000000000000e+05	5.820766091346740723e-11
2.673000000000000000e+05	0.000000000000000000e+00
2.682000000000000000e+05	0.000000000000000000e+00
2.682000000000000000e+05	0.000000000000000000e+00
2.691000000000000000e+05	0.000000000000000000e+00
2.691000000000000000e+05	0.000000000000000000e+00
2.700000000000000000e+05	0.000000000000000000e+00
2.700000000000000000e+05	5.820766091346740723e-11
2.709000000000000000e+05	5.820766091346740723e-11
2.709000000000000000e+05	0.000000000000000000e+00
2.718000000000000000e+05	0.000000000000000000e+00
2.718000000000000000e+05	0.000000000000000000e+00
2.727000000000000000e+05	0.000000000000000000e+00
2.727000000000000000e+05	0.000000000000000000e+00
2.736000000000000000e+05	0.000000000000000000e+00
2.736000000000000000e+05	0.000000000000000000e+00
2.745000000000000000e+05	0.000000000000000000e+00
2.745000000000000000e+05	0.000000000000000000e+00
2.754000000000000000e+05	0.000000000000000000e+00
2.754000000000000000e+05	0.000000000000000000e+00
2.763000000000000000e+05	0.000000000000000000e+00
2.763000000000000000e+05	0.000000000000000000e+00
2.772000000000000000e+05	0.000000000000000000e+00
2.772000000000000000e+05	0.000000000000000000e+00
2.781000000000000000e+05	0.000000000000000000e+00
2.781000000000000000e+05	0.000000000000000000e+00
2.790000000000000000e+05	0.000000000000000000e+00
2.790000000000000000e+05	0.000000000000000000e+00
2.799000000000000000e+05	0.000000000000000000e+00
2.799000000000000000e+05	0.000000000000000000e+00
2.808000000000000000e+05	0.000000000000000000e+00
2.808000000000000000e+05	0.000000000000000000e+00
2.817000000000000000e+05	0.000000000000000000e+00
2.817000000000000000e+05	0.000000000000000000e+00
2.826000000000000000e+05	0.000000000000000000e+00
2.826000000000000000e+05	0.000000000000000000e+00
2.835000000000000000e+05	0.000000000000000000e+00
2.835000000000000000e+05	9.000000000000000000e+03
2.844000000000000000e+05	9.000000000000000000e+03
2.844000000000000000e+05	8.999999999999708962e+03
2.853000000000000000e+05	8.999999999999708962e+03
2.853000000000000000e+05	9.000000000000000000e+03
2.862000000000000000e+05	9.000000000000000000e+03
2.862000000000000000e+05	9.000000000000000000e+03
2.871000000000000000e+05	9.000000000000000000e+03
2.871000000000000000e+05	9.000000000000000000e+03
2.880000000000000000e+05	9.000000000000000000e+03
2.880000000000000000e+05	9.000000000000058208e+03
2.889000000000000000e+05	9.000000000000058208e+03
2.889000000000000000e+05	9.000000000000000000e+03
2.898000000000000000e+05	9.000000000000000000e+03
2.898000000000000000e+05	9.000000000000000000e+03
2.907000000000000000e+05	9.000000000000000000e+03
2.907000000000000000e+05	9.000000000000000000e+03
2.916000000000000000e+05	9.000000000000000000e+03
2.916000000000000000e+05	3.013174483292619698e+03
2.925000000000000000e+05	3.013174483292619698e+03
2.925000000000000000e+05	5.266799999999983811e+03
2.934000000000000000e+05	5.266799999999983811e+03
2.934000000000000000e+05	5.423236221424597716e+03
2.943000000000000000e+05	5.423236221424597716e+03
2.943000000000000000e+05	5.443794095360573010e+03
2.952000000000000000e+05	5.443794095360573010e+03
2.952000000000000000e+05	0.000000000000000000e+00
2.961000000000000000e+05	0.000000000000000000e+00
2.961000000000000000e+05	5.302652913278775486e+03
2.970000000000000000e+05	5.302652913278775486e+03
2.970000000000000000e+05	3.226299537282973233e+03
2.979000000000000000e+05	3.226299537282973233e+03
2.979000000000000000e+05	5.266800000000000182e+03
2.988000000000000000e+05	5.266800000000000182e+03
2.988000000000000000e+05	4.790431060970644467e+03
2.997000000000000000e+05	4.790431060970644467e+03
2.997000000000000000e+05	4.593862827654118519e+03
3.006000000000000000e+05	4.593862827654118519e+03
3.006000000000000000e+05	4.978756499181106847e+03
3.015000000000000000e+05	4.978756499181106847e+03
3.015000000000000000e+05	4.060000000000005457e+03
3.024000000000000000e+05	4.060000000000005457e+03
3.024000000000000000e+05	5.820766091346740723e-11
3.033000000000000000e+05	5.820766091346740723e-11
3.033000000000000000e+05	0.000000000000000000e+00
3.042000000000000000e+05	0.000000000000000000e+00
3.042000000000000000e+05	0.000000000000000000e+00
3.051000000000000000e+05	0.000000000000000000e+00
3.051000000000000000e+05	0.000000000000000000e+00
3.060000000000000000e+05	0.000000000000000000e+00
3.060000000000000000e+05	0.000000000000000000e+00
3.069000000000000000e+05	0.000000000000000000e+00
3.069000000000000000e+05	0.000000000000000000e+00
3.078000000000000000e+05	0.000000000000000000e+00
3.078000000000000000e+05	0.000000000000000000e+00
3.087000000000000000e+05	0.000000000000000000e+00
3.087000000000000000e+05	0.000000000000000000e+00
3.096000000000000000e+05	0.000000000000000000e+00
3.096000000000000000e+05	6.859927525128179695e+03
3.105000000000000000e+05	6.859927525128179695e+03
3.105000000000000000e+05	1.658069943978728816e+03
3.114000000000000000e+05	1.658069943978728816e+03
3.114000000000000000e+05	0.000000000000000000e+00
3.123000000000000000e+05	0.000000000000000000e+00
3.123000000000000000e+05	0.000000000000000000e+00
3.132000000000000000e+05	0.000000000000000000e+00
3.132000000000000000e+05	5.410394419658405241e+03
3.141000000000000000e+05	5.410394419658405241e+03
3.141000000000000000e+05	0.000000000000000000e+00
3.150000000000000000e+05	0.000000000000000000e+00
3.150000000000000000e+05	0.000000000000000000e+00
3.159000000000000000e+05	0.000000000000000000e+00
3.159000000000000000e+05	0.000000000000000000e+00
3.168000000000000000e+05	0.000000000000000000e+00
3.168000000000000000e+05	5.675234672990802210e+03
3.177000000000000000e+05	5.675234672990802210e+03
3.177000000000000000e+05	0.000000000000000000e+00
3.186000000000000000e+05	0.000000000000000000e+00
3.186000000000000000e+05	0.000000000000000000e+00
3.195000000000000000e+05	0.000000000000000000e+00
3.195000000000000000e+05	0.000000000000000000e+00
3.204000000000000000e+05	0.000000000000000000e+00
3.204000000000000000e+05	9.000000000000000000e+03
3.213000000000000000e+05	9.000000000000000000e+03
3.213000000000000000e+05	0.000000000000000000e+00
3.222000000000000000e+05	0.000000000000000000e+00
3.222000000000000000e+05	0.000000000000000000e+00
3.231000000000000000e+05	0.000000000000000000e+00
3.231000000000000000e+05	9.000000000000000000e+03
3.240000000000000000e+05	9.000000000000000000e+03
3.240000000000000000e+05	5.345191173129307572e+03
3.249000000000000000e+05	5.345191173129307572e+03
3.249000000000000000e+05	4.905790363416193031e+03
3.258000000000000000e+05	4.905790363416193031e+03
3.258000000000000000e+05	5.042198784032664662e+03
3.267000000000000000e+05	5.042198784032664662e+03
3.267000000000000000e+05	0.000000000000000000e+00
3.276000000000000000e+05	0.000000000000000000e+00
3.276000000000000000e+05	0.000000000000000000e+00
3.285000000000000000e+05	0.000000000000000000e+00
3.285000000000000000e+05	0.000000000000000000e+00
3.294000000000000000e+05	0.000000000000000000e+00
3.294000000000000000e+05	6.806244029960126682e+03
3.303000000000000000e+05	6.806244029960126682e+03
3.303000000000000000e+05	0.000000000000000000e+00
3.312000000000000000e+05	0.000000000000000000e+00
3.312000000000000000e+05	4.504727089273277670e+03
3.321000000000000000e+05	4.504727089273277670e+03
3.321000000000000000e+05	0.000000000000000000e+00
3.330000000000000000e+05	0.000000000000000000e+00
3.330000000000000000e+05	0.000000000000000000e+00
3.339000000000000000e+05	0.000000000000000000e+00
3.339000000000000000e+05	0.000000000000000000e+00
3.348000000000000000e+05	0.000000000000000000e+00
3.348000000000000000e+05	5.820766091346740723e-11
3.357000000000000000e+05	5.820766091346740723e-11
3.357000000000000000e+05	0.000000000000000000e+00
3.366000000000000000e+05	0.000000000000000000e+00
3.366000000000000000e+05	0.000000000000000000e+00
3.375000000000000000e+05	0.000000000000000000e+00
3.375000000000000000e+05	0.000000000000000000e+00
3.384000000000000000e+05	0.000000000000000000e+00
3.384000000000000000e+05	0.000000000000000000e+00
3.393000000000000000e+05	0.000000000000000000e+00
3.393000000000000000e+05	0.000000000000000000e+00
3.402000000000000000e+05	0.000000000000000000e+00
3.402000000000000000e+05	0.000000000000000000e+00
3.411000000000000000e+05	0.000000000000000000e+00
3.411000000000000000e+05	0.000000000000000000e+00
3.420000000000000000e+05	0.000000000000000000e+00
3.420000000000000000e+05	0.000000000000000000e+00
3.429000000000000000e+05	0.000000000000000000e+00
3.429000000000000000e+05	0.000000000000000000e+00
3.438000000000000000e+05	0.000000000000000000e+00
3.438000000000000000e+05	0.000000000000000000e+00
3.447000000000000000e+05	0.000000000000000000e+00
3.447000000000000000e+05	0.000000000000000000e+00
3.456000000000000000e+05	0.000000000000000000e+00
3.456000000000000000e+05	6.059999999999883585e+03
3.465000000000000000e+05	6.059999999999883585e+03
3.465000000000000000e+05	0.000000000000000000e+00
3.474000000000000000e+05	0.000000000000000000e+00
3.474000000000000000e+05	0.000000000000000000e+00
3.483000000000000000e+05	0.000000000000000000e+00
3.483000000000000000e+05	0.000000000000000000e+00
3.492000000000000000e+05	0.000000000000000000e+00
3.492000000000000000e+05	0.000000000000000000e+00
3.501000000000000000e+05	0.000000000000000000e+00
3.501000000000000000e+05	0.000000000000000000e+00
3.510000000000000000e+05	0.000000000000000000e+00
3.510000000000000000e+05	0.000000000000000000e+00
3.519000000000000000e+05	0.000000000000000000e+00
3.519000000000000000e+05	0.000000000000000000e+00
3.528000000000000000e+05	0.000000000000000000e+00
3.528000000000000000e+05	0.000000000000000000e+00
3.537000000000000000e+05	0.000000000000000000e+00
3.537000000000000000e+05	9.999999999999909051e+01
3.546000000000000000e+05	9.999999999999909051e+01
3.546000000000000000e+05	9.999999999999909051e+01
3.555000000000000000e+05	9.999999999999909051e+01
3.555000000000000000e+05	9.999999999999909051e+01
3.564000000000000000e+05	9.999999999999909051e+01
3.564000000000000000e+05	0.000000000000000000e+00
3.573000000000000000e+05	0.000000000000000000e+00
3.573000000000000000e+05	0.000000000000000000e+00
3.582000000000000000e+05	0.000000000000000000e+00
3.582000000000000000e+05	0.000000000000000000e+00
3.591000000000000000e+05	0.000000000000000000e+00
3.591000000000000000e+05	0.000000000000000000e+00
3.600000000000000000e+05	0.000000000000000000e+00
3.600000000000000000e+05	0.000000000000000000e+00
3.609000000000000000e+05	0.000000000000000000e+00
3.609000000000000000e+05	0.000000000000000000e+00
3.618000000000000000e+05	0.000000000000000000e+00
3.618000000000000000e+05	2.102789293215939324e+03
3.627000000000000000e+05	2.102789293215939324e+03
3.627000000000000000e+05	2.679009322692700152e+03
3.636000000000000000e+05	2.679009322692700152e+03
3.636000000000000000e+05	0.000000000000000000e+00
3.645000000000000000e+05	0.000000000000000000e+00
3.645000000000000000e+05	0.000000000000000000e+00
3.654000000000000000e+05	0.000000000000000000e+00
3.654000000000000000e+05	0.000000000000000000e+00
3.663000000000000000e+05	0.000000000000000000e+00
3.663000000000000000e+05	0.000000000000000000e+00
3.672000000000000000e+05	0.000000000000000000e+00
3.672000000000000000e+05	2.080301016769488342e+03
3.681000000000000000e+05	2.080301016769488342e+03
3.681000000000000000e+05	0.000000000000000000e+00
3.690000000000000000e+05	0.000000000000000000e+00
3.690000000000000000e+05	9.999999999998817657e+01
3.699000000000000000e+05	9.999999999998817657e+01
3.699000000000000000e+05	5.892908697585619848e+03
3.708000000000000000e+05	5.892908697585619848e+03
3.708000000000000000e+05	9.000000000000000000e+03
3.717000000000000000e+05	9.000000000000000000e+03
3.717000000000000000e+05	9.000000000000000000e+03
3.726000000000000000e+05	9.000000000000000000e+03
3.726000000000000000e+05	9.000000000000000000e+03
3.735000000000000000e+05	9.000000000000000000e+03
3.735000000000000000e+05	9.000000000000000000e+03
3.744000000000000000e+05	9.000000000000000000e+03
3.744000000000000000e+05	8.999999999999941792e+03
3.753000000000000000e+05	8.999999999999941792e+03
3.753000000000000000e+05	9.000000000000000000e+03
3.762000000000000000e+05	9.000000000000000000e+03
3.762000000000000000e+05	6.608224664630445659e+03
3.771000000000000000e+05	6.608224664630445659e+03
3.771000000000000000e+05	5.963887498064509600e+03
3.780000000000000000e+05	5.963887498064509600e+03
3.780000000000000000e+05	3.827855109820549842e+03
3.789000000000000000e+05	3.827855109820549842e+03
3.789000000000000000e+05	5.254719715826025094e+03
3.798000000000000000e+05	5.254719715826025094e+03
3.798000000000000000e+05	5.266799999999993815e+03
3.807000000000000000e+05	5.266799999999993815e+03
3.807000000000000000e+05	5.266800000000000182e+03
3.816000000000000000e+05	5.266800000000000182e+03
3.816000000000000000e+05	3.963887498064490501e+03
3.825000000000000000e+05	3.963887498064490501e+03
3.825000000000000000e+05	0.000000000000000000e+00
3.834000000000000000e+05	0.000000000000000000e+00
3.834000000000000000e+05	0.000000000000000000e+00
3.843000000000000000e+05	0.000000000000000000e+00
3.843000000000000000e+05	4.926057996152531814e+03
3.852000000000000000e+05	4.926057996152531814e+03
3.852000000000000000e+05	0.000000000000000000e+00
3.861000000000000000e+05	0.000000000000000000e+00
3.861000000000000000e+05	0.000000000000000000e+00
3.870000000000000000e+05	0.000000000000000000e+00
3.870000000000000000e+05	5.483260559944875240e+03
3.879000000000000000e+05	5.483260559944875240e+03
3.879000000000000000e+05	3.019186989385799279e+03
3.888000000000000000e+05	3.019186989385799279e+03
3.888000000000000000e+05	0.000000000000000000e+00
3.897000000000000000e+05	0.000000000000000000e+00
3.897000000000000000e+05	7.874871318196557695e+03
3.906000000000000000e+05	7.874871318196557695e+03
3.906000000000000000e+05	0.000000000000000000e+00
3.915000000000000000e+05	0.000000000000000000e+00
3.915000000000000000e+05	0.000000000000000000e+00
3.924000000000000000e+05	0.000000000000000000e+00
3.924000000000000000e+05	8.999999999999941792e+03
3.933000000000000000e+05	8.999999999999941792e+03
3.933000000000000000e+05	0.000000000000000000e+00
3.942000000000000000e+05	0.000000000000000000e+00
3.942000000000000000e+05	0.000000000000000000e+00
3.951000000000000000e+05	0.000000000000000000e+00
3.951000000000000000e+05	4.903529792394420838e+03
3.960000000000000000e+05	4.903529792394420838e+03
3.960000000000000000e+05	5.260486347202560864e+03
3.969000000000000000e+05	5.260486347202560864e+03
3.969000000000000000e+05	5.217083771637701830e+03
3.978000000000000000e+05	5.217083771637701830e+03
3.978000000000000000e+05	0.000000000000000000e+00
3.987000000000000000e+05	0.000000000000000000e+00
3.987000000000000000e+05	5.266799999999993815e+03
3.996000000000000000e+05	5.266799999999993815e+03
3.996000000000000000e+05	5.820766091346740723e-11
4.005000000000000000e+05	5.820766091346740723e-11
4.005000000000000000e+05	0.000000000000000000e+00
4.014000000000000000e+05	0.000000000000000000e+00
4.014000000000000000e+05	0.000000000000000000e+00
4.023000000000000000e+05	0.000000000000000000e+00
4.023000000000000000e+05	0.000000000000000000e+00
4.032000000000000000e+05	0.000000000000000000e+00
4.032000000000000000e+05	-5.820766091346740723e-11
4.041000000000000000e+05	-5.820766091346740723e-11
4.041000000000000000e+05	0.000000000000000000e+00
4.050000000000000000e+05	0.000000000000000000e+00
4.050000000000000000e+05	0.000000000000000000e+00
4.059000000000000000e+05	0.000000000000000000e+00
4.059000000000000000e+05	4.847354968323612411e+03
4.068000000000000000e+05	4.847354968323612411e+03
4.068000000000000000e+05	-5.820766091346740723e-11
4.077000000000000000e+05	-5.820766091346740723e-11
4.077000000000000000e+05	3.963887498064511874e+03
4.086000000000000000e+05	3.963887498064511874e+03
4.086000000000000000e+05	5.429896967298174786e+03
4.095000000000000000e+05	5.429896967298174786e+03
4.095000000000000000e+05	0.000000000000000000e+00
4.104000000000000000e+05	0.000000000000000000e+00
4.104000000000000000e+05	9.000000000000000000e+03
4.113000000000000000e+05	9.000000000000000000e+03
4.113000000000000000e+05	9.999999999999717204e+01
4.122000000000000000e+05	9.999999999999717204e+01
4.122000000000000000e+05	2.323570757946046342e+03
4.131000000000000000e+05	2.323570757946046342e+03
4.131000000000000000e+05	5.422005633357890474e+03
4.140000000000000000e+05	5.422005633357890474e+03
4.140000000000000000e+05	5.314987315841426607e+03
4.149000000000000000e+05	5.314987315841426607e+03
4.149000000000000000e+05	4.859279730903804193e+03
4.158000000000000000e+05	4.859279730903804193e+03
4.158000000000000000e+05	2.441196487768555471e+03
4.167000000000000000e+05	2.441196487768555471e+03
4.167000000000000000e+05	0.000000000000000000e+00
4.176000000000000000e+05	0.000000000000000000e+00
4.176000000000000000e+05	0.000000000000000000e+00
4.185000000000000000e+05	0.000000000000000000e+00
4.185000000000000000e+05	0.000000000000000000e+00
4.194000000000000000e+05	0.000000000000000000e+00
4.194000000000000000e+05	0.000000000000000000e+00
4.203000000000000000e+05	0.000000000000000000e+00
4.203000000000000000e+05	0.000000000000000000e+00
4.212000000000000000e+05	0.000000000000000000e+00
4.212000000000000000e+05	0.000000000000000000e+00
4.221000000000000000e+05	0.000000000000000000e+00
4.221000000000000000e+05	0.000000000000000000e+00
4.230000000000000000e+05	0.000000000000000000e+00
4.230000000000000000e+05	0.000000000000000000e+00
4.239000000000000000e+05	0.000000000000000000e+00
4.239000000000000000e+05	0.000000000000000000e+00
4.248000000000000000e+05	0.000000000000000000e+00
4.248000000000000000e+05	5.820766091346740723e-11
4.257000000000000000e+05	5.820766091346740723e-11
4.257000000000000000e+05	0.000000000000000000e+00
4.266000000000000000e+05	0.000000000000000000e+00
4.266000000000000000e+05	0.000000000000000000e+00
4.275000000000000000e+05	0.000000000000000000e+00
4.275000000000000000e+05	0.000000000000000000e+00
4.284000000000000000e+05	0.000000000000000000e+00
4.284000000000000000e+05	5.820766091346740723e-11
4.293000000000000000e+05	5.820766091346740723e-11
4.293000000000000000e+05	0.000000000000000000e+00
4.302000000000000000e+05	0.000000000000000000e+00
4.302000000000000000e+05	0.000000000000000000e+00
4.311000000000000000e+05	0.000000000000000000e+00
4.311000000000000000e+05	0.000000000000000000e+00
4.320000000000000000e+05	0.000000000000000000e+00
4.320000000000000000e+05	0.000000000000000000e+00
4.329000000000000000e+05	0.000000000000000000e+00
4.329000000000000000e+05	0.000000000000000000e+00
4.338000000000000000e+05	0.000000000000000000e+00
4.338000000000000000e+05	9.999999999998817657e+01
4.347000000000000000e+05	9.999999999998817657e+01
4.347000000000000000e+05	0.000000000000000000e+00
4.356000000000000000e+05	0.000000000000000000e+00
4.356000000000000000e+05	5.820766091346740723e-11
4.365000000000000000e+05	5.820766091346740723e-11
4.365000000000000000e+05	0.000000000000000000e+00
4.374000000000000000e+05	0.000000000000000000e+00
4.374000000000000000e+05	0.000000000000000000e+00
4.383000000000000000e+05	0.000000000000000000e+00
4.383000000000000000e+05	0.000000000000000000e+00
4.392000000000000000e+05	0.000000000000000000e+00
4.392000000000000000e+05	0.000000000000000000e+00
4.401000000000000000e+05	0.000000000000000000e+00
4.401000000000000000e+05	9.999999999998817657e+01
4.410000000000000000e+05	9.999999999998817657e+01
4.410000000000000000e+05	0.000000000000000000e+00
4.419000000000000000e+05	0.000000000000000000e+00
4.419000000000000000e+05	9.999999999998817657e+01
4.428000000000000000e+05	9.999999999998817657e+01
4.428000000000000000e+05	-5.820766091346740723e-11
4.437000000000000000e+05	-5.820766091346740723e-11
4.437000000000000000e+05	0.000000000000000000e+00
4.446000000000000000e+05	0.000000000000000000e+00
4.446000000000000000e+05	0.000000000000000000e+00
4.455000000000000000e+05	0.000000000000000000e+00
4.455000000000000000e+05	0.000000000000000000e+00
4.464000000000000000e+05	0.000000000000000000e+00
4.464000000000000000e+05	0.000000000000000000e+00
4.473000000000000000e+05	0.000000000000000000e+00
4.473000000000000000e+05	0.000000000000000000e+00
4.482000000000000000e+05	0.000000000000000000e+00
4.482000000000000000e+05	0.000000000000000000e+00
4.491000000000000000e+05	0.000000000000000000e+00
4.491000000000000000e+05	0.000000000000000000e+00
4.500000000000000000e+05	0.000000000000000000e+00
4.500000000000000000e+05	8.999999999999941792e+03
4.509000000000000000e+05	8.999999999999941792e+03
4.509000000000000000e+05	0.000000000000000000e+00
4.518000000000000000e+05	0.000000000000000000e+00
4.518000000000000000e+05	0.000000000000000000e+00
4.527000000000000000e+05	0.000000000000000000e+00
4.527000000000000000e+05	0.000000000000000000e+00
4.536000000000000000e+05	0.000000000000000000e+00
4.536000000000000000e+05	5.820766091346740723e-11
4.545000000000000000e+05	5.820766091346740723e-11
4.545000000000000000e+05	4.856177169635992868e+03
4.554000000000000000e+05	4.856177169635992868e+03
4.554000000000000000e+05	9.999999999999909051e+01
4.563000000000000000e+05	9.999999999999909051e+01
4.563000000000000000e+05	6.351104647092958658e+03
4.572000000000000000e+05	6.351104647092958658e+03
4.572000000000000000e+05	8.999999999999941792e+03
4.581000000000000000e+05	8.999999999999941792e+03
4.581000000000000000e+05	9.000000000000000000e+03
4.590000000000000000e+05	9.000000000000000000e+03
4.590000000000000000e+05	9.000000000000000000e+03
4.599000000000000000e+05	9.000000000000000000e+03
4.599000000000000000e+05	9.000000000000000000e+03
4.608000000000000000e+05	9.000000000000000000e+03
4.608000000000000000e+05	9.000000000000000000e+03
4.617000000000000000e+05	9.000000000000000000e+03
4.617000000000000000e+05	9.000000000000000000e+03
4.626000000000000000e+05	9.000000000000000000e+03
4.626000000000000000e+05	9.000000000000000000e+03
4.635000000000000000e+05	9.000000000000000000e+03
4.635000000000000000e+05	9.000000000000000000e+03
4.644000000000000000e+05	9.000000000000000000e+03
4.644000000000000000e+05	5.047430440669762902e+03
4.653000000000000000e+05	5.047430440669762902e+03
4.653000000000000000e+05	5.963887498064509600e+03
4.662000000000000000e+05	5.963887498064509600e+03
4.662000000000000000e+05	0.000000000000000000e+00
4.671000000000000000e+05	0.000000000000000000e+00
4.671000000000000000e+05	9.000000000000000000e+03
4.680000000000000000e+05	9.000000000000000000e+03
4.680000000000000000e+05	7.542054788445646409e+03
4.689000000000000000e+05	7.542054788445646409e+03
4.689000000000000000e+05	4.135036433456145460e+03
4.698000000000000000e+05	4.135036433456145460e+03
4.698000000000000000e+05	4.790678437550157469e+03
4.707000000000000000e+05	4.790678437550157469e+03
4.707000000000000000e+05	5.266799999999993815e+03
4.716000000000000000e+05	5.266799999999993815e+03
4.716000000000000000e+05	4.266299538607825525e+03
4.725000000000000000e+05	4.266299538607825525e+03
4.725000000000000000e+05	0.000000000000000000e+00
4.734000000000000000e+05	0.000000000000000000e+00
4.734000000000000000e+05	2.401840548133689481e+03
4.743000000000000000e+05	2.401840548133689481e+03
4.743000000000000000e+05	5.266799999999993815e+03
4.752000000000000000e+05	5.266799999999993815e+03
4.752000000000000000e+05	0.000000000000000000e+00
4.761000000000000000e+05	0.000000000000000000e+00
4.761000000000000000e+05	9.000000000000000000e+03
4.770000000000000000e+05	9.000000000000000000e+03
4.770000000000000000e+05	0.000000000000000000e+00
4.779000000000000000e+05	0.000000000000000000e+00
4.779000000000000000e+05	0.000000000000000000e+00
4.788000000000000000e+05	0.000000000000000000e+00
4.788000000000000000e+05	8.999999999999883585e+03
4.797000000000000000e+05	8.999999999999883585e+03
4.797000000000000000e+05	0.000000000000000000e+00
4.806000000000000000e+05	0.000000000000000000e+00
4.806000000000000000e+05	0.000000000000000000e+00
4.815000000000000000e+05	0.000000000000000000e+00
4.815000000000000000e+05	7.000000000000000000e+03
4.824000000000000000e+05	7.000000000000000000e+03
4.824000000000000000e+05	2.292300007852609269e+03
4.833000000000000000e+05	2.292300007852609269e+03
4.833000000000000000e+05	5.143750295842173728e+03
4.842000000000000000e+05	5.143750295842173728e+03
4.842000000000000000e+05	0.000000000000000000e+00
4.851000000000000000e+05	0.000000000000000000e+00
4.851000000000000000e+05	5.289769124792126604e+03
4.860000000000000000e+05	5.289769124792126604e+03
4.860000000000000000e+05	6.560924568033427931e+03
4.869000000000000000e+05	6.560924568033427931e+03
4.869000000000000000e+05	0.000000000000000000e+00
4.878000000000000000e+05	0.000000000000000000e+00
4.878000000000000000e+05	0.000000000000000000e+00
4.887000000000000000e+05	0.000000000000000000e+00
4.887000000000000000e+05	7.000000000000000000e+03
4.896000000000000000e+05	7.000000000000000000e+03
4.896000000000000000e+05	6.978699377004290000e+03
4.905000000000000000e+05	6.978699377004290000e+03
4.905000000000000000e+05	0.000000000000000000e+00
4.914000000000000000e+05	0.000000000000000000e+00
4.914000000000000000e+05	0.000000000000000000e+00
4.923000000000000000e+05	0.000000000000000000e+00
4.923000000000000000e+05	6.185361342490253264e+03
4.932000000000000000e+05	6.185361342490253264e+03
4.932000000000000000e+05	7.986257437797496095e+03
4.941000000000000000e+05	7.986257437797496095e+03
4.941000000000000000e+05	9.395793373105021828e+02
4.950000000000000000e+05	9.395793373105021828e+02
4.950000000000000000e+05	0.000000000000000000e+00
4.959000000000000000e+05	0.000000000000000000e+00
4.959000000000000000e+05	4.218670883499652518e+03
4.968000000000000000e+05	4.218670883499652518e+03
4.968000000000000000e+05	-5.820766091346740723e-11
4.977000000000000000e+05	-5.820766091346740723e-11
4.977000000000000000e+05	0.000000000000000000e+00
4.986000000000000000e+05	0.000000000000000000e+00
4.986000000000000000e+05	5.819652501198668688e+03
4.995000000000000000e+05	5.819652501198668688e+03
4.995000000000000000e+05	6.228091303359380618e+03
5.004000000000000000e+05	6.228091303359380618e+03
5.004000000000000000e+05	5.051244791585602798e+03
5.013000000000000000e+05	5.051244791585602798e+03
5.013000000000000000e+05	3.963887498064509600e+03
5.022000000000000000e+05	3.963887498064509600e+03
5.022000000000000000e+05	0.000000000000000000e+00
5.031000000000000000e+05	0.000000000000000000e+00
5.031000000000000000e+05	4.888377010095229707e+03
5.040000000000000000e+05	4.888377010095229707e+03
5.040000000000000000e+05	0.000000000000000000e+00
5.049000000000000000e+05	0.000000000000000000e+00
5.049000000000000000e+05	0.000000000000000000e+00
5.058000000000000000e+05	0.000000000000000000e+00
5.058000000000000000e+05	0.000000000000000000e+00
5.067000000000000000e+05	0.000000000000000000e+00
5.067000000000000000e+05	0.000000000000000000e+00
5.076000000000000000e+05	0.000000000000000000e+00
5.076000000000000000e+05	0.000000000000000000e+00
5.085000000000000000e+05	0.000000000000000000e+00
5.085000000000000000e+05	0.000000000000000000e+00
5.094000000000000000e+05	0.000000000000000000e+00
5.094000000000000000e+05	0.000000000000000000e+00
5.103000000000000000e+05	0.000000000000000000e+00
5.103000000000000000e+05	0.000000000000000000e+00
5.112000000000000000e+05	0.000000000000000000e+00
5.112000000000000000e+05	0.000000000000000000e+00
5.121000000000000000e+05	0.000000000000000000e+00
5.121000000000000000e+05	0.000000000000000000e+00
5.130000000000000000e+05	0.000000000000000000e+00
5.130000000000000000e+05	0.000000000000000000e+00
5.139000000000000000e+05	0.000000000000000000e+00
5.139000000000000000e+05	0.000000000000000000e+00
5.148000000000000000e+05	0.000000000000000000e+00
5.148000000000000000e+05	0.000000000000000000e+00
5.157000000000000000e+05	0.000000000000000000e+00
5.157000000000000000e+05	0.000000000000000000e+00
5.166000000000000000e+05	0.000000000000000000e+00
5.166000000000000000e+05	0.000000000000000000e+00
5.175000000000000000e+05	0.000000000000000000e+00
5.175000000000000000e+05	0.000000000000000000e+00
5.184000000000000000e+05	0.000000000000000000e+00
5.184000000000000000e+05	0.000000000000000000e+00
5.193000000000000000e+05	0.000000000000000000e+00
5.193000000000000000e+05	0.000000000000000000e+00
5.202000000000000000e+05	0.000000000000000000e+00
5.202000000000000000e+05	0.000000000000000000e+00
5.211000000000000000e+05	0.000000000000000000e+00
5.211000000000000000e+05	0.000000000000000000e+00
5.220000000000000000e+05	0.000000000000000000e+00
5.220000000000000000e+05	5.820766091346740723e-11
5.229000000000000000e+05	5.820766091346740723e-11
5.229000000000000000e+05	0.000000000000000000e+00
5.238000000000000000e+05	0.000000000000000000e+00
5.238000000000000000e+05	0.000000000000000000e+00
5.247000000000000000e+05	0.000000000000000000e+00
5.247000000000000000e+05	0.000000000000000000e+00
5.256000000000000000e+05	0.000000000000000000e+00
5.256000000000000000e+05	1.000000000000000000e+02
5.265000000000000000e+05	1.000000000000000000e+02
5.265000000000000000e+05	2.492054023376120313e+03
5.274000000000000000e+05	2.492054023376120313e+03
5.274000000000000000e+05	9.999999999999636202e+01
5.283000000000000000e+05	9.999999999999636202e+01
5.283000000000000000e+05	9.999999999999636202e+01
5.292000000000000000e+05	9.999999999999636202e+01
5.292000000000000000e+05	0.000000000000000000e+00
5.301000000000000000e+05	0.000000000000000000e+00
5.301000000000000000e+05	0.000000000000000000e+00
5.310000000000000000e+05	0.000000000000000000e+00
5.310000000000000000e+05	2.581477167720217494e+03
5.319000000000000000e+05	2.581477167720217494e+03
5.319000000000000000e+05	9.999999999999909051e+01
5.328000000000000000e+05	9.999999999999909051e+01
5.328000000000000000e+05	5.820766091346740723e-11
5.337000000000000000e+05	5.820766091346740723e-11
5.337000000000000000e+05	5.886936990368944862e+03
5.346000000000000000e+05	5.886936990368944862e+03
5.346000000000000000e+05	0.000000000000000000e+00
5.355000000000000000e+05	0.000000000000000000e+00
5.355000000000000000e+05	0.000000000000000000e+00
5.364000000000000000e+05	0.000000000000000000e+00
5.364000000000000000e+05	9.000000000000000000e+03
5.373000000000000000e+05	9.000000000000000000e+03
5.373000000000000000e+05	6.305255766970345576e+03
5.382000000000000000e+05	6.305255766970345576e+03
5.382000000000000000e+05	0.000000000000000000e+00
5.391000000000000000e+05	0.000000000000000000e+00
5.391000000000000000e+05	0.000000000000000000e+00
5.400000000000000000e+05	0.000000000000000000e+00
5.400000000000000000e+05	7.122765025600499939e+03
5.409000000000000000e+05	7.122765025600499939e+03
5.409000000000000000e+05	0.000000000000000000e+00
5.418000000000000000e+05	0.000000000000000000e+00
5.418000000000000000e+05	0.000000000000000000e+00
5.427000000000000000e+05	0.000000000000000000e+00
5.427000000000000000e+05	7.211379910087285680e+03
5.436000000000000000e+05	7.211379910087285680e+03
5.436000000000000000e+05	9.000000000000000000e+03
5.445000000000000000e+05	9.000000000000000000e+03
5.445000000000000000e+05	9.000000000000000000e+03
5.454000000000000000e+05	9.000000000000000000e+03
5.454000000000000000e+05	9.000000000000000000e+03
5.463000000000000000e+05	9.000000000000000000e+03
5.463000000000000000e+05	9.000000000000000000e+03
5.472000000000000000e+05	9.000000000000000000e+03
5.472000000000000000e+05	8.999999999999825377e+03
5.481000000000000000e+05	8.999999999999825377e+03
5.481000000000000000e+05	9.000000000000000000e+03
5.490000000000000000e+05	9.000000000000000000e+03
5.490000000000000000e+05	9.000000000000000000e+03
5.499000000000000000e+05	9.000000000000000000e+03
5.499000000000000000e+05	9.000000000000000000e+03
5.508000000000000000e+05	9.000000000000000000e+03
5.508000000000000000e+05	5.820766091346740723e-11
5.517000000000000000e+05	5.820766091346740723e-11
5.517000000000000000e+05	7.886494925438491919e+03
5.526000000000000000e+05	7.886494925438491919e+03
5.526000000000000000e+05	5.266799999999689135e+03
5.535000000000000000e+05	5.266799999999689135e+03
5.535000000000000000e+05	5.534143311996718694e+03
5.544000000000000000e+05	5.534143311996718694e+03
5.544000000000000000e+05	0.000000000000000000e+00
5.553000000000000000e+05	0.000000000000000000e+00
5.553000000000000000e+05	5.731492278532999990e+03
5.562000000000000000e+05	5.731492278532999990e+03
5.562000000000000000e+05	4.502894508718643920e+03
5.571000000000000000e+05	4.502894508718643920e+03
5.571000000000000000e+05	4.563448475452678395e+03
5.580000000000000000e+05	4.563448475452678395e+03
5.580000000000000000e+05	4.594070793317398056e+03
5.589000000000000000e+05	4.594070793317398056e+03
5.589000000000000000e+05	0.000000000000000000e+00
5.598000000000000000e+05	0.000000000000000000e+00
5.598000000000000000e+05	5.039277442638209322e+03
5.607000000000000000e+05	5.039277442638209322e+03
5.607000000000000000e+05	5.162353097239857561e+03
5.616000000000000000e+05	5.162353097239857561e+03
5.616000000000000000e+05	4.930185674693260808e+03
5.625000000000000000e+05	4.930185674693260808e+03
5.625000000000000000e+05	0.000000000000000000e+00
5.634000000000000000e+05	0.000000000000000000e+00
5.634000000000000000e+05	5.225012060907511113e+03
5.643000000000000000e+05	5.225012060907511113e+03
5.643000000000000000e+05	4.927744385557492933e+03
5.652000000000000000e+05	4.927744385557492933e+03
5.652000000000000000e+05	0.000000000000000000e+00
5.661000000000000000e+05	0.000000000000000000e+00
5.661000000000000000e+05	9.000000000000000000e+03
5.670000000000000000e+05	9.000000000000000000e+03
5.670000000000000000e+05	0.000000000000000000e+00
5.679000000000000000e+05	0.000000000000000000e+00
5.679000000000000000e+05	0.000000000000000000e+00
5.688000000000000000e+05	0.000000000000000000e+00
5.688000000000000000e+05	9.000000000000000000e+03
5.697000000000000000e+05	9.000000000000000000e+03
5.697000000000000000e+05	5.994779959000056806e+03
5.706000000000000000e+05	5.994779959000056806e+03
5.706000000000000000e+05	7.000000000000000000e+03
5.715000000000000000e+05	7.000000000000000000e+03
5.715000000000000000e+05	0.000000000000000000e+00
5.724000000000000000e+05	0.000000000000000000e+00
5.724000000000000000e+05	4.926378920672868844e+03
5.733000000000000000e+05	4.926378920672868844e+03
5.733000000000000000e+05	0.000000000000000000e+00
5.742000000000000000e+05	0.000000000000000000e+00
5.742000000000000000e+05	0.000000000000000000e+00
5.751000000000000000e+05	0.000000000000000000e+00
5.751000000000000000e+05	0.000000000000000000e+00
5.760000000000000000e+05	0.000000000000000000e+00
5.760000000000000000e+05	6.866397002330282703e+03
5.769000000000000000e+05	6.866397002330282703e+03
5.769000000000000000e+05	0.000000000000000000e+00
5.778000000000000000e+05	0.000000000000000000e+00
5.778000000000000000e+05	0.000000000000000000e+00
5.787000000000000000e+05	0.000000000000000000e+00
5.787000000000000000e+05	5.596291657017116449e+03
5.796000000000000000e+05	5.596291657017116449e+03
5.796000000000000000e+05	8.436274296138028149e+03
5.805000000000000000e+05	8.436274296138028149e+03
5.805000000000000000e+05	0.000000000000000000e+00
5.814000000000000000e+05	0.000000000000000000e+00
5.814000000000000000e+05	8.394259766689642674e+02
5.823000000000000000e+05	8.394259766689642674e+02
5.823000000000000000e+05	2.137525727220039698e+03
5.832000000000000000e+05	2.137525727220039698e+03
5.832000000000000000e+05	5.846733477874717209e+03
5.841000000000000000e+05	5.846733477874717209e+03
5.841000000000000000e+05	0.000000000000000000e+00
5.850000000000000000e+05	0.000000000000000000e+00
5.850000000000000000e+05	1.665079448169751231e+03
5.859000000000000000e+05	1.665079448169751231e+03
5.859000000000000000e+05	5.580012280616450880e+03
5.868000000000000000e+05	5.580012280616450880e+03
5.868000000000000000e+05	9.000000000000000000e+03
5.877000000000000000e+05	9.000000000000000000e+03
5.877000000000000000e+05	4.586761224949579628e+03
5.886000000000000000e+05	4.586761224949579628e+03
5.886000000000000000e+05	4.843924449374919277e+03
5.895000000000000000e+05	4.843924449374919277e+03
5.895000000000000000e+05	2.592246481209918329e+03
5.904000000000000000e+05	2.592246481209918329e+03
5.904000000000000000e+05	0.000000000000000000e+00
5.913000000000000000e+05	0.000000000000000000e+00
5.913000000000000000e+05	0.000000000000000000e+00
5.922000000000000000e+05	0.000000000000000000e+00
5.922000000000000000e+05	0.000000000000000000e+00
5.931000000000000000e+05	0.000000000000000000e+00
5.931000000000000000e+05	0.000000000000000000e+00
5.940000000000000000e+05	0.000000000000000000e+00
5.940000000000000000e+05	5.820766091346740723e-11
5.949000000000000000e+05	5.820766091346740723e-11
5.949000000000000000e+05	0.000000000000000000e+00
5.958000000000000000e+05	0.000000000000000000e+00
5.958000000000000000e+05	0.000000000000000000e+00
5.967000000000000000e+05	0.000000000000000000e+00
5.967000000000000000e+05	0.000000000000000000e+00
5.976000000000000000e+05	0.000000000000000000e+00
5.976000000000000000e+05	5.820766091346740723e-11
5.985000000000000000e+05	5.820766091346740723e-11
5.985000000000000000e+05	0.000000000000000000e+00
5.994000000000000000e+05	0.000000000000000000e+00
5.994000000000000000e+05	0.000000000000000000e+00
6.003000000000000000e+05	0.000000000000000000e+00
6.003000000000000000e+05	0.000000000000000000e+00
6.012000000000000000e+05	0.000000000000000000e+00
6.012000000000000000e+05	5.820766091346740723e-11
6.021000000000000000e+05	5.820766091346740723e-11
6.021000000000000000e+05	0.000000000000000000e+00
6.030000000000000000e+05	0.000000000000000000e+00
6.030000000000000000e+05	0.000000000000000000e+00
6.039000000000000000e+05	0.000000000000000000e+00
6.039000000000000000e+05	0.000000000000000000e+00
6.048000000000000000e+05	0.000000000000000000e+00
