# #1
# double t_DHW(1344, 2)
0.000000000000000000e+00	3.231499999999999773e+02
9.000000000000000000e+02	3.231499999999999773e+02
9.000000000000000000e+02	3.231380000000000337e+02
1.800000000000000000e+03	3.231380000000000337e+02
1.800000000000000000e+03	3.231260045000000218e+02
2.700000000000000000e+03	3.231260045000000218e+02
2.700000000000000000e+03	3.231140134983125449e+02
3.600000000000000000e+03	3.231140134983125449e+02
3.600000000000000000e+03	3.230506284580428087e+02
4.500000000000000000e+03	3.230506284580428087e+02
4.500000000000000000e+03	3.249421723463886451e+02
5.400000000000000000e+03	3.249421723463886451e+02
5.400000000000000000e+03	3.249295002817587488e+02
6.300000000000000000e+03	3.249295002817587488e+02
6.300000000000000000e+03	3.249168329691531198e+02
7.200000000000000000e+03	3.249168329691531198e+02
7.200000000000000000e+03	3.241580487739298633e+02
8.100000000000000000e+03	3.241580487739298633e+02
8.100000000000000000e+03	3.241456707556396282e+02
9.000000000000000000e+03	3.241456707556396282e+02
9.000000000000000000e+03	3.241332973791061818e+02
9.900000000000000000e+03	3.241332973791061818e+02
9.900000000000000000e+03	3.241209286425889218e+02
1.080000000000000000e+04	3.241209286425889218e+02
1.080000000000000000e+04	3.241734356891535072e+02
1.170000000000000000e+04	3.241734356891535072e+02
1.170000000000000000e+04	3.241610519007700759e+02
1.260000000000000000e+04	3.241610519007700759e+02
1.260000000000000000e+04	3.241486727563071781e+02
1.350000000000000000e+04	3.241486727563071781e+02
1.350000000000000000e+04	3.241362982540234725e+02
1.440000000000000000e+04	3.241362982540234725e+02
1.440000000000000000e+04	3.240708834476849916e+02
1.530000000000000000e+04	3.240708834476849916e+02
1.530000000000000000e+04	3.240585381163921284e+02
1.620000000000000000e+04	3.240585381163921284e+02
1.620000000000000000e+04	3.240461974145983959e+02
1.710000000000000000e+04	3.240461974145983959e+02
1.710000000000000000e+04	3.240338613405677961e+02
1.800000000000000000e+04	3.240338613405677961e+02
1.800000000000000000e+04	3.239686598030493201e+02
1.890000000000000000e+04	3.239686598030493201e+02
1.890000000000000000e+04	3.239563528056231689e+02
1.980000000000000000e+04	3.239563528056231689e+02
1.980000000000000000e+04	3.239440504233209595e+02
2.070000000000000000e+04	3.239440504233209595e+02
2.070000000000000000e+04	3.239317526544120938e+02
2.160000000000000000e+04	3.239317526544120938e+02
2.160000000000000000e+04	3.238667635475311499e+02
2.250000000000000000e+04	3.238667635475311499e+02
2.250000000000000000e+04	3.238544947612008400e+02
2.340000000000000000e+04	3.238544947612008400e+02
2.340000000000000000e+04	3.238422305756652690e+02
2.430000000000000000e+04	3.238422305756652690e+02
2.430000000000000000e+04	3.238299709891992961e+02
2.520000000000000000e+04	3.238299709891992961e+02
2.520000000000000000e+04	3.237651934821423652e+02
2.610000000000000000e+04	3.237651934821423652e+02
2.610000000000000000e+04	3.161029627395865305e+02
2.700000000000000000e+04	3.161029627395865305e+02
2.700000000000000000e+04	3.160936053785591753e+02
2.790000000000000000e+04	3.160936053785591753e+02
2.790000000000000000e+04	3.159942515265422003e+02
2.880000000000000000e+04	3.159942515265422003e+02
2.880000000000000000e+04	3.167319755134743673e+02
2.970000000000000000e+04	3.167319755134743673e+02
2.970000000000000000e+04	3.166323822726567982e+02
3.060000000000000000e+04	3.166323822726567982e+02
3.060000000000000000e+04	3.165328263793045380e+02
3.150000000000000000e+04	3.165328263793045380e+02
3.150000000000000000e+04	3.164333078194119935e+02
3.240000000000000000e+04	3.164333078194119935e+02
3.240000000000000000e+04	3.162929535822974003e+02
3.330000000000000000e+04	3.162929535822974003e+02
3.330000000000000000e+04	3.161935249747040189e+02
3.420000000000000000e+04	3.161935249747040189e+02
3.420000000000000000e+04	3.162551862844174480e+02
3.510000000000000000e+04	3.162551862844174480e+02
3.510000000000000000e+04	3.161557718395603729e+02
3.600000000000000000e+04	3.161557718395603729e+02
3.600000000000000000e+04	3.169742263103162827e+02
3.690000000000000000e+04	3.169742263103162827e+02
3.690000000000000000e+04	3.169645422254499181e+02
3.780000000000000000e+04	3.169645422254499181e+02
3.780000000000000000e+04	3.169548617721153505e+02
3.870000000000000000e+04	3.169548617721153505e+02
3.870000000000000000e+04	3.169251849509508361e+02
3.960000000000000000e+04	3.169251849509508361e+02
3.960000000000000000e+04	3.168884905324604233e+02
4.050000000000000000e+04	3.168884905324604233e+02
4.050000000000000000e+04	3.168788385985107539e+02
4.140000000000000000e+04	3.168788385985107539e+02
4.140000000000000000e+04	3.168691902840363355e+02
4.230000000000000000e+04	3.168691902840363355e+02
4.230000000000000000e+04	3.167695455876795450e+02
4.320000000000000000e+04	3.167695455876795450e+02
4.320000000000000000e+04	3.166293285958581691e+02
4.410000000000000000e+04	3.166293285958581691e+02
4.410000000000000000e+04	3.166197738476347467e+02
4.500000000000000000e+04	3.166197738476347467e+02
4.500000000000000000e+04	3.166102226824418722e+02
4.590000000000000000e+04	3.166102226824418722e+02
4.590000000000000000e+04	3.166006750989359944e+02
4.680000000000000000e+04	3.166006750989359944e+02
4.680000000000000000e+04	3.163905385492975029e+02
4.770000000000000000e+04	3.163905385492975029e+02
4.770000000000000000e+04	3.163810733473414984e+02
4.860000000000000000e+04	3.163810733473414984e+02
4.860000000000000000e+04	3.163716116948362469e+02
4.950000000000000000e+04	3.163716116948362469e+02
4.950000000000000000e+04	3.163621535904507027e+02
5.040000000000000000e+04	3.163621535904507027e+02
5.040000000000000000e+04	3.163130239082150297e+02
5.130000000000000000e+04	3.163130239082150297e+02
5.130000000000000000e+04	3.163035877742494222e+02
5.220000000000000000e+04	3.163035877742494222e+02
5.220000000000000000e+04	3.162941551788341030e+02
5.310000000000000000e+04	3.162941551788341030e+02
5.310000000000000000e+04	3.161947261206419739e+02
5.400000000000000000e+04	3.161947261206419739e+02
5.400000000000000000e+04	3.161443614173429637e+02
5.490000000000000000e+04	3.161443614173429637e+02
5.490000000000000000e+04	3.161349885318114730e+02
5.580000000000000000e+04	3.161349885318114730e+02
5.580000000000000000e+04	3.161256191611120698e+02
5.670000000000000000e+04	3.161256191611120698e+02
5.670000000000000000e+04	3.160262533039266373e+02
5.760000000000000000e+04	3.160262533039266373e+02
5.760000000000000000e+04	3.159761738345612230e+02
5.850000000000000000e+04	3.159761738345612230e+02
5.850000000000000000e+04	3.159668640193732472e+02
5.940000000000000000e+04	3.159668640193732472e+02
5.940000000000000000e+04	3.159575576953660061e+02
6.030000000000000000e+04	3.159575576953660061e+02
6.030000000000000000e+04	3.158582548612301935e+02
6.120000000000000000e+04	3.158582548612301935e+02
6.120000000000000000e+04	3.158084599799584566e+02
6.210000000000000000e+04	3.158084599799584566e+02
6.210000000000000000e+04	3.157992130574659200e+02
6.300000000000000000e+04	3.157992130574659200e+02
6.300000000000000000e+04	3.176934762265878476e+02
6.390000000000000000e+04	3.176934762265878476e+02
6.390000000000000000e+04	3.176835224230029553e+02
6.480000000000000000e+04	3.176835224230029553e+02
6.480000000000000000e+04	3.189730640535225348e+02
6.570000000000000000e+04	3.189730640535225348e+02
6.570000000000000000e+04	3.186971304045024453e+02
6.660000000000000000e+04	3.186971304045024453e+02
6.660000000000000000e+04	3.187378528641796720e+02
6.750000000000000000e+04	3.187378528641796720e+02
6.750000000000000000e+04	3.187075074213553876e+02
6.840000000000000000e+04	3.187075074213553876e+02
6.840000000000000000e+04	3.186837257375743206e+02
6.930000000000000000e+04	3.186837257375743206e+02
6.930000000000000000e+04	3.185834005904226842e+02
7.020000000000000000e+04	3.185834005904226842e+02
7.020000000000000000e+04	3.204766196892197172e+02
7.110000000000000000e+04	3.204766196892197172e+02
7.110000000000000000e+04	3.205366748384150810e+02
7.200000000000000000e+04	3.205366748384150810e+02
7.200000000000000000e+04	3.212933499404238660e+02
7.290000000000000000e+04	3.212933499404238660e+02
7.290000000000000000e+04	3.212820461841961333e+02
7.380000000000000000e+04	3.212820461841961333e+02
7.380000000000000000e+04	3.212707466668770167e+02
7.470000000000000000e+04	3.212707466668770167e+02
7.470000000000000000e+04	3.206194513428767436e+02
7.560000000000000000e+04	3.206194513428767436e+02
7.560000000000000000e+04	3.205676453924585871e+02
7.650000000000000000e+04	3.205676453924585871e+02
7.650000000000000000e+04	3.205566137754363467e+02
7.740000000000000000e+04	3.205566137754363467e+02
7.740000000000000000e+04	3.204555862952703933e+02
7.830000000000000000e+04	3.204555862952703933e+02
7.830000000000000000e+04	3.184845966864095317e+02
7.920000000000000000e+04	3.184845966864095317e+02
7.920000000000000000e+04	3.184526180622909806e+02
8.010000000000000000e+04	3.184526180622909806e+02
8.010000000000000000e+04	3.184423795805176383e+02
8.100000000000000000e+04	3.184423795805176383e+02
8.100000000000000000e+04	3.184321449381749289e+02
8.190000000000000000e+04	3.184321449381749289e+02
8.190000000000000000e+04	3.184219141338231793e+02
8.280000000000000000e+04	3.184219141338231793e+02
8.280000000000000000e+04	3.183689026132493609e+02
8.370000000000000000e+04	3.183689026132493609e+02
8.370000000000000000e+04	3.183586955247694164e+02
8.460000000000000000e+04	3.183586955247694164e+02
8.460000000000000000e+04	3.184195448955265419e+02
8.550000000000000000e+04	3.184195448955265419e+02
8.550000000000000000e+04	3.184803714477696985e+02
8.640000000000000000e+04	3.184803714477696985e+02
8.640000000000000000e+04	3.196121526877798260e+02
8.730000000000000000e+04	3.196121526877798260e+02
8.730000000000000000e+04	3.196725320121008167e+02
8.820000000000000000e+04	3.196725320121008167e+02
8.820000000000000000e+04	3.196618360625963078e+02
8.910000000000000000e+04	3.196618360625963078e+02
8.910000000000000000e+04	3.196511441240728573e+02
9.000000000000000000e+04	3.196511441240728573e+02
9.000000000000000000e+04	3.197492948808081792e+02
9.090000000000000000e+04	3.197492948808081792e+02
9.090000000000000000e+04	3.197385701451950126e+02
9.180000000000000000e+04	3.197385701451950126e+02
9.180000000000000000e+04	3.197278494313905526e+02
9.270000000000000000e+04	3.197278494313905526e+02
9.270000000000000000e+04	3.197171327378538308e+02
9.360000000000000000e+04	3.197171327378538308e+02
9.360000000000000000e+04	3.196606486820613213e+02
9.450000000000000000e+04	3.196606486820613213e+02
9.450000000000000000e+04	3.196499571888055584e+02
9.540000000000000000e+04	3.196499571888055584e+02
9.540000000000000000e+04	3.196392697048597711e+02
9.630000000000000000e+04	3.196392697048597711e+02
9.630000000000000000e+04	3.196285862287204509e+02
9.720000000000000000e+04	3.196285862287204509e+02
9.720000000000000000e+04	3.195722799544619193e+02
9.810000000000000000e+04	3.195722799544619193e+02
9.810000000000000000e+04	3.195616215994789968e+02
9.900000000000000000e+04	3.195616215994789968e+02
9.900000000000000000e+04	3.195509672413791691e+02
9.990000000000000000e+04	3.195509672413791691e+02
9.990000000000000000e+04	3.195403168786636456e+02
1.008000000000000000e+05	3.195403168786636456e+02
1.008000000000000000e+05	3.194841876117347965e+02
1.017000000000000000e+05	3.194841876117347965e+02
1.017000000000000000e+05	3.194735622913803468e+02
1.026000000000000000e+05	3.194735622913803468e+02
1.026000000000000000e+05	3.194629409555211055e+02
1.035000000000000000e+05	3.194629409555211055e+02
1.035000000000000000e+05	3.194523236026627728e+02
1.044000000000000000e+05	3.194523236026627728e+02
1.044000000000000000e+05	3.193963707433181867e+02
1.053000000000000000e+05	3.193963707433181867e+02
1.053000000000000000e+05	3.193857783542894140e+02
1.062000000000000000e+05	3.193857783542894140e+02
1.062000000000000000e+05	3.193751899374065601e+02
1.071000000000000000e+05	3.193751899374065601e+02
1.071000000000000000e+05	3.193646054911800434e+02
1.080000000000000000e+05	3.193646054911800434e+02
1.080000000000000000e+05	3.193088284425483607e+02
1.089000000000000000e+05	3.193088284425483607e+02
1.089000000000000000e+05	3.192982688818823362e+02
1.098000000000000000e+05	3.192982688818823362e+02
1.098000000000000000e+05	3.192877132810516514e+02
1.107000000000000000e+05	3.192877132810516514e+02
1.107000000000000000e+05	3.192771616385712719e+02
1.116000000000000000e+05	3.192771616385712719e+02
1.116000000000000000e+05	3.192215598046851710e+02
1.125000000000000000e+05	3.192215598046851710e+02
1.125000000000000000e+05	3.163210329527584577e+02
1.134000000000000000e+05	3.163210329527584577e+02
1.134000000000000000e+05	3.163115938154011815e+02
1.143000000000000000e+05	3.163115938154011815e+02
1.143000000000000000e+05	3.162121582177204004e+02
1.152000000000000000e+05	3.162121582177204004e+02
1.152000000000000000e+05	3.162146015940718939e+02
1.161000000000000000e+05	3.162146015940718939e+02
1.161000000000000000e+05	3.161152023684741152e+02
1.170000000000000000e+05	3.161152023684741152e+02
1.170000000000000000e+05	3.160158404175859346e+02
1.179000000000000000e+05	3.160158404175859346e+02
1.179000000000000000e+05	3.159165157274293279e+02
1.188000000000000000e+05	3.159165157274293279e+02
1.188000000000000000e+05	3.157798128563562159e+02
1.197000000000000000e+05	3.157798128563562159e+02
1.197000000000000000e+05	3.156805766765350540e+02
1.206000000000000000e+05	3.156805766765350540e+02
1.206000000000000000e+05	3.156713777102813765e+02
1.215000000000000000e+05	3.156713777102813765e+02
1.215000000000000000e+05	3.155721821936400033e+02
1.224000000000000000e+05	3.155721821936400033e+02
1.224000000000000000e+05	3.155238252920296418e+02
1.233000000000000000e+05	3.155238252920296418e+02
1.233000000000000000e+05	3.155146851075451195e+02
1.242000000000000000e+05	3.155146851075451195e+02
1.242000000000000000e+05	3.155055483506297946e+02
1.251000000000000000e+05	3.155055483506297946e+02
1.251000000000000000e+05	3.154764150219983208e+02
1.260000000000000000e+05	3.154764150219983208e+02
1.260000000000000000e+05	3.154262879766230299e+02
1.269000000000000000e+05	3.154262879766230299e+02
1.269000000000000000e+05	3.154171843686318084e+02
1.278000000000000000e+05	3.154171843686318084e+02
1.278000000000000000e+05	3.154080841744935810e+02
1.287000000000000000e+05	3.154080841744935810e+02
1.287000000000000000e+05	3.153089873929281453e+02
1.296000000000000000e+05	3.153089873929281453e+02
1.296000000000000000e+05	3.162976619147467545e+02
1.305000000000000000e+05	3.162976619147467545e+02
1.305000000000000000e+05	3.197177566547506444e+02
1.314000000000000000e+05	3.197177566547506444e+02
1.314000000000000000e+05	3.197070437460051266e+02
1.323000000000000000e+05	3.197070437460051266e+02
1.323000000000000000e+05	3.245190105332813459e+02
1.332000000000000000e+05	3.245190105332813459e+02
1.332000000000000000e+05	3.184460374787487922e+02
1.341000000000000000e+05	3.184460374787487922e+02
1.341000000000000000e+05	3.184358014646941797e+02
1.350000000000000000e+05	3.184358014646941797e+02
1.350000000000000000e+05	3.184255692891449030e+02
1.359000000000000000e+05	3.184255692891449030e+02
1.359000000000000000e+05	3.213000777927667855e+02
1.368000000000000000e+05	3.213000777927667855e+02
1.368000000000000000e+05	3.181711267170410338e+02
1.377000000000000000e+05	3.181711267170410338e+02
1.377000000000000000e+05	3.181609937945221418e+02
1.386000000000000000e+05	3.181609937945221418e+02
1.386000000000000000e+05	3.203445726746625155e+02
1.395000000000000000e+05	3.203445726746625155e+02
1.395000000000000000e+05	3.196781247099095253e+02
1.404000000000000000e+05	3.196781247099095253e+02
1.404000000000000000e+05	3.172109408308531897e+02
1.413000000000000000e+05	3.172109408308531897e+02
1.413000000000000000e+05	3.172011679780416102e+02
1.422000000000000000e+05	3.172011679780416102e+02
1.422000000000000000e+05	3.171913987900498455e+02
1.431000000000000000e+05	3.171913987900498455e+02
1.431000000000000000e+05	3.170916332655035603e+02
1.440000000000000000e+05	3.170916332655035603e+02
1.440000000000000000e+05	3.170404173797559793e+02
1.449000000000000000e+05	3.170404173797559793e+02
1.449000000000000000e+05	3.170307084732385761e+02
1.458000000000000000e+05	3.170307084732385761e+02
1.458000000000000000e+05	3.170210032075611366e+02
1.467000000000000000e+05	3.170210032075611366e+02
1.467000000000000000e+05	3.169213015813582501e+02
1.476000000000000000e+05	3.169213015813582501e+02
1.476000000000000000e+05	3.168703700094780515e+02
1.485000000000000000e+05	3.168703700094780515e+02
1.485000000000000000e+05	3.169317775023034756e+02
1.494000000000000000e+05	3.169317775023034756e+02
1.494000000000000000e+05	3.194169093357401152e+02
1.503000000000000000e+05	3.194169093357401152e+02
1.503000000000000000e+05	3.194063092447391909e+02
1.512000000000000000e+05	3.194063092447391909e+02
1.512000000000000000e+05	3.176821443043115778e+02
1.521000000000000000e+05	3.176821443043115778e+02
1.521000000000000000e+05	3.175821947501974591e+02
1.530000000000000000e+05	3.175821947501974591e+02
1.530000000000000000e+05	3.175522826791661259e+02
1.539000000000000000e+05	3.175522826791661259e+02
1.539000000000000000e+05	3.175223818251614603e+02
1.548000000000000000e+05	3.175223818251614603e+02
1.548000000000000000e+05	3.174717321782326280e+02
1.557000000000000000e+05	3.174717321782326280e+02
1.557000000000000000e+05	3.173718615286657609e+02
1.566000000000000000e+05	3.173718615286657609e+02
1.566000000000000000e+05	3.173620283305925227e+02
1.575000000000000000e+05	3.173620283305925227e+02
1.575000000000000000e+05	3.173521988199685779e+02
1.584000000000000000e+05	3.173521988199685779e+02
1.584000000000000000e+05	3.173013235972098300e+02
1.593000000000000000e+05	3.173013235972098300e+02
1.593000000000000000e+05	3.195268807591799600e+02
1.602000000000000000e+05	3.195268807591799600e+02
1.602000000000000000e+05	3.195872920604742262e+02
1.611000000000000000e+05	3.195872920604742262e+02
1.611000000000000000e+05	3.196352085049336438e+02
1.620000000000000000e+05	3.196352085049336438e+02
1.620000000000000000e+05	3.207356347509306715e+02
1.629000000000000000e+05	3.207356347509306715e+02
1.629000000000000000e+05	3.236092769800042674e+02
1.638000000000000000e+05	3.236092769800042674e+02
1.638000000000000000e+05	3.235071047511367510e+02
1.647000000000000000e+05	3.235071047511367510e+02
1.647000000000000000e+05	3.171949707918550985e+02
1.656000000000000000e+05	3.171949707918550985e+02
1.656000000000000000e+05	3.155161934523088121e+02
1.665000000000000000e+05	3.155161934523088121e+02
1.665000000000000000e+05	3.155070561297641802e+02
1.674000000000000000e+05	3.155070561297641802e+02
1.674000000000000000e+05	3.154979222337155420e+02
1.683000000000000000e+05	3.154979222337155420e+02
1.683000000000000000e+05	3.154887917628778951e+02
1.692000000000000000e+05	3.154887917628778951e+02
1.692000000000000000e+05	3.154421141387430794e+02
1.701000000000000000e+05	3.154421141387430794e+02
1.701000000000000000e+05	3.154330045959410427e+02
1.710000000000000000e+05	3.154330045959410427e+02
1.710000000000000000e+05	3.154238984692175904e+02
1.719000000000000000e+05	3.154238984692175904e+02
1.719000000000000000e+05	3.154147957572915857e+02
1.728000000000000000e+05	3.154147957572915857e+02
1.728000000000000000e+05	3.153682481181905359e+02
1.737000000000000000e+05	3.153682481181905359e+02
1.737000000000000000e+05	3.153591662751462081e+02
1.746000000000000000e+05	3.153591662751462081e+02
1.746000000000000000e+05	3.153500878377930121e+02
1.755000000000000000e+05	3.153500878377930121e+02
1.755000000000000000e+05	3.153410128048539036e+02
1.764000000000000000e+05	3.153410128048539036e+02
1.764000000000000000e+05	3.152945949585904373e+02
1.773000000000000000e+05	3.152945949585904373e+02
1.773000000000000000e+05	3.152855407354809358e+02
1.782000000000000000e+05	3.152855407354809358e+02
1.782000000000000000e+05	3.152764899077051268e+02
1.791000000000000000e+05	3.152764899077051268e+02
1.791000000000000000e+05	3.152674424739897177e+02
1.800000000000000000e+05	3.152674424739897177e+02
1.800000000000000000e+05	3.152211542287401471e+02
1.809000000000000000e+05	3.152211542287401471e+02
1.809000000000000000e+05	3.152121275459043659e+02
1.818000000000000000e+05	3.152121275459043659e+02
1.818000000000000000e+05	3.152031042480746805e+02
1.827000000000000000e+05	3.152031042480746805e+02
1.827000000000000000e+05	3.151940843339816070e+02
1.836000000000000000e+05	3.151940843339816070e+02
1.836000000000000000e+05	3.151479254915091701e+02
1.845000000000000000e+05	3.151479254915091701e+02
1.845000000000000000e+05	3.180236631115550381e+02
1.854000000000000000e+05	3.180236631115550381e+02
1.854000000000000000e+05	3.208983223299934480e+02
1.863000000000000000e+05	3.208983223299934480e+02
1.863000000000000000e+05	3.208871667091196969e+02
1.872000000000000000e+05	3.208871667091196969e+02
1.872000000000000000e+05	3.184425601735516693e+02
1.881000000000000000e+05	3.184425601735516693e+02
1.881000000000000000e+05	3.184323254634865634e+02
1.890000000000000000e+05	3.184323254634865634e+02
1.890000000000000000e+05	3.184220945914377694e+02
1.899000000000000000e+05	3.184220945914377694e+02
1.899000000000000000e+05	3.184118675559660119e+02
1.908000000000000000e+05	3.184118675559660119e+02
1.908000000000000000e+05	3.183583697893915883e+02
1.917000000000000000e+05	3.183583697893915883e+02
1.917000000000000000e+05	3.233445989042625683e+02
1.926000000000000000e+05	3.233445989042625683e+02
1.926000000000000000e+05	3.233325259296734657e+02
1.935000000000000000e+05	3.233325259296734657e+02
1.935000000000000000e+05	3.233204574824498536e+02
1.944000000000000000e+05	3.233204574824498536e+02
1.944000000000000000e+05	3.179150653836418314e+02
1.953000000000000000e+05	3.179150653836418314e+02
1.953000000000000000e+05	3.179050284841229654e+02
1.962000000000000000e+05	3.179050284841229654e+02
1.962000000000000000e+05	3.227986941621328469e+02
1.971000000000000000e+05	3.227986941621328469e+02
1.971000000000000000e+05	3.227868259018220556e+02
1.980000000000000000e+05	3.227868259018220556e+02
1.980000000000000000e+05	3.219701712327091059e+02
1.989000000000000000e+05	3.219701712327091059e+02
1.989000000000000000e+05	3.190686136514968894e+02
1.998000000000000000e+05	3.190686136514968894e+02
1.998000000000000000e+05	3.191291968029564714e+02
2.007000000000000000e+05	3.191291968029564714e+02
2.007000000000000000e+05	3.190997572357343302e+02
2.016000000000000000e+05	3.190997572357343302e+02
2.016000000000000000e+05	3.202059892658769513e+02
2.025000000000000000e+05	3.202059892658769513e+02
2.025000000000000000e+05	3.201050932699022269e+02
2.034000000000000000e+05	3.201050932699022269e+02
2.034000000000000000e+05	3.200042351099259577e+02
2.043000000000000000e+05	3.200042351099259577e+02
2.043000000000000000e+05	3.199034147717597989e+02
2.052000000000000000e+05	3.199034147717597989e+02
2.052000000000000000e+05	3.197661229872946365e+02
2.061000000000000000e+05	3.197661229872946365e+02
2.061000000000000000e+05	3.196653919411743914e+02
2.070000000000000000e+05	3.196653919411743914e+02
2.070000000000000000e+05	3.196546986691964776e+02
2.079000000000000000e+05	3.196546986691964776e+02
2.079000000000000000e+05	3.195540094071955082e+02
2.088000000000000000e+05	3.195540094071955082e+02
2.088000000000000000e+05	3.194995657496331205e+02
2.097000000000000000e+05	3.194995657496331205e+02
2.097000000000000000e+05	3.194889346624769928e+02
2.106000000000000000e+05	3.194889346624769928e+02
2.106000000000000000e+05	3.194783075619785677e+02
2.115000000000000000e+05	3.194783075619785677e+02
2.115000000000000000e+05	3.194476844486428035e+02
2.124000000000000000e+05	3.194476844486428035e+02
2.124000000000000000e+05	3.206207633845425562e+02
2.133000000000000000e+05	3.206207633845425562e+02
2.133000000000000000e+05	3.206097118482733777e+02
2.142000000000000000e+05	3.206097118482733777e+02
2.142000000000000000e+05	3.226737181563933063e+02
2.151000000000000000e+05	3.226737181563933063e+02
2.151000000000000000e+05	3.225718967620846342e+02
2.160000000000000000e+05	3.225718967620846342e+02
2.160000000000000000e+05	3.201076325917249505e+02
2.169000000000000000e+05	3.201076325917249505e+02
2.169000000000000000e+05	3.200967734795030424e+02
2.178000000000000000e+05	3.200967734795030424e+02
2.178000000000000000e+05	3.221858269178745786e+02
2.187000000000000000e+05	3.221858269178745786e+02
2.187000000000000000e+05	3.221741884827803801e+02
2.196000000000000000e+05	3.221741884827803801e+02
2.196000000000000000e+05	3.187123683791580788e+02
2.205000000000000000e+05	3.187123683791580788e+02
2.205000000000000000e+05	3.187020324910158706e+02
2.214000000000000000e+05	3.187020324910158706e+02
2.214000000000000000e+05	3.186917004788317627e+02
2.223000000000000000e+05	3.186917004788317627e+02
2.223000000000000000e+05	3.186813723411521551e+02
2.232000000000000000e+05	3.186813723411521551e+02
2.232000000000000000e+05	3.186277775303803423e+02
2.241000000000000000e+05	3.186277775303803423e+02
2.241000000000000000e+05	3.186174733638064822e+02
2.250000000000000000e+05	3.186174733638064822e+02
2.250000000000000000e+05	3.186782256928739798e+02
2.259000000000000000e+05	3.186782256928739798e+02
2.259000000000000000e+05	3.186489552398181218e+02
2.268000000000000000e+05	3.186489552398181218e+02
2.268000000000000000e+05	3.193720933287042953e+02
2.277000000000000000e+05	3.193720933287042953e+02
2.277000000000000000e+05	3.194325626752849985e+02
2.286000000000000000e+05	3.194325626752849985e+02
2.286000000000000000e+05	3.194219567142817482e+02
2.295000000000000000e+05	3.194219567142817482e+02
2.295000000000000000e+05	3.193213547305139173e+02
2.304000000000000000e+05	3.193213547305139173e+02
2.304000000000000000e+05	3.190633117060401673e+02
2.313000000000000000e+05	3.190633117060401673e+02
2.313000000000000000e+05	3.190528442141504115e+02
2.322000000000000000e+05	3.190528442141504115e+02
2.322000000000000000e+05	3.190423806475700985e+02
2.331000000000000000e+05	3.190423806475700985e+02
2.331000000000000000e+05	3.189419210048272930e+02
2.340000000000000000e+05	3.189419210048272930e+02
2.340000000000000000e+05	3.188875043926869921e+02
2.349000000000000000e+05	3.188875043926869921e+02
2.349000000000000000e+05	3.188771028285397620e+02
2.358000000000000000e+05	3.188771028285397620e+02
2.358000000000000000e+05	3.188667051649790665e+02
2.367000000000000000e+05	3.188667051649790665e+02
2.367000000000000000e+05	3.188563114005422108e+02
2.376000000000000000e+05	3.188563114005422108e+02
2.376000000000000000e+05	3.188016179730402087e+02
2.385000000000000000e+05	3.188016179730402087e+02
2.385000000000000000e+05	3.187012486163002905e+02
2.394000000000000000e+05	3.187012486163002905e+02
2.394000000000000000e+05	3.208384464871651858e+02
2.403000000000000000e+05	3.208384464871651858e+02
2.403000000000000000e+05	3.204773133547324733e+02
2.412000000000000000e+05	3.204773133547324733e+02
2.412000000000000000e+05	3.179690374712984067e+02
2.421000000000000000e+05	3.179690374712984067e+02
2.421000000000000000e+05	3.193202058413131681e+02
2.430000000000000000e+05	3.193202058413131681e+02
2.430000000000000000e+05	3.193096420141226872e+02
2.439000000000000000e+05	3.193096420141226872e+02
2.439000000000000000e+05	3.192990821483674608e+02
2.448000000000000000e+05	3.192990821483674608e+02
2.448000000000000000e+05	3.191558799420699870e+02
2.457000000000000000e+05	3.191558799420699870e+02
2.457000000000000000e+05	3.212908778533447958e+02
2.466000000000000000e+05	3.212908778533447958e+02
2.466000000000000000e+05	3.221499999999999773e+02
2.475000000000000000e+05	3.221499999999999773e+02
2.475000000000000000e+05	3.197383748349998882e+02
2.484000000000000000e+05	3.197383748349998882e+02
2.484000000000000000e+05	3.193941227260100959e+02
2.493000000000000000e+05	3.193941227260100959e+02
2.493000000000000000e+05	3.193835311799878127e+02
2.502000000000000000e+05	3.193835311799878127e+02
2.502000000000000000e+05	3.192829436057953103e+02
2.511000000000000000e+05	3.192829436057953103e+02
2.511000000000000000e+05	3.173123937379431823e+02
2.520000000000000000e+05	3.173123937379431823e+02
2.520000000000000000e+05	3.172818602457710426e+02
2.529000000000000000e+05	3.172818602457710426e+02
2.529000000000000000e+05	3.172720607981788703e+02
2.538000000000000000e+05	3.172720607981788703e+02
2.538000000000000000e+05	3.172622650253795769e+02
2.547000000000000000e+05	3.172622650253795769e+02
2.547000000000000000e+05	3.172524729259948231e+02
2.556000000000000000e+05	3.172524729259948231e+02
2.556000000000000000e+05	3.172020916038618452e+02
2.565000000000000000e+05	3.172020916038618452e+02
2.565000000000000000e+05	3.171923220695102827e+02
2.574000000000000000e+05	3.171923220695102827e+02
2.574000000000000000e+05	3.171825561987342326e+02
2.583000000000000000e+05	3.171825561987342326e+02
2.583000000000000000e+05	3.171727939901597324e+02
2.592000000000000000e+05	3.171727939901597324e+02
2.592000000000000000e+05	3.171225575998339536e+02
2.601000000000000000e+05	3.171225575998339536e+02
2.601000000000000000e+05	3.171128178907340498e+02
2.610000000000000000e+05	3.171128178907340498e+02
2.610000000000000000e+05	3.171030818340250335e+02
2.619000000000000000e+05	3.171030818340250335e+02
2.619000000000000000e+05	3.170933494283370351e+02
2.628000000000000000e+05	3.170933494283370351e+02
2.628000000000000000e+05	3.170432576887158120e+02
2.637000000000000000e+05	3.170432576887158120e+02
2.637000000000000000e+05	3.170335477170825129e+02
2.646000000000000000e+05	3.170335477170825129e+02
2.646000000000000000e+05	3.170238413866886162e+02
2.655000000000000000e+05	3.170238413866886162e+02
2.655000000000000000e+05	3.170141386961684020e+02
2.664000000000000000e+05	3.170141386961684020e+02
2.664000000000000000e+05	3.169641913096660915e+02
2.673000000000000000e+05	3.169641913096660915e+02
2.673000000000000000e+05	3.169545109879248912e+02
2.682000000000000000e+05	3.169545109879248912e+02
2.682000000000000000e+05	3.169448342963044070e+02
2.691000000000000000e+05	3.169448342963044070e+02
2.691000000000000000e+05	3.169351612334432957e+02
2.700000000000000000e+05	3.169351612334432957e+02
2.700000000000000000e+05	3.168853579127162448e+02
2.709000000000000000e+05	3.168853579127162448e+02
2.709000000000000000e+05	3.168757071534989791e+02
2.718000000000000000e+05	3.168757071534989791e+02
2.718000000000000000e+05	3.168660600133164280e+02
2.727000000000000000e+05	3.168660600133164280e+02
2.727000000000000000e+05	3.168564164908113980e+02
2.736000000000000000e+05	3.168564164908113980e+02
2.736000000000000000e+05	3.168067569400089383e+02
2.745000000000000000e+05	3.168067569400089383e+02
2.745000000000000000e+05	3.167971356561564562e+02
2.754000000000000000e+05	3.167971356561564562e+02
2.754000000000000000e+05	3.167875179802853722e+02
2.763000000000000000e+05	3.167875179802853722e+02
2.763000000000000000e+05	3.167779039110428130e+02
2.772000000000000000e+05	3.167779039110428130e+02
2.772000000000000000e+05	3.167283878353840123e+02
2.781000000000000000e+05	3.167283878353840123e+02
2.781000000000000000e+05	3.167898485715245442e+02
2.790000000000000000e+05	3.167898485715245442e+02
2.790000000000000000e+05	3.167802336283102136e+02
2.799000000000000000e+05	3.167802336283102136e+02
2.799000000000000000e+05	3.167706222906992934e+02
2.808000000000000000e+05	3.167706222906992934e+02
2.808000000000000000e+05	3.164099922720658924e+02
2.817000000000000000e+05	3.164099922720658924e+02
2.817000000000000000e+05	3.164715724065425206e+02
2.826000000000000000e+05	3.164715724065425206e+02
2.826000000000000000e+05	3.164620768168900895e+02
2.835000000000000000e+05	3.164620768168900895e+02
2.835000000000000000e+05	3.164525847880837546e+02
2.844000000000000000e+05	3.164525847880837546e+02
2.844000000000000000e+05	3.168673868366384454e+02
2.853000000000000000e+05	3.168673868366384454e+02
2.853000000000000000e+05	3.139677427995746939e+02
2.862000000000000000e+05	3.139677427995746939e+02
2.862000000000000000e+05	3.139591861460248765e+02
2.871000000000000000e+05	3.139591861460248765e+02
2.871000000000000000e+05	3.138606327012197426e+02
2.880000000000000000e+05	3.138606327012197426e+02
2.880000000000000000e+05	3.138669249142031390e+02
2.889000000000000000e+05	3.138669249142031390e+02
2.889000000000000000e+05	3.137684060673602744e+02
2.898000000000000000e+05	3.137684060673602744e+02
2.898000000000000000e+05	3.136699241650849785e+02
2.907000000000000000e+05	3.136699241650849785e+02
2.907000000000000000e+05	3.135714791935226913e+02
2.916000000000000000e+05	3.135714791935226913e+02
2.916000000000000000e+05	3.134388647029982735e+02
2.925000000000000000e+05	3.134388647029982735e+02
2.925000000000000000e+05	3.133405063787346876e+02
2.934000000000000000e+05	3.133405063787346876e+02
2.934000000000000000e+05	3.133321849388426585e+02
2.943000000000000000e+05	3.133321849388426585e+02
2.943000000000000000e+05	3.132338666194905841e+02
2.952000000000000000e+05	3.132338666194905841e+02
2.952000000000000000e+05	3.131896021147146598e+02
2.961000000000000000e+05	3.131896021147146598e+02
2.961000000000000000e+05	3.132523898955004711e+02
2.970000000000000000e+05	3.132523898955004711e+02
2.970000000000000000e+05	3.132441014992896839e+02
2.979000000000000000e+05	3.132441014992896839e+02
2.979000000000000000e+05	3.132158162132269013e+02
2.988000000000000000e+05	3.132158162132269013e+02
2.988000000000000000e+05	3.134622597450783132e+02
2.997000000000000000e+05	3.134622597450783132e+02
2.997000000000000000e+05	3.134538926476739675e+02
3.006000000000000000e+05	3.134538926476739675e+02
3.006000000000000000e+05	3.134455286879310734e+02
3.015000000000000000e+05	3.134455286879310734e+02
3.015000000000000000e+05	3.133471678646731107e+02
3.024000000000000000e+05	3.133471678646731107e+02
3.024000000000000000e+05	3.132135656594481361e+02
3.033000000000000000e+05	3.132135656594481361e+02
3.033000000000000000e+05	3.132052918223257620e+02
3.042000000000000000e+05	3.132052918223257620e+02
3.042000000000000000e+05	3.131970210878923808e+02
3.051000000000000000e+05	3.131970210878923808e+02
3.051000000000000000e+05	3.131887534549844077e+02
3.060000000000000000e+05	3.131887534549844077e+02
3.060000000000000000e+05	3.129852129451991232e+02
3.069000000000000000e+05	3.129852129451991232e+02
3.069000000000000000e+05	3.138612352335003948e+02
3.078000000000000000e+05	3.138612352335003948e+02
3.078000000000000000e+05	3.150555246983950042e+02
3.087000000000000000e+05	3.150555246983950042e+02
3.087000000000000000e+05	3.163968697469585436e+02
3.096000000000000000e+05	3.163968697469585436e+02
3.096000000000000000e+05	3.170587782643429478e+02
3.105000000000000000e+05	3.170587782643429478e+02
3.105000000000000000e+05	3.170490624724938016e+02
3.114000000000000000e+05	3.170490624724938016e+02
3.114000000000000000e+05	3.170393503240663335e+02
3.123000000000000000e+05	3.170393503240663335e+02
3.123000000000000000e+05	3.169396418176948487e+02
3.132000000000000000e+05	3.169396418176948487e+02
3.132000000000000000e+05	3.169145931849867566e+02
3.141000000000000000e+05	3.169145931849867566e+02
3.141000000000000000e+05	3.169049314625423790e+02
3.150000000000000000e+05	3.169049314625423790e+02
3.150000000000000000e+05	3.168952733632439163e+02
3.159000000000000000e+05	3.168952733632439163e+02
3.159000000000000000e+05	3.167956188857326651e+02
3.168000000000000000e+05	3.167956188857326651e+02
3.168000000000000000e+05	3.167451549225006602e+02
3.177000000000000000e+05	3.167451549225006602e+02
3.177000000000000000e+05	3.167355567394047284e+02
3.186000000000000000e+05	3.167355567394047284e+02
3.186000000000000000e+05	3.167259621556274283e+02
3.195000000000000000e+05	3.167259621556274283e+02
3.195000000000000000e+05	3.166263711698190946e+02
3.204000000000000000e+05	3.166263711698190946e+02
3.204000000000000000e+05	3.165761895621822646e+02
3.213000000000000000e+05	3.165761895621822646e+02
3.213000000000000000e+05	3.165666547410964426e+02
3.222000000000000000e+05	3.165666547410964426e+02
3.222000000000000000e+05	3.166281761271474693e+02
3.231000000000000000e+05	3.166281761271474693e+02
3.231000000000000000e+05	3.166186218110998425e+02
3.240000000000000000e+05	3.166186218110998425e+02
3.240000000000000000e+05	3.162139511365852513e+02
3.249000000000000000e+05	3.162139511365852513e+02
3.249000000000000000e+05	3.161145521549090063e+02
3.258000000000000000e+05	3.161145521549090063e+02
3.258000000000000000e+05	3.160851904498509271e+02
3.267000000000000000e+05	3.160851904498509271e+02
3.267000000000000000e+05	3.160558397554322028e+02
3.276000000000000000e+05	3.160558397554322028e+02
3.276000000000000000e+05	3.160081194447250823e+02
3.285000000000000000e+05	3.160081194447250823e+02
3.285000000000000000e+05	3.159087976499333195e+02
3.294000000000000000e+05	3.159087976499333195e+02
3.294000000000000000e+05	3.158995131008146018e+02
3.303000000000000000e+05	3.158995131008146018e+02
3.303000000000000000e+05	3.158902320334017872e+02
3.312000000000000000e+05	3.158902320334017872e+02
3.312000000000000000e+05	3.158422765543913329e+02
3.321000000000000000e+05	3.158422765543913329e+02
3.321000000000000000e+05	3.158330169506834295e+02
3.330000000000000000e+05	3.158330169506834295e+02
3.330000000000000000e+05	3.158237608193269352e+02
3.339000000000000000e+05	3.158237608193269352e+02
3.339000000000000000e+05	3.151745081150197052e+02
3.348000000000000000e+05	3.151745081150197052e+02
3.348000000000000000e+05	3.151335989287692882e+02
3.357000000000000000e+05	3.151335989287692882e+02
3.357000000000000000e+05	3.151246050791709763e+02
3.366000000000000000e+05	3.151246050791709763e+02
3.366000000000000000e+05	3.150256146022662733e+02
3.375000000000000000e+05	3.150256146022662733e+02
3.375000000000000000e+05	3.130566612327903613e+02
3.384000000000000000e+05	3.130566612327903613e+02
3.384000000000000000e+05	3.130354792069624068e+02
3.393000000000000000e+05	3.130354792069624068e+02
3.393000000000000000e+05	3.130272721522597976e+02
3.402000000000000000e+05	3.130272721522597976e+02
3.402000000000000000e+05	3.130190681752026762e+02
3.411000000000000000e+05	3.130190681752026762e+02
3.411000000000000000e+05	3.130108672746370644e+02
3.420000000000000000e+05	3.130108672746370644e+02
3.420000000000000000e+05	3.129686578916970348e+02
3.429000000000000000e+05	3.129686578916970348e+02
3.429000000000000000e+05	3.154797030475400561e+02
3.438000000000000000e+05	3.154797030475400561e+02
3.438000000000000000e+05	3.154705794088972084e+02
3.447000000000000000e+05	3.154705794088972084e+02
3.447000000000000000e+05	3.154614591916188715e+02
3.456000000000000000e+05	3.154614591916188715e+02
3.456000000000000000e+05	3.126518083745055492e+02
3.465000000000000000e+05	3.126518083745055492e+02
3.465000000000000000e+05	3.126437451963651597e+02
3.474000000000000000e+05	3.126437451963651597e+02
3.474000000000000000e+05	3.127067376734954678e+02
3.483000000000000000e+05	3.127067376734954678e+02
3.483000000000000000e+05	3.127697065284468181e+02
3.492000000000000000e+05	3.127697065284468181e+02
3.492000000000000000e+05	3.136813117087370983e+02
3.501000000000000000e+05	3.136813117087370983e+02
3.501000000000000000e+05	3.145386602120780708e+02
3.510000000000000000e+05	3.145386602120780708e+02
3.510000000000000000e+05	3.145298894644985239e+02
3.519000000000000000e+05	3.145298894644985239e+02
3.519000000000000000e+05	3.145211220059493371e+02
3.528000000000000000e+05	3.145211220059493371e+02
3.528000000000000000e+05	3.138393078492085806e+02
3.537000000000000000e+05	3.138393078492085806e+02
3.537000000000000000e+05	3.152131364245993268e+02
3.546000000000000000e+05	3.152131364245993268e+02
3.546000000000000000e+05	3.152041127484400818e+02
3.555000000000000000e+05	3.152041127484400818e+02
3.555000000000000000e+05	3.151950924561594434e+02
3.564000000000000000e+05	3.151950924561594434e+02
3.564000000000000000e+05	3.139982416938191818e+02
3.573000000000000000e+05	3.139982416938191818e+02
3.573000000000000000e+05	3.139896736031840305e+02
3.582000000000000000e+05	3.139896736031840305e+02
3.582000000000000000e+05	3.139811087255828284e+02
3.591000000000000000e+05	3.139811087255828284e+02
3.591000000000000000e+05	3.199662296542514923e+02
3.600000000000000000e+05	3.199662296542514923e+02
3.600000000000000000e+05	3.141888352575756471e+02
3.609000000000000000e+05	3.141888352575756471e+02
3.609000000000000000e+05	3.170649325364593096e+02
3.618000000000000000e+05	3.170649325364593096e+02
3.618000000000000000e+05	3.170552144367581491e+02
3.627000000000000000e+05	3.170552144367581491e+02
3.627000000000000000e+05	3.170454999813443919e+02
3.636000000000000000e+05	3.170454999813443919e+02
3.636000000000000000e+05	3.147077986090009745e+02
3.645000000000000000e+05	3.147077986090009745e+02
3.645000000000000000e+05	3.146989644345226225e+02
3.654000000000000000e+05	3.146989644345226225e+02
3.654000000000000000e+05	3.177186135612487305e+02
3.663000000000000000e+05	3.177186135612487305e+02
3.663000000000000000e+05	3.226207308282862982e+02
3.672000000000000000e+05	3.226207308282862982e+02
3.672000000000000000e+05	3.222948724247899008e+02
3.681000000000000000e+05	3.222948724247899008e+02
3.681000000000000000e+05	3.222831930976306012e+02
3.690000000000000000e+05	3.222831930976306012e+02
3.690000000000000000e+05	3.222715181502189807e+02
3.699000000000000000e+05	3.222715181502189807e+02
3.699000000000000000e+05	3.222598475809126626e+02
3.708000000000000000e+05	3.222598475809126626e+02
3.708000000000000000e+05	3.223111387558439560e+02
3.717000000000000000e+05	3.223111387558439560e+02
3.717000000000000000e+05	3.194094533118104664e+02
3.726000000000000000e+05	3.194094533118104664e+02
3.726000000000000000e+05	3.193988560168185131e+02
3.735000000000000000e+05	3.193988560168185131e+02
3.735000000000000000e+05	3.192982626958122410e+02
3.744000000000000000e+05	3.192982626958122410e+02
3.744000000000000000e+05	3.192938034228468496e+02
3.753000000000000000e+05	3.192938034228468496e+02
3.753000000000000000e+05	3.191932494965632827e+02
3.762000000000000000e+05	3.191932494965632827e+02
3.762000000000000000e+05	3.190927332780020151e+02
3.771000000000000000e+05	3.190927332780020151e+02
3.771000000000000000e+05	3.189922547530227916e+02
3.780000000000000000e+05	3.189922547530227916e+02
3.780000000000000000e+05	3.188487993268693117e+02
3.789000000000000000e+05	3.188487993268693117e+02
3.789000000000000000e+05	3.187484122771217585e+02
3.798000000000000000e+05	3.187484122771217585e+02
3.798000000000000000e+05	3.187380628725178440e+02
3.807000000000000000e+05	3.187380628725178440e+02
3.807000000000000000e+05	3.186377173489406687e+02
3.816000000000000000e+05	3.186377173489406687e+02
3.816000000000000000e+05	3.185826488862252290e+02
3.825000000000000000e+05	3.185826488862252290e+02
3.825000000000000000e+05	3.185723616428928722e+02
3.834000000000000000e+05	3.185723616428928722e+02
3.834000000000000000e+05	3.223183668887070326e+02
3.843000000000000000e+05	3.223183668887070326e+02
3.843000000000000000e+05	3.222866787531237946e+02
3.852000000000000000e+05	3.222866787531237946e+02
3.852000000000000000e+05	3.187599321182425456e+02
3.861000000000000000e+05	3.187599321182425456e+02
3.861000000000000000e+05	3.222633306226548484e+02
3.870000000000000000e+05	3.222633306226548484e+02
3.870000000000000000e+05	3.222516631236713351e+02
3.879000000000000000e+05	3.222516631236713351e+02
3.879000000000000000e+05	3.221499999999999773e+02
3.888000000000000000e+05	3.221499999999999773e+02
3.888000000000000000e+05	3.173048680684553347e+02
3.897000000000000000e+05	3.173048680684553347e+02
3.897000000000000000e+05	3.172950599929296800e+02
3.906000000000000000e+05	3.172950599929296800e+02
3.906000000000000000e+05	3.172852555954323179e+02
3.915000000000000000e+05	3.172852555954323179e+02
3.915000000000000000e+05	3.201601917166893259e+02
3.924000000000000000e+05	3.201601917166893259e+02
3.924000000000000000e+05	3.168217620449087235e+02
3.933000000000000000e+05	3.168217620449087235e+02
3.933000000000000000e+05	3.168121351341418972e+02
3.942000000000000000e+05	3.168121351341418972e+02
3.942000000000000000e+05	3.200727615550086966e+02
3.951000000000000000e+05	3.200727615550086966e+02
3.951000000000000000e+05	3.200619155194256109e+02
3.960000000000000000e+05	3.200619155194256109e+02
3.960000000000000000e+05	3.167987536001422768e+02
3.969000000000000000e+05	3.167987536001422768e+02
3.969000000000000000e+05	3.167891353175422182e+02
3.978000000000000000e+05	3.167891353175422182e+02
3.978000000000000000e+05	3.167795206417981149e+02
3.987000000000000000e+05	3.167795206417981149e+02
3.987000000000000000e+05	3.166799095715574595e+02
3.996000000000000000e+05	3.166799095715574595e+02
3.996000000000000000e+05	3.166296863401582868e+02
4.005000000000000000e+05	3.166296863401582868e+02
4.005000000000000000e+05	3.166201314577805874e+02
4.014000000000000000e+05	3.166201314577805874e+02
4.014000000000000000e+05	3.166105801584839128e+02
4.023000000000000000e+05	3.166105801584839128e+02
4.023000000000000000e+05	3.165110324409244527e+02
4.032000000000000000e+05	3.165110324409244527e+02
4.032000000000000000e+05	3.165452736054593856e+02
4.041000000000000000e+05	3.165452736054593856e+02
4.041000000000000000e+05	3.165357503778573118e+02
4.050000000000000000e+05	3.165357503778573118e+02
4.050000000000000000e+05	3.165262307214655948e+02
4.059000000000000000e+05	3.165262307214655948e+02
4.059000000000000000e+05	3.164267146349450854e+02
4.068000000000000000e+05	3.164267146349450854e+02
4.068000000000000000e+05	3.163963764272232879e+02
4.077000000000000000e+05	3.163963764272232879e+02
4.077000000000000000e+05	3.163869090360630594e+02
4.086000000000000000e+05	3.163869090360630594e+02
4.086000000000000000e+05	3.163774451951745164e+02
4.095000000000000000e+05	3.163774451951745164e+02
4.095000000000000000e+05	3.163679849032263292e+02
4.104000000000000000e+05	3.163679849032263292e+02
4.104000000000000000e+05	3.163182793399487309e+02
4.113000000000000000e+05	3.163182793399487309e+02
4.113000000000000000e+05	3.162188412351962370e+02
4.122000000000000000e+05	3.162188412351962370e+02
4.122000000000000000e+05	3.161894404217330248e+02
4.131000000000000000e+05	3.161894404217330248e+02
4.131000000000000000e+05	3.161600506335748832e+02
4.140000000000000000e+05	3.161600506335748832e+02
4.140000000000000000e+05	3.161120683454576579e+02
4.149000000000000000e+05	3.161120683454576579e+02
4.149000000000000000e+05	3.160127075698280805e+02
4.158000000000000000e+05	3.160127075698280805e+02
4.158000000000000000e+05	3.160033840544894019e+02
4.167000000000000000e+05	3.160033840544894019e+02
4.167000000000000000e+05	3.159940640354689663e+02
4.176000000000000000e+05	3.159940640354689663e+02
4.176000000000000000e+05	3.159458415669403166e+02
4.185000000000000000e+05	3.159458415669403166e+02
4.185000000000000000e+05	3.159365431263526602e+02
4.194000000000000000e+05	3.159365431263526602e+02
4.194000000000000000e+05	3.159272481726802653e+02
4.203000000000000000e+05	3.159272481726802653e+02
4.203000000000000000e+05	3.152779566606155299e+02
4.212000000000000000e+05	3.152779566606155299e+02
4.212000000000000000e+05	3.152367660514206023e+02
4.221000000000000000e+05	3.152367660514206023e+02
4.221000000000000000e+05	3.152277335141512822e+02
4.230000000000000000e+05	3.152277335141512822e+02
4.230000000000000000e+05	3.151287043640834327e+02
4.239000000000000000e+05	3.151287043640834327e+02
4.239000000000000000e+05	3.131597123359468924e+02
4.248000000000000000e+05	3.131597123359468924e+02
4.248000000000000000e+05	3.131382327769867970e+02
4.257000000000000000e+05	3.131382327769867970e+02
4.257000000000000000e+05	3.131299871896952709e+02
4.266000000000000000e+05	3.131299871896952709e+02
4.266000000000000000e+05	3.131217446944991138e+02
4.275000000000000000e+05	3.131217446944991138e+02
4.275000000000000000e+05	3.131135052902386633e+02
4.284000000000000000e+05	3.131135052902386633e+02
4.284000000000000000e+05	3.130711622419657942e+02
4.293000000000000000e+05	3.130711622419657942e+02
4.293000000000000000e+05	3.130629418061250249e+02
4.302000000000000000e+05	3.130629418061250249e+02
4.302000000000000000e+05	3.130547244529477098e+02
4.311000000000000000e+05	3.130547244529477098e+02
4.311000000000000000e+05	3.130465101812778244e+02
4.320000000000000000e+05	3.130465101812778244e+02
4.320000000000000000e+05	3.130042882372596296e+02
4.329000000000000000e+05	3.130042882372596296e+02
4.329000000000000000e+05	3.136882099719310872e+02
4.338000000000000000e+05	3.136882099719310872e+02
4.338000000000000000e+05	3.165644949852969035e+02
4.347000000000000000e+05	3.165644949852969035e+02
4.347000000000000000e+05	3.165549645496774360e+02
4.356000000000000000e+05	3.165549645496774360e+02
4.356000000000000000e+05	3.156439404286040258e+02
4.365000000000000000e+05	3.156439404286040258e+02
4.365000000000000000e+05	3.156347552009432320e+02
4.374000000000000000e+05	3.156347552009432320e+02
4.374000000000000000e+05	3.156255734177428849e+02
4.383000000000000000e+05	3.156255734177428849e+02
4.383000000000000000e+05	3.156163950777112177e+02
4.392000000000000000e+05	3.156163950777112177e+02
4.392000000000000000e+05	3.156756412221218966e+02
4.401000000000000000e+05	3.156756412221218966e+02
4.401000000000000000e+05	3.185511809487688879e+02
4.410000000000000000e+05	3.185511809487688879e+02
4.410000000000000000e+05	3.185409055059130878e+02
4.419000000000000000e+05	3.185409055059130878e+02
4.419000000000000000e+05	3.214153707584536619e+02
4.428000000000000000e+05	3.214153707584536619e+02
4.428000000000000000e+05	3.181740295856175180e+02
4.437000000000000000e+05	3.181740295856175180e+02
4.437000000000000000e+05	3.210486324166281520e+02
4.446000000000000000e+05	3.210486324166281520e+02
4.446000000000000000e+05	3.210374204294719220e+02
4.455000000000000000e+05	3.210374204294719220e+02
4.455000000000000000e+05	3.210262126468108477e+02
4.464000000000000000e+05	3.210262126468108477e+02
4.464000000000000000e+05	3.177842610995424479e+02
4.473000000000000000e+05	3.177842610995424479e+02
4.473000000000000000e+05	3.177742732516301203e+02
4.482000000000000000e+05	3.177742732516301203e+02
4.482000000000000000e+05	3.177642891491607884e+02
4.491000000000000000e+05	3.177642891491607884e+02
4.491000000000000000e+05	3.226643355986281563e+02
4.500000000000000000e+05	3.226643355986281563e+02
4.500000000000000000e+05	3.183600798518909301e+02
4.509000000000000000e+05	3.183600798518909301e+02
4.509000000000000000e+05	3.183498760719464826e+02
4.518000000000000000e+05	3.183498760719464826e+02
4.518000000000000000e+05	3.232233734665685461e+02
4.527000000000000000e+05	3.232233734665685461e+02
4.527000000000000000e+05	3.232113459515186378e+02
4.536000000000000000e+05	3.232113459515186378e+02
4.536000000000000000e+05	3.228287596385989673e+02
4.545000000000000000e+05	3.228287596385989673e+02
4.545000000000000000e+05	3.274295963074675910e+02
4.554000000000000000e+05	3.274295963074675910e+02
4.554000000000000000e+05	3.274159914588523748e+02
4.563000000000000000e+05	3.274159914588523748e+02
4.563000000000000000e+05	3.274023917120553051e+02
4.572000000000000000e+05	3.274023917120553051e+02
4.572000000000000000e+05	3.253362325548828267e+02
4.581000000000000000e+05	3.253362325548828267e+02
4.581000000000000000e+05	3.224334127006747508e+02
4.590000000000000000e+05	3.224334127006747508e+02
4.590000000000000000e+05	3.224216814209119661e+02
4.599000000000000000e+05	3.224216814209119661e+02
4.599000000000000000e+05	3.223199545403791149e+02
4.608000000000000000e+05	3.223199545403791149e+02
4.608000000000000000e+05	3.223097556909594346e+02
4.617000000000000000e+05	3.223097556909594346e+02
4.617000000000000000e+05	3.222080707825753052e+02
4.626000000000000000e+05	3.222080707825753052e+02
4.626000000000000000e+05	3.221064240060318298e+02
4.635000000000000000e+05	3.221064240060318298e+02
4.635000000000000000e+05	3.220048153470295915e+02
4.644000000000000000e+05	3.220048153470295915e+02
4.644000000000000000e+05	3.218555542351630265e+02
4.653000000000000000e+05	3.218555542351630265e+02
4.653000000000000000e+05	3.217540396523248774e+02
4.662000000000000000e+05	3.217540396523248774e+02
4.662000000000000000e+05	3.217425631374553063e+02
4.671000000000000000e+05	3.217425631374553063e+02
4.671000000000000000e+05	3.237313554127785551e+02
4.680000000000000000e+05	3.237313554127785551e+02
4.680000000000000000e+05	3.224377204938213026e+02
4.689000000000000000e+05	3.224377204938213026e+02
4.689000000000000000e+05	3.224259875986360839e+02
4.698000000000000000e+05	3.224259875986360839e+02
4.698000000000000000e+05	3.224142591032866108e+02
4.707000000000000000e+05	3.224142591032866108e+02
4.707000000000000000e+05	3.223825350081228862e+02
4.716000000000000000e+05	3.223825350081228862e+02
4.716000000000000000e+05	3.223195559291754648e+02
4.725000000000000000e+05	3.223195559291754648e+02
4.725000000000000000e+05	3.223078673457017658e+02
4.734000000000000000e+05	3.223078673457017658e+02
4.734000000000000000e+05	3.222961831454471167e+02
4.743000000000000000e+05	3.222961831454471167e+02
4.743000000000000000e+05	3.221945033267675740e+02
4.752000000000000000e+05	3.221945033267675740e+02
4.752000000000000000e+05	3.208996818158418023e+02
4.761000000000000000e+05	3.208996818158418023e+02
4.761000000000000000e+05	3.221499999999999773e+02
4.770000000000000000e+05	3.221499999999999773e+02
4.770000000000000000e+05	3.221383749999999964e+02
4.779000000000000000e+05	3.221383749999999964e+02
4.779000000000000000e+05	3.221978069909539499e+02
4.788000000000000000e+05	3.221978069909539499e+02
4.788000000000000000e+05	3.237770674571490304e+02
4.797000000000000000e+05	3.237770674571490304e+02
4.797000000000000000e+05	3.237648323068526111e+02
4.806000000000000000e+05	3.237648323068526111e+02
4.806000000000000000e+05	3.238236543763164832e+02
4.815000000000000000e+05	3.238236543763164832e+02
4.815000000000000000e+05	3.238114017559253739e+02
4.824000000000000000e+05	3.238114017559253739e+02
4.824000000000000000e+05	3.234151975285736853e+02
4.833000000000000000e+05	3.234151975285736853e+02
4.833000000000000000e+05	3.234030980795004666e+02
4.842000000000000000e+05	3.234030980795004666e+02
4.842000000000000000e+05	3.233910031677206689e+02
4.851000000000000000e+05	3.233910031677206689e+02
4.851000000000000000e+05	3.232889127915328231e+02
4.860000000000000000e+05	3.232889127915328231e+02
4.860000000000000000e+05	3.232257204268003647e+02
4.869000000000000000e+05	3.232257204268003647e+02
4.869000000000000000e+05	3.232136920316402779e+02
4.878000000000000000e+05	3.232136920316402779e+02
4.878000000000000000e+05	3.232016681471284301e+02
4.887000000000000000e+05	3.232016681471284301e+02
4.887000000000000000e+05	3.230996487715732428e+02
4.896000000000000000e+05	3.230996487715732428e+02
4.896000000000000000e+05	3.230367776896922010e+02
4.905000000000000000e+05	3.230367776896922010e+02
4.905000000000000000e+05	3.230248201480585521e+02
4.914000000000000000e+05	3.230248201480585521e+02
4.914000000000000000e+05	3.230128670905030503e+02
4.923000000000000000e+05	3.230128670905030503e+02
4.923000000000000000e+05	3.229109185153440649e+02
4.932000000000000000e+05	3.229109185153440649e+02
4.932000000000000000e+05	3.228483675534670851e+02
4.941000000000000000e+05	3.228483675534670851e+02
4.941000000000000000e+05	3.228364806656344967e+02
4.950000000000000000e+05	3.228364806656344967e+02
4.950000000000000000e+05	3.228245982353848831e+02
4.959000000000000000e+05	3.228245982353848831e+02
4.959000000000000000e+05	3.228127202610466497e+02
4.968000000000000000e+05	3.228127202610466497e+02
4.968000000000000000e+05	3.227502827902841886e+02
4.977000000000000000e+05	3.227502827902841886e+02
4.977000000000000000e+05	3.226484326842378323e+02
4.986000000000000000e+05	3.226484326842378323e+02
4.986000000000000000e+05	3.226166207739812535e+02
4.995000000000000000e+05	3.226166207739812535e+02
4.995000000000000000e+05	3.225848207931909997e+02
5.004000000000000000e+05	3.225848207931909997e+02
5.004000000000000000e+05	3.225239199873112739e+02
5.013000000000000000e+05	3.225239199873112739e+02
5.013000000000000000e+05	3.224221547673159876e+02
5.022000000000000000e+05	3.224221547673159876e+02
5.022000000000000000e+05	3.224104277092782809e+02
5.031000000000000000e+05	3.224104277092782809e+02
5.031000000000000000e+05	3.223987050488872796e+02
5.040000000000000000e+05	3.223987050488872796e+02
5.040000000000000000e+05	3.223376114186897325e+02
5.049000000000000000e+05	3.223376114186897325e+02
5.049000000000000000e+05	3.223259160644076928e+02
5.058000000000000000e+05	3.223259160644076928e+02
5.058000000000000000e+05	3.223142250958835575e+02
5.067000000000000000e+05	3.223142250958835575e+02
5.067000000000000000e+05	3.199025383464726247e+02
5.076000000000000000e+05	3.199025383464726247e+02
5.076000000000000000e+05	3.201252206323734981e+02
5.085000000000000000e+05	3.201252206323734981e+02
5.085000000000000000e+05	3.201143549246363023e+02
5.094000000000000000e+05	3.201143549246363023e+02
5.094000000000000000e+05	3.200134932915395325e+02
5.103000000000000000e+05	3.200134932915395325e+02
5.103000000000000000e+05	3.180426694675552426e+02
5.112000000000000000e+05	3.180426694675552426e+02
5.112000000000000000e+05	3.180102386663556331e+02
5.121000000000000000e+05	3.180102386663556331e+02
5.121000000000000000e+05	3.180001660768558054e+02
5.130000000000000000e+05	3.180001660768558054e+02
5.130000000000000000e+05	3.179900972645770025e+02
5.139000000000000000e+05	3.179900972645770025e+02
5.139000000000000000e+05	3.179800322281027434e+02
5.148000000000000000e+05	3.179800322281027434e+02
5.148000000000000000e+05	3.179283999032002157e+02
5.157000000000000000e+05	3.179283999032002157e+02
5.157000000000000000e+05	3.179183580032364489e+02
5.166000000000000000e+05	3.179183580032364489e+02
5.166000000000000000e+05	3.179083198689852452e+02
5.175000000000000000e+05	3.179083198689852452e+02
5.175000000000000000e+05	3.178982854990343867e+02
5.184000000000000000e+05	3.178982854990343867e+02
5.184000000000000000e+05	3.178467995191763862e+02
5.193000000000000000e+05	3.178467995191763862e+02
5.193000000000000000e+05	3.178367882193567766e+02
5.202000000000000000e+05	3.178367882193567766e+02
5.202000000000000000e+05	3.178267806737745218e+02
5.211000000000000000e+05	3.178267806737745218e+02
5.211000000000000000e+05	3.181580354431883393e+02
5.220000000000000000e+05	3.181580354431883393e+02
5.220000000000000000e+05	3.176022881127323672e+02
5.229000000000000000e+05	3.176022881127323672e+02
5.229000000000000000e+05	3.175923685046901142e+02
5.238000000000000000e+05	3.175923685046901142e+02
5.238000000000000000e+05	3.175824526165008592e+02
5.247000000000000000e+05	3.175824526165008592e+02
5.247000000000000000e+05	3.175725404467696649e+02
5.256000000000000000e+05	3.175725404467696649e+02
5.256000000000000000e+05	3.175210880944083556e+02
5.265000000000000000e+05	3.175210880944083556e+02
5.265000000000000000e+05	3.175111989363729208e+02
5.274000000000000000e+05	3.175111989363729208e+02
5.274000000000000000e+05	3.175013134867717781e+02
5.283000000000000000e+05	3.175013134867717781e+02
5.283000000000000000e+05	3.174914317442142533e+02
5.292000000000000000e+05	3.174914317442142533e+02
5.292000000000000000e+05	3.174401309879765449e+02
5.301000000000000000e+05	3.174401309879765449e+02
5.301000000000000000e+05	3.180493414301275834e+02
5.310000000000000000e+05	3.180493414301275834e+02
5.310000000000000000e+05	3.180392541770912658e+02
5.319000000000000000e+05	3.180392541770912658e+02
5.319000000000000000e+05	3.180291707067748916e+02
5.328000000000000000e+05	3.180291707067748916e+02
5.328000000000000000e+05	3.169624930640380853e+02
5.337000000000000000e+05	3.169624930640380853e+02
5.337000000000000000e+05	3.169528133791390587e+02
5.346000000000000000e+05	3.169528133791390587e+02
5.346000000000000000e+05	3.169431373241218921e+02
5.355000000000000000e+05	3.169431373241218921e+02
5.355000000000000000e+05	3.169334648976253561e+02
5.364000000000000000e+05	3.169334648976253561e+02
5.364000000000000000e+05	3.168828631546754764e+02
5.373000000000000000e+05	3.168828631546754764e+02
5.373000000000000000e+05	3.168732133309924848e+02
5.382000000000000000e+05	3.168732133309924848e+02
5.382000000000000000e+05	3.168635671259933702e+02
5.391000000000000000e+05	3.168635671259933702e+02
5.391000000000000000e+05	3.218044500720814654e+02
5.400000000000000000e+05	3.218044500720814654e+02
5.400000000000000000e+05	3.220711951409656990e+02
5.409000000000000000e+05	3.220711951409656990e+02
5.409000000000000000e+05	3.220595996927878559e+02
5.418000000000000000e+05	3.220595996927878559e+02
5.418000000000000000e+05	3.261690161301129365e+02
5.427000000000000000e+05	3.261690161301129365e+02
5.427000000000000000e+05	3.261558839990642014e+02
5.436000000000000000e+05	3.261558839990642014e+02
5.436000000000000000e+05	3.218424980876945938e+02
5.445000000000000000e+05	3.218424980876945938e+02
5.445000000000000000e+05	3.189409883839117015e+02
5.454000000000000000e+05	3.189409883839117015e+02
5.454000000000000000e+05	3.189305667632677341e+02
5.463000000000000000e+05	3.189305667632677341e+02
5.463000000000000000e+05	3.188301490507315066e+02
5.472000000000000000e+05	3.188301490507315066e+02
5.472000000000000000e+05	3.188270741305268530e+02
5.481000000000000000e+05	3.188270741305268530e+02
5.481000000000000000e+05	3.187266952277278733e+02
5.490000000000000000e+05	3.187266952277278733e+02
5.490000000000000000e+05	3.186263539670174509e+02
5.499000000000000000e+05	3.186263539670174509e+02
5.499000000000000000e+05	3.185260503342798870e+02
5.508000000000000000e+05	3.185260503342798870e+02
5.508000000000000000e+05	3.183838909356421709e+02
5.517000000000000000e+05	3.183838909356421709e+02
5.517000000000000000e+05	3.226040315302114436e+02
5.526000000000000000e+05	3.226040315302114436e+02
5.526000000000000000e+05	3.225922362683876372e+02
5.535000000000000000e+05	3.225922362683876372e+02
5.535000000000000000e+05	3.224904454297869734e+02
5.544000000000000000e+05	3.224904454297869734e+02
5.544000000000000000e+05	3.186796098789758389e+02
5.553000000000000000e+05	3.186796098789758389e+02
5.553000000000000000e+05	3.224669445029734902e+02
5.562000000000000000e+05	3.224669445029734902e+02
5.562000000000000000e+05	3.224552006487848530e+02
5.571000000000000000e+05	3.224552006487848530e+02
5.571000000000000000e+05	3.224234612005416238e+02
5.580000000000000000e+05	3.224234612005416238e+02
5.580000000000000000e+05	3.191763222254394350e+02
5.589000000000000000e+05	3.191763222254394350e+02
5.589000000000000000e+05	3.191658123546048955e+02
5.598000000000000000e+05	3.191658123546048955e+02
5.598000000000000000e+05	3.195823527443974967e+02
5.607000000000000000e+05	3.195823527443974967e+02
5.607000000000000000e+05	3.194816906121183706e+02
5.616000000000000000e+05	3.194816906121183706e+02
5.616000000000000000e+05	3.189373988075865327e+02
5.625000000000000000e+05	3.189373988075865327e+02
5.625000000000000000e+05	3.189269785330337186e+02
5.634000000000000000e+05	3.189269785330337186e+02
5.634000000000000000e+05	3.227154572386172049e+02
5.643000000000000000e+05	3.227154572386172049e+02
5.643000000000000000e+05	3.227036201921526981e+02
5.652000000000000000e+05	3.227036201921526981e+02
5.652000000000000000e+05	3.177527917456051227e+02
5.661000000000000000e+05	3.177527917456051227e+02
5.661000000000000000e+05	3.177428156987004968e+02
5.670000000000000000e+05	3.177428156987004968e+02
5.670000000000000000e+05	3.177328433928134928e+02
5.679000000000000000e+05	3.177328433928134928e+02
5.679000000000000000e+05	3.177228748265412150e+02
5.688000000000000000e+05	3.177228748265412150e+02
5.688000000000000000e+05	3.174590721434998386e+02
5.697000000000000000e+05	3.174590721434998386e+02
5.697000000000000000e+05	3.174492062414460634e+02
5.706000000000000000e+05	3.174492062414460634e+02
5.706000000000000000e+05	3.174393440391055492e+02
5.715000000000000000e+05	3.174393440391055492e+02
5.715000000000000000e+05	3.173394855350908301e+02
5.724000000000000000e+05	3.173394855350908301e+02
5.724000000000000000e+05	3.173346092202863247e+02
5.733000000000000000e+05	3.173346092202863247e+02
5.733000000000000000e+05	3.173247899918287089e+02
5.742000000000000000e+05	3.173247899918287089e+02
5.742000000000000000e+05	3.173149744455817540e+02
5.751000000000000000e+05	3.173149744455817540e+02
5.751000000000000000e+05	3.172151625801647015e+02
5.760000000000000000e+05	3.172151625801647015e+02
5.760000000000000000e+05	3.171638254043841698e+02
5.769000000000000000e+05	3.171638254043841698e+02
5.769000000000000000e+05	3.171540702198575445e+02
5.778000000000000000e+05	3.171540702198575445e+02
5.778000000000000000e+05	3.171443186935251219e+02
5.787000000000000000e+05	3.171443186935251219e+02
5.787000000000000000e+05	3.170445708240150680e+02
5.796000000000000000e+05	3.170445708240150680e+02
5.796000000000000000e+05	3.169935171713036652e+02
5.805000000000000000e+05	3.169935171713036652e+02
5.805000000000000000e+05	3.169838258523644186e+02
5.814000000000000000e+05	3.169838258523644186e+02
5.814000000000000000e+05	3.169741381676697642e+02
5.823000000000000000e+05	3.169741381676697642e+02
5.823000000000000000e+05	3.169644541158569382e+02
5.832000000000000000e+05	3.169644541158569382e+02
5.832000000000000000e+05	3.169137540481609676e+02
5.841000000000000000e+05	3.169137540481609676e+02
5.841000000000000000e+05	3.165485926403928829e+02
5.850000000000000000e+05	3.165485926403928829e+02
5.850000000000000000e+05	3.165190681701527069e+02
5.859000000000000000e+05	3.165190681701527069e+02
5.859000000000000000e+05	3.164895547715889279e+02
5.868000000000000000e+05	3.164895547715889279e+02
5.868000000000000000e+05	3.164453304699185310e+02
5.877000000000000000e+05	3.164453304699185310e+02
5.877000000000000000e+05	3.163458447209922610e+02
5.886000000000000000e+05	3.163458447209922610e+02
5.886000000000000000e+05	3.163363962792219013e+02
5.895000000000000000e+05	3.163363962792219013e+02
5.895000000000000000e+05	3.163269513806172313e+02
5.904000000000000000e+05	3.163269513806172313e+02
5.904000000000000000e+05	3.162775699484600409e+02
5.913000000000000000e+05	3.162775699484600409e+02
5.913000000000000000e+05	3.162681471097293979e+02
5.922000000000000000e+05	3.162681471097293979e+02
5.922000000000000000e+05	3.162587278045632502e+02
5.931000000000000000e+05	3.162587278045632502e+02
5.931000000000000000e+05	3.156093119876365449e+02
5.940000000000000000e+05	3.156093119876365449e+02
5.940000000000000000e+05	3.155669637870597626e+02
5.949000000000000000e+05	3.155669637870597626e+02
5.949000000000000000e+05	3.156288600572185601e+02
5.958000000000000000e+05	3.156288600572185601e+02
5.958000000000000000e+05	3.156007331162760465e+02
5.967000000000000000e+05	3.156007331162760465e+02
5.967000000000000000e+05	3.137026167089363184e+02
5.976000000000000000e+05	3.137026167089363184e+02
5.976000000000000000e+05	3.154130723819582158e+02
5.985000000000000000e+05	3.154130723819582158e+02
5.985000000000000000e+05	3.154039737298149362e+02
5.994000000000000000e+05	3.154039737298149362e+02
5.994000000000000000e+05	3.153948784896662687e+02
6.003000000000000000e+05	3.153948784896662687e+02
6.003000000000000000e+05	3.153857866602326681e+02
6.012000000000000000e+05	3.153857866602326681e+02
6.012000000000000000e+05	3.153441928793669717e+02
6.021000000000000000e+05	3.153441928793669717e+02
6.021000000000000000e+05	3.153351200570372157e+02
6.030000000000000000e+05	3.153351200570372157e+02
6.030000000000000000e+05	3.153260506370158396e+02
6.039000000000000000e+05	3.153260506370158396e+02
6.039000000000000000e+05	3.153169846180269360e+02
6.048000000000000000e+05	3.153169846180269360e+02
