# #1
# double T_supply_HP_heat(1344, 2)
0.000000000000000000e+00	3.281499999999999773e+02
9.000000000000000000e+02	3.281499999999999773e+02
9.000000000000000000e+02	3.281499999999999773e+02
1.800000000000000000e+03	3.281499999999999773e+02
1.800000000000000000e+03	2.981499999999999204e+02
2.700000000000000000e+03	2.981499999999999204e+02
2.700000000000000000e+03	2.981499999999999773e+02
3.600000000000000000e+03	2.981499999999999773e+02
3.600000000000000000e+03	3.281500000000201567e+02
4.500000000000000000e+03	3.281500000000201567e+02
4.500000000000000000e+03	3.281499999999999773e+02
5.400000000000000000e+03	3.281499999999999773e+02
5.400000000000000000e+03	2.993069442121316683e+02
6.300000000000000000e+03	2.993069442121316683e+02
6.300000000000000000e+03	3.281499999999999773e+02
7.200000000000000000e+03	3.281499999999999773e+02
7.200000000000000000e+03	3.004071647218148087e+02
8.100000000000000000e+03	3.004071647218148087e+02
8.100000000000000000e+03	2.981499999999999773e+02
9.000000000000000000e+03	2.981499999999999773e+02
9.000000000000000000e+03	3.002399576774322441e+02
9.900000000000000000e+03	3.002399576774322441e+02
9.900000000000000000e+03	2.981499999999999773e+02
1.080000000000000000e+04	2.981499999999999773e+02
1.080000000000000000e+04	3.011182020472431873e+02
1.170000000000000000e+04	3.011182020472431873e+02
1.170000000000000000e+04	3.281499999999999773e+02
1.260000000000000000e+04	3.281499999999999773e+02
1.260000000000000000e+04	3.013078711277024127e+02
1.350000000000000000e+04	3.013078711277024127e+02
1.350000000000000000e+04	2.981499999999998636e+02
1.440000000000000000e+04	2.981499999999998636e+02
1.440000000000000000e+04	3.002923627685991050e+02
1.530000000000000000e+04	3.002923627685991050e+02
1.530000000000000000e+04	2.981499999999999773e+02
1.620000000000000000e+04	2.981499999999999773e+02
1.620000000000000000e+04	3.281499999999999773e+02
1.710000000000000000e+04	3.281499999999999773e+02
1.710000000000000000e+04	3.093092836404548507e+02
1.800000000000000000e+04	3.093092836404548507e+02
1.800000000000000000e+04	3.005483797450179964e+02
1.890000000000000000e+04	3.005483797450179964e+02
1.890000000000000000e+04	3.040921335698058101e+02
1.980000000000000000e+04	3.040921335698058101e+02
1.980000000000000000e+04	3.019989853006533735e+02
2.070000000000000000e+04	3.019989853006533735e+02
2.070000000000000000e+04	2.981499999999999773e+02
2.160000000000000000e+04	2.981499999999999773e+02
2.160000000000000000e+04	3.281499999999999773e+02
2.250000000000000000e+04	3.281499999999999773e+02
2.250000000000000000e+04	3.281499999999999773e+02
2.340000000000000000e+04	3.281499999999999773e+02
2.340000000000000000e+04	2.981499999999999773e+02
2.430000000000000000e+04	2.981499999999999773e+02
2.430000000000000000e+04	2.995750330430484496e+02
2.520000000000000000e+04	2.995750330430484496e+02
2.520000000000000000e+04	3.012342798763009455e+02
2.610000000000000000e+04	3.012342798763009455e+02
2.610000000000000000e+04	3.072016400950552679e+02
2.700000000000000000e+04	3.072016400950552679e+02
2.700000000000000000e+04	3.111429408977875823e+02
2.790000000000000000e+04	3.111429408977875823e+02
2.790000000000000000e+04	3.136709348817716432e+02
2.880000000000000000e+04	3.136709348817716432e+02
2.880000000000000000e+04	3.161114637547244115e+02
2.970000000000000000e+04	3.161114637547244115e+02
2.970000000000000000e+04	3.161114637547244115e+02
3.060000000000000000e+04	3.161114637547244115e+02
3.060000000000000000e+04	3.161114637547244115e+02
3.150000000000000000e+04	3.161114637547244115e+02
3.150000000000000000e+04	3.161114637547244115e+02
3.240000000000000000e+04	3.161114637547244115e+02
3.240000000000000000e+04	3.140486444751291515e+02
3.330000000000000000e+04	3.140486444751291515e+02
3.330000000000000000e+04	3.281499999999999773e+02
3.420000000000000000e+04	3.281499999999999773e+02
3.420000000000000000e+04	3.093092836404548507e+02
3.510000000000000000e+04	3.093092836404548507e+02
3.510000000000000000e+04	3.281499999999999773e+02
3.600000000000000000e+04	3.281499999999999773e+02
3.600000000000000000e+04	3.076866562257757209e+02
3.690000000000000000e+04	3.076866562257757209e+02
3.690000000000000000e+04	3.095748745746549844e+02
3.780000000000000000e+04	3.095748745746549844e+02
3.780000000000000000e+04	3.070744658487671472e+02
3.870000000000000000e+04	3.070744658487671472e+02
3.870000000000000000e+04	3.074753369380950403e+02
3.960000000000000000e+04	3.074753369380950403e+02
3.960000000000000000e+04	3.281499999999999773e+02
4.050000000000000000e+04	3.281499999999999773e+02
4.050000000000000000e+04	3.281499999999999773e+02
4.140000000000000000e+04	3.281499999999999773e+02
4.140000000000000000e+04	3.053332191679365337e+02
4.230000000000000000e+04	3.053332191679365337e+02
4.230000000000000000e+04	3.281499999999999773e+02
4.320000000000000000e+04	3.281499999999999773e+02
4.320000000000000000e+04	3.281499999999999773e+02
4.410000000000000000e+04	3.281499999999999773e+02
4.410000000000000000e+04	3.281499999999999773e+02
4.500000000000000000e+04	3.281499999999999773e+02
4.500000000000000000e+04	3.035350822957373111e+02
4.590000000000000000e+04	3.035350822957373111e+02
4.590000000000000000e+04	3.281499999999999773e+02
4.680000000000000000e+04	3.281499999999999773e+02
4.680000000000000000e+04	2.981499999999999204e+02
4.770000000000000000e+04	2.981499999999999204e+02
4.770000000000000000e+04	3.017338996932944610e+02
4.860000000000000000e+04	3.017338996932944610e+02
4.860000000000000000e+04	3.281499999999999773e+02
4.950000000000000000e+04	3.281499999999999773e+02
4.950000000000000000e+04	2.981499999999999773e+02
5.040000000000000000e+04	2.981499999999999773e+02
5.040000000000000000e+04	3.281499999999999773e+02
5.130000000000000000e+04	3.281499999999999773e+02
5.130000000000000000e+04	3.281499999999999773e+02
5.220000000000000000e+04	3.281499999999999773e+02
5.220000000000000000e+04	2.986257700292536583e+02
5.310000000000000000e+04	2.986257700292536583e+02
5.310000000000000000e+04	3.056392964040398397e+02
5.400000000000000000e+04	3.056392964040398397e+02
5.400000000000000000e+04	3.281499999999999773e+02
5.490000000000000000e+04	3.281499999999999773e+02
5.490000000000000000e+04	3.281499999999999773e+02
5.580000000000000000e+04	3.281499999999999773e+02
5.580000000000000000e+04	3.281499999999999773e+02
5.670000000000000000e+04	3.281499999999999773e+02
5.670000000000000000e+04	2.981499999999999773e+02
5.760000000000000000e+04	2.981499999999999773e+02
5.760000000000000000e+04	3.281499999999999773e+02
5.850000000000000000e+04	3.281499999999999773e+02
5.850000000000000000e+04	2.981499999999999773e+02
5.940000000000000000e+04	2.981499999999999773e+02
5.940000000000000000e+04	2.983388759010907165e+02
6.030000000000000000e+04	2.983388759010907165e+02
6.030000000000000000e+04	2.981499999999999773e+02
6.120000000000000000e+04	2.981499999999999773e+02
6.120000000000000000e+04	2.981499999999999773e+02
6.210000000000000000e+04	2.981499999999999773e+02
6.210000000000000000e+04	3.281499999999999773e+02
6.300000000000000000e+04	3.281499999999999773e+02
6.300000000000000000e+04	3.281499999999999773e+02
6.390000000000000000e+04	3.281499999999999773e+02
6.390000000000000000e+04	3.281499999999999773e+02
6.480000000000000000e+04	3.281499999999999773e+02
6.480000000000000000e+04	3.009015281076315205e+02
6.570000000000000000e+04	3.009015281076315205e+02
6.570000000000000000e+04	3.281499999999999773e+02
6.660000000000000000e+04	3.281499999999999773e+02
6.660000000000000000e+04	3.025418780012324191e+02
6.750000000000000000e+04	3.025418780012324191e+02
6.750000000000000000e+04	3.281499999999999773e+02
6.840000000000000000e+04	3.281499999999999773e+02
6.840000000000000000e+04	3.093092836404548507e+02
6.930000000000000000e+04	3.093092836404548507e+02
6.930000000000000000e+04	3.281499999999999773e+02
7.020000000000000000e+04	3.281499999999999773e+02
7.020000000000000000e+04	3.281499999999999773e+02
7.110000000000000000e+04	3.281499999999999773e+02
7.110000000000000000e+04	3.014414604370235224e+02
7.200000000000000000e+04	3.014414604370235224e+02
7.200000000000000000e+04	3.281499999999999773e+02
7.290000000000000000e+04	3.281499999999999773e+02
7.290000000000000000e+04	3.281499999999999773e+02
7.380000000000000000e+04	3.281499999999999773e+02
7.380000000000000000e+04	3.281499999999999773e+02
7.470000000000000000e+04	3.281499999999999773e+02
7.470000000000000000e+04	3.281499999999999773e+02
7.560000000000000000e+04	3.281499999999999773e+02
7.560000000000000000e+04	2.981499999999999773e+02
7.650000000000000000e+04	2.981499999999999773e+02
7.650000000000000000e+04	3.281499999999999773e+02
7.740000000000000000e+04	3.281499999999999773e+02
7.740000000000000000e+04	3.281499999999999773e+02
7.830000000000000000e+04	3.281499999999999773e+02
7.830000000000000000e+04	3.281499999999999773e+02
7.920000000000000000e+04	3.281499999999999773e+02
7.920000000000000000e+04	3.281499999999999773e+02
8.010000000000000000e+04	3.281499999999999773e+02
8.010000000000000000e+04	3.281499999999999773e+02
8.100000000000000000e+04	3.281499999999999773e+02
8.100000000000000000e+04	3.281499999999999773e+02
8.190000000000000000e+04	3.281499999999999773e+02
8.190000000000000000e+04	3.281499999999999773e+02
8.280000000000000000e+04	3.281499999999999773e+02
8.280000000000000000e+04	2.981499999999999773e+02
8.370000000000000000e+04	2.981499999999999773e+02
8.370000000000000000e+04	3.223586955247694164e+02
8.460000000000000000e+04	3.223586955247694164e+02
8.460000000000000000e+04	3.224195448955265419e+02
8.550000000000000000e+04	3.224195448955265419e+02
8.550000000000000000e+04	3.224803714477696417e+02
8.640000000000000000e+04	3.224803714477696417e+02
8.640000000000000000e+04	3.281499999999999773e+02
8.730000000000000000e+04	3.281499999999999773e+02
8.730000000000000000e+04	3.281499999999999773e+02
8.820000000000000000e+04	3.281499999999999773e+02
8.820000000000000000e+04	3.281499999999999773e+02
8.910000000000000000e+04	3.281499999999999773e+02
8.910000000000000000e+04	3.281499999999999773e+02
9.000000000000000000e+04	3.281499999999999773e+02
9.000000000000000000e+04	3.281499999999999773e+02
9.090000000000000000e+04	3.281499999999999773e+02
9.090000000000000000e+04	3.281499999999999773e+02
9.180000000000000000e+04	3.281499999999999773e+02
9.180000000000000000e+04	2.981499999999999773e+02
9.270000000000000000e+04	2.981499999999999773e+02
9.270000000000000000e+04	3.093092836404548507e+02
9.360000000000000000e+04	3.093092836404548507e+02
9.360000000000000000e+04	3.281499999999999773e+02
9.450000000000000000e+04	3.281499999999999773e+02
9.450000000000000000e+04	3.281499999999999773e+02
9.540000000000000000e+04	3.281499999999999773e+02
9.540000000000000000e+04	2.981499999999999773e+02
9.630000000000000000e+04	2.981499999999999773e+02
9.630000000000000000e+04	2.981499999999999773e+02
9.720000000000000000e+04	2.981499999999999773e+02
9.720000000000000000e+04	2.981500000000001478e+02
9.810000000000000000e+04	2.981500000000001478e+02
9.810000000000000000e+04	3.281499999999999773e+02
9.900000000000000000e+04	3.281499999999999773e+02
9.900000000000000000e+04	3.281499999999999773e+02
9.990000000000000000e+04	3.281499999999999773e+02
9.990000000000000000e+04	2.981499999999999773e+02
1.008000000000000000e+05	2.981499999999999773e+02
1.008000000000000000e+05	3.281499999999999773e+02
1.017000000000000000e+05	3.281499999999999773e+02
1.017000000000000000e+05	2.981499999999999773e+02
1.026000000000000000e+05	2.981499999999999773e+02
1.026000000000000000e+05	3.281499999999999773e+02
1.035000000000000000e+05	3.281499999999999773e+02
1.035000000000000000e+05	3.281499999999999773e+02
1.044000000000000000e+05	3.281499999999999773e+02
1.044000000000000000e+05	3.281499999999999773e+02
1.053000000000000000e+05	3.281499999999999773e+02
1.053000000000000000e+05	3.281499999999999773e+02
1.062000000000000000e+05	3.281499999999999773e+02
1.062000000000000000e+05	3.281499999999999773e+02
1.071000000000000000e+05	3.281499999999999773e+02
1.071000000000000000e+05	3.281499999999999773e+02
1.080000000000000000e+05	3.281499999999999773e+02
1.080000000000000000e+05	3.281499999999999773e+02
1.089000000000000000e+05	3.281499999999999773e+02
1.089000000000000000e+05	3.281499999999999773e+02
1.098000000000000000e+05	3.281499999999999773e+02
1.098000000000000000e+05	2.981499999999999773e+02
1.107000000000000000e+05	2.981499999999999773e+02
1.107000000000000000e+05	3.028907987063809628e+02
1.116000000000000000e+05	3.028907987063809628e+02
1.116000000000000000e+05	3.003448899789357256e+02
1.125000000000000000e+05	3.003448899789357256e+02
1.125000000000000000e+05	3.064441694455927063e+02
1.134000000000000000e+05	3.064441694455927063e+02
1.134000000000000000e+05	3.161114637547244115e+02
1.143000000000000000e+05	3.161114637547244115e+02
1.143000000000000000e+05	3.161114637547244115e+02
1.152000000000000000e+05	3.161114637547244115e+02
1.152000000000000000e+05	3.161114637547250936e+02
1.161000000000000000e+05	3.161114637547250936e+02
1.161000000000000000e+05	3.161114637547244115e+02
1.170000000000000000e+05	3.161114637547244115e+02
1.170000000000000000e+05	3.161114637547244115e+02
1.179000000000000000e+05	3.161114637547244115e+02
1.179000000000000000e+05	3.161114637547244115e+02
1.188000000000000000e+05	3.161114637547244115e+02
1.188000000000000000e+05	3.281499999999999773e+02
1.197000000000000000e+05	3.281499999999999773e+02
1.197000000000000000e+05	3.093092836404548507e+02
1.206000000000000000e+05	3.093092836404548507e+02
1.206000000000000000e+05	3.088766111534540642e+02
1.215000000000000000e+05	3.088766111534540642e+02
1.215000000000000000e+05	3.086038333495502002e+02
1.224000000000000000e+05	3.086038333495502002e+02
1.224000000000000000e+05	3.082632544283834477e+02
1.233000000000000000e+05	3.082632544283834477e+02
1.233000000000000000e+05	3.085226704798805599e+02
1.242000000000000000e+05	3.085226704798805599e+02
1.242000000000000000e+05	2.981499999999999773e+02
1.251000000000000000e+05	2.981499999999999773e+02
1.251000000000000000e+05	2.981499999999999773e+02
1.260000000000000000e+05	2.981499999999999773e+02
1.260000000000000000e+05	3.031446458748804389e+02
1.269000000000000000e+05	3.031446458748804389e+02
1.269000000000000000e+05	3.051320921079031336e+02
1.278000000000000000e+05	3.051320921079031336e+02
1.278000000000000000e+05	3.048830492970525370e+02
1.287000000000000000e+05	3.048830492970525370e+02
1.287000000000000000e+05	3.199341867549695735e+02
1.296000000000000000e+05	3.199341867549695735e+02
1.296000000000000000e+05	3.217963393449566638e+02
1.305000000000000000e+05	3.217963393449566638e+02
1.305000000000000000e+05	3.018281582405917902e+02
1.314000000000000000e+05	3.018281582405917902e+02
1.314000000000000000e+05	3.274394081498527385e+02
1.323000000000000000e+05	3.274394081498527385e+02
1.323000000000000000e+05	3.029452735907681244e+02
1.332000000000000000e+05	3.029452735907681244e+02
1.332000000000000000e+05	3.093092836404548507e+02
1.341000000000000000e+05	3.093092836404548507e+02
1.341000000000000000e+05	3.093092836404548507e+02
1.350000000000000000e+05	3.093092836404548507e+02
1.350000000000000000e+05	3.281499999999999773e+02
1.359000000000000000e+05	3.281499999999999773e+02
1.359000000000000000e+05	3.281499999999999773e+02
1.368000000000000000e+05	3.281499999999999773e+02
1.368000000000000000e+05	3.093092836404548507e+02
1.377000000000000000e+05	3.093092836404548507e+02
1.377000000000000000e+05	3.221609937945221986e+02
1.386000000000000000e+05	3.221609937945221986e+02
1.386000000000000000e+05	3.040340904526569830e+02
1.395000000000000000e+05	3.040340904526569830e+02
1.395000000000000000e+05	3.281499999999999773e+02
1.404000000000000000e+05	3.281499999999999773e+02
1.404000000000000000e+05	3.093092836404548507e+02
1.413000000000000000e+05	3.093092836404548507e+02
1.413000000000000000e+05	3.281499999999999773e+02
1.422000000000000000e+05	3.281499999999999773e+02
1.422000000000000000e+05	3.281499999999999773e+02
1.431000000000000000e+05	3.281499999999999773e+02
1.431000000000000000e+05	3.281499999999999773e+02
1.440000000000000000e+05	3.281499999999999773e+02
1.440000000000000000e+05	3.093092836404548507e+02
1.449000000000000000e+05	3.093092836404548507e+02
1.449000000000000000e+05	3.281499999999999773e+02
1.458000000000000000e+05	3.281499999999999773e+02
1.458000000000000000e+05	2.981499999999999773e+02
1.467000000000000000e+05	2.981499999999999773e+02
1.467000000000000000e+05	2.981499999999999773e+02
1.476000000000000000e+05	2.981499999999999773e+02
1.476000000000000000e+05	3.281499999999999773e+02
1.485000000000000000e+05	3.281499999999999773e+02
1.485000000000000000e+05	3.209317775023034756e+02
1.494000000000000000e+05	3.209317775023034756e+02
1.494000000000000000e+05	2.981499999999999773e+02
1.503000000000000000e+05	2.981499999999999773e+02
1.503000000000000000e+05	2.985671001746871411e+02
1.512000000000000000e+05	2.985671001746871411e+02
1.512000000000000000e+05	3.093092836404548507e+02
1.521000000000000000e+05	3.093092836404548507e+02
1.521000000000000000e+05	3.281499999999999773e+02
1.530000000000000000e+05	3.281499999999999773e+02
1.530000000000000000e+05	3.002661575489817665e+02
1.539000000000000000e+05	3.002661575489817665e+02
1.539000000000000000e+05	2.981499999999999773e+02
1.548000000000000000e+05	2.981499999999999773e+02
1.548000000000000000e+05	3.013667090506733075e+02
1.557000000000000000e+05	3.013667090506733075e+02
1.557000000000000000e+05	3.055086474203046123e+02
1.566000000000000000e+05	3.055086474203046123e+02
1.566000000000000000e+05	3.281499999999999773e+02
1.575000000000000000e+05	3.281499999999999773e+02
1.575000000000000000e+05	3.281499999999999773e+02
1.584000000000000000e+05	3.281499999999999773e+02
1.584000000000000000e+05	3.213013235972098300e+02
1.593000000000000000e+05	3.213013235972098300e+02
1.593000000000000000e+05	3.281499999999999773e+02
1.602000000000000000e+05	3.281499999999999773e+02
1.602000000000000000e+05	3.281499999999999773e+02
1.611000000000000000e+05	3.281499999999999773e+02
1.611000000000000000e+05	3.281499999999999773e+02
1.620000000000000000e+05	3.281499999999999773e+02
1.620000000000000000e+05	3.281499999999999773e+02
1.629000000000000000e+05	3.281499999999999773e+02
1.629000000000000000e+05	3.281499999999999773e+02
1.638000000000000000e+05	3.281499999999999773e+02
1.638000000000000000e+05	2.981499999999999773e+02
1.647000000000000000e+05	2.981499999999999773e+02
1.647000000000000000e+05	3.281499999999999773e+02
1.656000000000000000e+05	3.281499999999999773e+02
1.656000000000000000e+05	3.281499999999999773e+02
1.665000000000000000e+05	3.281499999999999773e+02
1.665000000000000000e+05	3.281499999999999773e+02
1.674000000000000000e+05	3.281499999999999773e+02
1.674000000000000000e+05	3.281499999999999773e+02
1.683000000000000000e+05	3.281499999999999773e+02
1.683000000000000000e+05	3.281499999999999773e+02
1.692000000000000000e+05	3.281499999999999773e+02
1.692000000000000000e+05	3.281499999999999773e+02
1.701000000000000000e+05	3.281499999999999773e+02
1.701000000000000000e+05	3.281499999999999773e+02
1.710000000000000000e+05	3.281499999999999773e+02
1.710000000000000000e+05	3.281499999999999773e+02
1.719000000000000000e+05	3.281499999999999773e+02
1.719000000000000000e+05	3.281499999999999773e+02
1.728000000000000000e+05	3.281499999999999773e+02
1.728000000000000000e+05	3.093092836404548507e+02
1.737000000000000000e+05	3.093092836404548507e+02
1.737000000000000000e+05	3.281499999999999773e+02
1.746000000000000000e+05	3.281499999999999773e+02
1.746000000000000000e+05	3.281499999999999773e+02
1.755000000000000000e+05	3.281499999999999773e+02
1.755000000000000000e+05	3.281499999999999773e+02
1.764000000000000000e+05	3.281499999999999773e+02
1.764000000000000000e+05	3.281499999999999773e+02
1.773000000000000000e+05	3.281499999999999773e+02
1.773000000000000000e+05	3.281499999999999773e+02
1.782000000000000000e+05	3.281499999999999773e+02
1.782000000000000000e+05	3.281499999999999773e+02
1.791000000000000000e+05	3.281499999999999773e+02
1.791000000000000000e+05	3.281499999999999773e+02
1.800000000000000000e+05	3.281499999999999773e+02
1.800000000000000000e+05	3.281499999999999773e+02
1.809000000000000000e+05	3.281499999999999773e+02
1.809000000000000000e+05	3.281499999999999773e+02
1.818000000000000000e+05	3.281499999999999773e+02
1.818000000000000000e+05	2.984623854051551461e+02
1.827000000000000000e+05	2.984623854051551461e+02
1.827000000000000000e+05	3.281499999999999773e+02
1.836000000000000000e+05	3.281499999999999773e+02
1.836000000000000000e+05	3.281499999999999773e+02
1.845000000000000000e+05	3.281499999999999773e+02
1.845000000000000000e+05	3.281499999999999773e+02
1.854000000000000000e+05	3.281499999999999773e+02
1.854000000000000000e+05	3.281499999999999773e+02
1.863000000000000000e+05	3.281499999999999773e+02
1.863000000000000000e+05	2.981499999999999773e+02
1.872000000000000000e+05	2.981499999999999773e+02
1.872000000000000000e+05	2.981499999999999773e+02
1.881000000000000000e+05	2.981499999999999773e+02
1.881000000000000000e+05	2.984544724940430456e+02
1.890000000000000000e+05	2.984544724940430456e+02
1.890000000000000000e+05	3.281499999999999773e+02
1.899000000000000000e+05	3.281499999999999773e+02
1.899000000000000000e+05	3.281499999999999773e+02
1.908000000000000000e+05	3.281499999999999773e+02
1.908000000000000000e+05	3.261879600559720984e+02
1.917000000000000000e+05	3.261879600559720984e+02
1.917000000000000000e+05	3.093092836404548507e+02
1.926000000000000000e+05	3.093092836404548507e+02
1.926000000000000000e+05	3.093092836404548507e+02
1.935000000000000000e+05	3.093092836404548507e+02
1.935000000000000000e+05	3.093092836404548507e+02
1.944000000000000000e+05	3.093092836404548507e+02
1.944000000000000000e+05	2.981499999999999773e+02
1.953000000000000000e+05	2.981499999999999773e+02
1.953000000000000000e+05	3.257673001110131850e+02
1.962000000000000000e+05	3.257673001110131850e+02
1.962000000000000000e+05	2.981499999999999773e+02
1.971000000000000000e+05	2.981499999999999773e+02
1.971000000000000000e+05	3.281499999999999773e+02
1.980000000000000000e+05	3.281499999999999773e+02
1.980000000000000000e+05	2.981499999999999773e+02
1.989000000000000000e+05	2.981499999999999773e+02
1.989000000000000000e+05	3.230686136514968894e+02
1.998000000000000000e+05	3.230686136514968894e+02
1.998000000000000000e+05	3.231291968029564714e+02
2.007000000000000000e+05	3.231291968029564714e+02
2.007000000000000000e+05	3.230997572357342733e+02
2.016000000000000000e+05	3.230997572357342733e+02
2.016000000000000000e+05	3.023970725116273002e+02
2.025000000000000000e+05	3.023970725116273002e+02
2.025000000000000000e+05	3.093092836404548507e+02
2.034000000000000000e+05	3.093092836404548507e+02
2.034000000000000000e+05	3.093092836404548507e+02
2.043000000000000000e+05	3.093092836404548507e+02
2.043000000000000000e+05	3.161114637547244115e+02
2.052000000000000000e+05	3.161114637547244115e+02
2.052000000000000000e+05	3.109642064338136720e+02
2.061000000000000000e+05	3.109642064338136720e+02
2.061000000000000000e+05	3.132378145894862769e+02
2.070000000000000000e+05	3.132378145894862769e+02
2.070000000000000000e+05	3.131407920008065844e+02
2.079000000000000000e+05	3.131407920008065844e+02
2.079000000000000000e+05	3.093092836404548507e+02
2.088000000000000000e+05	3.093092836404548507e+02
2.088000000000000000e+05	3.281499999999999204e+02
2.097000000000000000e+05	3.281499999999999204e+02
2.097000000000000000e+05	3.066546130012301887e+02
2.106000000000000000e+05	3.066546130012301887e+02
2.106000000000000000e+05	3.091901658033153240e+02
2.115000000000000000e+05	3.091901658033153240e+02
2.115000000000000000e+05	3.242170620911239780e+02
2.124000000000000000e+05	3.242170620911239780e+02
2.124000000000000000e+05	3.064464128296891658e+02
2.133000000000000000e+05	3.064464128296891658e+02
2.133000000000000000e+05	3.246097118482733777e+02
2.142000000000000000e+05	3.246097118482733777e+02
2.142000000000000000e+05	3.054418343333051098e+02
2.151000000000000000e+05	3.054418343333051098e+02
2.151000000000000000e+05	2.981499999999999773e+02
2.160000000000000000e+05	2.981499999999999773e+02
2.160000000000000000e+05	3.043748964149280596e+02
2.169000000000000000e+05	3.043748964149280596e+02
2.169000000000000000e+05	3.240967734795027013e+02
2.178000000000000000e+05	3.240967734795027013e+02
2.178000000000000000e+05	3.042513040157886053e+02
2.187000000000000000e+05	3.042513040157886053e+02
2.187000000000000000e+05	2.981499999999998636e+02
2.196000000000000000e+05	2.981499999999998636e+02
2.196000000000000000e+05	3.035901547442990136e+02
2.205000000000000000e+05	3.035901547442990136e+02
2.205000000000000000e+05	3.063725666725949850e+02
2.214000000000000000e+05	3.063725666725949850e+02
2.214000000000000000e+05	2.981499999999999773e+02
2.223000000000000000e+05	2.981499999999999773e+02
2.223000000000000000e+05	3.033052321304812153e+02
2.232000000000000000e+05	3.033052321304812153e+02
2.232000000000000000e+05	3.093092836404548507e+02
2.241000000000000000e+05	3.093092836404548507e+02
2.241000000000000000e+05	3.226174733638064822e+02
2.250000000000000000e+05	3.226174733638064822e+02
2.250000000000000000e+05	3.226782256928739798e+02
2.259000000000000000e+05	3.226782256928739798e+02
2.259000000000000000e+05	3.035505890003066725e+02
2.268000000000000000e+05	3.035505890003066725e+02
2.268000000000000000e+05	3.281499999999999773e+02
2.277000000000000000e+05	3.281499999999999773e+02
2.277000000000000000e+05	3.041033381310373898e+02
2.286000000000000000e+05	3.041033381310373898e+02
2.286000000000000000e+05	3.281499999999999773e+02
2.295000000000000000e+05	3.281499999999999773e+02
2.295000000000000000e+05	3.281499999999999773e+02
2.304000000000000000e+05	3.281499999999999773e+02
2.304000000000000000e+05	3.281499999999999773e+02
2.313000000000000000e+05	3.281499999999999773e+02
2.313000000000000000e+05	3.281499999999999773e+02
2.322000000000000000e+05	3.281499999999999773e+02
2.322000000000000000e+05	2.981499999999999773e+02
2.331000000000000000e+05	2.981499999999999773e+02
2.331000000000000000e+05	2.981499999999999773e+02
2.340000000000000000e+05	2.981499999999999773e+02
2.340000000000000000e+05	2.989727186008894932e+02
2.349000000000000000e+05	2.989727186008894932e+02
2.349000000000000000e+05	3.281499999999999773e+02
2.358000000000000000e+05	3.281499999999999773e+02
2.358000000000000000e+05	3.093092836404548507e+02
2.367000000000000000e+05	3.093092836404548507e+02
2.367000000000000000e+05	3.025077919191799083e+02
2.376000000000000000e+05	3.025077919191799083e+02
2.376000000000000000e+05	3.023585865600311990e+02
2.385000000000000000e+05	3.023585865600311990e+02
2.385000000000000000e+05	3.227012486163002905e+02
2.394000000000000000e+05	3.227012486163002905e+02
2.394000000000000000e+05	3.012853496585569815e+02
2.403000000000000000e+05	3.012853496585569815e+02
2.403000000000000000e+05	3.018187211559956609e+02
2.412000000000000000e+05	3.018187211559956609e+02
2.412000000000000000e+05	3.281499999999999773e+02
2.421000000000000000e+05	3.281499999999999773e+02
2.421000000000000000e+05	2.981499999999999773e+02
2.430000000000000000e+05	2.981499999999999773e+02
2.430000000000000000e+05	3.060237863763761652e+02
2.439000000000000000e+05	3.060237863763761652e+02
2.439000000000000000e+05	3.239242815104089459e+02
2.448000000000000000e+05	3.239242815104089459e+02
2.448000000000000000e+05	3.231558799420699870e+02
2.457000000000000000e+05	3.231558799420699870e+02
2.457000000000000000e+05	3.281499999999999773e+02
2.466000000000000000e+05	3.281499999999999773e+02
2.466000000000000000e+05	3.281499999999999773e+02
2.475000000000000000e+05	3.281499999999999773e+02
2.475000000000000000e+05	3.281499999999999773e+02
2.484000000000000000e+05	3.281499999999999773e+02
2.484000000000000000e+05	3.281499999999999773e+02
2.493000000000000000e+05	3.281499999999999773e+02
2.493000000000000000e+05	3.281499999999999773e+02
2.502000000000000000e+05	3.281499999999999773e+02
2.502000000000000000e+05	3.281499999999999773e+02
2.511000000000000000e+05	3.281499999999999773e+02
2.511000000000000000e+05	3.281499999999999773e+02
2.520000000000000000e+05	3.281499999999999773e+02
2.520000000000000000e+05	3.281499999999999773e+02
2.529000000000000000e+05	3.281499999999999773e+02
2.529000000000000000e+05	3.281499999999999773e+02
2.538000000000000000e+05	3.281499999999999773e+02
2.538000000000000000e+05	3.281499999999999773e+02
2.547000000000000000e+05	3.281499999999999773e+02
2.547000000000000000e+05	3.281499999999999773e+02
2.556000000000000000e+05	3.281499999999999773e+02
2.556000000000000000e+05	3.281499999999999773e+02
2.565000000000000000e+05	3.281499999999999773e+02
2.565000000000000000e+05	3.281499999999999773e+02
2.574000000000000000e+05	3.281499999999999773e+02
2.574000000000000000e+05	3.281499999999999773e+02
2.583000000000000000e+05	3.281499999999999773e+02
2.583000000000000000e+05	3.281499999999999773e+02
2.592000000000000000e+05	3.281499999999999773e+02
2.592000000000000000e+05	3.281499999999999773e+02
2.601000000000000000e+05	3.281499999999999773e+02
2.601000000000000000e+05	3.281499999999999773e+02
2.610000000000000000e+05	3.281499999999999773e+02
2.610000000000000000e+05	3.281499999999999773e+02
2.619000000000000000e+05	3.281499999999999773e+02
2.619000000000000000e+05	3.281499999999999773e+02
2.628000000000000000e+05	3.281499999999999773e+02
2.628000000000000000e+05	2.981499999999999773e+02
2.637000000000000000e+05	2.981499999999999773e+02
2.637000000000000000e+05	2.981499999999999773e+02
2.646000000000000000e+05	2.981499999999999773e+02
2.646000000000000000e+05	2.981499999999999773e+02
2.655000000000000000e+05	2.981499999999999773e+02
2.655000000000000000e+05	2.981499999999999773e+02
2.664000000000000000e+05	2.981499999999999773e+02
2.664000000000000000e+05	3.281499999999999773e+02
2.673000000000000000e+05	3.281499999999999773e+02
2.673000000000000000e+05	2.981499999999999773e+02
2.682000000000000000e+05	2.981499999999999773e+02
2.682000000000000000e+05	2.981499999999999773e+02
2.691000000000000000e+05	2.981499999999999773e+02
2.691000000000000000e+05	3.281499999999999773e+02
2.700000000000000000e+05	3.281499999999999773e+02
2.700000000000000000e+05	3.281499999999999773e+02
2.709000000000000000e+05	3.281499999999999773e+02
2.709000000000000000e+05	2.981499999999999773e+02
2.718000000000000000e+05	2.981499999999999773e+02
2.718000000000000000e+05	2.981499999999999773e+02
2.727000000000000000e+05	2.981499999999999773e+02
2.727000000000000000e+05	2.981499999999999773e+02
2.736000000000000000e+05	2.981499999999999773e+02
2.736000000000000000e+05	3.281499999999999773e+02
2.745000000000000000e+05	3.281499999999999773e+02
2.745000000000000000e+05	3.281499999999999773e+02
2.754000000000000000e+05	3.281499999999999773e+02
2.754000000000000000e+05	3.281499999999999773e+02
2.763000000000000000e+05	3.281499999999999773e+02
2.763000000000000000e+05	3.281499999999999773e+02
2.772000000000000000e+05	3.281499999999999773e+02
2.772000000000000000e+05	3.281499999999999773e+02
2.781000000000000000e+05	3.281499999999999773e+02
2.781000000000000000e+05	2.981499999999999773e+02
2.790000000000000000e+05	2.981499999999999773e+02
2.790000000000000000e+05	3.281499999999999773e+02
2.799000000000000000e+05	3.281499999999999773e+02
2.799000000000000000e+05	3.281499999999999773e+02
2.808000000000000000e+05	3.281499999999999773e+02
2.808000000000000000e+05	3.281499999999999773e+02
2.817000000000000000e+05	3.281499999999999773e+02
2.817000000000000000e+05	2.981499999999999773e+02
2.826000000000000000e+05	2.981499999999999773e+02
2.826000000000000000e+05	2.981499999999999773e+02
2.835000000000000000e+05	2.981499999999999773e+02
2.835000000000000000e+05	3.001828386655540157e+02
2.844000000000000000e+05	3.001828386655540157e+02
2.844000000000000000e+05	3.020636161237345618e+02
2.853000000000000000e+05	3.020636161237345618e+02
2.853000000000000000e+05	3.079111461120407398e+02
2.862000000000000000e+05	3.079111461120407398e+02
2.862000000000000000e+05	3.161114637547244115e+02
2.871000000000000000e+05	3.161114637547244115e+02
2.871000000000000000e+05	3.161114637547244115e+02
2.880000000000000000e+05	3.161114637547244115e+02
2.880000000000000000e+05	3.111112723342240542e+02
2.889000000000000000e+05	3.111112723342240542e+02
2.889000000000000000e+05	3.137653134062462641e+02
2.898000000000000000e+05	3.137653134062462641e+02
2.898000000000000000e+05	3.139108650303240324e+02
2.907000000000000000e+05	3.139108650303240324e+02
2.907000000000000000e+05	3.145422667133546497e+02
2.916000000000000000e+05	3.145422667133546497e+02
2.916000000000000000e+05	3.232499938135911179e+02
2.925000000000000000e+05	3.232499938135911179e+02
2.925000000000000000e+05	3.093092836404549644e+02
2.934000000000000000e+05	3.093092836404549644e+02
2.934000000000000000e+05	3.093092836404548507e+02
2.943000000000000000e+05	3.093092836404548507e+02
2.943000000000000000e+05	3.090877755224956900e+02
2.952000000000000000e+05	3.090877755224956900e+02
2.952000000000000000e+05	3.281499999999999773e+02
2.961000000000000000e+05	3.281499999999999773e+02
2.961000000000000000e+05	3.048666815990474674e+02
2.970000000000000000e+05	3.048666815990474674e+02
2.970000000000000000e+05	3.059477197447872072e+02
2.979000000000000000e+05	3.059477197447872072e+02
2.979000000000000000e+05	3.048932301501806705e+02
2.988000000000000000e+05	3.048932301501806705e+02
2.988000000000000000e+05	3.049169878802827043e+02
2.997000000000000000e+05	3.049169878802827043e+02
2.997000000000000000e+05	3.059615617618397323e+02
3.006000000000000000e+05	3.059615617618397323e+02
3.006000000000000000e+05	3.061912327986279934e+02
3.015000000000000000e+05	3.061912327986279934e+02
3.015000000000000000e+05	3.281499999999999773e+02
3.024000000000000000e+05	3.281499999999999773e+02
3.024000000000000000e+05	3.281499999999999773e+02
3.033000000000000000e+05	3.281499999999999773e+02
3.033000000000000000e+05	2.981499999999999773e+02
3.042000000000000000e+05	2.981499999999999773e+02
3.042000000000000000e+05	2.981499999999999773e+02
3.051000000000000000e+05	2.981499999999999773e+02
3.051000000000000000e+05	2.981499999999999773e+02
3.060000000000000000e+05	2.981499999999999773e+02
3.060000000000000000e+05	3.169852129451991232e+02
3.069000000000000000e+05	3.169852129451991232e+02
3.069000000000000000e+05	3.178612352335004516e+02
3.078000000000000000e+05	3.178612352335004516e+02
3.078000000000000000e+05	3.190555246983950042e+02
3.087000000000000000e+05	3.190555246983950042e+02
3.087000000000000000e+05	3.281499999999999773e+02
3.096000000000000000e+05	3.281499999999999773e+02
3.096000000000000000e+05	3.020101647292238454e+02
3.105000000000000000e+05	3.020101647292238454e+02
3.105000000000000000e+05	3.281499999999999773e+02
3.114000000000000000e+05	3.281499999999999773e+02
3.114000000000000000e+05	2.981499999999999773e+02
3.123000000000000000e+05	2.981499999999999773e+02
3.123000000000000000e+05	2.981499999999999773e+02
3.132000000000000000e+05	2.981499999999999773e+02
3.132000000000000000e+05	3.016224701391346912e+02
3.141000000000000000e+05	3.016224701391346912e+02
3.141000000000000000e+05	3.281499999999999773e+02
3.150000000000000000e+05	3.281499999999999773e+02
3.150000000000000000e+05	3.281499999999999773e+02
3.159000000000000000e+05	3.281499999999999773e+02
3.159000000000000000e+05	2.981499999999999773e+02
3.168000000000000000e+05	2.981499999999999773e+02
3.168000000000000000e+05	3.002150951693931233e+02
3.177000000000000000e+05	3.002150951693931233e+02
3.177000000000000000e+05	3.281499999999999773e+02
3.186000000000000000e+05	3.281499999999999773e+02
3.186000000000000000e+05	2.981499999999999773e+02
3.195000000000000000e+05	2.981499999999999773e+02
3.195000000000000000e+05	2.981499999999999773e+02
3.204000000000000000e+05	2.981499999999999773e+02
3.204000000000000000e+05	3.007009539370301354e+02
3.213000000000000000e+05	3.007009539370301354e+02
3.213000000000000000e+05	3.281499999999999773e+02
3.222000000000000000e+05	3.281499999999999773e+02
3.222000000000000000e+05	3.281499999999999773e+02
3.231000000000000000e+05	3.281499999999999773e+02
3.231000000000000000e+05	3.015757189745173719e+02
3.240000000000000000e+05	3.015757189745173719e+02
3.240000000000000000e+05	3.019689636043701739e+02
3.249000000000000000e+05	3.019689636043701739e+02
3.249000000000000000e+05	3.043039625083999908e+02
3.258000000000000000e+05	3.043039625083999908e+02
3.258000000000000000e+05	3.042017822442158490e+02
3.267000000000000000e+05	3.042017822442158490e+02
3.267000000000000000e+05	2.981499999999999204e+02
3.276000000000000000e+05	2.981499999999999204e+02
3.276000000000000000e+05	2.981499999999999773e+02
3.285000000000000000e+05	2.981499999999999773e+02
3.285000000000000000e+05	3.281499999999999773e+02
3.294000000000000000e+05	3.281499999999999773e+02
3.294000000000000000e+05	3.093092836404548507e+02
3.303000000000000000e+05	3.093092836404548507e+02
3.303000000000000000e+05	3.281499999999999773e+02
3.312000000000000000e+05	3.281499999999999773e+02
3.312000000000000000e+05	3.064352337415639340e+02
3.321000000000000000e+05	3.064352337415639340e+02
3.321000000000000000e+05	3.281499999999999773e+02
3.330000000000000000e+05	3.281499999999999773e+02
3.330000000000000000e+05	3.281499999999999773e+02
3.339000000000000000e+05	3.281499999999999773e+02
3.339000000000000000e+05	3.281499999999999773e+02
3.348000000000000000e+05	3.281499999999999773e+02
3.348000000000000000e+05	2.981499999999999773e+02
3.357000000000000000e+05	2.981499999999999773e+02
3.357000000000000000e+05	3.281499999999999773e+02
3.366000000000000000e+05	3.281499999999999773e+02
3.366000000000000000e+05	3.281499999999999773e+02
3.375000000000000000e+05	3.281499999999999773e+02
3.375000000000000000e+05	3.281499999999999773e+02
3.384000000000000000e+05	3.281499999999999773e+02
3.384000000000000000e+05	3.281499999999999773e+02
3.393000000000000000e+05	3.281499999999999773e+02
3.393000000000000000e+05	3.281499999999999773e+02
3.402000000000000000e+05	3.281499999999999773e+02
3.402000000000000000e+05	3.281499999999999773e+02
3.411000000000000000e+05	3.281499999999999773e+02
3.411000000000000000e+05	3.281499999999999773e+02
3.420000000000000000e+05	3.281499999999999773e+02
3.420000000000000000e+05	3.281499999999999773e+02
3.429000000000000000e+05	3.281499999999999773e+02
3.429000000000000000e+05	3.281499999999999773e+02
3.438000000000000000e+05	3.281499999999999773e+02
3.438000000000000000e+05	3.281499999999999773e+02
3.447000000000000000e+05	3.281499999999999773e+02
3.447000000000000000e+05	3.281499999999999773e+02
3.456000000000000000e+05	3.281499999999999773e+02
3.456000000000000000e+05	2.981499999999999773e+02
3.465000000000000000e+05	2.981499999999999773e+02
3.465000000000000000e+05	3.166437451963651597e+02
3.474000000000000000e+05	3.166437451963651597e+02
3.474000000000000000e+05	3.167067376734954678e+02
3.483000000000000000e+05	3.167067376734954678e+02
3.483000000000000000e+05	3.167697065284468181e+02
3.492000000000000000e+05	3.167697065284468181e+02
3.492000000000000000e+05	3.176813117087370983e+02
3.501000000000000000e+05	3.176813117087370983e+02
3.501000000000000000e+05	3.281499999999999773e+02
3.510000000000000000e+05	3.281499999999999773e+02
3.510000000000000000e+05	3.281499999999999773e+02
3.519000000000000000e+05	3.281499999999999773e+02
3.519000000000000000e+05	3.281499999999999773e+02
3.528000000000000000e+05	3.281499999999999773e+02
3.528000000000000000e+05	3.178393078492085806e+02
3.537000000000000000e+05	3.178393078492085806e+02
3.537000000000000000e+05	3.281499999999999773e+02
3.546000000000000000e+05	3.281499999999999773e+02
3.546000000000000000e+05	2.993654823754165477e+02
3.555000000000000000e+05	2.993654823754165477e+02
3.555000000000000000e+05	2.982385218095876098e+02
3.564000000000000000e+05	2.982385218095876098e+02
3.564000000000000000e+05	3.281499999999999773e+02
3.573000000000000000e+05	3.281499999999999773e+02
3.573000000000000000e+05	3.281499999999999773e+02
3.582000000000000000e+05	3.281499999999999773e+02
3.582000000000000000e+05	3.219555903842750126e+02
3.591000000000000000e+05	3.219555903842750126e+02
3.591000000000000000e+05	3.281499999999999773e+02
3.600000000000000000e+05	3.281499999999999773e+02
3.600000000000000000e+05	3.281499999999999773e+02
3.609000000000000000e+05	3.281499999999999773e+02
3.609000000000000000e+05	2.981499999999999773e+02
3.618000000000000000e+05	2.981499999999999773e+02
3.618000000000000000e+05	3.281499999999999773e+02
3.627000000000000000e+05	3.281499999999999773e+02
3.627000000000000000e+05	3.281499999999999773e+02
3.636000000000000000e+05	3.281499999999999773e+02
3.636000000000000000e+05	3.093092836404548507e+02
3.645000000000000000e+05	3.093092836404548507e+02
3.645000000000000000e+05	3.195546322049074774e+02
3.654000000000000000e+05	3.195546322049074774e+02
3.654000000000000000e+05	3.255943238340128687e+02
3.663000000000000000e+05	3.255943238340128687e+02
3.663000000000000000e+05	3.281499999999999773e+02
3.672000000000000000e+05	3.281499999999999773e+02
3.672000000000000000e+05	3.281499999999999773e+02
3.681000000000000000e+05	3.281499999999999773e+02
3.681000000000000000e+05	3.281499999999999773e+02
3.690000000000000000e+05	3.281499999999999773e+02
3.690000000000000000e+05	3.281499999999999773e+02
3.699000000000000000e+05	3.281499999999999773e+02
3.699000000000000000e+05	2.990583640081637213e+02
3.708000000000000000e+05	2.990583640081637213e+02
3.708000000000000000e+05	3.012950407219531712e+02
3.717000000000000000e+05	3.012950407219531712e+02
3.717000000000000000e+05	3.093092836404548507e+02
3.726000000000000000e+05	3.093092836404548507e+02
3.726000000000000000e+05	3.112066424922375631e+02
3.735000000000000000e+05	3.112066424922375631e+02
3.735000000000000000e+05	3.137350448471245272e+02
3.744000000000000000e+05	3.137350448471245272e+02
3.744000000000000000e+05	3.107190844278800910e+02
3.753000000000000000e+05	3.107190844278800910e+02
3.753000000000000000e+05	3.134474323939392661e+02
3.762000000000000000e+05	3.134474323939392661e+02
3.762000000000000000e+05	3.133145862232694299e+02
3.771000000000000000e+05	3.133145862232694299e+02
3.771000000000000000e+05	3.093092836404548507e+02
3.780000000000000000e+05	3.093092836404548507e+02
3.780000000000000000e+05	3.113039845325233728e+02
3.789000000000000000e+05	3.113039845325233728e+02
3.789000000000000000e+05	3.093092836404548507e+02
3.798000000000000000e+05	3.093092836404548507e+02
3.798000000000000000e+05	3.093665889365499879e+02
3.807000000000000000e+05	3.093665889365499879e+02
3.807000000000000000e+05	3.093092836404548507e+02
3.816000000000000000e+05	3.093092836404548507e+02
3.816000000000000000e+05	3.093092836404548507e+02
3.825000000000000000e+05	3.093092836404548507e+02
3.825000000000000000e+05	3.245949504378748429e+02
3.834000000000000000e+05	3.245949504378748429e+02
3.834000000000000000e+05	2.981499999999999773e+02
3.843000000000000000e+05	2.981499999999999773e+02
3.843000000000000000e+05	3.041962592470939057e+02
3.852000000000000000e+05	3.041962592470939057e+02
3.852000000000000000e+05	3.243936538257247548e+02
3.861000000000000000e+05	3.243936538257247548e+02
3.861000000000000000e+05	2.981499999999999773e+02
3.870000000000000000e+05	2.981499999999999773e+02
3.870000000000000000e+05	3.012352556553449290e+02
3.879000000000000000e+05	3.012352556553449290e+02
3.879000000000000000e+05	3.033343095562433973e+02
3.888000000000000000e+05	3.033343095562433973e+02
3.888000000000000000e+05	3.281499999999999773e+02
3.897000000000000000e+05	3.281499999999999773e+02
3.897000000000000000e+05	3.033706547932206945e+02
3.906000000000000000e+05	3.033706547932206945e+02
3.906000000000000000e+05	3.219104549574738030e+02
3.915000000000000000e+05	3.219104549574738030e+02
3.915000000000000000e+05	3.281499999999999773e+02
3.924000000000000000e+05	3.281499999999999773e+02
3.924000000000000000e+05	3.021870914911587533e+02
3.933000000000000000e+05	3.021870914911587533e+02
3.933000000000000000e+05	3.281499999999999773e+02
3.942000000000000000e+05	3.281499999999999773e+02
3.942000000000000000e+05	2.981499999999999773e+02
3.951000000000000000e+05	2.981499999999999773e+02
3.951000000000000000e+05	2.989612768941049126e+02
3.960000000000000000e+05	2.989612768941049126e+02
3.960000000000000000e+05	3.024190894833694756e+02
3.969000000000000000e+05	3.024190894833694756e+02
3.969000000000000000e+05	3.047236214569861659e+02
3.978000000000000000e+05	3.047236214569861659e+02
3.978000000000000000e+05	2.981499999999999773e+02
3.987000000000000000e+05	2.981499999999999773e+02
3.987000000000000000e+05	3.046672287935106738e+02
3.996000000000000000e+05	3.046672287935106738e+02
3.996000000000000000e+05	2.981499999999999773e+02
4.005000000000000000e+05	2.981499999999999773e+02
4.005000000000000000e+05	2.981499999999999773e+02
4.014000000000000000e+05	2.981499999999999773e+02
4.014000000000000000e+05	3.281499999999999773e+02
4.023000000000000000e+05	3.281499999999999773e+02
4.023000000000000000e+05	3.211362318029659377e+02
4.032000000000000000e+05	3.211362318029659377e+02
4.032000000000000000e+05	2.981499999999999773e+02
4.041000000000000000e+05	2.981499999999999773e+02
4.041000000000000000e+05	3.281499999999999773e+02
4.050000000000000000e+05	3.281499999999999773e+02
4.050000000000000000e+05	3.281499999999999773e+02
4.059000000000000000e+05	3.281499999999999773e+02
4.059000000000000000e+05	3.093092836404548507e+02
4.068000000000000000e+05	3.093092836404548507e+02
4.068000000000000000e+05	3.281499999999999773e+02
4.077000000000000000e+05	3.281499999999999773e+02
4.077000000000000000e+05	3.093092836404548507e+02
4.086000000000000000e+05	3.093092836404548507e+02
4.086000000000000000e+05	3.015188325800814368e+02
4.095000000000000000e+05	3.015188325800814368e+02
4.095000000000000000e+05	3.281499999999999773e+02
4.104000000000000000e+05	3.281499999999999773e+02
4.104000000000000000e+05	3.021793184074421106e+02
4.113000000000000000e+05	3.021793184074421106e+02
4.113000000000000000e+05	3.281499999999999773e+02
4.122000000000000000e+05	3.281499999999999773e+02
4.122000000000000000e+05	3.281499999999999773e+02
4.131000000000000000e+05	3.281499999999999773e+02
4.131000000000000000e+05	3.015607675417259657e+02
4.140000000000000000e+05	3.015607675417259657e+02
4.140000000000000000e+05	3.021294684830720030e+02
4.149000000000000000e+05	3.021294684830720030e+02
4.149000000000000000e+05	3.045511224442523712e+02
4.158000000000000000e+05	3.045511224442523712e+02
4.158000000000000000e+05	3.281499999999999773e+02
4.167000000000000000e+05	3.281499999999999773e+02
4.167000000000000000e+05	2.981499999999999773e+02
4.176000000000000000e+05	2.981499999999999773e+02
4.176000000000000000e+05	3.281499999999999773e+02
4.185000000000000000e+05	3.281499999999999773e+02
4.185000000000000000e+05	2.981499999999999773e+02
4.194000000000000000e+05	2.981499999999999773e+02
4.194000000000000000e+05	3.281499999999999773e+02
4.203000000000000000e+05	3.281499999999999773e+02
4.203000000000000000e+05	3.281499999999999773e+02
4.212000000000000000e+05	3.281499999999999773e+02
4.212000000000000000e+05	2.981499999999999773e+02
4.221000000000000000e+05	2.981499999999999773e+02
4.221000000000000000e+05	3.281499999999999773e+02
4.230000000000000000e+05	3.281499999999999773e+02
4.230000000000000000e+05	3.281499999999999773e+02
4.239000000000000000e+05	3.281499999999999773e+02
4.239000000000000000e+05	3.281499999999999773e+02
4.248000000000000000e+05	3.281499999999999773e+02
4.248000000000000000e+05	3.281499999999999773e+02
4.257000000000000000e+05	3.281499999999999773e+02
4.257000000000000000e+05	2.981499999999999773e+02
4.266000000000000000e+05	2.981499999999999773e+02
4.266000000000000000e+05	2.981499999999999773e+02
4.275000000000000000e+05	2.981499999999999773e+02
4.275000000000000000e+05	2.981499999999999773e+02
4.284000000000000000e+05	2.981499999999999773e+02
4.284000000000000000e+05	3.281499999999999773e+02
4.293000000000000000e+05	3.281499999999999773e+02
4.293000000000000000e+05	3.281499999999999773e+02
4.302000000000000000e+05	3.281499999999999773e+02
4.302000000000000000e+05	3.281499999999999773e+02
4.311000000000000000e+05	3.281499999999999773e+02
4.311000000000000000e+05	3.281499999999999773e+02
4.320000000000000000e+05	3.281499999999999773e+02
4.320000000000000000e+05	3.281499999999999773e+02
4.329000000000000000e+05	3.281499999999999773e+02
4.329000000000000000e+05	3.183134093339725723e+02
4.338000000000000000e+05	3.183134093339725723e+02
4.338000000000000000e+05	2.988286012780052943e+02
4.347000000000000000e+05	2.988286012780052943e+02
4.347000000000000000e+05	3.281499999999999773e+02
4.356000000000000000e+05	3.281499999999999773e+02
4.356000000000000000e+05	3.093092836404548507e+02
4.365000000000000000e+05	3.093092836404548507e+02
4.365000000000000000e+05	3.281499999999999773e+02
4.374000000000000000e+05	3.281499999999999773e+02
4.374000000000000000e+05	3.093092836404548507e+02
4.383000000000000000e+05	3.093092836404548507e+02
4.383000000000000000e+05	3.281499999999999773e+02
4.392000000000000000e+05	3.281499999999999773e+02
4.392000000000000000e+05	3.281499999999999773e+02
4.401000000000000000e+05	3.281499999999999773e+02
4.401000000000000000e+05	3.281499999999999773e+02
4.410000000000000000e+05	3.281499999999999773e+02
4.410000000000000000e+05	3.231661048679545729e+02
4.419000000000000000e+05	3.231661048679545729e+02
4.419000000000000000e+05	2.987204485936503033e+02
4.428000000000000000e+05	2.987204485936503033e+02
4.428000000000000000e+05	3.281499999999999773e+02
4.437000000000000000e+05	3.281499999999999773e+02
4.437000000000000000e+05	3.281499999999999773e+02
4.446000000000000000e+05	3.281499999999999773e+02
4.446000000000000000e+05	3.281499999999999773e+02
4.455000000000000000e+05	3.281499999999999773e+02
4.455000000000000000e+05	3.281499999999999773e+02
4.464000000000000000e+05	3.281499999999999773e+02
4.464000000000000000e+05	3.281499999999999773e+02
4.473000000000000000e+05	3.281499999999999773e+02
4.473000000000000000e+05	3.281499999999999773e+02
4.482000000000000000e+05	3.281499999999999773e+02
4.482000000000000000e+05	3.256367066702419493e+02
4.491000000000000000e+05	3.256367066702419493e+02
4.491000000000000000e+05	3.281499999999999773e+02
4.500000000000000000e+05	3.281499999999999773e+02
4.500000000000000000e+05	3.015933877017259306e+02
4.509000000000000000e+05	3.015933877017259306e+02
4.509000000000000000e+05	3.261800786503480936e+02
4.518000000000000000e+05	3.261800786503480936e+02
4.518000000000000000e+05	2.981499999999999773e+02
4.527000000000000000e+05	2.981499999999999773e+02
4.527000000000000000e+05	3.281499999999999773e+02
4.536000000000000000e+05	3.281499999999999773e+02
4.536000000000000000e+05	3.281499999999999773e+02
4.545000000000000000e+05	3.281499999999999773e+02
4.545000000000000000e+05	3.281499999999999773e+02
4.554000000000000000e+05	3.281499999999999773e+02
4.554000000000000000e+05	3.281499999999999773e+02
4.563000000000000000e+05	3.281499999999999773e+02
4.563000000000000000e+05	2.987090322607540998e+02
4.572000000000000000e+05	2.987090322607540998e+02
4.572000000000000000e+05	3.015119030755300855e+02
4.581000000000000000e+05	3.015119030755300855e+02
4.581000000000000000e+05	3.074163377558339789e+02
4.590000000000000000e+05	3.074163377558339789e+02
4.590000000000000000e+05	3.093092836404548507e+02
4.599000000000000000e+05	3.093092836404548507e+02
4.599000000000000000e+05	3.131276451688679572e+02
4.608000000000000000e+05	3.131276451688679572e+02
4.608000000000000000e+05	3.161114637547244115e+02
4.617000000000000000e+05	3.161114637547244115e+02
4.617000000000000000e+05	3.161114637547244115e+02
4.626000000000000000e+05	3.161114637547244115e+02
4.626000000000000000e+05	3.161114637547244115e+02
4.635000000000000000e+05	3.161114637547244115e+02
4.635000000000000000e+05	3.161114637547244115e+02
4.644000000000000000e+05	3.161114637547244115e+02
4.644000000000000000e+05	3.123490290855735907e+02
4.653000000000000000e+05	3.123490290855735907e+02
4.653000000000000000e+05	3.093092836404548507e+02
4.662000000000000000e+05	3.093092836404548507e+02
4.662000000000000000e+05	3.257425631374552495e+02
4.671000000000000000e+05	3.257425631374552495e+02
4.671000000000000000e+05	3.078876223788039965e+02
4.680000000000000000e+05	3.078876223788039965e+02
4.680000000000000000e+05	3.093437134573773619e+02
4.689000000000000000e+05	3.093437134573773619e+02
4.689000000000000000e+05	3.093092836404548507e+02
4.698000000000000000e+05	3.093092836404548507e+02
4.698000000000000000e+05	3.074207686720461083e+02
4.707000000000000000e+05	3.074207686720461083e+02
4.707000000000000000e+05	3.078104077447818554e+02
4.716000000000000000e+05	3.078104077447818554e+02
4.716000000000000000e+05	3.077022502267143977e+02
4.725000000000000000e+05	3.077022502267143977e+02
4.725000000000000000e+05	2.981499999999999773e+02
4.734000000000000000e+05	2.981499999999999773e+02
4.734000000000000000e+05	3.059851291619375502e+02
4.743000000000000000e+05	3.059851291619375502e+02
4.743000000000000000e+05	3.050117111434041135e+02
4.752000000000000000e+05	3.050117111434041135e+02
4.752000000000000000e+05	3.281499999999999773e+02
4.761000000000000000e+05	3.281499999999999773e+02
4.761000000000000000e+05	3.047728878498476774e+02
4.770000000000000000e+05	3.047728878498476774e+02
4.770000000000000000e+05	3.261383749999999964e+02
4.779000000000000000e+05	3.261383749999999964e+02
4.779000000000000000e+05	3.281499999999999773e+02
4.788000000000000000e+05	3.281499999999999773e+02
4.788000000000000000e+05	3.038923917937632950e+02
4.797000000000000000e+05	3.038923917937632950e+02
4.797000000000000000e+05	3.281499999999999773e+02
4.806000000000000000e+05	3.281499999999999773e+02
4.806000000000000000e+05	3.093092836404548507e+02
4.815000000000000000e+05	3.093092836404548507e+02
4.815000000000000000e+05	3.030871147548169233e+02
4.824000000000000000e+05	3.030871147548169233e+02
4.824000000000000000e+05	3.281499999999999773e+02
4.833000000000000000e+05	3.281499999999999773e+02
4.833000000000000000e+05	3.030394309710536618e+02
4.842000000000000000e+05	3.030394309710536618e+02
4.842000000000000000e+05	2.981499999999999773e+02
4.851000000000000000e+05	2.981499999999999773e+02
4.851000000000000000e+05	3.022634792703989888e+02
4.860000000000000000e+05	3.022634792703989888e+02
4.860000000000000000e+05	3.038651556632677853e+02
4.869000000000000000e+05	3.038651556632677853e+02
4.869000000000000000e+05	3.281499999999999773e+02
4.878000000000000000e+05	3.281499999999999773e+02
4.878000000000000000e+05	3.281499999999999773e+02
4.887000000000000000e+05	3.281499999999999773e+02
4.887000000000000000e+05	3.032695228521311037e+02
4.896000000000000000e+05	3.032695228521311037e+02
4.896000000000000000e+05	3.030606277878147807e+02
4.905000000000000000e+05	3.030606277878147807e+02
4.905000000000000000e+05	3.281499999999999773e+02
4.914000000000000000e+05	3.281499999999999773e+02
4.914000000000000000e+05	2.981499999999999773e+02
4.923000000000000000e+05	2.981499999999999773e+02
4.923000000000000000e+05	3.013609985344428424e+02
4.932000000000000000e+05	3.013609985344428424e+02
4.932000000000000000e+05	3.021658408483501717e+02
4.941000000000000000e+05	3.021658408483501717e+02
4.941000000000000000e+05	3.281499999999999773e+02
4.950000000000000000e+05	3.281499999999999773e+02
4.950000000000000000e+05	2.981499999999999773e+02
4.959000000000000000e+05	2.981499999999999773e+02
4.959000000000000000e+05	3.093092836404548507e+02
4.968000000000000000e+05	3.093092836404548507e+02
4.968000000000000000e+05	3.281499999999999773e+02
4.977000000000000000e+05	3.281499999999999773e+02
4.977000000000000000e+05	2.981499999999999773e+02
4.986000000000000000e+05	2.981499999999999773e+02
4.986000000000000000e+05	2.994476512704895299e+02
4.995000000000000000e+05	2.994476512704895299e+02
4.995000000000000000e+05	3.031476480391368113e+02
5.004000000000000000e+05	3.031476480391368113e+02
5.004000000000000000e+05	3.035310100630383658e+02
5.013000000000000000e+05	3.035310100630383658e+02
5.013000000000000000e+05	3.093092836404548507e+02
5.022000000000000000e+05	3.093092836404548507e+02
5.022000000000000000e+05	2.981499999999999773e+02
5.031000000000000000e+05	2.981499999999999773e+02
5.031000000000000000e+05	3.043964979794804435e+02
5.040000000000000000e+05	3.043964979794804435e+02
5.040000000000000000e+05	2.981499999999999773e+02
5.049000000000000000e+05	2.981499999999999773e+02
5.049000000000000000e+05	3.281499999999999773e+02
5.058000000000000000e+05	3.281499999999999773e+02
5.058000000000000000e+05	3.281499999999999773e+02
5.067000000000000000e+05	3.281499999999999773e+02
5.067000000000000000e+05	3.281499999999999773e+02
5.076000000000000000e+05	3.281499999999999773e+02
5.076000000000000000e+05	3.281499999999999773e+02
5.085000000000000000e+05	3.281499999999999773e+02
5.085000000000000000e+05	3.281499999999999773e+02
5.094000000000000000e+05	3.281499999999999773e+02
5.094000000000000000e+05	3.281499999999999773e+02
5.103000000000000000e+05	3.281499999999999773e+02
5.103000000000000000e+05	3.281499999999999773e+02
5.112000000000000000e+05	3.281499999999999773e+02
5.112000000000000000e+05	3.281499999999999773e+02
5.121000000000000000e+05	3.281499999999999773e+02
5.121000000000000000e+05	3.281499999999999773e+02
5.130000000000000000e+05	3.281499999999999773e+02
5.130000000000000000e+05	3.281499999999999773e+02
5.139000000000000000e+05	3.281499999999999773e+02
5.139000000000000000e+05	3.281499999999999773e+02
5.148000000000000000e+05	3.281499999999999773e+02
5.148000000000000000e+05	3.281499999999999773e+02
5.157000000000000000e+05	3.281499999999999773e+02
5.157000000000000000e+05	3.281499999999999773e+02
5.166000000000000000e+05	3.281499999999999773e+02
5.166000000000000000e+05	3.281499999999999773e+02
5.175000000000000000e+05	3.281499999999999773e+02
5.175000000000000000e+05	3.281499999999999773e+02
5.184000000000000000e+05	3.281499999999999773e+02
5.184000000000000000e+05	3.281499999999999773e+02
5.193000000000000000e+05	3.281499999999999773e+02
5.193000000000000000e+05	3.281499999999999773e+02
5.202000000000000000e+05	3.281499999999999773e+02
5.202000000000000000e+05	3.218267806737744650e+02
5.211000000000000000e+05	3.218267806737744650e+02
5.211000000000000000e+05	3.281499999999999773e+02
5.220000000000000000e+05	3.281499999999999773e+02
5.220000000000000000e+05	3.281499999999999773e+02
5.229000000000000000e+05	3.281499999999999773e+02
5.229000000000000000e+05	3.281499999999999773e+02
5.238000000000000000e+05	3.281499999999999773e+02
5.238000000000000000e+05	3.281499999999999773e+02
5.247000000000000000e+05	3.281499999999999773e+02
5.247000000000000000e+05	3.281499999999999773e+02
5.256000000000000000e+05	3.281499999999999773e+02
5.256000000000000000e+05	3.281499999999999773e+02
5.265000000000000000e+05	3.281499999999999773e+02
5.265000000000000000e+05	2.981499999999999773e+02
5.274000000000000000e+05	2.981499999999999773e+02
5.274000000000000000e+05	2.981499999999999773e+02
5.283000000000000000e+05	2.981499999999999773e+02
5.283000000000000000e+05	2.981499999999999773e+02
5.292000000000000000e+05	2.981499999999999773e+02
5.292000000000000000e+05	3.281499999999999773e+02
5.301000000000000000e+05	3.281499999999999773e+02
5.301000000000000000e+05	3.281499999999999773e+02
5.310000000000000000e+05	3.281499999999999773e+02
5.310000000000000000e+05	2.981499999999999773e+02
5.319000000000000000e+05	2.981499999999999773e+02
5.319000000000000000e+05	2.981499999999999773e+02
5.328000000000000000e+05	2.981499999999999773e+02
5.328000000000000000e+05	2.981499999999999773e+02
5.337000000000000000e+05	2.981499999999999773e+02
5.337000000000000000e+05	2.990900979729127016e+02
5.346000000000000000e+05	2.990900979729127016e+02
5.346000000000000000e+05	3.281499999999999773e+02
5.355000000000000000e+05	3.281499999999999773e+02
5.355000000000000000e+05	2.981499999999999773e+02
5.364000000000000000e+05	2.981499999999999773e+02
5.364000000000000000e+05	2.993806303799834723e+02
5.373000000000000000e+05	2.993806303799834723e+02
5.373000000000000000e+05	3.046397266286850254e+02
5.382000000000000000e+05	3.046397266286850254e+02
5.382000000000000000e+05	3.248009176691396078e+02
5.391000000000000000e+05	3.248009176691396078e+02
5.391000000000000000e+05	3.281499999999999773e+02
5.400000000000000000e+05	3.281499999999999773e+02
5.400000000000000000e+05	3.007093429253844192e+02
5.409000000000000000e+05	3.007093429253844192e+02
5.409000000000000000e+05	3.281499999999999773e+02
5.418000000000000000e+05	3.281499999999999773e+02
5.418000000000000000e+05	2.981499999999999773e+02
5.427000000000000000e+05	2.981499999999999773e+02
5.427000000000000000e+05	2.999290267218806321e+02
5.436000000000000000e+05	2.999290267218806321e+02
5.436000000000000000e+05	3.036890932487262376e+02
5.445000000000000000e+05	3.036890932487262376e+02
5.445000000000000000e+05	3.161114637547244115e+02
5.454000000000000000e+05	3.161114637547244115e+02
5.454000000000000000e+05	3.161114637547244115e+02
5.463000000000000000e+05	3.161114637547244115e+02
5.463000000000000000e+05	3.161114637547244115e+02
5.472000000000000000e+05	3.161114637547244115e+02
5.472000000000000000e+05	3.161114637547253210e+02
5.481000000000000000e+05	3.161114637547253210e+02
5.481000000000000000e+05	3.161114637547244115e+02
5.490000000000000000e+05	3.161114637547244115e+02
5.490000000000000000e+05	3.161114637547244115e+02
5.499000000000000000e+05	3.161114637547244115e+02
5.499000000000000000e+05	3.161114637547244115e+02
5.508000000000000000e+05	3.161114637547244115e+02
5.508000000000000000e+05	3.253108643261668362e+02
5.517000000000000000e+05	3.253108643261668362e+02
5.517000000000000000e+05	3.093092836404549644e+02
5.526000000000000000e+05	3.093092836404549644e+02
5.526000000000000000e+05	3.093092836404548507e+02
5.535000000000000000e+05	3.093092836404548507e+02
5.535000000000000000e+05	3.093092836404548507e+02
5.544000000000000000e+05	3.093092836404548507e+02
5.544000000000000000e+05	3.281500000000000341e+02
5.553000000000000000e+05	3.281500000000000341e+02
5.553000000000000000e+05	3.055853067184855831e+02
5.562000000000000000e+05	3.055853067184855831e+02
5.562000000000000000e+05	3.064449721705608454e+02
5.571000000000000000e+05	3.064449721705608454e+02
5.571000000000000000e+05	3.061231852215314007e+02
5.580000000000000000e+05	3.061231852215314007e+02
5.580000000000000000e+05	3.059604566214186434e+02
5.589000000000000000e+05	3.059604566214186434e+02
5.589000000000000000e+05	3.281499999999999773e+02
5.598000000000000000e+05	3.281499999999999773e+02
5.598000000000000000e+05	3.035946051817962825e+02
5.607000000000000000e+05	3.035946051817962825e+02
5.607000000000000000e+05	3.048291649238967693e+02
5.616000000000000000e+05	3.048291649238967693e+02
5.616000000000000000e+05	3.041743245472576405e+02
5.625000000000000000e+05	3.041743245472576405e+02
5.625000000000000000e+05	3.250178797235633397e+02
5.634000000000000000e+05	3.250178797235633397e+02
5.634000000000000000e+05	3.026076016977052063e+02
5.643000000000000000e+05	3.026076016977052063e+02
5.643000000000000000e+05	3.041872976855188995e+02
5.652000000000000000e+05	3.041872976855188995e+02
5.652000000000000000e+05	3.093092836404548507e+02
5.661000000000000000e+05	3.093092836404548507e+02
5.661000000000000000e+05	3.036505311948324106e+02
5.670000000000000000e+05	3.036505311948324106e+02
5.670000000000000000e+05	2.981499999999999773e+02
5.679000000000000000e+05	2.981499999999999773e+02
5.679000000000000000e+05	3.281499999999999773e+02
5.688000000000000000e+05	3.281499999999999773e+02
5.688000000000000000e+05	3.026469376939157883e+02
5.697000000000000000e+05	3.026469376939157883e+02
5.697000000000000000e+05	3.070440142396608962e+02
5.706000000000000000e+05	3.070440142396608962e+02
5.706000000000000000e+05	3.077889649281351581e+02
5.715000000000000000e+05	3.077889649281351581e+02
5.715000000000000000e+05	3.281499999999999773e+02
5.724000000000000000e+05	3.281499999999999773e+02
5.724000000000000000e+05	3.281499999999999773e+02
5.733000000000000000e+05	3.281499999999999773e+02
5.733000000000000000e+05	2.981499999999999773e+02
5.742000000000000000e+05	2.981499999999999773e+02
5.742000000000000000e+05	2.981499999999999773e+02
5.751000000000000000e+05	2.981499999999999773e+02
5.751000000000000000e+05	2.981499999999999773e+02
5.760000000000000000e+05	2.981499999999999773e+02
5.760000000000000000e+05	3.093092836404548507e+02
5.769000000000000000e+05	3.093092836404548507e+02
5.769000000000000000e+05	2.981499999999999773e+02
5.778000000000000000e+05	2.981499999999999773e+02
5.778000000000000000e+05	3.281499999999999773e+02
5.787000000000000000e+05	3.281499999999999773e+02
5.787000000000000000e+05	3.006346024886897794e+02
5.796000000000000000e+05	3.006346024886897794e+02
5.796000000000000000e+05	3.020989128183999810e+02
5.805000000000000000e+05	3.020989128183999810e+02
5.805000000000000000e+05	3.281499999999999773e+02
5.814000000000000000e+05	3.281499999999999773e+02
5.814000000000000000e+05	3.009521308805371405e+02
5.823000000000000000e+05	3.009521308805371405e+02
5.823000000000000000e+05	3.004953292357059240e+02
5.832000000000000000e+05	3.004953292357059240e+02
5.832000000000000000e+05	3.013730452304012033e+02
5.841000000000000000e+05	3.013730452304012033e+02
5.841000000000000000e+05	2.981499999999999773e+02
5.850000000000000000e+05	2.981499999999999773e+02
5.850000000000000000e+05	3.003473832978973519e+02
5.859000000000000000e+05	3.003473832978973519e+02
5.859000000000000000e+05	3.007211119470557605e+02
5.868000000000000000e+05	3.007211119470557605e+02
5.868000000000000000e+05	3.024325638836363623e+02
5.877000000000000000e+05	3.024325638836363623e+02
5.877000000000000000e+05	3.059993000503576468e+02
5.886000000000000000e+05	3.059993000503576468e+02
5.886000000000000000e+05	3.046327212140963070e+02
5.895000000000000000e+05	3.046327212140963070e+02
5.895000000000000000e+05	3.059100227118717612e+02
5.904000000000000000e+05	3.059100227118717612e+02
5.904000000000000000e+05	3.281499999999999773e+02
5.913000000000000000e+05	3.281499999999999773e+02
5.913000000000000000e+05	3.281499999999999773e+02
5.922000000000000000e+05	3.281499999999999773e+02
5.922000000000000000e+05	2.981499999999999773e+02
5.931000000000000000e+05	2.981499999999999773e+02
5.931000000000000000e+05	2.981499999999999773e+02
5.940000000000000000e+05	2.981499999999999773e+02
5.940000000000000000e+05	3.195669637870597626e+02
5.949000000000000000e+05	3.195669637870597626e+02
5.949000000000000000e+05	3.196288600572185601e+02
5.958000000000000000e+05	3.196288600572185601e+02
5.958000000000000000e+05	3.196007331162760465e+02
5.967000000000000000e+05	3.196007331162760465e+02
5.967000000000000000e+05	3.177026167089363753e+02
5.976000000000000000e+05	3.177026167089363753e+02
5.976000000000000000e+05	3.281499999999999773e+02
5.985000000000000000e+05	3.281499999999999773e+02
5.985000000000000000e+05	3.281499999999999773e+02
5.994000000000000000e+05	3.281499999999999773e+02
5.994000000000000000e+05	3.281499999999999773e+02
6.003000000000000000e+05	3.281499999999999773e+02
6.003000000000000000e+05	3.281499999999999773e+02
6.012000000000000000e+05	3.281499999999999773e+02
6.012000000000000000e+05	3.281499999999999773e+02
6.021000000000000000e+05	3.281499999999999773e+02
6.021000000000000000e+05	3.281499999999999773e+02
6.030000000000000000e+05	3.281499999999999773e+02
6.030000000000000000e+05	3.281499999999999773e+02
6.039000000000000000e+05	3.281499999999999773e+02
6.039000000000000000e+05	3.281499999999999773e+02
6.048000000000000000e+05	3.281499999999999773e+02
