# #1
# double T_supply_UFH(1344, 2)
0.000000000000000000e+00	3.031499999999999773e+02
9.000000000000000000e+02	3.031499999999999773e+02
9.000000000000000000e+02	2.967875033493592127e+02
1.800000000000000000e+03	2.967875033493592127e+02
1.800000000000000000e+03	2.966548353602520933e+02
2.700000000000000000e+03	2.966548353602520933e+02
2.700000000000000000e+03	2.981185743610914756e+02
3.600000000000000000e+03	2.981185743610914756e+02
3.600000000000000000e+03	2.961390343674990504e+02
4.500000000000000000e+03	2.961390343674990504e+02
4.500000000000000000e+03	2.972044151820624052e+02
5.400000000000000000e+03	2.972044151820624052e+02
5.400000000000000000e+03	2.953324625534394841e+02
6.300000000000000000e+03	2.953324625534394841e+02
6.300000000000000000e+03	2.996940469441271944e+02
7.200000000000000000e+03	2.996940469441271944e+02
7.200000000000000000e+03	2.954286127116788521e+02
8.100000000000000000e+03	2.954286127116788521e+02
8.100000000000000000e+03	2.995198291099759444e+02
9.000000000000000000e+03	2.995198291099759444e+02
9.000000000000000000e+03	2.971384335715235920e+02
9.900000000000000000e+03	2.971384335715235920e+02
9.900000000000000000e+03	2.974764881253274780e+02
1.080000000000000000e+04	2.974764881253274780e+02
1.080000000000000000e+04	2.945075684038865234e+02
1.170000000000000000e+04	2.945075684038865234e+02
1.170000000000000000e+04	3.014840889132802317e+02
1.260000000000000000e+04	3.014840889132802317e+02
1.260000000000000000e+04	2.970480280965722386e+02
1.350000000000000000e+04	2.970480280965722386e+02
1.350000000000000000e+04	2.976451882751877065e+02
1.440000000000000000e+04	2.976451882751877065e+02
1.440000000000000000e+04	2.935860987990752164e+02
1.530000000000000000e+04	2.935860987990752164e+02
1.530000000000000000e+04	3.020403726901781738e+02
1.620000000000000000e+04	3.020403726901781738e+02
1.620000000000000000e+04	2.974473286699199548e+02
1.710000000000000000e+04	2.974473286699199548e+02
1.710000000000000000e+04	2.957551405044446824e+02
1.800000000000000000e+04	2.957551405044446824e+02
1.800000000000000000e+04	2.939471301011224682e+02
1.890000000000000000e+04	2.939471301011224682e+02
1.890000000000000000e+04	3.020921335698074017e+02
1.980000000000000000e+04	3.020921335698074017e+02
1.980000000000000000e+04	2.975401427754391648e+02
2.070000000000000000e+04	2.975401427754391648e+02
2.070000000000000000e+04	2.959836348207555830e+02
2.160000000000000000e+04	2.959836348207555830e+02
2.160000000000000000e+04	2.961318736027178034e+02
2.250000000000000000e+04	2.961318736027178034e+02
2.250000000000000000e+04	2.937800014617858437e+02
2.340000000000000000e+04	2.937800014617858437e+02
2.340000000000000000e+04	2.947195436895006537e+02
2.430000000000000000e+04	2.947195436895006537e+02
2.430000000000000000e+04	2.906228374400889152e+02
2.520000000000000000e+04	2.906228374400889152e+02
2.520000000000000000e+04	2.928747528339460473e+02
2.610000000000000000e+04	2.928747528339460473e+02
2.610000000000000000e+04	2.972271584363986676e+02
2.700000000000000000e+04	2.972271584363986676e+02
2.700000000000000000e+04	3.011684592390953412e+02
2.790000000000000000e+04	3.011684592390953412e+02
2.790000000000000000e+04	3.036964532230794589e+02
2.880000000000000000e+04	3.036964532230794589e+02
2.880000000000000000e+04	3.040366236469038768e+02
2.970000000000000000e+04	3.040366236469038768e+02
2.970000000000000000e+04	3.093733618706017978e+02
3.060000000000000000e+04	3.093733618706017978e+02
3.060000000000000000e+04	3.096856880710573137e+02
3.150000000000000000e+04	3.096856880710573137e+02
3.150000000000000000e+04	3.103893400909929028e+02
3.240000000000000000e+04	3.103893400909929028e+02
3.240000000000000000e+04	3.091295727789600392e+02
3.330000000000000000e+04	3.091295727789600392e+02
3.330000000000000000e+04	3.079603092943463025e+02
3.420000000000000000e+04	3.079603092943463025e+02
3.420000000000000000e+04	3.063011355787527350e+02
3.510000000000000000e+04	3.063011355787527350e+02
3.510000000000000000e+04	3.074670512550941339e+02
3.600000000000000000e+04	3.074670512550941339e+02
3.600000000000000000e+04	3.017302212414757605e+02
3.690000000000000000e+04	3.017302212414757605e+02
3.690000000000000000e+04	3.075748745746662962e+02
3.780000000000000000e+04	3.075748745746662962e+02
3.780000000000000000e+04	3.030804147585110968e+02
3.870000000000000000e+04	3.030804147585110968e+02
3.870000000000000000e+04	3.031906897517466177e+02
3.960000000000000000e+04	3.031906897517466177e+02
3.960000000000000000e+04	3.031624466427373932e+02
4.050000000000000000e+04	3.031624466427373932e+02
4.050000000000000000e+04	2.986198724085076037e+02
4.140000000000000000e+04	2.986198724085076037e+02
4.140000000000000000e+04	3.008295934608459561e+02
4.230000000000000000e+04	3.008295934608459561e+02
4.230000000000000000e+04	3.003973475749228328e+02
4.320000000000000000e+04	3.003973475749228328e+02
4.320000000000000000e+04	2.979948570813467654e+02
4.410000000000000000e+04	2.979948570813467654e+02
4.410000000000000000e+04	3.000763806004468393e+02
4.500000000000000000e+04	3.000763806004468393e+02
4.500000000000000000e+04	2.986645428374721405e+02
4.590000000000000000e+04	2.986645428374721405e+02
4.590000000000000000e+04	2.987284640853178530e+02
4.680000000000000000e+04	2.987284640853178530e+02
4.680000000000000000e+04	2.958007738947611642e+02
4.770000000000000000e+04	2.958007738947611642e+02
4.770000000000000000e+04	2.977594180346123380e+02
4.860000000000000000e+04	2.977594180346123380e+02
4.860000000000000000e+04	2.975808870502603440e+02
4.950000000000000000e+04	2.975808870502603440e+02
4.950000000000000000e+04	2.967432903282635266e+02
5.040000000000000000e+04	2.967432903282635266e+02
5.040000000000000000e+04	2.947997965937811387e+02
5.130000000000000000e+04	2.947997965937811387e+02
5.130000000000000000e+04	2.968298986863812274e+02
5.220000000000000000e+04	2.968298986863812274e+02
5.220000000000000000e+04	2.955751881396888052e+02
5.310000000000000000e+04	2.955751881396888052e+02
5.310000000000000000e+04	2.957921601285058841e+02
5.400000000000000000e+04	2.957921601285058841e+02
5.400000000000000000e+04	2.965022142500895939e+02
5.490000000000000000e+04	2.965022142500895939e+02
5.490000000000000000e+04	2.939165075039961721e+02
5.580000000000000000e+04	2.939165075039961721e+02
5.580000000000000000e+04	2.950735164838947640e+02
5.670000000000000000e+04	2.950735164838947640e+02
5.670000000000000000e+04	2.948224638506475230e+02
5.760000000000000000e+04	2.948224638506475230e+02
5.760000000000000000e+04	2.944799410215057947e+02
5.850000000000000000e+04	2.944799410215057947e+02
5.850000000000000000e+04	2.953606725726997979e+02
5.940000000000000000e+04	2.953606725726997979e+02
5.940000000000000000e+04	2.950258899946729798e+02
6.030000000000000000e+04	2.950258899946729798e+02
6.030000000000000000e+04	2.952266435288402135e+02
6.120000000000000000e+04	2.952266435288402135e+02
6.120000000000000000e+04	2.943655010205030749e+02
6.210000000000000000e+04	2.943655010205030749e+02
6.210000000000000000e+04	2.975863594295487928e+02
6.300000000000000000e+04	2.975863594295487928e+02
6.300000000000000000e+04	2.973510120450902150e+02
6.390000000000000000e+04	2.973510120450902150e+02
6.390000000000000000e+04	2.979504656707294998e+02
6.480000000000000000e+04	2.979504656707294998e+02
6.480000000000000000e+04	2.940472811775975970e+02
6.570000000000000000e+04	2.940472811775975970e+02
6.570000000000000000e+04	3.030203829455554683e+02
6.660000000000000000e+04	3.030203829455554683e+02
6.660000000000000000e+04	2.985673963425401780e+02
6.750000000000000000e+04	2.985673963425401780e+02
6.750000000000000000e+04	3.004527271091376974e+02
6.840000000000000000e+04	3.004527271091376974e+02
6.840000000000000000e+04	2.974054217326606135e+02
6.930000000000000000e+04	2.974054217326606135e+02
6.930000000000000000e+04	3.022177849188142318e+02
7.020000000000000000e+04	3.022177849188142318e+02
7.020000000000000000e+04	2.997018145874020547e+02
7.110000000000000000e+04	2.997018145874020547e+02
7.110000000000000000e+04	2.996973934449172248e+02
7.200000000000000000e+04	2.996973934449172248e+02
7.200000000000000000e+04	2.987690715228310978e+02
7.290000000000000000e+04	2.987690715228310978e+02
7.290000000000000000e+04	2.994306621850303145e+02
7.380000000000000000e+04	2.994306621850303145e+02
7.380000000000000000e+04	2.974300247230527816e+02
7.470000000000000000e+04	2.974300247230527816e+02
7.470000000000000000e+04	2.964000649326977168e+02
7.560000000000000000e+04	2.964000649326977168e+02
7.560000000000000000e+04	2.946305344838111751e+02
7.650000000000000000e+04	2.946305344838111751e+02
7.650000000000000000e+04	2.968930112086645181e+02
7.740000000000000000e+04	2.968930112086645181e+02
7.740000000000000000e+04	2.953008155093633604e+02
7.830000000000000000e+04	2.953008155093633604e+02
7.830000000000000000e+04	2.946407904177729620e+02
7.920000000000000000e+04	2.946407904177729620e+02
7.920000000000000000e+04	2.932134291287492829e+02
8.010000000000000000e+04	2.932134291287492829e+02
8.010000000000000000e+04	2.900065494244929027e+02
8.100000000000000000e+04	2.900065494244929027e+02
8.100000000000000000e+04	2.912675402716679969e+02
8.190000000000000000e+04	2.912675402716679969e+02
8.190000000000000000e+04	2.916316674349812956e+02
8.280000000000000000e+04	2.916316674349812956e+02
8.280000000000000000e+04	2.924111924367788902e+02
8.370000000000000000e+04	2.924111924367788902e+02
8.370000000000000000e+04	2.947281699617214485e+02
8.460000000000000000e+04	2.947281699617214485e+02
8.460000000000000000e+04	2.936045042166703070e+02
8.550000000000000000e+04	2.936045042166703070e+02
8.550000000000000000e+04	2.932083789333163963e+02
8.640000000000000000e+04	2.932083789333163963e+02
8.640000000000000000e+04	2.931451328118836841e+02
8.730000000000000000e+04	2.931451328118836841e+02
8.730000000000000000e+04	2.899947891825626130e+02
8.820000000000000000e+04	2.899947891825626130e+02
8.820000000000000000e+04	2.911271221904376034e+02
8.910000000000000000e+04	2.911271221904376034e+02
8.910000000000000000e+04	2.914291980104514437e+02
9.000000000000000000e+04	2.914291980104514437e+02
9.000000000000000000e+04	2.919876746901563820e+02
9.090000000000000000e+04	2.919876746901563820e+02
9.090000000000000000e+04	2.897827840657681122e+02
9.180000000000000000e+04	2.897827840657681122e+02
9.180000000000000000e+04	2.907461963170283070e+02
9.270000000000000000e+04	2.907461963170283070e+02
9.270000000000000000e+04	2.910476085771758790e+02
9.360000000000000000e+04	2.910476085771758790e+02
9.360000000000000000e+04	2.917323438583542270e+02
9.450000000000000000e+04	2.917323438583542270e+02
9.450000000000000000e+04	2.938879588582942688e+02
9.540000000000000000e+04	2.938879588582942688e+02
9.540000000000000000e+04	2.928526748253005962e+02
9.630000000000000000e+04	2.928526748253005962e+02
9.630000000000000000e+04	2.924902932319217257e+02
9.720000000000000000e+04	2.924902932319217257e+02
9.720000000000000000e+04	2.924884260473818358e+02
9.810000000000000000e+04	2.924884260473818358e+02
9.810000000000000000e+04	2.973135152180423120e+02
9.900000000000000000e+04	2.973135152180423120e+02
9.900000000000000000e+04	2.956463481970585008e+02
9.990000000000000000e+04	2.956463481970585008e+02
9.990000000000000000e+04	2.953454806415128928e+02
1.008000000000000000e+05	2.953454806415128928e+02
1.008000000000000000e+05	2.931453725851911827e+02
1.017000000000000000e+05	2.931453725851911827e+02
1.017000000000000000e+05	2.954510827868131742e+02
1.026000000000000000e+05	2.954510827868131742e+02
1.026000000000000000e+05	2.981762514210936956e+02
1.035000000000000000e+05	2.981762514210936956e+02
1.035000000000000000e+05	2.971498755742671847e+02
1.044000000000000000e+05	2.971498755742671847e+02
1.044000000000000000e+05	2.953271062933255280e+02
1.053000000000000000e+05	2.953271062933255280e+02
1.053000000000000000e+05	2.979654431876072636e+02
1.062000000000000000e+05	2.979654431876072636e+02
1.062000000000000000e+05	2.947661188169681736e+02
1.071000000000000000e+05	2.947661188169681736e+02
1.071000000000000000e+05	2.944116199566461205e+02
1.080000000000000000e+05	2.944116199566461205e+02
1.080000000000000000e+05	2.948989111000660159e+02
1.089000000000000000e+05	2.948989111000660159e+02
1.089000000000000000e+05	2.936011197365083945e+02
1.098000000000000000e+05	2.936011197365083945e+02
1.098000000000000000e+05	2.939086908270896288e+02
1.107000000000000000e+05	2.939086908270896288e+02
1.107000000000000000e+05	2.898545818192271213e+02
1.116000000000000000e+05	2.898545818192271213e+02
1.116000000000000000e+05	2.924326922012690488e+02
1.125000000000000000e+05	2.924326922012690488e+02
1.125000000000000000e+05	2.964696877869072296e+02
1.134000000000000000e+05	2.964696877869072296e+02
1.134000000000000000e+05	3.006931364942495861e+02
1.143000000000000000e+05	3.006931364942495861e+02
1.143000000000000000e+05	3.033451054079999381e+02
1.152000000000000000e+05	3.033451054079999381e+02
1.152000000000000000e+05	3.037015996428910398e+02
1.161000000000000000e+05	3.037015996428910398e+02
1.161000000000000000e+05	3.090981776387070568e+02
1.170000000000000000e+05	3.090981776387070568e+02
1.170000000000000000e+05	3.094796388298324246e+02
1.179000000000000000e+05	3.094796388298324246e+02
1.179000000000000000e+05	3.102265312729747393e+02
1.188000000000000000e+05	3.102265312729747393e+02
1.188000000000000000e+05	3.092089368829199998e+02
1.197000000000000000e+05	3.092089368829199998e+02
1.197000000000000000e+05	3.073092836404326818e+02
1.206000000000000000e+05	3.073092836404326818e+02
1.206000000000000000e+05	3.067904904803530712e+02
1.215000000000000000e+05	3.067904904803530712e+02
1.215000000000000000e+05	3.066038333495502002e+02
1.224000000000000000e+05	3.066038333495502002e+02
1.224000000000000000e+05	3.047209369863445545e+02
1.233000000000000000e+05	3.047209369863445545e+02
1.233000000000000000e+05	3.030728138111849148e+02
1.242000000000000000e+05	3.030728138111849148e+02
1.242000000000000000e+05	3.025559844542372048e+02
1.251000000000000000e+05	3.025559844542372048e+02
1.251000000000000000e+05	3.023925611690428354e+02
1.260000000000000000e+05	3.023925611690428354e+02
1.260000000000000000e+05	2.988067857983756426e+02
1.269000000000000000e+05	2.988067857983756426e+02
1.269000000000000000e+05	3.029705554367538980e+02
1.278000000000000000e+05	3.029705554367538980e+02
1.278000000000000000e+05	2.999167787939172740e+02
1.287000000000000000e+05	2.999167787939172740e+02
1.287000000000000000e+05	3.000871018588495076e+02
1.296000000000000000e+05	3.000871018588495076e+02
1.296000000000000000e+05	2.992216076123953030e+02
1.305000000000000000e+05	2.992216076123953030e+02
1.305000000000000000e+05	2.972763037949080172e+02
1.314000000000000000e+05	2.972763037949080172e+02
1.314000000000000000e+05	2.985979694499528136e+02
1.323000000000000000e+05	2.985979694499528136e+02
1.323000000000000000e+05	2.984169152119545743e+02
1.332000000000000000e+05	2.984169152119545743e+02
1.332000000000000000e+05	2.989997952856597294e+02
1.341000000000000000e+05	2.989997952856597294e+02
1.341000000000000000e+05	2.946895692740386608e+02
1.350000000000000000e+05	2.946895692740386608e+02
1.350000000000000000e+05	2.958599227380366301e+02
1.359000000000000000e+05	2.958599227380366301e+02
1.359000000000000000e+05	2.965535555108994572e+02
1.368000000000000000e+05	2.965535555108994572e+02
1.368000000000000000e+05	2.959708848096599354e+02
1.377000000000000000e+05	2.959708848096599354e+02
1.377000000000000000e+05	2.964697928351952783e+02
1.386000000000000000e+05	2.964697928351952783e+02
1.386000000000000000e+05	2.961265363526316037e+02
1.395000000000000000e+05	2.961265363526316037e+02
1.395000000000000000e+05	2.963974372175094913e+02
1.404000000000000000e+05	2.963974372175094913e+02
1.404000000000000000e+05	2.962685525725306661e+02
1.413000000000000000e+05	2.962685525725306661e+02
1.413000000000000000e+05	2.965755987701294885e+02
1.422000000000000000e+05	2.965755987701294885e+02
1.422000000000000000e+05	2.955273064272147394e+02
1.431000000000000000e+05	2.955273064272147394e+02
1.431000000000000000e+05	2.949910941270966305e+02
1.440000000000000000e+05	2.949910941270966305e+02
1.440000000000000000e+05	2.949193159404505309e+02
1.449000000000000000e+05	2.949193159404505309e+02
1.449000000000000000e+05	2.951584214557601626e+02
1.458000000000000000e+05	2.951584214557601626e+02
1.458000000000000000e+05	2.949413058198937279e+02
1.467000000000000000e+05	2.949413058198937279e+02
1.467000000000000000e+05	2.949403021326704106e+02
1.476000000000000000e+05	2.949403021326704106e+02
1.476000000000000000e+05	2.939834329322343365e+02
1.485000000000000000e+05	2.939834329322343365e+02
1.485000000000000000e+05	2.966345616715666438e+02
1.494000000000000000e+05	2.966345616715666438e+02
1.494000000000000000e+05	2.951536063066162114e+02
1.503000000000000000e+05	2.951536063066162114e+02
1.503000000000000000e+05	2.945926185159949569e+02
1.512000000000000000e+05	2.945926185159949569e+02
1.512000000000000000e+05	2.958433378744559263e+02
1.521000000000000000e+05	2.958433378744559263e+02
1.521000000000000000e+05	2.982646639787587901e+02
1.530000000000000000e+05	2.982646639787587901e+02
1.530000000000000000e+05	2.962916758902895822e+02
1.539000000000000000e+05	2.962916758902895822e+02
1.539000000000000000e+05	2.995745757930911850e+02
1.548000000000000000e+05	2.995745757930911850e+02
1.548000000000000000e+05	2.945867308585146702e+02
1.557000000000000000e+05	2.945867308585146702e+02
1.557000000000000000e+05	3.033018684175420390e+02
1.566000000000000000e+05	3.033018684175420390e+02
1.566000000000000000e+05	2.988157627855775900e+02
1.575000000000000000e+05	2.988157627855775900e+02
1.575000000000000000e+05	2.994491675321160642e+02
1.584000000000000000e+05	2.994491675321160642e+02
1.584000000000000000e+05	2.957404664673014736e+02
1.593000000000000000e+05	2.957404664673014736e+02
1.593000000000000000e+05	2.975958110159371586e+02
1.602000000000000000e+05	2.975958110159371586e+02
1.602000000000000000e+05	2.958925090840805865e+02
1.611000000000000000e+05	2.958925090840805865e+02
1.611000000000000000e+05	2.951316505139828905e+02
1.620000000000000000e+05	2.951316505139828905e+02
1.620000000000000000e+05	2.936170231474051775e+02
1.629000000000000000e+05	2.936170231474051775e+02
1.629000000000000000e+05	2.962242667141553056e+02
1.638000000000000000e+05	2.962242667141553056e+02
1.638000000000000000e+05	2.947292255011078623e+02
1.647000000000000000e+05	2.947292255011078623e+02
1.647000000000000000e+05	2.934359101582273297e+02
1.656000000000000000e+05	2.934359101582273297e+02
1.656000000000000000e+05	2.928400996802926102e+02
1.665000000000000000e+05	2.928400996802926102e+02
1.665000000000000000e+05	2.896810756973927141e+02
1.674000000000000000e+05	2.896810756973927141e+02
1.674000000000000000e+05	2.910096855991002940e+02
1.683000000000000000e+05	2.910096855991002940e+02
1.683000000000000000e+05	2.914178557902896500e+02
1.692000000000000000e+05	2.914178557902896500e+02
1.692000000000000000e+05	2.923000491005311119e+02
1.701000000000000000e+05	2.923000491005311119e+02
1.701000000000000000e+05	2.896079256261975274e+02
1.710000000000000000e+05	2.896079256261975274e+02
1.710000000000000000e+05	2.908195169432822809e+02
1.719000000000000000e+05	2.908195169432822809e+02
1.719000000000000000e+05	2.912104326439003330e+02
1.728000000000000000e+05	2.912104326439003330e+02
1.728000000000000000e+05	2.921128517309506947e+02
1.737000000000000000e+05	2.921128517309506947e+02
1.737000000000000000e+05	2.894960004563827738e+02
1.746000000000000000e+05	2.894960004563827738e+02
1.746000000000000000e+05	2.906758571419655937e+02
1.755000000000000000e+05	2.906758571419655937e+02
1.755000000000000000e+05	2.910576110576761835e+02
1.764000000000000000e+05	2.910576110576761835e+02
1.764000000000000000e+05	2.919492606655882128e+02
1.773000000000000000e+05	2.919492606655882128e+02
1.773000000000000000e+05	2.893773890872164429e+02
1.782000000000000000e+05	2.893773890872164429e+02
1.782000000000000000e+05	2.906250315164513154e+02
1.791000000000000000e+05	2.906250315164513154e+02
1.791000000000000000e+05	2.912367497765043254e+02
1.800000000000000000e+05	2.912367497765043254e+02
1.800000000000000000e+05	2.917873630230334925e+02
1.809000000000000000e+05	2.917873630230334925e+02
1.809000000000000000e+05	2.892514626764511263e+02
1.818000000000000000e+05	2.892514626764511263e+02
1.818000000000000000e+05	2.904623854051550893e+02
1.827000000000000000e+05	2.904623854051550893e+02
1.827000000000000000e+05	2.948861251103425047e+02
1.836000000000000000e+05	2.948861251103425047e+02
1.836000000000000000e+05	2.940770112571847221e+02
1.845000000000000000e+05	2.940770112571847221e+02
1.845000000000000000e+05	2.907976838025061284e+02
1.854000000000000000e+05	2.907976838025061284e+02
1.854000000000000000e+05	2.934464017795496034e+02
1.863000000000000000e+05	2.934464017795496034e+02
1.863000000000000000e+05	2.931783158431156835e+02
1.872000000000000000e+05	2.931783158431156835e+02
1.872000000000000000e+05	2.924865815035826699e+02
1.881000000000000000e+05	2.924865815035826699e+02
1.881000000000000000e+05	2.955296335178792901e+02
1.890000000000000000e+05	2.955296335178792901e+02
1.890000000000000000e+05	2.939413050058094541e+02
1.899000000000000000e+05	2.939413050058094541e+02
1.899000000000000000e+05	2.942463395094134739e+02
1.908000000000000000e+05	2.942463395094134739e+02
1.908000000000000000e+05	2.938068854700645716e+02
1.917000000000000000e+05	2.938068854700645716e+02
1.917000000000000000e+05	2.946765496753414482e+02
1.926000000000000000e+05	2.946765496753414482e+02
1.926000000000000000e+05	2.928754191555055399e+02
1.935000000000000000e+05	2.928754191555055399e+02
1.935000000000000000e+05	2.923972745763352350e+02
1.944000000000000000e+05	2.923972745763352350e+02
1.944000000000000000e+05	2.922471843141112799e+02
1.953000000000000000e+05	2.922471843141112799e+02
1.953000000000000000e+05	2.889595016524231141e+02
1.962000000000000000e+05	2.889595016524231141e+02
1.962000000000000000e+05	2.902500721593610820e+02
1.971000000000000000e+05	2.902500721593610820e+02
1.971000000000000000e+05	2.906325553526764338e+02
1.980000000000000000e+05	2.906325553526764338e+02
1.980000000000000000e+05	2.914814122339138862e+02
1.989000000000000000e+05	2.914814122339138862e+02
1.989000000000000000e+05	2.932066039830332329e+02
1.998000000000000000e+05	2.932066039830332329e+02
1.998000000000000000e+05	2.923894348349140841e+02
2.007000000000000000e+05	2.923894348349140841e+02
2.007000000000000000e+05	2.921092130524404524e+02
2.016000000000000000e+05	2.921092130524404524e+02
2.016000000000000000e+05	2.924225908529352864e+02
2.025000000000000000e+05	2.924225908529352864e+02
2.025000000000000000e+05	3.043931505883176669e+02
2.034000000000000000e+05	3.043931505883176669e+02
2.034000000000000000e+05	3.049153827623575808e+02
2.043000000000000000e+05	3.049153827623575808e+02
2.043000000000000000e+05	3.063588989290862514e+02
2.052000000000000000e+05	3.063588989290862514e+02
2.052000000000000000e+05	3.056998598883407681e+02
2.061000000000000000e+05	3.056998598883407681e+02
2.061000000000000000e+05	3.092633329308000043e+02
2.070000000000000000e+05	3.092633329308000043e+02
2.070000000000000000e+05	3.099595004241771221e+02
2.079000000000000000e+05	3.099595004241771221e+02
2.079000000000000000e+05	3.087935767618213276e+02
2.088000000000000000e+05	3.087935767618213276e+02
2.088000000000000000e+05	3.082592756469200026e+02
2.097000000000000000e+05	3.082592756469200026e+02
2.097000000000000000e+05	3.029677049854203688e+02
2.106000000000000000e+05	3.029677049854203688e+02
2.106000000000000000e+05	3.047563703912974802e+02
2.115000000000000000e+05	3.047563703912974802e+02
2.115000000000000000e+05	3.042493520233460913e+02
2.124000000000000000e+05	3.042493520233460913e+02
2.124000000000000000e+05	3.003168447104873735e+02
2.133000000000000000e+05	3.003168447104873735e+02
2.133000000000000000e+05	3.047228769941888231e+02
2.142000000000000000e+05	3.047228769941888231e+02
2.142000000000000000e+05	3.014673526746129255e+02
2.151000000000000000e+05	3.014673526746129255e+02
2.151000000000000000e+05	3.017629255519888716e+02
2.160000000000000000e+05	3.017629255519888716e+02
2.160000000000000000e+05	2.979762262240682844e+02
2.169000000000000000e+05	2.979762262240682844e+02
2.169000000000000000e+05	3.044513363167121724e+02
2.178000000000000000e+05	3.044513363167121724e+02
2.178000000000000000e+05	3.002768223570964210e+02
2.187000000000000000e+05	3.002768223570964210e+02
2.187000000000000000e+05	3.010087315362491154e+02
2.196000000000000000e+05	3.010087315362491154e+02
2.196000000000000000e+05	2.970858850544813663e+02
2.205000000000000000e+05	2.970858850544813663e+02
2.205000000000000000e+05	3.043725666726080590e+02
2.214000000000000000e+05	3.043725666726080590e+02
2.214000000000000000e+05	2.996331636791828714e+02
2.223000000000000000e+05	2.996331636791828714e+02
2.223000000000000000e+05	3.001452260658651312e+02
2.232000000000000000e+05	3.001452260658651312e+02
2.232000000000000000e+05	2.999081324943165328e+02
2.241000000000000000e+05	2.999081324943165328e+02
2.241000000000000000e+05	3.003254984695761323e+02
2.250000000000000000e+05	3.003254984695761323e+02
2.250000000000000000e+05	2.980797246295481386e+02
2.259000000000000000e+05	2.980797246295481386e+02
2.259000000000000000e+05	2.974031097085421038e+02
2.268000000000000000e+05	2.974031097085421038e+02
2.268000000000000000e+05	2.986727768412309842e+02
2.277000000000000000e+05	2.986727768412309842e+02
2.277000000000000000e+05	2.968726601343161633e+02
2.286000000000000000e+05	2.968726601343161633e+02
2.286000000000000000e+05	2.975137043654931404e+02
2.295000000000000000e+05	2.975137043654931404e+02
2.295000000000000000e+05	2.972642811668142713e+02
2.304000000000000000e+05	2.972642811668142713e+02
2.304000000000000000e+05	2.971625522187894717e+02
2.313000000000000000e+05	2.971625522187894717e+02
2.313000000000000000e+05	2.959547219774486848e+02
2.322000000000000000e+05	2.959547219774486848e+02
2.322000000000000000e+05	2.965662004651253483e+02
2.331000000000000000e+05	2.965662004651253483e+02
2.331000000000000000e+05	2.964726288527245970e+02
2.340000000000000000e+05	2.964726288527245970e+02
2.340000000000000000e+05	2.956001998663849690e+02
2.349000000000000000e+05	2.956001998663849690e+02
2.349000000000000000e+05	2.980004191829646061e+02
2.358000000000000000e+05	2.980004191829646061e+02
2.358000000000000000e+05	2.978444347359443327e+02
2.367000000000000000e+05	2.978444347359443327e+02
2.367000000000000000e+05	2.985333102604877240e+02
2.376000000000000000e+05	2.985333102604877240e+02
2.376000000000000000e+05	2.957518910671223580e+02
2.385000000000000000e+05	2.957518910671223580e+02
2.385000000000000000e+05	3.038807733987492838e+02
2.394000000000000000e+05	3.038807733987492838e+02
2.394000000000000000e+05	2.984171300017939075e+02
2.403000000000000000e+05	2.984171300017939075e+02
2.403000000000000000e+05	2.990778155793498740e+02
2.412000000000000000e+05	2.990778155793498740e+02
2.412000000000000000e+05	2.985583208211784836e+02
2.421000000000000000e+05	2.985583208211784836e+02
2.421000000000000000e+05	2.991146404316956477e+02
2.430000000000000000e+05	2.991146404316956477e+02
2.430000000000000000e+05	2.971745156207995819e+02
2.439000000000000000e+05	2.971745156207995819e+02
2.439000000000000000e+05	2.994501179102510378e+02
2.448000000000000000e+05	2.994501179102510378e+02
2.448000000000000000e+05	2.962499435112407014e+02
2.457000000000000000e+05	2.962499435112407014e+02
2.457000000000000000e+05	2.979312964200418605e+02
2.466000000000000000e+05	2.979312964200418605e+02
2.466000000000000000e+05	2.961755442693633427e+02
2.475000000000000000e+05	2.961755442693633427e+02
2.475000000000000000e+05	2.953670604716299408e+02
2.484000000000000000e+05	2.953670604716299408e+02
2.484000000000000000e+05	2.937947693607567317e+02
2.493000000000000000e+05	2.937947693607567317e+02
2.493000000000000000e+05	2.963416475938335566e+02
2.502000000000000000e+05	2.963416475938335566e+02
2.502000000000000000e+05	2.948291517383723317e+02
2.511000000000000000e+05	2.948291517383723317e+02
2.511000000000000000e+05	2.936706327284531426e+02
2.520000000000000000e+05	2.936706327284531426e+02
2.520000000000000000e+05	2.929001959926006293e+02
2.529000000000000000e+05	2.929001959926006293e+02
2.529000000000000000e+05	2.897186286999808544e+02
2.538000000000000000e+05	2.897186286999808544e+02
2.538000000000000000e+05	2.910404100787932862e+02
2.547000000000000000e+05	2.910404100787932862e+02
2.547000000000000000e+05	2.914419006367944576e+02
2.556000000000000000e+05	2.914419006367944576e+02
2.556000000000000000e+05	2.922895253908666859e+02
2.565000000000000000e+05	2.922895253908666859e+02
2.565000000000000000e+05	2.896357133139248390e+02
2.574000000000000000e+05	2.896357133139248390e+02
2.574000000000000000e+05	2.908267178014066872e+02
2.583000000000000000e+05	2.908267178014066872e+02
2.583000000000000000e+05	2.912093141033759025e+02
2.592000000000000000e+05	2.912093141033759025e+02
2.592000000000000000e+05	2.920801422481001168e+02
2.601000000000000000e+05	2.920801422481001168e+02
2.601000000000000000e+05	2.895108109110174155e+02
2.610000000000000000e+05	2.895108109110174155e+02
2.610000000000000000e+05	2.906657542969277870e+02
2.619000000000000000e+05	2.906657542969277870e+02
2.619000000000000000e+05	2.910378154005174451e+02
2.628000000000000000e+05	2.910378154005174451e+02
2.628000000000000000e+05	2.918957116672587517e+02
2.637000000000000000e+05	2.918957116672587517e+02
2.637000000000000000e+05	2.936843866373025094e+02
2.646000000000000000e+05	2.936843866373025094e+02
2.646000000000000000e+05	2.928318675803328688e+02
2.655000000000000000e+05	2.928318675803328688e+02
2.655000000000000000e+05	2.925343143981912135e+02
2.664000000000000000e+05	2.925343143981912135e+02
2.664000000000000000e+05	2.925307574141230589e+02
2.673000000000000000e+05	2.925307574141230589e+02
2.673000000000000000e+05	2.917434120672344875e+02
2.682000000000000000e+05	2.917434120672344875e+02
2.682000000000000000e+05	2.918517454625936125e+02
2.691000000000000000e+05	2.918517454625936125e+02
2.691000000000000000e+05	2.918284961804656064e+02
2.700000000000000000e+05	2.918284961804656064e+02
2.700000000000000000e+05	2.918323520858157849e+02
2.709000000000000000e+05	2.918323520858157849e+02
2.709000000000000000e+05	2.912692254733973982e+02
2.718000000000000000e+05	2.912692254733973982e+02
2.718000000000000000e+05	2.914238460270524911e+02
2.727000000000000000e+05	2.914238460270524911e+02
2.727000000000000000e+05	2.914470861180402039e+02
2.736000000000000000e+05	2.914470861180402039e+02
2.736000000000000000e+05	2.915940717836713247e+02
2.745000000000000000e+05	2.915940717836713247e+02
2.745000000000000000e+05	2.908787560348669672e+02
2.754000000000000000e+05	2.908787560348669672e+02
2.754000000000000000e+05	2.929823367560572365e+02
2.763000000000000000e+05	2.929823367560572365e+02
2.763000000000000000e+05	2.963232123747234255e+02
2.772000000000000000e+05	2.963232123747234255e+02
2.772000000000000000e+05	2.925488766801648239e+02
2.781000000000000000e+05	2.925488766801648239e+02
2.781000000000000000e+05	2.893424201917552523e+02
2.790000000000000000e+05	2.893424201917552523e+02
2.790000000000000000e+05	2.961591958197341228e+02
2.799000000000000000e+05	2.961591958197341228e+02
2.799000000000000000e+05	2.921810046540830399e+02
2.808000000000000000e+05	2.921810046540830399e+02
2.808000000000000000e+05	2.915851896243776764e+02
2.817000000000000000e+05	2.915851896243776764e+02
2.817000000000000000e+05	2.886308461782298878e+02
2.826000000000000000e+05	2.886308461782298878e+02
2.826000000000000000e+05	2.898155332549529248e+02
2.835000000000000000e+05	2.898155332549529248e+02
2.835000000000000000e+05	2.902083570068618315e+02
2.844000000000000000e+05	2.902083570068618315e+02
2.844000000000000000e+05	2.929640939668833539e+02
2.853000000000000000e+05	2.929640939668833539e+02
2.853000000000000000e+05	2.979366644533466797e+02
2.862000000000000000e+05	2.979366644533466797e+02
2.862000000000000000e+05	3.015137252022638563e+02
2.871000000000000000e+05	3.015137252022638563e+02
2.871000000000000000e+05	3.039231970998459929e+02
2.880000000000000000e+05	3.039231970998459929e+02
2.880000000000000000e+05	3.042409644700408649e+02
2.889000000000000000e+05	3.042409644700408649e+02
2.889000000000000000e+05	3.097908317475779540e+02
2.898000000000000000e+05	3.097908317475779540e+02
2.898000000000000000e+05	3.099363833716317913e+02
2.907000000000000000e+05	3.099363833716317913e+02
2.907000000000000000e+05	3.105677850546624654e+02
2.916000000000000000e+05	3.105677850546624654e+02
2.916000000000000000e+05	3.095571579883107916e+02
2.925000000000000000e+05	3.095571579883107916e+02
2.925000000000000000e+05	3.072098901705297180e+02
2.934000000000000000e+05	3.072098901705297180e+02
2.934000000000000000e+05	3.069965763707149335e+02
2.943000000000000000e+05	3.069965763707149335e+02
2.943000000000000000e+05	3.068861417843314712e+02
2.952000000000000000e+05	3.068861417843314712e+02
2.952000000000000000e+05	3.050344912916633007e+02
2.961000000000000000e+05	3.050344912916633007e+02
2.961000000000000000e+05	3.028258375420203379e+02
2.970000000000000000e+05	3.028258375420203379e+02
2.970000000000000000e+05	3.039477197447872072e+02
2.979000000000000000e+05	3.039477197447872072e+02
2.979000000000000000e+05	3.028932301501806705e+02
2.988000000000000000e+05	3.028932301501806705e+02
2.988000000000000000e+05	3.008529581568589037e+02
2.997000000000000000e+05	3.008529581568589037e+02
2.997000000000000000e+05	3.023220541686686715e+02
3.006000000000000000e+05	3.023220541686686715e+02
3.006000000000000000e+05	3.005837994929290744e+02
3.015000000000000000e+05	3.005837994929290744e+02
3.015000000000000000e+05	3.007414794302521273e+02
3.024000000000000000e+05	3.007414794302521273e+02
3.024000000000000000e+05	3.013802869889856879e+02
3.033000000000000000e+05	3.013802869889856879e+02
3.033000000000000000e+05	2.976494205264722837e+02
3.042000000000000000e+05	2.976494205264722837e+02
3.042000000000000000e+05	2.982453109853612432e+02
3.051000000000000000e+05	2.982453109853612432e+02
3.051000000000000000e+05	2.992621530782988089e+02
3.060000000000000000e+05	2.992621530782988089e+02
3.060000000000000000e+05	2.974541001967612033e+02
3.069000000000000000e+05	2.974541001967612033e+02
3.069000000000000000e+05	2.926859544873047980e+02
3.078000000000000000e+05	2.926859544873047980e+02
3.078000000000000000e+05	2.936371153703429400e+02
3.087000000000000000e+05	2.936371153703429400e+02
3.087000000000000000e+05	2.936768646710325470e+02
3.096000000000000000e+05	2.936768646710325470e+02
3.096000000000000000e+05	2.937041015105451720e+02
3.105000000000000000e+05	2.937041015105451720e+02
3.105000000000000000e+05	3.028689445898881445e+02
3.114000000000000000e+05	3.028689445898881445e+02
3.114000000000000000e+05	2.966971803553072959e+02
3.123000000000000000e+05	2.966971803553072959e+02
3.123000000000000000e+05	2.975882693937283534e+02
3.132000000000000000e+05	2.975882693937283534e+02
3.132000000000000000e+05	2.968630056463196638e+02
3.141000000000000000e+05	2.968630056463196638e+02
3.141000000000000000e+05	2.967575601757411050e+02
3.150000000000000000e+05	2.967575601757411050e+02
3.150000000000000000e+05	2.966249586063681818e+02
3.159000000000000000e+05	2.966249586063681818e+02
3.159000000000000000e+05	2.964277222525130355e+02
3.168000000000000000e+05	2.964277222525130355e+02
3.168000000000000000e+05	2.949580328868066204e+02
3.177000000000000000e+05	2.949580328868066204e+02
3.177000000000000000e+05	2.982191066447036292e+02
3.186000000000000000e+05	2.982191066447036292e+02
3.186000000000000000e+05	2.959977009360961233e+02
3.195000000000000000e+05	2.959977009360961233e+02
3.195000000000000000e+05	2.962768604003362611e+02
3.204000000000000000e+05	2.962768604003362611e+02
3.204000000000000000e+05	2.938180939079413179e+02
3.213000000000000000e+05	2.938180939079413179e+02
3.213000000000000000e+05	3.014629020561679908e+02
3.222000000000000000e+05	3.014629020561679908e+02
3.222000000000000000e+05	2.981539194575352667e+02
3.231000000000000000e+05	2.981539194575352667e+02
3.231000000000000000e+05	2.976012373158251876e+02
3.240000000000000000e+05	2.976012373158251876e+02
3.240000000000000000e+05	2.974527420264263355e+02
3.249000000000000000e+05	2.974527420264263355e+02
3.249000000000000000e+05	3.023039625083657143e+02
3.258000000000000000e+05	3.023039625083657143e+02
3.258000000000000000e+05	2.988421529441245070e+02
3.267000000000000000e+05	2.988421529441245070e+02
3.267000000000000000e+05	2.992526234020926381e+02
3.276000000000000000e+05	2.992526234020926381e+02
3.276000000000000000e+05	2.988194099780666306e+02
3.285000000000000000e+05	2.988194099780666306e+02
3.285000000000000000e+05	2.988737633016730797e+02
3.294000000000000000e+05	2.988737633016730797e+02
3.294000000000000000e+05	2.978877402715884841e+02
3.303000000000000000e+05	2.978877402715884841e+02
3.303000000000000000e+05	3.001961650694687478e+02
3.312000000000000000e+05	3.001961650694687478e+02
3.312000000000000000e+05	2.954620431820280828e+02
3.321000000000000000e+05	2.954620431820280828e+02
3.321000000000000000e+05	3.006278128707356245e+02
3.330000000000000000e+05	3.006278128707356245e+02
3.330000000000000000e+05	2.974804413083411418e+02
3.339000000000000000e+05	2.974804413083411418e+02
3.339000000000000000e+05	2.962545588435652917e+02
3.348000000000000000e+05	2.962545588435652917e+02
3.348000000000000000e+05	2.937042820462140185e+02
3.357000000000000000e+05	2.937042820462140185e+02
3.357000000000000000e+05	2.962743025487332034e+02
3.366000000000000000e+05	2.962743025487332034e+02
3.366000000000000000e+05	2.947684800613233165e+02
3.375000000000000000e+05	2.947684800613233165e+02
3.375000000000000000e+05	2.935099718752142621e+02
3.384000000000000000e+05	2.935099718752142621e+02
3.384000000000000000e+05	2.928518837055799509e+02
3.393000000000000000e+05	2.928518837055799509e+02
3.393000000000000000e+05	2.896787472534994663e+02
3.402000000000000000e+05	2.896787472534994663e+02
3.402000000000000000e+05	2.910031901421697285e+02
3.411000000000000000e+05	2.910031901421697285e+02
3.411000000000000000e+05	2.914073332974476784e+02
3.420000000000000000e+05	2.914073332974476784e+02
3.420000000000000000e+05	2.922663185960459487e+02
3.429000000000000000e+05	2.922663185960459487e+02
3.429000000000000000e+05	2.895991173570834576e+02
3.438000000000000000e+05	2.895991173570834576e+02
3.438000000000000000e+05	2.907975940375708319e+02
3.447000000000000000e+05	2.907975940375708319e+02
3.447000000000000000e+05	2.911833799207217339e+02
3.456000000000000000e+05	2.911833799207217339e+02
3.456000000000000000e+05	2.920656814891981412e+02
3.465000000000000000e+05	2.920656814891981412e+02
3.465000000000000000e+05	2.937849070642275819e+02
3.474000000000000000e+05	2.937849070642275819e+02
3.474000000000000000e+05	2.929671333555916704e+02
3.483000000000000000e+05	2.929671333555916704e+02
3.483000000000000000e+05	2.926820839157413161e+02
3.492000000000000000e+05	2.926820839157413161e+02
3.492000000000000000e+05	2.926795585622206772e+02
3.501000000000000000e+05	2.926795585622206772e+02
3.501000000000000000e+05	2.912877268121743555e+02
3.510000000000000000e+05	2.912877268121743555e+02
3.510000000000000000e+05	2.916850280070853501e+02
3.519000000000000000e+05	2.916850280070853501e+02
3.519000000000000000e+05	2.917605070261691935e+02
3.528000000000000000e+05	2.917605070261691935e+02
3.528000000000000000e+05	2.919456119426110945e+02
3.537000000000000000e+05	2.919456119426110945e+02
3.537000000000000000e+05	2.908902902326756248e+02
3.546000000000000000e+05	2.908902902326756248e+02
3.546000000000000000e+05	2.941394525866978142e+02
3.555000000000000000e+05	2.941394525866978142e+02
3.555000000000000000e+05	2.927299582562292812e+02
3.564000000000000000e+05	2.927299582562292812e+02
3.564000000000000000e+05	2.931237250734993154e+02
3.573000000000000000e+05	2.931237250734993154e+02
3.573000000000000000e+05	2.914692254741021316e+02
3.582000000000000000e+05	2.914692254741021316e+02
3.582000000000000000e+05	2.917865859296011877e+02
3.591000000000000000e+05	2.917865859296011877e+02
3.591000000000000000e+05	2.917895441056471100e+02
3.600000000000000000e+05	2.917895441056471100e+02
3.600000000000000000e+05	2.917925145268481515e+02
3.609000000000000000e+05	2.917925145268481515e+02
3.609000000000000000e+05	2.969288641347712314e+02
3.618000000000000000e+05	2.969288641347712314e+02
3.618000000000000000e+05	2.944482270402852464e+02
3.627000000000000000e+05	2.944482270402852464e+02
3.627000000000000000e+05	2.950848219693858141e+02
3.636000000000000000e+05	2.950848219693858141e+02
3.636000000000000000e+05	2.941562762434003844e+02
3.645000000000000000e+05	2.941562762434003844e+02
3.645000000000000000e+05	2.959744965411516660e+02
3.654000000000000000e+05	2.959744965411516660e+02
3.654000000000000000e+05	2.934335046655386350e+02
3.663000000000000000e+05	2.934335046655386350e+02
3.663000000000000000e+05	2.924466421095495434e+02
3.672000000000000000e+05	2.924466421095495434e+02
3.672000000000000000e+05	2.919606064095411284e+02
3.681000000000000000e+05	2.919606064095411284e+02
3.681000000000000000e+05	2.964736854279944964e+02
3.690000000000000000e+05	2.964736854279944964e+02
3.690000000000000000e+05	2.925733914168297360e+02
3.699000000000000000e+05	2.925733914168297360e+02
3.699000000000000000e+05	2.881499999999999773e+02
3.708000000000000000e+05	2.881499999999999773e+02
3.708000000000000000e+05	2.927277905032429999e+02
3.717000000000000000e+05	2.927277905032429999e+02
3.717000000000000000e+05	2.973452876200225887e+02
3.726000000000000000e+05	2.973452876200225887e+02
3.726000000000000000e+05	3.012321608335453220e+02
3.735000000000000000e+05	3.012321608335453220e+02
3.735000000000000000e+05	3.037605631884323429e+02
3.744000000000000000e+05	3.037605631884323429e+02
3.744000000000000000e+05	3.041131803092185919e+02
3.753000000000000000e+05	3.041131803092185919e+02
3.753000000000000000e+05	3.094729507352565179e+02
3.762000000000000000e+05	3.094729507352565179e+02
3.762000000000000000e+05	3.097864195968961667e+02
3.771000000000000000e+05	3.097864195968961667e+02
3.771000000000000000e+05	3.087935767618213276e+02
3.780000000000000000e+05	3.087935767618213276e+02
3.780000000000000000e+05	3.082376564128510381e+02
3.789000000000000000e+05	3.082376564128510381e+02
3.789000000000000000e+05	3.060690600956143612e+02
3.798000000000000000e+05	3.060690600956143612e+02
3.798000000000000000e+05	3.059784110346644184e+02
3.807000000000000000e+05	3.059784110346644184e+02
3.807000000000000000e+05	3.058941150003867619e+02
3.816000000000000000e+05	3.058941150003867619e+02
3.816000000000000000e+05	3.057916610238564203e+02
3.825000000000000000e+05	3.057916610238564203e+02
3.825000000000000000e+05	3.001607967868878859e+02
3.834000000000000000e+05	3.001607967868878859e+02
3.834000000000000000e+05	3.022526792144939805e+02
3.843000000000000000e+05	3.022526792144939805e+02
3.843000000000000000e+05	3.019207642911400171e+02
3.852000000000000000e+05	3.019207642911400171e+02
3.852000000000000000e+05	3.010439763486743345e+02
3.861000000000000000e+05	3.010439763486743345e+02
3.861000000000000000e+05	2.996782079636564049e+02
3.870000000000000000e+05	2.996782079636564049e+02
3.870000000000000000e+05	2.989886612603291383e+02
3.879000000000000000e+05	2.989886612603291383e+02
3.879000000000000000e+05	3.005044593981837124e+02
3.888000000000000000e+05	3.005044593981837124e+02
3.888000000000000000e+05	2.989047130405135704e+02
3.897000000000000000e+05	2.989047130405135704e+02
3.897000000000000000e+05	2.993961731345229396e+02
3.906000000000000000e+05	2.993961731345229396e+02
3.906000000000000000e+05	2.991725043611212982e+02
3.915000000000000000e+05	2.991725043611212982e+02
3.915000000000000000e+05	2.993455774828985341e+02
3.924000000000000000e+05	2.993455774828985341e+02
3.924000000000000000e+05	2.954934712643461694e+02
3.933000000000000000e+05	2.954934712643461694e+02
3.933000000000000000e+05	3.038069675987096616e+02
3.942000000000000000e+05	3.038069675987096616e+02
3.942000000000000000e+05	2.987111769373717607e+02
3.951000000000000000e+05	2.987111769373717607e+02
3.951000000000000000e+05	2.979222358738205685e+02
3.960000000000000000e+05	2.979222358738205685e+02
3.960000000000000000e+05	2.979296932609358350e+02
3.969000000000000000e+05	2.979296932609358350e+02
3.969000000000000000e+05	2.998840129374783032e+02
3.978000000000000000e+05	2.998840129374783032e+02
3.978000000000000000e+05	2.983195265384381969e+02
3.987000000000000000e+05	2.983195265384381969e+02
3.987000000000000000e+05	2.984545438867003213e+02
3.996000000000000000e+05	2.984545438867003213e+02
3.996000000000000000e+05	2.993800052341670153e+02
4.005000000000000000e+05	2.993800052341670153e+02
4.005000000000000000e+05	2.953671960133151515e+02
4.014000000000000000e+05	2.953671960133151515e+02
4.014000000000000000e+05	2.969427231011870845e+02
4.023000000000000000e+05	2.969427231011870845e+02
4.023000000000000000e+05	2.968872322704673365e+02
4.032000000000000000e+05	2.968872322704673365e+02
4.032000000000000000e+05	2.962519056012691863e+02
4.041000000000000000e+05	2.962519056012691863e+02
4.041000000000000000e+05	2.967738976684922250e+02
4.050000000000000000e+05	2.967738976684922250e+02
4.050000000000000000e+05	2.965723773624729347e+02
4.059000000000000000e+05	2.965723773624729347e+02
4.059000000000000000e+05	2.959507375367170994e+02
4.068000000000000000e+05	2.959507375367170994e+02
4.068000000000000000e+05	2.964050579994333248e+02
4.077000000000000000e+05	2.964050579994333248e+02
4.077000000000000000e+05	2.978765370864746274e+02
4.086000000000000000e+05	2.978765370864746274e+02
4.086000000000000000e+05	2.981172248126051159e+02
4.095000000000000000e+05	2.981172248126051159e+02
4.095000000000000000e+05	2.988561714392572526e+02
4.104000000000000000e+05	2.988561714392572526e+02
4.104000000000000000e+05	2.954827538165374108e+02
4.113000000000000000e+05	2.954827538165374108e+02
4.113000000000000000e+05	3.039011631974865963e+02
4.122000000000000000e+05	3.039011631974865963e+02
4.122000000000000000e+05	2.991291696814011516e+02
4.131000000000000000e+05	2.991291696814011516e+02
4.131000000000000000e+05	2.993839554736490527e+02
4.140000000000000000e+05	2.993839554736490527e+02
4.140000000000000000e+05	2.975534970202775753e+02
4.149000000000000000e+05	2.975534970202775753e+02
4.149000000000000000e+05	3.023142367493670690e+02
4.158000000000000000e+05	3.023142367493670690e+02
4.158000000000000000e+05	2.994439410977400939e+02
4.167000000000000000e+05	2.994439410977400939e+02
4.167000000000000000e+05	3.002517126320486796e+02
4.176000000000000000e+05	3.002517126320486796e+02
4.176000000000000000e+05	2.991677538743217042e+02
4.185000000000000000e+05	2.991677538743217042e+02
4.185000000000000000e+05	2.996128530372534442e+02
4.194000000000000000e+05	2.996128530372534442e+02
4.194000000000000000e+05	2.976216817821205609e+02
4.203000000000000000e+05	2.976216817821205609e+02
4.203000000000000000e+05	2.965658262731698755e+02
4.212000000000000000e+05	2.965658262731698755e+02
4.212000000000000000e+05	2.947236271786583188e+02
4.221000000000000000e+05	2.947236271786583188e+02
4.221000000000000000e+05	2.969605510049822215e+02
4.230000000000000000e+05	2.969605510049822215e+02
4.230000000000000000e+05	2.953621711314437448e+02
4.239000000000000000e+05	2.953621711314437448e+02
4.239000000000000000e+05	2.946971567376724579e+02
4.248000000000000000e+05	2.946971567376724579e+02
4.248000000000000000e+05	2.932704090200116411e+02
4.257000000000000000e+05	2.932704090200116411e+02
4.257000000000000000e+05	2.899898474728399833e+02
4.266000000000000000e+05	2.899898474728399833e+02
4.266000000000000000e+05	2.912837950830557929e+02
4.275000000000000000e+05	2.912837950830557929e+02
4.275000000000000000e+05	2.916594930484104111e+02
4.284000000000000000e+05	2.916594930484104111e+02
4.284000000000000000e+05	2.924090786092414760e+02
4.293000000000000000e+05	2.924090786092414760e+02
4.293000000000000000e+05	2.898832417467978075e+02
4.302000000000000000e+05	2.898832417467978075e+02
4.302000000000000000e+05	2.910086887647470348e+02
4.311000000000000000e+05	2.910086887647470348e+02
4.311000000000000000e+05	2.913675742297342595e+02
4.320000000000000000e+05	2.913675742297342595e+02
4.320000000000000000e+05	2.921803423554096071e+02
4.329000000000000000e+05	2.921803423554096071e+02
4.329000000000000000e+05	2.897348658371599299e+02
4.338000000000000000e+05	2.897348658371599299e+02
4.338000000000000000e+05	2.908286012780052374e+02
4.347000000000000000e+05	2.908286012780052374e+02
4.347000000000000000e+05	2.912501658427876237e+02
4.356000000000000000e+05	2.912501658427876237e+02
4.356000000000000000e+05	2.925758834617849402e+02
4.365000000000000000e+05	2.925758834617849402e+02
4.365000000000000000e+05	2.915267922893542050e+02
4.374000000000000000e+05	2.915267922893542050e+02
4.374000000000000000e+05	2.918268754957052238e+02
4.383000000000000000e+05	2.918268754957052238e+02
4.383000000000000000e+05	2.918754411310422370e+02
4.392000000000000000e+05	2.918754411310422370e+02
4.392000000000000000e+05	2.919861696454693174e+02
4.401000000000000000e+05	2.919861696454693174e+02
4.401000000000000000e+05	2.917384465317126683e+02
4.410000000000000000e+05	2.917384465317126683e+02
4.410000000000000000e+05	2.928577290345123174e+02
4.419000000000000000e+05	2.928577290345123174e+02
4.419000000000000000e+05	2.926669357676128698e+02
4.428000000000000000e+05	2.926669357676128698e+02
4.428000000000000000e+05	2.950228437165599189e+02
4.437000000000000000e+05	2.950228437165599189e+02
4.437000000000000000e+05	2.937144646936488357e+02
4.446000000000000000e+05	2.937144646936488357e+02
4.446000000000000000e+05	2.931813065247466170e+02
4.455000000000000000e+05	2.931813065247466170e+02
4.455000000000000000e+05	2.928460447057589136e+02
4.464000000000000000e+05	2.928460447057589136e+02
4.464000000000000000e+05	2.928410769952828900e+02
4.473000000000000000e+05	2.928410769952828900e+02
4.473000000000000000e+05	2.922932365584716194e+02
4.482000000000000000e+05	2.922932365584716194e+02
4.482000000000000000e+05	2.921468164879688629e+02
4.491000000000000000e+05	2.921468164879688629e+02
4.491000000000000000e+05	2.920090575765215135e+02
4.500000000000000000e+05	2.920090575765215135e+02
4.500000000000000000e+05	2.920056585667838362e+02
4.509000000000000000e+05	2.920056585667838362e+02
4.509000000000000000e+05	3.014472880142189979e+02
4.518000000000000000e+05	3.014472880142189979e+02
4.518000000000000000e+05	2.953825034143739003e+02
4.527000000000000000e+05	2.953825034143739003e+02
4.527000000000000000e+05	2.963036160002207566e+02
4.536000000000000000e+05	2.963036160002207566e+02
4.536000000000000000e+05	2.939718247311581081e+02
4.545000000000000000e+05	2.939718247311581081e+02
4.545000000000000000e+05	2.959441717437867396e+02
4.554000000000000000e+05	2.959441717437867396e+02
4.554000000000000000e+05	2.977209027123954570e+02
4.563000000000000000e+05	2.977209027123954570e+02
4.563000000000000000e+05	2.894737797578001732e+02
4.572000000000000000e+05	2.894737797578001732e+02
4.572000000000000000e+05	2.931226273774125843e+02
4.581000000000000000e+05	2.931226273774125843e+02
4.581000000000000000e+05	3.017693530285706629e+02
4.590000000000000000e+05	3.017693530285706629e+02
4.590000000000000000e+05	2.993348019817626664e+02
4.599000000000000000e+05	2.993348019817626664e+02
4.599000000000000000e+05	3.031531635101757161e+02
4.608000000000000000e+05	3.031531635101757161e+02
4.608000000000000000e+05	3.035983092826267011e+02
4.617000000000000000e+05	3.035983092826267011e+02
4.617000000000000000e+05	3.097231802720186806e+02
4.626000000000000000e+05	3.097231802720186806e+02
4.626000000000000000e+05	3.098014317156790298e+02
4.635000000000000000e+05	3.098014317156790298e+02
4.635000000000000000e+05	3.104487305547141318e+02
4.644000000000000000e+05	3.104487305547141318e+02
4.644000000000000000e+05	3.094584172092552308e+02
4.653000000000000000e+05	3.094584172092552308e+02
4.653000000000000000e+05	3.075846433017820232e+02
4.662000000000000000e+05	3.075846433017820232e+02
4.662000000000000000e+05	3.088257018094230375e+02
4.671000000000000000e+05	3.088257018094230375e+02
4.671000000000000000e+05	3.039131407201118122e+02
4.680000000000000000e+05	3.039131407201118122e+02
4.680000000000000000e+05	3.036164259603204982e+02
4.689000000000000000e+05	3.036164259603204982e+02
4.689000000000000000e+05	3.075042585042038468e+02
4.698000000000000000e+05	3.075042585042038468e+02
4.698000000000000000e+05	3.039459150807027754e+02
4.707000000000000000e+05	3.039459150807027754e+02
4.707000000000000000e+05	3.040653945267295057e+02
4.716000000000000000e+05	3.040653945267295057e+02
4.716000000000000000e+05	3.039135105789889622e+02
4.725000000000000000e+05	3.039135105789889622e+02
4.725000000000000000e+05	3.000231163392056146e+02
4.734000000000000000e+05	3.000231163392056146e+02
4.734000000000000000e+05	3.018894244588776132e+02
4.743000000000000000e+05	3.018894244588776132e+02
4.743000000000000000e+05	3.015996579820412649e+02
4.752000000000000000e+05	3.015996579820412649e+02
4.752000000000000000e+05	3.010672650220256514e+02
4.761000000000000000e+05	3.010672650220256514e+02
4.761000000000000000e+05	2.994769152203500084e+02
4.770000000000000000e+05	2.994769152203500084e+02
4.770000000000000000e+05	3.006415365353895481e+02
4.779000000000000000e+05	3.006415365353895481e+02
4.779000000000000000e+05	3.006721469192706877e+02
4.788000000000000000e+05	3.006721469192706877e+02
4.788000000000000000e+05	2.974108293953239581e+02
4.797000000000000000e+05	2.974108293953239581e+02
4.797000000000000000e+05	3.034202535213360079e+02
4.806000000000000000e+05	3.034202535213360079e+02
4.806000000000000000e+05	3.000030725028659617e+02
4.815000000000000000e+05	3.000030725028659617e+02
4.815000000000000000e+05	2.991126330961247390e+02
4.824000000000000000e+05	2.991126330961247390e+02
4.824000000000000000e+05	2.987317660366871905e+02
4.833000000000000000e+05	2.987317660366871905e+02
4.833000000000000000e+05	3.010394309710646326e+02
4.842000000000000000e+05	3.010394309710646326e+02
4.842000000000000000e+05	2.993182422403458531e+02
4.851000000000000000e+05	2.993182422403458531e+02
4.851000000000000000e+05	2.995613016039288254e+02
4.860000000000000000e+05	2.995613016039288254e+02
4.860000000000000000e+05	2.980355921690681384e+02
4.869000000000000000e+05	2.980355921690681384e+02
4.869000000000000000e+05	3.011280864669536186e+02
4.878000000000000000e+05	3.011280864669536186e+02
4.878000000000000000e+05	2.982874899528580954e+02
4.887000000000000000e+05	2.982874899528580954e+02
4.887000000000000000e+05	2.985212216555210603e+02
4.896000000000000000e+05	2.985212216555210603e+02
4.896000000000000000e+05	2.966028290895319515e+02
4.905000000000000000e+05	2.966028290895319515e+02
4.905000000000000000e+05	3.018935672719687204e+02
4.914000000000000000e+05	3.018935672719687204e+02
4.914000000000000000e+05	2.977338354824998987e+02
4.923000000000000000e+05	2.977338354824998987e+02
4.923000000000000000e+05	2.983145627375754998e+02
4.932000000000000000e+05	2.983145627375754998e+02
4.932000000000000000e+05	2.955416225456817187e+02
4.941000000000000000e+05	2.955416225456817187e+02
4.941000000000000000e+05	3.030571486315995458e+02
4.950000000000000000e+05	3.030571486315995458e+02
4.950000000000000000e+05	2.977068386329125360e+02
4.959000000000000000e+05	2.977068386329125360e+02
4.959000000000000000e+05	2.984179480983098074e+02
4.968000000000000000e+05	2.984179480983098074e+02
4.968000000000000000e+05	2.973490442874279438e+02
4.977000000000000000e+05	2.973490442874279438e+02
4.977000000000000000e+05	2.985992268396159375e+02
4.986000000000000000e+05	2.985992268396159375e+02
4.986000000000000000e+05	2.968178352518080487e+02
4.995000000000000000e+05	2.968178352518080487e+02
4.995000000000000000e+05	2.981197438394525534e+02
5.004000000000000000e+05	2.981197438394525534e+02
5.004000000000000000e+05	2.972728709068628632e+02
5.013000000000000000e+05	2.972728709068628632e+02
5.013000000000000000e+05	2.998099448364604314e+02
5.022000000000000000e+05	2.998099448364604314e+02
5.022000000000000000e+05	2.990567754406622498e+02
5.031000000000000000e+05	2.990567754406622498e+02
5.031000000000000000e+05	3.002742717899415084e+02
5.040000000000000000e+05	3.002742717899415084e+02
5.040000000000000000e+05	2.986971467575946235e+02
5.049000000000000000e+05	2.986971467575946235e+02
5.049000000000000000e+05	2.992751172572849327e+02
5.058000000000000000e+05	2.992751172572849327e+02
5.058000000000000000e+05	2.973053245881343400e+02
5.067000000000000000e+05	2.973053245881343400e+02
5.067000000000000000e+05	2.962975991494812433e+02
5.076000000000000000e+05	2.962975991494812433e+02
5.076000000000000000e+05	2.945863369324164864e+02
5.085000000000000000e+05	2.945863369324164864e+02
5.085000000000000000e+05	2.968602553808525499e+02
5.094000000000000000e+05	2.968602553808525499e+02
5.094000000000000000e+05	2.952716909987870508e+02
5.103000000000000000e+05	2.952716909987870508e+02
5.103000000000000000e+05	2.946155705550685298e+02
5.112000000000000000e+05	2.946155705550685298e+02
5.112000000000000000e+05	2.931942447239864009e+02
5.121000000000000000e+05	2.931942447239864009e+02
5.121000000000000000e+05	2.899238291027909895e+02
5.130000000000000000e+05	2.899238291027909895e+02
5.130000000000000000e+05	2.912207520515095212e+02
5.139000000000000000e+05	2.912207520515095212e+02
5.139000000000000000e+05	2.915993445412156575e+02
5.148000000000000000e+05	2.915993445412156575e+02
5.148000000000000000e+05	2.923572836405311364e+02
5.157000000000000000e+05	2.923572836405311364e+02
5.157000000000000000e+05	2.898194917413438247e+02
5.166000000000000000e+05	2.898194917413438247e+02
5.166000000000000000e+05	2.909515257953912055e+02
5.175000000000000000e+05	2.909515257953912055e+02
5.175000000000000000e+05	2.913129007393113739e+02
5.184000000000000000e+05	2.913129007393113739e+02
5.184000000000000000e+05	2.921304183554775022e+02
5.193000000000000000e+05	2.921304183554775022e+02
5.193000000000000000e+05	2.896730929143616322e+02
5.202000000000000000e+05	2.896730929143616322e+02
5.202000000000000000e+05	2.907723063541166084e+02
5.211000000000000000e+05	2.907723063541166084e+02
5.211000000000000000e+05	2.911243623812638930e+02
5.220000000000000000e+05	2.911243623812638930e+02
5.220000000000000000e+05	2.919317126223089076e+02
5.229000000000000000e+05	2.919317126223089076e+02
5.229000000000000000e+05	2.898737286097131687e+02
5.238000000000000000e+05	2.898737286097131687e+02
5.238000000000000000e+05	2.920417510179207738e+02
5.247000000000000000e+05	2.920417510179207738e+02
5.247000000000000000e+05	2.918816258808824387e+02
5.256000000000000000e+05	2.918816258808824387e+02
5.256000000000000000e+05	2.919133604529884565e+02
5.265000000000000000e+05	2.919133604529884565e+02
5.265000000000000000e+05	2.943574853996410070e+02
5.274000000000000000e+05	2.943574853996410070e+02
5.274000000000000000e+05	2.933291414146795546e+02
5.283000000000000000e+05	2.933291414146795546e+02
5.283000000000000000e+05	2.936019426328007853e+02
5.292000000000000000e+05	2.936019426328007853e+02
5.292000000000000000e+05	2.934239103105895765e+02
5.301000000000000000e+05	2.934239103105895765e+02
5.301000000000000000e+05	2.952763333766388882e+02
5.310000000000000000e+05	2.952763333766388882e+02
5.310000000000000000e+05	2.945029393336276939e+02
5.319000000000000000e+05	2.945029393336276939e+02
5.319000000000000000e+05	2.947384863852864214e+02
5.328000000000000000e+05	2.947384863852864214e+02
5.328000000000000000e+05	2.944542296934804426e+02
5.337000000000000000e+05	2.944542296934804426e+02
5.337000000000000000e+05	2.961573868582504474e+02
5.346000000000000000e+05	2.961573868582504474e+02
5.346000000000000000e+05	2.954749464799285761e+02
5.355000000000000000e+05	2.954749464799285761e+02
5.355000000000000000e+05	2.956485545049081907e+02
5.364000000000000000e+05	2.956485545049081907e+02
5.364000000000000000e+05	2.925442058611297398e+02
5.373000000000000000e+05	2.925442058611297398e+02
5.373000000000000000e+05	3.014567057048633956e+02
5.382000000000000000e+05	3.014567057048633956e+02
5.382000000000000000e+05	2.963075453753672832e+02
5.391000000000000000e+05	2.963075453753672832e+02
5.391000000000000000e+05	2.967896311889201115e+02
5.400000000000000000e+05	2.967896311889201115e+02
5.400000000000000000e+05	2.940446200144856448e+02
5.409000000000000000e+05	2.940446200144856448e+02
5.409000000000000000e+05	3.010244682663121694e+02
5.418000000000000000e+05	3.010244682663121694e+02
5.418000000000000000e+05	2.960024466876130305e+02
5.427000000000000000e+05	2.960024466876130305e+02
5.427000000000000000e+05	2.899545450631884478e+02
5.436000000000000000e+05	2.899545450631884478e+02
5.436000000000000000e+05	2.940517796142513589e+02
5.445000000000000000e+05	2.940517796142513589e+02
5.445000000000000000e+05	2.993289017094639348e+02
5.454000000000000000e+05	2.993289017094639348e+02
5.454000000000000000e+05	3.024897470380030313e+02
5.463000000000000000e+05	3.024897470380030313e+02
5.463000000000000000e+05	3.046867430334694973e+02
5.472000000000000000e+05	3.046867430334694973e+02
5.472000000000000000e+05	3.049825059531827947e+02
5.481000000000000000e+05	3.049825059531827947e+02
5.481000000000000000e+05	3.101438008396677333e+02
5.490000000000000000e+05	3.101438008396677333e+02
5.490000000000000000e+05	3.102700284297399662e+02
5.499000000000000000e+05	3.102700284297399662e+02
5.499000000000000000e+05	3.108560354570590789e+02
5.508000000000000000e+05	3.108560354570590789e+02
5.508000000000000000e+05	3.098327587742302853e+02
5.517000000000000000e+05	3.098327587742302853e+02
5.517000000000000000e+05	3.054562169517396910e+02
5.526000000000000000e+05	3.054562169517396910e+02
5.526000000000000000e+05	3.079138833367635470e+02
5.535000000000000000e+05	3.079138833367635470e+02
5.535000000000000000e+05	3.070047230207277380e+02
5.544000000000000000e+05	3.070047230207277380e+02
5.544000000000000000e+05	3.053684107048849796e+02
5.553000000000000000e+05	3.053684107048849796e+02
5.553000000000000000e+05	3.030559238538833711e+02
5.562000000000000000e+05	3.030559238538833711e+02
5.562000000000000000e+05	3.044449721705608454e+02
5.571000000000000000e+05	3.044449721705608454e+02
5.571000000000000000e+05	3.034186511975647704e+02
5.580000000000000000e+05	3.034186511975647704e+02
5.580000000000000000e+05	3.020914369114489091e+02
5.589000000000000000e+05	3.020914369114489091e+02
5.589000000000000000e+05	3.023613117316812691e+02
5.598000000000000000e+05	3.023613117316812691e+02
5.598000000000000000e+05	3.013342381966408539e+02
5.607000000000000000e+05	3.013342381966408539e+02
5.607000000000000000e+05	3.014560957649750890e+02
5.616000000000000000e+05	3.014560957649750890e+02
5.616000000000000000e+05	3.000639458959099102e+02
5.625000000000000000e+05	3.000639458959099102e+02
5.625000000000000000e+05	3.017843321243535115e+02
5.634000000000000000e+05	3.017843321243535115e+02
5.634000000000000000e+05	3.004814132125206925e+02
5.643000000000000000e+05	3.004814132125206925e+02
5.643000000000000000e+05	3.008929842131570354e+02
5.652000000000000000e+05	3.008929842131570354e+02
5.652000000000000000e+05	2.994680623705579592e+02
5.661000000000000000e+05	2.994680623705579592e+02
5.661000000000000000e+05	2.996760495361232302e+02
5.670000000000000000e+05	2.996760495361232302e+02
5.670000000000000000e+05	3.011957445625616856e+02
5.679000000000000000e+05	3.011957445625616856e+02
5.679000000000000000e+05	3.002505380665040775e+02
5.688000000000000000e+05	3.002505380665040775e+02
5.688000000000000000e+05	2.960153817490827919e+02
5.697000000000000000e+05	2.960153817490827919e+02
5.697000000000000000e+05	3.042146909780865940e+02
5.706000000000000000e+05	3.042146909780865940e+02
5.706000000000000000e+05	3.000264546367963021e+02
5.715000000000000000e+05	3.000264546367963021e+02
5.715000000000000000e+05	3.008157870050945348e+02
5.724000000000000000e+05	3.008157870050945348e+02
5.724000000000000000e+05	3.001462062940400983e+02
5.733000000000000000e+05	3.001462062940400983e+02
5.733000000000000000e+05	2.978757742991836039e+02
5.742000000000000000e+05	2.978757742991836039e+02
5.742000000000000000e+05	2.987303977532079102e+02
5.751000000000000000e+05	2.987303977532079102e+02
5.751000000000000000e+05	2.986245505764566133e+02
5.760000000000000000e+05	2.986245505764566133e+02
5.760000000000000000e+05	2.960538443193816533e+02
5.769000000000000000e+05	2.960538443193816533e+02
5.769000000000000000e+05	3.013981311305760755e+02
5.778000000000000000e+05	3.013981311305760755e+02
5.778000000000000000e+05	2.978056760769432003e+02
5.787000000000000000e+05	2.978056760769432003e+02
5.787000000000000000e+05	2.982592417493219159e+02
5.796000000000000000e+05	2.982592417493219159e+02
5.796000000000000000e+05	2.954707745607767606e+02
5.805000000000000000e+05	2.954707745607767606e+02
5.805000000000000000e+05	3.033314774277217793e+02
5.814000000000000000e+05	3.033314774277217793e+02
5.814000000000000000e+05	2.977486120195808326e+02
5.823000000000000000e+05	2.977486120195808326e+02
5.823000000000000000e+05	2.984953292357059240e+02
5.832000000000000000e+05	2.984953292357059240e+02
5.832000000000000000e+05	2.960630472679819150e+02
5.841000000000000000e+05	2.960630472679819150e+02
5.841000000000000000e+05	3.019712585909557561e+02
5.850000000000000000e+05	3.019712585909557561e+02
5.850000000000000000e+05	2.978382945057898041e+02
5.859000000000000000e+05	2.978382945057898041e+02
5.859000000000000000e+05	2.983642968631910435e+02
5.868000000000000000e+05	2.983642968631910435e+02
5.868000000000000000e+05	2.958064570832471532e+02
5.877000000000000000e+05	2.958064570832471532e+02
5.877000000000000000e+05	3.039993000503392295e+02
5.886000000000000000e+05	3.039993000503392295e+02
5.886000000000000000e+05	3.003219727638768859e+02
5.895000000000000000e+05	3.003219727638768859e+02
5.895000000000000000e+05	3.015028258629509992e+02
5.904000000000000000e+05	3.015028258629509992e+02
5.904000000000000000e+05	3.018592168765951556e+02
5.913000000000000000e+05	3.018592168765951556e+02
5.913000000000000000e+05	3.017280259591354366e+02
5.922000000000000000e+05	3.017280259591354366e+02
5.922000000000000000e+05	2.991712140619328011e+02
5.931000000000000000e+05	2.991712140619328011e+02
5.931000000000000000e+05	2.977866902301200867e+02
5.940000000000000000e+05	2.977866902301200867e+02
5.940000000000000000e+05	2.958048037868509823e+02
5.949000000000000000e+05	2.958048037868509823e+02
5.949000000000000000e+05	2.976345556403509818e+02
5.958000000000000000e+05	2.976345556403509818e+02
5.958000000000000000e+05	2.959219318671089241e+02
5.967000000000000000e+05	2.959219318671089241e+02
5.967000000000000000e+05	2.951509443138160691e+02
5.976000000000000000e+05	2.951509443138160691e+02
5.976000000000000000e+05	2.936010356804693515e+02
5.985000000000000000e+05	2.936010356804693515e+02
5.985000000000000000e+05	2.901855899759540875e+02
5.994000000000000000e+05	2.901855899759540875e+02
5.994000000000000000e+05	2.914407724112708706e+02
6.003000000000000000e+05	2.914407724112708706e+02
6.003000000000000000e+05	2.917800633795044405e+02
6.012000000000000000e+05	2.917800633795044405e+02
6.012000000000000000e+05	2.923795692335870058e+02
6.021000000000000000e+05	2.923795692335870058e+02
6.021000000000000000e+05	2.900336561206219699e+02
6.030000000000000000e+05	2.900336561206219699e+02
6.030000000000000000e+05	2.910651027314145836e+02
6.039000000000000000e+05	2.910651027314145836e+02
6.039000000000000000e+05	2.913884799029610235e+02
6.048000000000000000e+05	2.913884799029610235e+02
