# #1
# double dch_TES(1344, 2)
0.000000000000000000e+00	4.678808666574934250e+03
9.000000000000000000e+02	4.678808666574934250e+03
9.000000000000000000e+02	7.046778794040951652e+02
1.800000000000000000e+03	7.046778794040951652e+02
1.800000000000000000e+03	1.605634480850072578e+03
2.700000000000000000e+03	1.605634480850072578e+03
2.700000000000000000e+03	2.851352880652353633e+03
3.600000000000000000e+03	2.851352880652353633e+03
3.600000000000000000e+03	1.798606457259596937e+03
4.500000000000000000e+03	1.798606457259596937e+03
4.500000000000000000e+03	2.618528609658503683e+03
5.400000000000000000e+03	2.618528609658503683e+03
5.400000000000000000e+03	1.307517414032772649e+03
6.300000000000000000e+03	1.307517414032772649e+03
6.300000000000000000e+03	4.380355805374216288e+03
7.200000000000000000e+03	4.380355805374216288e+03
7.200000000000000000e+03	1.597533804732543103e+03
8.100000000000000000e+03	1.597533804732543103e+03
8.100000000000000000e+03	4.228603938847470090e+03
9.000000000000000000e+03	4.228603938847470090e+03
9.000000000000000000e+03	2.250434864381211810e+03
9.900000000000000000e+03	2.250434864381211810e+03
9.900000000000000000e+03	2.543194746497145388e+03
1.080000000000000000e+04	2.543194746497145388e+03
1.080000000000000000e+04	1.075695842624875240e+03
1.170000000000000000e+04	1.075695842624875240e+03
1.170000000000000000e+04	2.605152275006479158e+03
1.260000000000000000e+04	2.605152275006479158e+03
1.260000000000000000e+04	1.123317358258878812e+03
1.350000000000000000e+04	1.123317358258878812e+03
1.350000000000000000e+04	7.252032911743735895e+02
1.440000000000000000e+04	7.252032911743735895e+02
1.440000000000000000e+04	6.550594959946802192e+02
1.530000000000000000e+04	6.550594959946802192e+02
1.530000000000000000e+04	6.284645629590359022e+03
1.620000000000000000e+04	6.284645629590359022e+03
1.620000000000000000e+04	4.869419540544098709e+03
1.710000000000000000e+04	4.869419540544098709e+03
1.710000000000000000e+04	2.560921113563934341e+03
1.800000000000000000e+04	2.560921113563934341e+03
1.800000000000000000e+04	2.666961742168463388e+03
1.890000000000000000e+04	2.666961742168463388e+03
1.890000000000000000e+04	1.188278830825379146e+03
1.980000000000000000e+04	1.188278830825379146e+03
1.980000000000000000e+04	1.672635444083483890e+03
2.070000000000000000e+04	1.672635444083483890e+03
2.070000000000000000e+04	1.207127829837321769e+03
2.160000000000000000e+04	1.207127829837321769e+03
2.160000000000000000e+04	8.260771414058599476e+02
2.250000000000000000e+04	8.260771414058599476e+02
2.250000000000000000e+04	2.015675719758910418e+03
2.340000000000000000e+04	2.015675719758910418e+03
2.340000000000000000e+04	-8.837404475755174644e+02
2.430000000000000000e+04	-8.837404475755174644e+02
2.430000000000000000e+04	-1.911502420773671474e+03
2.520000000000000000e+04	-1.911502420773671474e+03
2.520000000000000000e+04	6.736227603788101987e+02
2.610000000000000000e+04	6.736227603788101987e+02
2.610000000000000000e+04	3.624995659709338724e+03
2.700000000000000000e+04	3.624995659709338724e+03
2.700000000000000000e+04	5.435812202965316828e+03
2.790000000000000000e+04	5.435812202965316828e+03
2.790000000000000000e+04	6.247931330017687287e+03
2.880000000000000000e+04	6.247931330017687287e+03
2.880000000000000000e+04	5.126023952762980116e+03
2.970000000000000000e+04	5.126023952762980116e+03
2.970000000000000000e+04	8.618228058677552326e+03
3.060000000000000000e+04	8.618228058677552326e+03
3.060000000000000000e+04	7.977243603290524334e+03
3.150000000000000000e+04	7.977243603290524334e+03
3.150000000000000000e+04	8.015015270290954504e+03
3.240000000000000000e+04	8.015015270290954504e+03
3.240000000000000000e+04	7.156015788747907209e+03
3.330000000000000000e+04	7.156015788747907209e+03
3.330000000000000000e+04	5.379344208211608930e+03
3.420000000000000000e+04	5.379344208211608930e+03
3.420000000000000000e+04	5.728646683715807740e+03
3.510000000000000000e+04	5.728646683715807740e+03
3.510000000000000000e+04	5.440135225063073449e+03
3.600000000000000000e+04	5.440135225063073449e+03
3.600000000000000000e+04	5.859774343680815946e+03
3.690000000000000000e+04	5.859774343680815946e+03
3.690000000000000000e+04	1.261314922256369073e+03
3.780000000000000000e+04	1.261314922256369073e+03
3.780000000000000000e+04	4.162058449313393794e+03
3.870000000000000000e+04	4.162058449313393794e+03
3.870000000000000000e+04	3.700250643697974738e+03
3.960000000000000000e+04	3.700250643697974738e+03
3.960000000000000000e+04	3.376097668561185856e+03
4.050000000000000000e+04	3.376097668561185856e+03
4.050000000000000000e+04	3.058363493421802104e+03
4.140000000000000000e+04	3.058363493421802104e+03
4.140000000000000000e+04	2.737852023695304524e+03
4.230000000000000000e+04	2.737852023695304524e+03
4.230000000000000000e+04	2.827963010255189147e+03
4.320000000000000000e+04	2.827963010255189147e+03
4.320000000000000000e+04	1.199688936293026018e+03
4.410000000000000000e+04	1.199688936293026018e+03
4.410000000000000000e+04	5.395558576300613822e+03
4.500000000000000000e+04	5.395558576300613822e+03
4.500000000000000000e+04	1.641702363897697069e+03
4.590000000000000000e+04	1.641702363897697069e+03
4.590000000000000000e+04	2.606961401498003397e+03
4.680000000000000000e+04	2.606961401498003397e+03
4.680000000000000000e+04	6.069558228464238709e+02
4.770000000000000000e+04	6.069558228464238709e+02
4.770000000000000000e+04	5.538814039706991025e+03
4.860000000000000000e+04	5.538814039706991025e+03
4.860000000000000000e+04	1.051802061336115003e+03
4.950000000000000000e+04	1.051802061336115003e+03
4.950000000000000000e+04	1.694401895738032181e+03
5.040000000000000000e+04	1.694401895738032181e+03
5.040000000000000000e+04	9.592657244610427369e+02
5.130000000000000000e+04	9.592657244610427369e+02
5.130000000000000000e+04	1.312963267326014829e+03
5.220000000000000000e+04	1.312963267326014829e+03
5.220000000000000000e+04	1.199098661585478112e+03
5.310000000000000000e+04	1.199098661585478112e+03
5.310000000000000000e+04	6.160899548746529035e+02
5.400000000000000000e+04	6.160899548746529035e+02
5.400000000000000000e+04	1.335794896381481522e+03
5.490000000000000000e+04	1.335794896381481522e+03
5.490000000000000000e+04	-4.960078163043866084e+02
5.580000000000000000e+04	-4.960078163043866084e+02
5.580000000000000000e+04	8.867134432627353817e+02
5.670000000000000000e+04	8.867134432627353817e+02
5.670000000000000000e+04	6.077284987524617463e+02
5.760000000000000000e+04	6.077284987524617463e+02
5.760000000000000000e+04	5.825148342836928350e+02
5.850000000000000000e+04	5.825148342836928350e+02
5.850000000000000000e+04	9.041812654304910666e+02
5.940000000000000000e+04	9.041812654304910666e+02
5.940000000000000000e+04	7.582906908297445625e+02
6.030000000000000000e+04	7.582906908297445625e+02
6.030000000000000000e+04	8.856151077146641910e+02
6.120000000000000000e+04	8.856151077146641910e+02
6.120000000000000000e+04	4.452996349549521256e+02
6.210000000000000000e+04	4.452996349549521256e+02
6.210000000000000000e+04	2.112682863881481808e+03
6.300000000000000000e+04	2.112682863881481808e+03
6.300000000000000000e+04	8.243327619928750210e+02
6.390000000000000000e+04	8.243327619928750210e+02
6.390000000000000000e+04	5.111880704615032300e+02
6.480000000000000000e+04	5.111880704615032300e+02
6.480000000000000000e+04	1.257567296437751793e+03
6.570000000000000000e+04	1.257567296437751793e+03
6.570000000000000000e+04	5.440220349424921551e+03
6.660000000000000000e+04	5.440220349424921551e+03
6.660000000000000000e+04	1.842614312943362165e+03
6.750000000000000000e+04	1.842614312943362165e+03
6.750000000000000000e+04	2.371502566078910604e+03
6.840000000000000000e+04	2.371502566078910604e+03
6.840000000000000000e+04	1.172528496470664322e+03
6.930000000000000000e+04	1.172528496470664322e+03
6.930000000000000000e+04	-1.611437346504440598e+02
7.020000000000000000e+04	-1.611437346504440598e+02
7.020000000000000000e+04	1.496426800990768243e+03
7.110000000000000000e+04	1.496426800990768243e+03
7.110000000000000000e+04	1.318501094532606658e+03
7.200000000000000000e+04	1.318501094532606658e+03
7.200000000000000000e+04	4.574366006072486925e+02
7.290000000000000000e+04	4.574366006072486925e+02
7.290000000000000000e+04	6.209920653478467102e+03
7.380000000000000000e+04	6.209920653478467102e+03
7.380000000000000000e+04	4.373987116334785242e+03
7.470000000000000000e+04	4.373987116334785242e+03
7.470000000000000000e+04	1.967545556140947156e+03
7.560000000000000000e+04	1.967545556140947156e+03
7.560000000000000000e+04	1.402301845563810275e+03
7.650000000000000000e+04	1.402301845563810275e+03
7.650000000000000000e+04	2.476030196564473499e+03
7.740000000000000000e+04	2.476030196564473499e+03
7.740000000000000000e+04	1.156767195195192471e+03
7.830000000000000000e+04	1.156767195195192471e+03
7.830000000000000000e+04	7.801498864899040200e+02
7.920000000000000000e+04	7.801498864899040200e+02
7.920000000000000000e+04	4.815253647222898508e+02
8.010000000000000000e+04	4.815253647222898508e+02
8.010000000000000000e+04	-1.723647958851444400e+03
8.100000000000000000e+04	-1.723647958851444400e+03
8.100000000000000000e+04	-4.508777147955843247e+02
8.190000000000000000e+04	-4.508777147955843247e+02
8.190000000000000000e+04	-1.808343478714814410e+02
8.280000000000000000e+04	-1.808343478714814410e+02
8.280000000000000000e+04	5.300904939885185740e+01
8.370000000000000000e+04	5.300904939885185740e+01
8.370000000000000000e+04	-1.389993751500486042e+03
8.460000000000000000e+04	-1.389993751500486042e+03
8.460000000000000000e+04	-4.367178425997262821e+02
8.550000000000000000e+04	-4.367178425997262821e+02
8.550000000000000000e+04	-2.183678505639545619e+02
8.640000000000000000e+04	-2.183678505639545619e+02
8.640000000000000000e+04	4.181960178711415210e+01
8.730000000000000000e+04	4.181960178711415210e+01
8.730000000000000000e+04	-1.356048273997659180e+03
8.820000000000000000e+04	-1.356048273997659180e+03
8.820000000000000000e+04	-4.300089290761970915e+02
8.910000000000000000e+04	-4.300089290761970915e+02
8.910000000000000000e+04	-1.969272945623379201e+02
9.000000000000000000e+04	-1.969272945623379201e+02
9.000000000000000000e+04	4.367238889798682067e+01
9.090000000000000000e+04	4.367238889798682067e+01
9.090000000000000000e+04	-1.292853012088500464e+03
9.180000000000000000e+04	-1.292853012088500464e+03
9.180000000000000000e+04	-4.083749552748631686e+02
9.270000000000000000e+04	-4.083749552748631686e+02
9.270000000000000000e+04	-2.047766567332437262e+02
9.360000000000000000e+04	-2.047766567332437262e+02
9.360000000000000000e+04	9.956377257555413962e+01
9.450000000000000000e+04	9.956377257555413962e+01
9.450000000000000000e+04	2.204427603872763029e+03
9.540000000000000000e+04	2.204427603872763029e+03
9.540000000000000000e+04	7.700209696297533810e+02
9.630000000000000000e+04	7.700209696297533810e+02
9.630000000000000000e+04	4.361144696338451467e+02
9.720000000000000000e+04	4.361144696338451467e+02
9.720000000000000000e+04	5.733149222488054875e+02
9.810000000000000000e+04	5.733149222488054875e+02
9.810000000000000000e+04	4.226916145062599753e+03
9.900000000000000000e+04	4.226916145062599753e+03
9.900000000000000000e+04	2.005113803131389432e+03
9.990000000000000000e+04	2.005113803131389432e+03
9.990000000000000000e+04	1.845641170217131730e+03
1.008000000000000000e+05	1.845641170217131730e+03
1.008000000000000000e+05	1.337668743529176027e+03
1.017000000000000000e+05	1.337668743529176027e+03
1.017000000000000000e+05	2.450893733879524461e+03
1.026000000000000000e+05	2.450893733879524461e+03
1.026000000000000000e+05	8.504150713523267768e+02
1.035000000000000000e+05	8.504150713523267768e+02
1.035000000000000000e+05	0.000000000000000000e+00
1.044000000000000000e+05	0.000000000000000000e+00
1.044000000000000000e+05	1.483898105541004043e+03
1.053000000000000000e+05	1.483898105541004043e+03
1.053000000000000000e+05	6.268152506536596775e+03
1.062000000000000000e+05	6.268152506536596775e+03
1.062000000000000000e+05	3.467763378832605667e+03
1.071000000000000000e+05	3.467763378832605667e+03
1.071000000000000000e+05	9.002709892499842681e+02
1.080000000000000000e+05	9.002709892499842681e+02
1.080000000000000000e+05	1.767068057578155276e+03
1.089000000000000000e+05	1.767068057578155276e+03
1.089000000000000000e+05	7.925932475614005170e+02
1.098000000000000000e+05	7.925932475614005170e+02
1.098000000000000000e+05	1.414932599838008173e+03
1.107000000000000000e+05	1.414932599838008173e+03
1.107000000000000000e+05	1.144853857994603459e+03
1.116000000000000000e+05	1.144853857994603459e+03
1.116000000000000000e+05	1.401598715439942680e+03
1.125000000000000000e+05	1.401598715439942680e+03
1.125000000000000000e+05	4.014706235600310265e+03
1.134000000000000000e+05	4.014706235600310265e+03
1.134000000000000000e+05	5.741448015169764403e+03
1.143000000000000000e+05	5.741448015169764403e+03
1.143000000000000000e+05	6.493009790215990506e+03
1.152000000000000000e+05	6.493009790215990506e+03
1.152000000000000000e+05	5.476742381583466340e+03
1.161000000000000000e+05	5.476742381583466340e+03
1.161000000000000000e+05	8.661075249975847328e+03
1.170000000000000000e+05	8.661075249975847328e+03
1.170000000000000000e+05	8.063160667662043124e+03
1.179000000000000000e+05	8.063160667662043124e+03
1.179000000000000000e+05	8.094170800785592292e+03
1.188000000000000000e+05	8.094170800785592292e+03
1.188000000000000000e+05	7.265764695872843731e+03
1.197000000000000000e+05	7.265764695872843731e+03
1.197000000000000000e+05	4.002134882072638447e+03
1.206000000000000000e+05	4.002134882072638447e+03
1.206000000000000000e+05	5.890549139478593133e+03
1.215000000000000000e+05	5.890549139478593133e+03
1.215000000000000000e+05	4.445227332743001170e+03
1.224000000000000000e+05	4.445227332743001170e+03
1.224000000000000000e+05	3.819014999267137682e+03
1.233000000000000000e+05	3.819014999267137682e+03
1.233000000000000000e+05	7.303099340399599896e+03
1.242000000000000000e+05	7.303099340399599896e+03
1.242000000000000000e+05	3.293313300079957116e+03
1.251000000000000000e+05	3.293313300079957116e+03
1.251000000000000000e+05	3.847589079884695821e+03
1.260000000000000000e+05	3.847589079884695821e+03
1.260000000000000000e+05	2.951707046269597413e+03
1.269000000000000000e+05	2.951707046269597413e+03
1.269000000000000000e+05	2.594261753877899537e+03
1.278000000000000000e+05	2.594261753877899537e+03
1.278000000000000000e+05	2.941382090337516274e+03
1.287000000000000000e+05	2.941382090337516274e+03
1.287000000000000000e+05	2.763972391670511570e+03
1.296000000000000000e+05	2.763972391670511570e+03
1.296000000000000000e+05	2.782576671020353388e+03
1.305000000000000000e+05	2.782576671020353388e+03
1.305000000000000000e+05	7.096313546443118412e+02
1.314000000000000000e+05	7.096313546443118412e+02
1.314000000000000000e+05	2.290580585126765072e+03
1.323000000000000000e+05	2.290580585126765072e+03
1.323000000000000000e+05	2.122923151678522117e+03
1.332000000000000000e+05	2.122923151678522117e+03
1.332000000000000000e+05	1.386287331436653403e+03
1.341000000000000000e+05	1.386287331436653403e+03
1.341000000000000000e+05	1.909235469007036045e+03
1.350000000000000000e+05	1.909235469007036045e+03
1.350000000000000000e+05	1.582167781908705365e+03
1.359000000000000000e+05	1.582167781908705365e+03
1.359000000000000000e+05	1.746733004774141591e+03
1.368000000000000000e+05	1.746733004774141591e+03
1.368000000000000000e+05	1.588382001130577919e+03
1.377000000000000000e+05	1.588382001130577919e+03
1.377000000000000000e+05	-2.534886081512061082e+02
1.386000000000000000e+05	-2.534886081512061082e+02
1.386000000000000000e+05	3.451332886348653119e+03
1.395000000000000000e+05	3.451332886348653119e+03
1.395000000000000000e+05	1.352616636232414749e+03
1.404000000000000000e+05	1.352616636232414749e+03
1.404000000000000000e+05	1.316913236485836023e+03
1.413000000000000000e+05	1.316913236485836023e+03
1.413000000000000000e+05	-5.130477469726429263e+02
1.422000000000000000e+05	-5.130477469726429263e+02
1.422000000000000000e+05	1.039623712380009238e+03
1.431000000000000000e+05	1.039623712380009238e+03
1.431000000000000000e+05	6.848042800326365978e+02
1.440000000000000000e+05	6.848042800326365978e+02
1.440000000000000000e+05	5.216019603372342317e+02
1.449000000000000000e+05	5.216019603372342317e+02
1.449000000000000000e+05	5.149893581353528589e+02
1.458000000000000000e+05	5.149893581353528589e+02
1.458000000000000000e+05	5.370139358834712766e+02
1.467000000000000000e+05	5.370139358834712766e+02
1.467000000000000000e+05	5.102519940087804571e+02
1.476000000000000000e+05	5.102519940087804571e+02
1.476000000000000000e+05	1.994963098134403481e+02
1.485000000000000000e+05	1.994963098134403481e+02
1.485000000000000000e+05	2.008415893979099565e+03
1.494000000000000000e+05	2.008415893979099565e+03
1.494000000000000000e+05	7.311347857106593437e+02
1.503000000000000000e+05	7.311347857106593437e+02
1.503000000000000000e+05	3.192329570583533496e+03
1.512000000000000000e+05	3.192329570583533496e+03
1.512000000000000000e+05	1.317993657340048230e+03
1.521000000000000000e+05	1.317993657340048230e+03
1.521000000000000000e+05	-1.263873666442534613e+03
1.530000000000000000e+05	-1.263873666442534613e+03
1.530000000000000000e+05	1.311568798760941718e+03
1.539000000000000000e+05	1.311568798760941718e+03
1.539000000000000000e+05	7.642749955017352477e+02
1.548000000000000000e+05	7.642749955017352477e+02
1.548000000000000000e+05	5.070356596558858655e+02
1.557000000000000000e+05	5.070356596558858655e+02
1.557000000000000000e+05	6.242862877037146973e+03
1.566000000000000000e+05	6.242862877037146973e+03
1.566000000000000000e+05	2.791082558233174495e+03
1.575000000000000000e+05	2.791082558233174495e+03
1.575000000000000000e+05	2.632382713703322224e+03
1.584000000000000000e+05	2.632382713703322224e+03
1.584000000000000000e+05	1.462524418703802439e+03
1.593000000000000000e+05	1.462524418703802439e+03
1.593000000000000000e+05	2.498123635352899782e+03
1.602000000000000000e+05	2.498123635352899782e+03
1.602000000000000000e+05	1.175195418621588033e+03
1.611000000000000000e+05	1.175195418621588033e+03
1.611000000000000000e+05	7.934786431393004023e+02
1.620000000000000000e+05	7.934786431393004023e+02
1.620000000000000000e+05	4.899854373579682942e+02
1.629000000000000000e+05	4.899854373579682942e+02
1.629000000000000000e+05	2.121033258878268498e+03
1.638000000000000000e+05	2.121033258878268498e+03
1.638000000000000000e+05	3.588534456740424503e+03
1.647000000000000000e+05	3.588534456740424503e+03
1.647000000000000000e+05	1.426873792245460209e+03
1.656000000000000000e+05	1.426873792245460209e+03
1.656000000000000000e+05	9.394228435047061794e+02
1.665000000000000000e+05	9.394228435047061794e+02
1.665000000000000000e+05	-1.549230057401845670e+03
1.674000000000000000e+05	-1.549230057401845670e+03
1.674000000000000000e+05	-2.918320743445074186e+02
1.683000000000000000e+05	-2.918320743445074186e+02
1.683000000000000000e+05	-5.034514702082378790e+01
1.692000000000000000e+05	-5.034514702082378790e+01
1.692000000000000000e+05	5.671923024854368123e+01
1.701000000000000000e+05	5.671923024854368123e+01
1.701000000000000000e+05	-1.032297155822376453e+03
1.710000000000000000e+05	-1.032297155822376453e+03
1.710000000000000000e+05	-3.119140010924311355e+02
1.719000000000000000e+05	-3.119140010924311355e+02
1.719000000000000000e+05	-1.496454089075559750e+02
1.728000000000000000e+05	-1.496454089075559750e+02
1.728000000000000000e+05	5.657456552623989410e+01
1.737000000000000000e+05	5.657456552623989410e+01
1.737000000000000000e+05	-1.051696747215139112e+03
1.746000000000000000e+05	-1.051696747215139112e+03
1.746000000000000000e+05	-3.284180601785192266e+02
1.755000000000000000e+05	-3.284180601785192266e+02
1.755000000000000000e+05	-1.631370086764218286e+02
1.764000000000000000e+05	-1.631370086764218286e+02
1.764000000000000000e+05	5.597624790364807268e+01
1.773000000000000000e+05	5.597624790364807268e+01
1.773000000000000000e+05	-1.041216521513644238e+03
1.782000000000000000e+05	-1.041216521513644238e+03
1.782000000000000000e+05	-3.252153923267032951e+02
1.791000000000000000e+05	-3.252153923267032951e+02
1.791000000000000000e+05	-1.160720030944794416e+02
1.800000000000000000e+05	-1.160720030944794416e+02
1.800000000000000000e+05	2.186252286781609655e+02
1.809000000000000000e+05	2.186252286781609655e+02
1.809000000000000000e+05	-1.520403985265929236e+02
1.818000000000000000e+05	-1.520403985265929236e+02
1.818000000000000000e+05	1.599163989111548290e+01
1.827000000000000000e+05	1.599163989111548290e+01
1.827000000000000000e+05	4.251173169753747061e+01
1.836000000000000000e+05	4.251173169753747061e+01
1.836000000000000000e+05	1.070216823323053177e+02
1.845000000000000000e+05	1.070216823323053177e+02
1.845000000000000000e+05	-2.159022825230797764e+02
1.854000000000000000e+05	-2.159022825230797764e+02
1.854000000000000000e+05	-4.012856943561928347e+01
1.863000000000000000e+05	-4.012856943561928347e+01
1.863000000000000000e+05	-3.436471401597373188e+00
1.872000000000000000e+05	-3.436471401597373188e+00
1.872000000000000000e+05	9.701677334790292662e+01
1.881000000000000000e+05	9.701677334790292662e+01
1.881000000000000000e+05	2.338772392603576918e+03
1.890000000000000000e+05	2.338772392603576918e+03
1.890000000000000000e+05	6.798626034078188241e+02
1.899000000000000000e+05	6.798626034078188241e+02
1.899000000000000000e+05	9.700301464055664837e+02
1.908000000000000000e+05	9.700301464055664837e+02
1.908000000000000000e+05	1.129249701536262364e+03
1.917000000000000000e+05	1.129249701536262364e+03
1.917000000000000000e+05	6.680325486291644665e+02
1.926000000000000000e+05	6.680325486291644665e+02
1.926000000000000000e+05	4.704764940305612981e+02
1.935000000000000000e+05	4.704764940305612981e+02
1.935000000000000000e+05	3.999151581382611766e+02
1.944000000000000000e+05	3.999151581382611766e+02
1.944000000000000000e+05	8.439134547795438266e+02
1.953000000000000000e+05	8.439134547795438266e+02
1.953000000000000000e+05	3.632707545700389460e+02
1.962000000000000000e+05	3.632707545700389460e+02
1.962000000000000000e+05	2.943478566773119383e+02
1.971000000000000000e+05	2.943478566773119383e+02
1.971000000000000000e+05	2.380493798376410268e+02
1.980000000000000000e+05	2.380493798376410268e+02
1.980000000000000000e+05	3.558620804096226493e+02
1.989000000000000000e+05	3.558620804096226493e+02
1.989000000000000000e+05	-4.390067448262644945e+01
1.998000000000000000e+05	-4.390067448262644945e+01
1.998000000000000000e+05	4.163565904584072996e+03
2.007000000000000000e+05	4.163565904584072996e+03
2.007000000000000000e+05	5.539968269320554100e+03
2.016000000000000000e+05	5.539968269320554100e+03
2.016000000000000000e+05	4.105830760628343342e+03
2.025000000000000000e+05	4.105830760628343342e+03
2.025000000000000000e+05	9.393666680437205287e+03
2.034000000000000000e+05	9.393666680437205287e+03
2.034000000000000000e+05	8.041830017772794235e+03
2.043000000000000000e+05	8.041830017772794235e+03
2.043000000000000000e+05	6.917498837723105680e+03
2.052000000000000000e+05	6.917498837723105680e+03
2.052000000000000000e+05	6.520485408592590829e+03
2.061000000000000000e+05	6.520485408592590829e+03
2.061000000000000000e+05	3.445214447659785492e+03
2.070000000000000000e+05	3.445214447659785492e+03
2.070000000000000000e+05	5.085236717244377360e+03
2.079000000000000000e+05	5.085236717244377360e+03
2.079000000000000000e+05	4.933443247210991103e+03
2.088000000000000000e+05	4.933443247210991103e+03
2.088000000000000000e+05	4.156061983033045180e+03
2.097000000000000000e+05	4.156061983033045180e+03
2.097000000000000000e+05	3.342222494514037862e+03
2.106000000000000000e+05	3.342222494514037862e+03
2.106000000000000000e+05	4.410393261449993588e+03
2.115000000000000000e+05	4.410393261449993588e+03
2.115000000000000000e+05	3.347655932173132896e+03
2.124000000000000000e+05	3.347655932173132896e+03
2.124000000000000000e+05	3.513381188282062794e+03
2.133000000000000000e+05	3.513381188282062794e+03
2.133000000000000000e+05	2.197349727096088372e+03
2.142000000000000000e+05	2.197349727096088372e+03
2.142000000000000000e+05	2.271330862974049523e+03
2.151000000000000000e+05	2.271330862974049523e+03
2.151000000000000000e+05	3.988762615316314623e+03
2.160000000000000000e+05	3.988762615316314623e+03
2.160000000000000000e+05	3.004513293239650011e+03
2.169000000000000000e+05	3.004513293239650011e+03
2.169000000000000000e+05	-8.379053634315521322e+02
2.178000000000000000e+05	-8.379053634315521322e+02
2.178000000000000000e+05	2.574379828743753023e+03
2.187000000000000000e+05	2.574379828743753023e+03
2.187000000000000000e+05	2.197274528928974178e+03
2.196000000000000000e+05	2.197274528928974178e+03
2.196000000000000000e+05	2.271551253200941574e+03
2.205000000000000000e+05	2.271551253200941574e+03
2.205000000000000000e+05	2.371207805628019969e+02
2.214000000000000000e+05	2.371207805628019969e+02
2.214000000000000000e+05	1.910680049564980436e+03
2.223000000000000000e+05	1.910680049564980436e+03
2.223000000000000000e+05	1.643531819868541788e+03
2.232000000000000000e+05	1.643531819868541788e+03
2.232000000000000000e+05	1.024893430309195537e+03
2.241000000000000000e+05	1.024893430309195537e+03
2.241000000000000000e+05	2.350058871977753370e+03
2.250000000000000000e+05	2.350058871977753370e+03
2.250000000000000000e+05	1.329640280585444998e+03
2.259000000000000000e+05	1.329640280585444998e+03
2.259000000000000000e+05	1.469438601490342990e+03
2.268000000000000000e+05	1.469438601490342990e+03
2.268000000000000000e+05	7.222488323443167246e+02
2.277000000000000000e+05	7.222488323443167246e+02
2.277000000000000000e+05	3.735059778654310776e+03
2.286000000000000000e+05	3.735059778654310776e+03
2.286000000000000000e+05	9.600767251862562262e+02
2.295000000000000000e+05	9.600767251862562262e+02
2.295000000000000000e+05	1.307856963073136285e+03
2.304000000000000000e+05	1.307856963073136285e+03
2.304000000000000000e+05	5.342718859722417619e+02
2.313000000000000000e+05	5.342718859722417619e+02
2.313000000000000000e+05	2.122676668862639417e+03
2.322000000000000000e+05	2.122676668862639417e+03
2.322000000000000000e+05	2.781766922950628214e+03
2.331000000000000000e+05	2.781766922950628214e+03
2.331000000000000000e+05	1.117816666829807218e+03
2.340000000000000000e+05	1.117816666829807218e+03
2.340000000000000000e+05	8.075406794598638953e+02
2.349000000000000000e+05	8.075406794598638953e+02
2.349000000000000000e+05	3.543206464071104620e+03
2.358000000000000000e+05	3.543206464071104620e+03
2.358000000000000000e+05	2.109246416397509165e+03
2.367000000000000000e+05	2.109246416397509165e+03
2.367000000000000000e+05	2.627346021334757097e+03
2.376000000000000000e+05	2.627346021334757097e+03
2.376000000000000000e+05	2.480606452056641501e+03
2.385000000000000000e+05	2.480606452056641501e+03
2.385000000000000000e+05	2.623043088719572097e+03
2.394000000000000000e+05	2.623043088719572097e+03
2.394000000000000000e+05	2.205820695647504181e+03
2.403000000000000000e+05	2.205820695647504181e+03
2.403000000000000000e+05	2.260403232834243681e+03
2.412000000000000000e+05	2.260403232834243681e+03
2.412000000000000000e+05	1.114041501853307636e+03
2.421000000000000000e+05	1.114041501853307636e+03
2.421000000000000000e+05	5.783506197654102834e+03
2.430000000000000000e+05	5.783506197654102834e+03
2.430000000000000000e+05	2.001067159841535613e+03
2.439000000000000000e+05	2.001067159841535613e+03
2.439000000000000000e+05	2.742933505263994448e+03
2.448000000000000000e+05	2.742933505263994448e+03
2.448000000000000000e+05	1.523772882333503730e+03
2.457000000000000000e+05	1.523772882333503730e+03
2.457000000000000000e+05	2.529676180931778617e+03
2.466000000000000000e+05	2.529676180931778617e+03
2.466000000000000000e+05	1.201996928410313558e+03
2.475000000000000000e+05	1.201996928410313558e+03
2.475000000000000000e+05	8.159243898201384582e+02
2.484000000000000000e+05	8.159243898201384582e+02
2.484000000000000000e+05	5.150786594521496227e+02
2.493000000000000000e+05	5.150786594521496227e+02
2.493000000000000000e+05	2.131693643833073565e+03
2.502000000000000000e+05	2.131693643833073565e+03
2.502000000000000000e+05	8.394060965111129917e+02
2.511000000000000000e+05	8.394060965111129917e+02
2.511000000000000000e+05	2.798854535648133606e+02
2.520000000000000000e+05	2.798854535648133606e+02
2.520000000000000000e+05	2.007094900723996034e+02
2.529000000000000000e+05	2.007094900723996034e+02
2.529000000000000000e+05	-1.834504961605911376e+03
2.538000000000000000e+05	-1.834504961605911376e+03
2.538000000000000000e+05	-5.535686727463616990e+02
2.547000000000000000e+05	-5.535686727463616990e+02
2.547000000000000000e+05	-2.666420679847942665e+02
2.556000000000000000e+05	-2.666420679847942665e+02
2.556000000000000000e+05	2.937761926111670618e+01
2.565000000000000000e+05	2.937761926111670618e+01
2.565000000000000000e+05	-1.641879069350015925e+03
2.574000000000000000e+05	-1.641879069350015925e+03
2.574000000000000000e+05	-5.279581212479970418e+02
2.583000000000000000e+05	-5.279581212479970418e+02
2.583000000000000000e+05	-2.714496654192917049e+02
2.592000000000000000e+05	-2.714496654192917049e+02
2.592000000000000000e+05	2.691149750858676271e+01
2.601000000000000000e+05	2.691149750858676271e+01
2.601000000000000000e+05	-1.593590696989716662e+03
2.610000000000000000e+05	-1.593590696989716662e+03
2.610000000000000000e+05	-5.140467600054689683e+02
2.619000000000000000e+05	-5.140467600054689683e+02
2.619000000000000000e+05	-2.651378754405886866e+02
2.628000000000000000e+05	-2.651378754405886866e+02
2.628000000000000000e+05	2.907638336593754502e+01
2.637000000000000000e+05	2.907638336593754502e+01
2.637000000000000000e+05	1.199241126642985819e+03
2.646000000000000000e+05	1.199241126642985819e+03
2.646000000000000000e+05	4.171098865208914503e+02
2.655000000000000000e+05	4.171098865208914503e+02
2.655000000000000000e+05	2.372522309944033623e+02
2.664000000000000000e+05	2.372522309944033623e+02
2.664000000000000000e+05	3.445876199163585625e+02
2.673000000000000000e+05	3.445876199163585625e+02
2.673000000000000000e+05	1.167316093350429327e+02
2.682000000000000000e+05	1.167316093350429327e+02
2.682000000000000000e+05	1.209880791049217805e+02
2.691000000000000000e+05	1.209880791049217805e+02
2.691000000000000000e+05	1.067637212766567245e+02
2.700000000000000000e+05	1.067637212766567245e+02
2.700000000000000000e+05	1.966101130499273495e+02
2.709000000000000000e+05	1.966101130499273495e+02
2.709000000000000000e+05	-8.366451853473658673e+01
2.718000000000000000e+05	-8.366451853473658673e+01
2.718000000000000000e+05	2.285187030176166445e+01
2.727000000000000000e+05	2.285187030176166445e+01
2.727000000000000000e+05	3.952871887537185103e+01
2.736000000000000000e+05	3.952871887537185103e+01
2.736000000000000000e+05	1.185996967299661264e+02
2.745000000000000000e+05	1.185996967299661264e+02
2.745000000000000000e+05	5.739224218620413012e+03
2.754000000000000000e+05	5.739224218620413012e+03
2.754000000000000000e+05	1.072088861612195615e+03
2.763000000000000000e+05	1.072088861612195615e+03
2.763000000000000000e+05	1.784736749119765591e+03
2.772000000000000000e+05	1.784736749119765591e+03
2.772000000000000000e+05	1.660033846881256977e+03
2.781000000000000000e+05	1.660033846881256977e+03
2.781000000000000000e+05	1.381896950183570880e+03
2.790000000000000000e+05	1.381896950183570880e+03
2.790000000000000000e+05	6.687557094491203316e+02
2.799000000000000000e+05	6.687557094491203316e+02
2.799000000000000000e+05	7.739983927946304902e+02
2.808000000000000000e+05	7.739983927946304902e+02
2.808000000000000000e+05	9.123051031444510954e+02
2.817000000000000000e+05	9.123051031444510954e+02
2.817000000000000000e+05	7.364785293730416527e+01
2.826000000000000000e+05	7.364785293730416527e+01
2.826000000000000000e+05	4.045185155468061566e+02
2.835000000000000000e+05	4.045185155468061566e+02
2.835000000000000000e+05	-5.856612001477042213e+02
2.844000000000000000e+05	-5.856612001477042213e+02
2.844000000000000000e+05	1.782905088055740634e+02
2.853000000000000000e+05	1.782905088055740634e+02
2.853000000000000000e+05	3.418387639412561839e+03
2.862000000000000000e+05	3.418387639412561839e+03
2.862000000000000000e+05	5.290936124849540647e+03
2.871000000000000000e+05	5.290936124849540647e+03
2.871000000000000000e+05	6.135860416613402776e+03
2.880000000000000000e+05	6.135860416613402776e+03
2.880000000000000000e+05	4.865551654795119248e+03
2.889000000000000000e+05	4.865551654795119248e+03
2.889000000000000000e+05	9.637089745189543464e+03
2.898000000000000000e+05	9.637089745189543464e+03
2.898000000000000000e+05	8.278043184193316847e+03
2.907000000000000000e+05	8.278043184193316847e+03
2.907000000000000000e+05	4.061457893849525135e+03
2.916000000000000000e+05	4.061457893849525135e+03
2.916000000000000000e+05	4.860111142050958733e+03
2.925000000000000000e+05	4.860111142050958733e+03
2.925000000000000000e+05	-1.756287196845496226e+02
2.934000000000000000e+05	-1.756287196845496226e+02
2.934000000000000000e+05	9.425747547834762372e+02
2.943000000000000000e+05	9.425747547834762372e+02
2.943000000000000000e+05	9.637205829762388021e+02
2.952000000000000000e+05	9.637205829762388021e+02
2.952000000000000000e+05	1.455520098155033338e+03
2.961000000000000000e+05	1.455520098155033338e+03
2.961000000000000000e+05	7.378588327397224020e+03
2.970000000000000000e+05	7.378588327397224020e+03
2.970000000000000000e+05	6.861485445800237358e+03
2.979000000000000000e+05	6.861485445800237358e+03
2.979000000000000000e+05	7.092521693597431295e+03
2.988000000000000000e+05	7.092521693597431295e+03
2.988000000000000000e+05	5.606484007484599715e+03
2.997000000000000000e+05	5.606484007484599715e+03
2.997000000000000000e+05	7.802800654661016324e+02
3.006000000000000000e+05	7.802800654661016324e+02
3.006000000000000000e+05	4.038501176341553219e+03
3.015000000000000000e+05	4.038501176341553219e+03
3.015000000000000000e+05	3.611764659789216239e+03
3.024000000000000000e+05	3.611764659789216239e+03
3.024000000000000000e+05	3.201928808610899068e+03
3.033000000000000000e+05	3.201928808610899068e+03
3.033000000000000000e+05	3.239674853766605338e+03
3.042000000000000000e+05	3.239674853766605338e+03
3.042000000000000000e+05	2.905487627929018345e+03
3.051000000000000000e+05	2.905487627929018345e+03
3.051000000000000000e+05	3.052170363172306679e+03
3.060000000000000000e+05	3.052170363172306679e+03
3.060000000000000000e+05	1.581232596233245204e+03
3.069000000000000000e+05	1.581232596233245204e+03
3.069000000000000000e+05	4.832675065255630216e+03
3.078000000000000000e+05	4.832675065255630216e+03
3.078000000000000000e+05	1.158699432134802919e+03
3.087000000000000000e+05	1.158699432134802919e+03
3.087000000000000000e+05	5.055624402935907710e+03
3.096000000000000000e+05	5.055624402935907710e+03
3.096000000000000000e+05	2.622124851617514651e+03
3.105000000000000000e+05	2.622124851617514651e+03
3.105000000000000000e+05	-9.412727377107632947e+02
3.114000000000000000e+05	-9.412727377107632947e+02
3.114000000000000000e+05	5.696845428609522060e+02
3.123000000000000000e+05	5.696845428609522060e+02
3.123000000000000000e+05	1.823314888159628026e+03
3.132000000000000000e+05	1.823314888159628026e+03
3.132000000000000000e+05	1.075893592972302940e+03
3.141000000000000000e+05	1.075893592972302940e+03
3.141000000000000000e+05	7.282792249136523424e+02
3.150000000000000000e+05	7.282792249136523424e+02
3.150000000000000000e+05	1.002807396980468184e+03
3.159000000000000000e+05	1.002807396980468184e+03
3.159000000000000000e+05	8.463700788532732986e+02
3.168000000000000000e+05	8.463700788532732986e+02
3.168000000000000000e+05	3.549956461481133374e+02
3.177000000000000000e+05	3.549956461481133374e+02
3.177000000000000000e+05	2.064116422248330764e+03
3.186000000000000000e+05	2.064116422248330764e+03
3.186000000000000000e+05	7.746541583072394133e+02
3.195000000000000000e+05	7.746541583072394133e+02
3.195000000000000000e+05	4.602474528283928521e+02
3.204000000000000000e+05	4.602474528283928521e+02
3.204000000000000000e+05	1.323908958571255425e+02
3.213000000000000000e+05	1.323908958571255425e+02
3.213000000000000000e+05	6.075064772200857988e+03
3.222000000000000000e+05	6.075064772200857988e+03
3.222000000000000000e+05	2.081758405796543229e+03
3.231000000000000000e+05	2.081758405796543229e+03
3.231000000000000000e+05	1.154557376240147278e+03
3.240000000000000000e+05	1.154557376240147278e+03
3.240000000000000000e+05	1.951190527360136912e+03
3.249000000000000000e+05	1.951190527360136912e+03
3.249000000000000000e+05	4.014014645217588168e+03
3.258000000000000000e+05	4.014014645217588168e+03
3.258000000000000000e+05	2.331978834287670907e+03
3.267000000000000000e+05	2.331978834287670907e+03
3.267000000000000000e+05	2.410884613539848942e+03
3.276000000000000000e+05	2.410884613539848942e+03
3.276000000000000000e+05	1.579170204644904516e+03
3.285000000000000000e+05	1.579170204644904516e+03
3.285000000000000000e+05	2.548940020755856494e+03
3.294000000000000000e+05	2.548940020755856494e+03
3.294000000000000000e+05	4.235218502590083517e+03
3.303000000000000000e+05	4.235218502590083517e+03
3.303000000000000000e+05	2.431342793424264528e+03
3.312000000000000000e+05	2.431342793424264528e+03
3.312000000000000000e+05	1.993628119816839899e+03
3.321000000000000000e+05	1.993628119816839899e+03
3.321000000000000000e+05	2.600190609101749487e+03
3.330000000000000000e+05	2.600190609101749487e+03
3.330000000000000000e+05	1.269480121328029782e+03
3.339000000000000000e+05	1.269480121328029782e+03
3.339000000000000000e+05	8.718141734817181714e+02
3.348000000000000000e+05	8.718141734817181714e+02
3.348000000000000000e+05	6.004046568565763664e+02
3.357000000000000000e+05	6.004046568565763664e+02
3.357000000000000000e+05	2.164497770373625826e+03
3.366000000000000000e+05	2.164497770373625826e+03
3.366000000000000000e+05	8.693278889397042803e+02
3.375000000000000000e+05	8.693278889397042803e+02
3.375000000000000000e+05	3.969741867836564779e+02
3.384000000000000000e+05	3.969741867836564779e+02
3.384000000000000000e+05	2.266674553352358998e+02
3.393000000000000000e+05	2.266674553352358998e+02
3.393000000000000000e+05	-1.824773378905596928e+03
3.402000000000000000e+05	-1.824773378905596928e+03
3.402000000000000000e+05	-5.448673354386119172e+02
3.411000000000000000e+05	-5.448673354386119172e+02
3.411000000000000000e+05	-2.596942733998876065e+02
3.420000000000000000e+05	-2.596942733998876065e+02
3.420000000000000000e+05	3.091367274545609689e+01
3.429000000000000000e+05	3.091367274545609689e+01
3.429000000000000000e+05	-1.621123526148773635e+03
3.438000000000000000e+05	-1.621123526148773635e+03
3.438000000000000000e+05	-5.212690704813576303e+02
3.447000000000000000e+05	-5.212690704813576303e+02
3.447000000000000000e+05	-2.682442108526010998e+02
3.456000000000000000e+05	-2.682442108526010998e+02
3.456000000000000000e+05	2.733110657739143790e+01
3.465000000000000000e+05	2.733110657739143790e+01
3.465000000000000000e+05	-1.578462008551314057e+03
3.474000000000000000e+05	-1.578462008551314057e+03
3.474000000000000000e+05	-5.096301498037064448e+02
3.483000000000000000e+05	-5.096301498037064448e+02
3.483000000000000000e+05	-2.633332954818033613e+02
3.492000000000000000e+05	-2.633332954818033613e+02
3.492000000000000000e+05	2.916254836850657739e+01
3.501000000000000000e+05	2.916254836850657739e+01
3.501000000000000000e+05	-1.505557692723491527e+03
3.510000000000000000e+05	-1.505557692723491527e+03
3.510000000000000000e+05	-4.394677335841115564e+02
3.519000000000000000e+05	-4.394677335841115564e+02
3.519000000000000000e+05	-3.632831224630353972e+01
3.528000000000000000e+05	-3.632831224630353972e+01
3.528000000000000000e+05	7.806791721149056684e+01
3.537000000000000000e+05	7.806791721149056684e+01
3.537000000000000000e+05	-1.071528718835166273e+03
3.546000000000000000e+05	-1.071528718835166273e+03
3.546000000000000000e+05	-3.275205059549189173e+02
3.555000000000000000e+05	-3.275205059549189173e+02
3.555000000000000000e+05	-1.590987597549101338e+02
3.564000000000000000e+05	-1.590987597549101338e+02
3.564000000000000000e+05	5.439668191695272981e+01
3.573000000000000000e+05	5.439668191695272981e+01
3.573000000000000000e+05	1.676889139370444582e+03
3.582000000000000000e+05	1.676889139370444582e+03
3.582000000000000000e+05	5.806601006343262270e+02
3.591000000000000000e+05	5.806601006343262270e+02
3.591000000000000000e+05	3.268706510888296179e+02
3.600000000000000000e+05	3.268706510888296179e+02
3.600000000000000000e+05	4.289594381747310763e+02
3.609000000000000000e+05	4.289594381747310763e+02
3.609000000000000000e+05	4.088212477296971429e+03
3.618000000000000000e+05	4.088212477296971429e+03
3.618000000000000000e+05	1.108804002946591936e+03
3.627000000000000000e+05	1.108804002946591936e+03
3.627000000000000000e+05	1.584629670807684306e+03
3.636000000000000000e+05	1.584629670807684306e+03
3.636000000000000000e+05	8.820909721758898741e+02
3.645000000000000000e+05	8.820909721758898741e+02
3.645000000000000000e+05	2.272301553438449901e+03
3.654000000000000000e+05	2.272301553438449901e+03
3.654000000000000000e+05	3.558391971373930573e+01
3.663000000000000000e+05	3.558391971373930573e+01
3.663000000000000000e+05	0.000000000000000000e+00
3.672000000000000000e+05	0.000000000000000000e+00
3.672000000000000000e+05	4.482946991760891251e+02
3.681000000000000000e+05	4.482946991760891251e+02
3.681000000000000000e+05	1.043529875243606512e+03
3.690000000000000000e+05	1.043529875243606512e+03
3.690000000000000000e+05	-2.267313389604329132e+03
3.699000000000000000e+05	-2.267313389604329132e+03
3.699000000000000000e+05	-6.813033420938882045e+02
3.708000000000000000e+05	-6.813033420938882045e+02
3.708000000000000000e+05	5.817943692673943588e+02
3.717000000000000000e+05	5.817943692673943588e+02
3.717000000000000000e+05	3.587613055426779283e+03
3.726000000000000000e+05	3.587613055426779283e+03
3.726000000000000000e+05	5.416297583790379576e+03
3.735000000000000000e+05	5.416297583790379576e+03
3.735000000000000000e+05	6.234053261068591382e+03
3.744000000000000000e+05	6.234053261068591382e+03
3.744000000000000000e+05	5.119222803119180753e+03
3.753000000000000000e+05	5.119222803119180753e+03
3.753000000000000000e+05	8.533694596091962012e+03
3.762000000000000000e+05	8.533694596091962012e+03
3.762000000000000000e+05	7.945346371308027301e+03
3.771000000000000000e+05	7.945346371308027301e+03
3.771000000000000000e+05	7.996106574241712224e+03
3.780000000000000000e+05	7.996106574241712224e+03
3.780000000000000000e+05	6.608363967141838657e+03
3.789000000000000000e+05	6.608363967141838657e+03
3.789000000000000000e+05	4.206553380382823889e+03
3.798000000000000000e+05	4.206553380382823889e+03
3.798000000000000000e+05	2.718068563377484679e+03
3.807000000000000000e+05	2.718068563377484679e+03
3.807000000000000000e+05	6.162329448115022387e+03
3.816000000000000000e+05	6.162329448115022387e+03
3.816000000000000000e+05	4.899197237686748849e+03
3.825000000000000000e+05	4.899197237686748849e+03
3.825000000000000000e+05	4.948912805703530466e+03
3.834000000000000000e+05	4.948912805703530466e+03
3.834000000000000000e+05	3.603066108260536566e+03
3.843000000000000000e+05	3.603066108260536566e+03
3.843000000000000000e+05	3.888443324635853060e+03
3.852000000000000000e+05	3.888443324635853060e+03
3.852000000000000000e+05	3.406094859182730943e+03
3.861000000000000000e+05	3.406094859182730943e+03
3.861000000000000000e+05	4.331798764416049380e+03
3.870000000000000000e+05	4.331798764416049380e+03
3.870000000000000000e+05	2.730568249072704930e+03
3.879000000000000000e+05	2.730568249072704930e+03
3.879000000000000000e+05	3.191809146510844585e+03
3.888000000000000000e+05	3.191809146510844585e+03
3.888000000000000000e+05	2.226959402831493207e+03
3.897000000000000000e+05	2.226959402831493207e+03
3.897000000000000000e+05	4.284848812966576588e+03
3.906000000000000000e+05	4.284848812966576588e+03
3.906000000000000000e+05	2.570276044794241898e+03
3.915000000000000000e+05	2.570276044794241898e+03
3.915000000000000000e+05	2.915346673954627477e+03
3.924000000000000000e+05	2.915346673954627477e+03
3.924000000000000000e+05	3.023095010469243789e+03
3.933000000000000000e+05	3.023095010469243789e+03
3.933000000000000000e+05	1.551235458298723188e+03
3.942000000000000000e+05	1.551235458298723188e+03
3.942000000000000000e+05	2.431905019684578292e+03
3.951000000000000000e+05	2.431905019684578292e+03
3.951000000000000000e+05	2.378140502201975323e+03
3.960000000000000000e+05	2.378140502201975323e+03
3.960000000000000000e+05	1.813206887949050724e+03
3.969000000000000000e+05	1.813206887949050724e+03
3.969000000000000000e+05	2.595555480659837940e+03
3.978000000000000000e+05	2.595555480659837940e+03
3.978000000000000000e+05	2.119292333968100138e+03
3.987000000000000000e+05	2.119292333968100138e+03
3.987000000000000000e+05	2.711175517861149274e+03
3.996000000000000000e+05	2.711175517861149274e+03
3.996000000000000000e+05	1.517288646069755487e+03
4.005000000000000000e+05	1.517288646069755487e+03
4.005000000000000000e+05	1.622962994300768514e+03
4.014000000000000000e+05	1.622962994300768514e+03
4.014000000000000000e+05	1.786909108182997443e+03
4.023000000000000000e+05	1.786909108182997443e+03
4.023000000000000000e+05	9.399402101823943667e+02
4.032000000000000000e+05	9.399402101823943667e+02
4.032000000000000000e+05	4.952601958066998122e+02
4.041000000000000000e+05	4.952601958066998122e+02
4.041000000000000000e+05	1.032893617936864530e+03
4.050000000000000000e+05	1.032893617936864530e+03
4.050000000000000000e+05	4.616825291547575034e+02
4.059000000000000000e+05	4.616825291547575034e+02
4.059000000000000000e+05	3.051747734765522182e+02
4.068000000000000000e+05	3.051747734765522182e+02
4.068000000000000000e+05	4.375211211957439446e+02
4.077000000000000000e+05	4.375211211957439446e+02
4.077000000000000000e+05	7.391235625005261682e+03
4.086000000000000000e+05	7.391235625005261682e+03
4.086000000000000000e+05	2.187801798129687086e+03
4.095000000000000000e+05	2.187801798129687086e+03
4.095000000000000000e+05	3.280329101639043074e+03
4.104000000000000000e+05	3.280329101639043074e+03
4.104000000000000000e+05	2.568547870081092697e+03
4.113000000000000000e+05	2.568547870081092697e+03
4.113000000000000000e+05	4.258452288093666539e+03
4.122000000000000000e+05	4.258452288093666539e+03
4.122000000000000000e+05	2.686698636890214402e+03
4.131000000000000000e+05	2.686698636890214402e+03
4.131000000000000000e+05	2.874732613291300368e+03
4.140000000000000000e+05	2.874732613291300368e+03
4.140000000000000000e+05	2.925526835911812668e+03
4.149000000000000000e+05	2.925526835911812668e+03
4.149000000000000000e+05	2.300571725586237335e+03
4.158000000000000000e+05	2.300571725586237335e+03
4.158000000000000000e+05	1.984177021994488314e+03
4.167000000000000000e+05	1.984177021994488314e+03
4.167000000000000000e+05	1.211145903445722070e+03
4.176000000000000000e+05	1.211145903445722070e+03
4.176000000000000000e+05	1.816747839825506162e+03
4.185000000000000000e+05	1.816747839825506162e+03
4.185000000000000000e+05	2.711509848157760189e+03
4.194000000000000000e+05	2.711509848157760189e+03
4.194000000000000000e+05	1.293105500894598663e+03
4.203000000000000000e+05	1.293105500894598663e+03
4.203000000000000000e+05	8.786873534448095597e+02
4.212000000000000000e+05	8.786873534448095597e+02
4.212000000000000000e+05	5.987798616956897604e+02
4.221000000000000000e+05	5.987798616956897604e+02
4.221000000000000000e+05	2.164381453148953824e+03
4.230000000000000000e+05	2.164381453148953824e+03
4.230000000000000000e+05	8.696844610719708726e+02
4.239000000000000000e+05	8.696844610719708726e+02
4.239000000000000000e+05	4.130337929329834878e+02
4.248000000000000000e+05	4.130337929329834878e+02
4.248000000000000000e+05	2.288665409808936602e+02
4.257000000000000000e+05	2.288665409808936602e+02
4.257000000000000000e+05	-1.823133823126512880e+03
4.266000000000000000e+05	-1.823133823126512880e+03
4.266000000000000000e+05	-5.428618326489813626e+02
4.275000000000000000e+05	-5.428618326489813626e+02
4.275000000000000000e+05	-2.575302032511681318e+02
4.284000000000000000e+05	-2.575302032511681318e+02
4.284000000000000000e+05	3.213657723731921578e+01
4.293000000000000000e+05	3.213657723731921578e+01
4.293000000000000000e+05	-1.612709821865135382e+03
4.302000000000000000e+05	-1.612709821865135382e+03
4.302000000000000000e+05	-5.171483909013913944e+02
4.311000000000000000e+05	-5.171483909013913944e+02
4.311000000000000000e+05	-2.649692811382119544e+02
4.320000000000000000e+05	-2.649692811382119544e+02
4.320000000000000000e+05	2.890422427753856027e+01
4.329000000000000000e+05	2.890422427753856027e+01
4.329000000000000000e+05	-1.564291616477468779e+03
4.338000000000000000e+05	-1.564291616477468779e+03
4.338000000000000000e+05	-5.035285838638665155e+02
4.347000000000000000e+05	-5.035285838638665155e+02
4.347000000000000000e+05	-2.590078945961431600e+02
4.356000000000000000e+05	-2.590078945961431600e+02
4.356000000000000000e+05	3.097547198245865729e+01
4.365000000000000000e+05	3.097547198245865729e+01
4.365000000000000000e+05	-1.531807650810703308e+03
4.374000000000000000e+05	-1.531807650810703308e+03
4.374000000000000000e+05	-4.924199478675145656e+02
4.383000000000000000e+05	-4.924199478675145656e+02
4.383000000000000000e+05	-2.528132539480575360e+02
4.392000000000000000e+05	-2.528132539480575360e+02
4.392000000000000000e+05	3.330015833056404517e+01
4.401000000000000000e+05	3.330015833056404517e+01
4.401000000000000000e+05	-1.460301581161810873e+03
4.410000000000000000e+05	-1.460301581161810873e+03
4.410000000000000000e+05	-4.226171615323983133e+02
4.419000000000000000e+05	-4.226171615323983133e+02
4.419000000000000000e+05	-1.789230772231239825e+02
4.428000000000000000e+05	-1.789230772231239825e+02
4.428000000000000000e+05	6.044653222799142895e+02
4.437000000000000000e+05	6.044653222799142895e+02
4.437000000000000000e+05	-1.564592887249151829e+02
4.446000000000000000e+05	-1.564592887249151829e+02
4.446000000000000000e+05	8.381502436992013827e+01
4.455000000000000000e+05	8.381502436992013827e+01
4.455000000000000000e+05	3.956396436334063765e+03
4.464000000000000000e+05	3.956396436334063765e+03
4.464000000000000000e+05	8.088497294287544719e+02
4.473000000000000000e+05	8.088497294287544719e+02
4.473000000000000000e+05	3.045095313553085816e+03
4.482000000000000000e+05	3.045095313553085816e+03
4.482000000000000000e+05	1.521045205432863440e+03
4.491000000000000000e+05	1.521045205432863440e+03
4.491000000000000000e+05	1.751818926389270928e+03
4.500000000000000000e+05	1.751818926389270928e+03
4.500000000000000000e+05	3.721684913063863860e+02
4.509000000000000000e+05	3.721684913063863860e+02
4.509000000000000000e+05	6.175586953681575324e+03
4.518000000000000000e+05	6.175586953681575324e+03
4.518000000000000000e+05	2.356098810771945864e+03
4.527000000000000000e+05	2.356098810771945864e+03
4.527000000000000000e+05	2.192472454815229867e+03
4.536000000000000000e+05	2.192472454815229867e+03
4.536000000000000000e+05	1.993683899508119794e+03
4.545000000000000000e+05	1.993683899508119794e+03
4.545000000000000000e+05	2.154654245798558350e+03
4.554000000000000000e+05	2.154654245798558350e+03
4.554000000000000000e+05	1.661664022287412081e+03
4.563000000000000000e+05	1.661664022287412081e+03
4.563000000000000000e+05	-2.784500291445525363e+03
4.572000000000000000e+05	-2.784500291445525363e+03
4.572000000000000000e+05	1.026055658926361502e+03
4.581000000000000000e+05	1.026055658926361502e+03
4.581000000000000000e+05	4.444249786401082929e+03
4.590000000000000000e+05	4.444249786401082929e+03
4.590000000000000000e+05	5.803508390922681428e+03
4.599000000000000000e+05	5.803508390922681428e+03
4.599000000000000000e+05	6.485271493610751349e+03
4.608000000000000000e+05	6.485271493610751349e+03
4.608000000000000000e+05	5.445064669996991142e+03
4.617000000000000000e+05	5.445064669996991142e+03
4.617000000000000000e+05	8.727361090181037071e+03
4.626000000000000000e+05	8.727361090181037071e+03
4.626000000000000000e+05	8.078046071585151367e+03
4.635000000000000000e+05	8.078046071585151367e+03
4.635000000000000000e+05	8.099439496731560212e+03
4.644000000000000000e+05	8.099439496731560212e+03
4.644000000000000000e+05	7.275467518150708202e+03
4.653000000000000000e+05	7.275467518150708202e+03
4.653000000000000000e+05	5.029753404937223422e+03
4.662000000000000000e+05	5.029753404937223422e+03
4.662000000000000000e+05	5.842781193759758025e+03
4.671000000000000000e+05	5.842781193759758025e+03
4.671000000000000000e+05	5.820644027420727070e+03
4.680000000000000000e+05	5.820644027420727070e+03
4.680000000000000000e+05	5.263834884186955605e+03
4.689000000000000000e+05	5.263834884186955605e+03
4.689000000000000000e+05	4.094969657582491891e+03
4.698000000000000000e+05	4.094969657582491891e+03
4.698000000000000000e+05	4.243353299301001243e+03
4.707000000000000000e+05	4.243353299301001243e+03
4.707000000000000000e+05	4.201714783843548503e+03
4.716000000000000000e+05	4.201714783843548503e+03
4.716000000000000000e+05	3.108257049957905110e+03
4.725000000000000000e+05	3.108257049957905110e+03
4.725000000000000000e+05	4.000520902799769829e+03
4.734000000000000000e+05	4.000520902799769829e+03
4.734000000000000000e+05	3.371694295381545089e+03
4.743000000000000000e+05	3.371694295381545089e+03
4.743000000000000000e+05	3.433361324443772901e+03
4.752000000000000000e+05	3.433361324443772901e+03
4.752000000000000000e+05	3.167582421828563383e+03
4.761000000000000000e+05	3.167582421828563383e+03
4.761000000000000000e+05	3.027852667805622332e+03
4.770000000000000000e+05	3.027852667805622332e+03
4.770000000000000000e+05	1.659589271647681016e+03
4.779000000000000000e+05	1.659589271647681016e+03
4.779000000000000000e+05	4.292545163880975451e+03
4.788000000000000000e+05	4.292545163880975451e+03
4.788000000000000000e+05	1.867928083805156348e+03
4.797000000000000000e+05	1.867928083805156348e+03
4.797000000000000000e+05	5.035043348885458727e+03
4.806000000000000000e+05	5.035043348885458727e+03
4.806000000000000000e+05	2.543563628794741817e+03
4.815000000000000000e+05	2.543563628794741817e+03
4.815000000000000000e+05	2.891051721995463595e+03
4.824000000000000000e+05	2.891051721995463595e+03
4.824000000000000000e+05	1.766532216706782492e+03
4.833000000000000000e+05	1.766532216706782492e+03
4.833000000000000000e+05	4.931692117977894668e+03
4.842000000000000000e+05	4.931692117977894668e+03
4.842000000000000000e+05	2.309925034035753924e+03
4.851000000000000000e+05	2.309925034035753924e+03
4.851000000000000000e+05	2.708869125746423379e+03
4.860000000000000000e+05	2.708869125746423379e+03
4.860000000000000000e+05	2.486169566514505277e+03
4.869000000000000000e+05	2.486169566514505277e+03
4.869000000000000000e+05	3.139548490858780042e+03
4.878000000000000000e+05	3.139548490858780042e+03
4.878000000000000000e+05	1.966967971827834845e+03
4.887000000000000000e+05	1.966967971827834845e+03
4.887000000000000000e+05	2.129551039452955592e+03
4.896000000000000000e+05	2.129551039452955592e+03
4.896000000000000000e+05	1.365744825258643687e+03
4.905000000000000000e+05	1.365744825258643687e+03
4.905000000000000000e+05	2.456844202739828688e+03
4.914000000000000000e+05	2.456844202739828688e+03
4.914000000000000000e+05	1.134347781251010019e+03
4.923000000000000000e+05	1.134347781251010019e+03
4.923000000000000000e+05	3.412848338269046508e+03
4.932000000000000000e+05	3.412848338269046508e+03
4.932000000000000000e+05	6.869337068644481405e+02
4.941000000000000000e+05	6.869337068644481405e+02
4.941000000000000000e+05	5.973381221240093510e+03
4.950000000000000000e+05	5.973381221240093510e+03
4.950000000000000000e+05	1.387307847662887070e+03
4.959000000000000000e+05	1.387307847662887070e+03
4.959000000000000000e+05	2.059260945969435852e+03
4.968000000000000000e+05	2.059260945969435852e+03
4.968000000000000000e+05	1.259773529596483058e+03
4.977000000000000000e+05	1.259773529596483058e+03
4.977000000000000000e+05	2.419161863553788407e+03
4.986000000000000000e+05	2.419161863553788407e+03
4.986000000000000000e+05	1.099793648522289004e+03
4.995000000000000000e+05	1.099793648522289004e+03
4.995000000000000000e+05	7.294783382451860234e+02
5.004000000000000000e+05	7.294783382451860234e+02
5.004000000000000000e+05	1.526560903326238986e+03
5.013000000000000000e+05	1.526560903326238986e+03
5.013000000000000000e+05	2.958277500582399171e+03
5.022000000000000000e+05	2.958277500582399171e+03
5.022000000000000000e+05	3.672255752237979323e+03
5.031000000000000000e+05	3.672255752237979323e+03
5.031000000000000000e+05	3.163446038498776034e+03
5.040000000000000000e+05	3.163446038498776034e+03
5.040000000000000000e+05	1.617593915412902788e+03
5.049000000000000000e+05	1.617593915412902788e+03
5.049000000000000000e+05	4.664195484337701600e+03
5.058000000000000000e+05	4.664195484337701600e+03
5.058000000000000000e+05	1.940418562816223130e+03
5.067000000000000000e+05	1.940418562816223130e+03
5.067000000000000000e+05	1.227241903273737989e+03
5.076000000000000000e+05	1.227241903273737989e+03
5.076000000000000000e+05	7.554461512385369133e+02
5.085000000000000000e+05	7.554461512385369133e+02
5.085000000000000000e+05	2.225600147079625913e+03
5.094000000000000000e+05	2.225600147079625913e+03
5.094000000000000000e+05	9.260465476817335002e+02
5.103000000000000000e+05	9.260465476817335002e+02
5.103000000000000000e+05	5.882114712022012100e+02
5.112000000000000000e+05	5.882114712022012100e+02
5.112000000000000000e+05	2.789104422078098651e+02
5.121000000000000000e+05	2.789104422078098651e+02
5.121000000000000000e+05	-1.803895235700918647e+03
5.130000000000000000e+05	-1.803895235700918647e+03
5.130000000000000000e+05	-5.254029846249031834e+02
5.139000000000000000e+05	-5.254029846249031834e+02
5.139000000000000000e+05	-2.433058128367993049e+02
5.148000000000000000e+05	-2.433058128367993049e+02
5.148000000000000000e+05	3.561287493327108677e+01
5.157000000000000000e+05	3.561287493327108677e+01
5.157000000000000000e+05	-1.569591005752521141e+03
5.166000000000000000e+05	-1.569591005752521141e+03
5.166000000000000000e+05	-5.019881542668445036e+02
5.175000000000000000e+05	-5.019881542668445036e+02
5.175000000000000000e+05	-2.563255498783546500e+02
5.184000000000000000e+05	-2.563255498783546500e+02
5.184000000000000000e+05	3.138871586414279591e+01
5.193000000000000000e+05	3.138871586414279591e+01
5.193000000000000000e+05	-1.525109105450650077e+03
5.202000000000000000e+05	-1.525109105450650077e+03
5.202000000000000000e+05	-4.894404995543300174e+02
5.211000000000000000e+05	-4.894404995543300174e+02
5.211000000000000000e+05	-2.506317108953371644e+02
5.220000000000000000e+05	-2.506317108953371644e+02
5.220000000000000000e+05	3.371242820465795376e+01
5.229000000000000000e+05	3.371242820465795376e+01
5.229000000000000000e+05	-5.447977818091031850e+02
5.238000000000000000e+05	-5.447977818091031850e+02
5.238000000000000000e+05	4.611607551058987156e+02
5.247000000000000000e+05	4.611607551058987156e+02
5.247000000000000000e+05	3.138306752085918561e+02
5.256000000000000000e+05	3.138306752085918561e+02
5.256000000000000000e+05	5.290358524944995224e+02
5.265000000000000000e+05	5.290358524944995224e+02
5.265000000000000000e+05	6.576968030767320670e+02
5.274000000000000000e+05	6.576968030767320670e+02
5.274000000000000000e+05	9.057589716965449043e+02
5.283000000000000000e+05	9.057589716965449043e+02
5.283000000000000000e+05	9.003281719157239422e+02
5.292000000000000000e+05	9.003281719157239422e+02
5.292000000000000000e+05	6.610921204394926463e+02
5.301000000000000000e+05	6.610921204394926463e+02
5.301000000000000000e+05	2.629153407511937530e+03
5.310000000000000000e+05	2.629153407511937530e+03
5.310000000000000000e+05	1.227946837667201180e+03
5.319000000000000000e+05	1.227946837667201180e+03
5.319000000000000000e+05	1.469148113829956856e+03
5.328000000000000000e+05	1.469148113829956856e+03
5.328000000000000000e+05	1.363140790843325703e+03
5.337000000000000000e+05	1.363140790843325703e+03
5.337000000000000000e+05	2.275730495640217214e+03
5.346000000000000000e+05	2.275730495640217214e+03
5.346000000000000000e+05	1.636152501677279361e+02
5.355000000000000000e+05	1.636152501677279361e+02
5.355000000000000000e+05	1.191627806399483234e+03
5.364000000000000000e+05	1.191627806399483234e+03
5.364000000000000000e+05	1.615895380712301630e+03
5.373000000000000000e+05	1.615895380712301630e+03
5.373000000000000000e+05	3.595064992079763670e+03
5.382000000000000000e+05	3.595064992079763670e+03
5.382000000000000000e+05	1.890674471067730337e+03
5.391000000000000000e+05	1.890674471067730337e+03
5.391000000000000000e+05	2.223441430685517844e+03
5.400000000000000000e+05	2.223441430685517844e+03
5.400000000000000000e+05	1.868894336592831678e+03
5.409000000000000000e+05	1.868894336592831678e+03
5.409000000000000000e+05	2.613924044159972254e+03
5.418000000000000000e+05	2.613924044159972254e+03
5.418000000000000000e+05	1.274555153774272185e+03
5.427000000000000000e+05	1.274555153774272185e+03
5.427000000000000000e+05	-2.975023295838269405e+03
5.436000000000000000e+05	-2.975023295838269405e+03
5.436000000000000000e+05	9.447476968217779358e+02
5.445000000000000000e+05	9.447476968217779358e+02
5.445000000000000000e+05	4.207419874803776111e+03
5.454000000000000000e+05	4.207419874803776111e+03
5.454000000000000000e+05	5.700463410257187206e+03
5.463000000000000000e+05	5.700463410257187206e+03
5.463000000000000000e+05	6.418671688743168488e+03
5.472000000000000000e+05	6.418671688743168488e+03
5.472000000000000000e+05	5.357229067059633962e+03
5.481000000000000000e+05	5.357229067059633962e+03
5.481000000000000000e+05	8.696745924571298019e+03
5.490000000000000000e+05	8.696745924571298019e+03
5.490000000000000000e+05	8.049079143306706101e+03
5.499000000000000000e+05	8.049079143306706101e+03
5.499000000000000000e+05	8.074885493340843823e+03
5.508000000000000000e+05	8.074885493340843823e+03
5.508000000000000000e+05	7.241110361616756563e+03
5.517000000000000000e+05	7.241110361616756563e+03
5.517000000000000000e+05	5.300620576599198102e+03
5.526000000000000000e+05	5.300620576599198102e+03
5.526000000000000000e+05	4.999706857253157068e+03
5.535000000000000000e+05	4.999706857253157068e+03
5.535000000000000000e+05	6.305669228970364202e+03
5.544000000000000000e+05	6.305669228970364202e+03
5.544000000000000000e+05	5.012717405496819993e+03
5.553000000000000000e+05	5.012717405496819993e+03
5.553000000000000000e+05	5.809095916223645872e+03
5.562000000000000000e+05	5.809095916223645872e+03
5.562000000000000000e+05	4.037654826244397555e+03
5.571000000000000000e+05	4.037654826244397555e+03
5.571000000000000000e+05	4.304049364045436960e+03
5.580000000000000000e+05	4.304049364045436960e+03
5.580000000000000000e+05	4.174333454073583198e+03
5.589000000000000000e+05	4.174333454073583198e+03
5.589000000000000000e+05	2.696526685750504384e+03
5.598000000000000000e+05	2.696526685750504384e+03
5.598000000000000000e+05	3.448657589596114121e+03
5.607000000000000000e+05	3.448657589596114121e+03
5.607000000000000000e+05	3.386500147886923514e+03
5.616000000000000000e+05	3.386500147886923514e+03
5.616000000000000000e+05	3.201161281995253375e+03
5.625000000000000000e+05	3.201161281995253375e+03
5.625000000000000000e+05	1.752692432520409284e+03
5.634000000000000000e+05	1.752692432520409284e+03
5.634000000000000000e+05	3.188858101526217069e+03
5.643000000000000000e+05	3.188858101526217069e+03
5.643000000000000000e+05	3.074726487856591120e+03
5.652000000000000000e+05	3.074726487856591120e+03
5.652000000000000000e+05	2.091851094376228502e+03
5.661000000000000000e+05	2.091851094376228502e+03
5.661000000000000000e+05	3.376177000275589307e+03
5.670000000000000000e+05	3.376177000275589307e+03
5.670000000000000000e+05	2.574144369530782569e+03
5.679000000000000000e+05	2.574144369530782569e+03
5.679000000000000000e+05	2.663829214953526389e+03
5.688000000000000000e+05	2.663829214953526389e+03
5.688000000000000000e+05	1.477366797994583976e+03
5.697000000000000000e+05	1.477366797994583976e+03
5.697000000000000000e+05	5.072580235850074132e+03
5.706000000000000000e+05	5.072580235850074132e+03
5.706000000000000000e+05	2.150954134861996863e+03
5.715000000000000000e+05	2.150954134861996863e+03
5.715000000000000000e+05	2.601584340202272870e+03
5.724000000000000000e+05	2.601584340202272870e+03
5.724000000000000000e+05	2.757321214005352886e+03
5.733000000000000000e+05	2.757321214005352886e+03
5.733000000000000000e+05	1.338929050485784728e+03
5.742000000000000000e+05	1.338929050485784728e+03
5.742000000000000000e+05	2.087054522369522601e+03
5.751000000000000000e+05	2.087054522369522601e+03
5.751000000000000000e+05	1.970690988496411592e+03
5.760000000000000000e+05	1.970690988496411592e+03
5.760000000000000000e+05	1.777320045532596851e+03
5.769000000000000000e+05	1.777320045532596851e+03
5.769000000000000000e+05	1.941577827769114492e+03
5.778000000000000000e+05	1.941577827769114492e+03
5.778000000000000000e+05	1.742652139171725139e+03
5.787000000000000000e+05	1.742652139171725139e+03
5.787000000000000000e+05	1.848505534352676477e+03
5.796000000000000000e+05	1.848505534352676477e+03
5.796000000000000000e+05	6.874134989380836487e+02
5.805000000000000000e+05	6.874134989380836487e+02
5.805000000000000000e+05	5.266093360314103847e+03
5.814000000000000000e+05	5.266093360314103847e+03
5.814000000000000000e+05	1.308089399019430857e+03
5.823000000000000000e+05	1.308089399019430857e+03
5.823000000000000000e+05	1.907740114351443481e+03
5.832000000000000000e+05	1.907740114351443481e+03
5.832000000000000000e+05	6.468850511193413695e+02
5.841000000000000000e+05	6.468850511193413695e+02
5.841000000000000000e+05	6.198480884020412304e+03
5.850000000000000000e+05	6.198480884020412304e+03
5.850000000000000000e+05	1.379328444273269270e+03
5.859000000000000000e+05	1.379328444273269270e+03
5.859000000000000000e+05	1.911851785098668188e+03
5.868000000000000000e+05	1.911851785098668188e+03
5.868000000000000000e+05	9.618217434654407043e+02
5.877000000000000000e+05	9.618217434654407043e+02
5.877000000000000000e+05	6.342082340513647068e+03
5.886000000000000000e+05	6.342082340513647068e+03
5.886000000000000000e+05	2.317641475431097206e+03
5.895000000000000000e+05	2.317641475431097206e+03
5.895000000000000000e+05	1.356019656692107674e+03
5.904000000000000000e+05	1.356019656692107674e+03
5.904000000000000000e+05	2.142783521660687256e+03
5.913000000000000000e+05	2.142783521660687256e+03
5.913000000000000000e+05	6.988116595930344374e+03
5.922000000000000000e+05	6.988116595930344374e+03
5.922000000000000000e+05	2.768214915771037340e+03
5.931000000000000000e+05	2.768214915771037340e+03
5.931000000000000000e+05	1.698394527483440470e+03
5.940000000000000000e+05	1.698394527483440470e+03
5.940000000000000000e+05	9.458088091785020879e+02
5.949000000000000000e+05	9.458088091785020879e+02
5.949000000000000000e+05	2.301212474345190458e+03
5.958000000000000000e+05	2.301212474345190458e+03
5.958000000000000000e+05	9.966886378428898752e+02
5.967000000000000000e+05	9.966886378428898752e+02
5.967000000000000000e+05	6.479476398659753613e+02
5.976000000000000000e+05	6.479476398659753613e+02
5.976000000000000000e+05	3.448339570788648416e+02
5.985000000000000000e+05	3.448339570788648416e+02
5.985000000000000000e+05	-1.776324414699776980e+03
5.994000000000000000e+05	-1.776324414699776980e+03
5.994000000000000000e+05	-4.988563427906483412e+02
6.003000000000000000e+05	-4.988563427906483412e+02
6.003000000000000000e+05	-2.200970605449401774e+02
6.012000000000000000e+05	-2.200970605449401774e+02
6.012000000000000000e+05	4.332622212349542679e+01
6.021000000000000000e+05	4.332622212349542679e+01
6.021000000000000000e+05	-1.497063448081005163e+03
6.030000000000000000e+05	-1.497063448081005163e+03
6.030000000000000000e+05	-4.733618444282328710e+02
6.039000000000000000e+05	-4.733618444282328710e+02
6.039000000000000000e+05	-2.377490063503501005e+02
6.048000000000000000e+05	-2.377490063503501005e+02
