# #1
# double T_supply_HP_heat(1344, 2)
0.000000000000000000e+00	3.281499999999999773e+02
9.000000000000000000e+02	3.281499999999999773e+02
9.000000000000000000e+02	3.281499999999999773e+02
1.800000000000000000e+03	3.281499999999999773e+02
1.800000000000000000e+03	3.281499999999999773e+02
2.700000000000000000e+03	3.281499999999999773e+02
2.700000000000000000e+03	3.281499999999999773e+02
3.600000000000000000e+03	3.281499999999999773e+02
3.600000000000000000e+03	3.281499999999999773e+02
4.500000000000000000e+03	3.281499999999999773e+02
4.500000000000000000e+03	3.281499999999999773e+02
5.400000000000000000e+03	3.281499999999999773e+02
5.400000000000000000e+03	2.992921081635549854e+02
6.300000000000000000e+03	2.992921081635549854e+02
6.300000000000000000e+03	2.981499999999999773e+02
7.200000000000000000e+03	2.981499999999999773e+02
7.200000000000000000e+03	3.004347083948189834e+02
8.100000000000000000e+03	3.004347083948189834e+02
8.100000000000000000e+03	2.981499999999999773e+02
9.000000000000000000e+03	2.981499999999999773e+02
9.000000000000000000e+03	3.013554389065074020e+02
9.900000000000000000e+03	3.013554389065074020e+02
9.900000000000000000e+03	3.281499999999999773e+02
1.080000000000000000e+04	3.281499999999999773e+02
1.080000000000000000e+04	3.006651663807971886e+02
1.170000000000000000e+04	3.006651663807971886e+02
1.170000000000000000e+04	3.265265191331951655e+02
1.260000000000000000e+04	3.265265191331951655e+02
1.260000000000000000e+04	3.281499999999999773e+02
1.350000000000000000e+04	3.281499999999999773e+02
1.350000000000000000e+04	3.281499999999999773e+02
1.440000000000000000e+04	3.281499999999999773e+02
1.440000000000000000e+04	2.995717945341982613e+02
1.530000000000000000e+04	2.995717945341982613e+02
1.530000000000000000e+04	3.054958502397205393e+02
1.620000000000000000e+04	3.054958502397205393e+02
1.620000000000000000e+04	3.059562589696195687e+02
1.710000000000000000e+04	3.059562589696195687e+02
1.710000000000000000e+04	2.981499999999999773e+02
1.800000000000000000e+04	2.981499999999999773e+02
1.800000000000000000e+04	3.281499999999999773e+02
1.890000000000000000e+04	3.281499999999999773e+02
1.890000000000000000e+04	3.281499999999999773e+02
1.980000000000000000e+04	3.281499999999999773e+02
1.980000000000000000e+04	3.281499999999999773e+02
2.070000000000000000e+04	3.281499999999999773e+02
2.070000000000000000e+04	3.281499999999999773e+02
2.160000000000000000e+04	3.281499999999999773e+02
2.160000000000000000e+04	3.281499999999999773e+02
2.250000000000000000e+04	3.281499999999999773e+02
2.250000000000000000e+04	3.281499999999999773e+02
2.340000000000000000e+04	3.281499999999999773e+02
2.340000000000000000e+04	3.281499999999999773e+02
2.430000000000000000e+04	3.281499999999999773e+02
2.430000000000000000e+04	2.987587451378132073e+02
2.520000000000000000e+04	2.987587451378132073e+02
2.520000000000000000e+04	3.015444685584191120e+02
2.610000000000000000e+04	3.015444685584191120e+02
2.610000000000000000e+04	3.074544615941603070e+02
2.700000000000000000e+04	3.074544615941603070e+02
2.700000000000000000e+04	3.161132640210886962e+02
2.790000000000000000e+04	3.161132640210886962e+02
2.790000000000000000e+04	3.161132640210886962e+02
2.880000000000000000e+04	3.161132640210886962e+02
2.880000000000000000e+04	3.108995929912473457e+02
2.970000000000000000e+04	3.108995929912473457e+02
2.970000000000000000e+04	3.136105746072036027e+02
3.060000000000000000e+04	3.136105746072036027e+02
3.060000000000000000e+04	3.138141730218615635e+02
3.150000000000000000e+04	3.138141730218615635e+02
3.150000000000000000e+04	3.144777317775833012e+02
3.240000000000000000e+04	3.144777317775833012e+02
3.240000000000000000e+04	3.143612109199829092e+02
3.330000000000000000e+04	3.143612109199829092e+02
3.330000000000000000e+04	3.281499999999999773e+02
3.420000000000000000e+04	3.281499999999999773e+02
3.420000000000000000e+04	3.093048809125194225e+02
3.510000000000000000e+04	3.093048809125194225e+02
3.510000000000000000e+04	3.093048809125194225e+02
3.600000000000000000e+04	3.093048809125194225e+02
3.600000000000000000e+04	2.981500000000000341e+02
3.690000000000000000e+04	2.981500000000000341e+02
3.690000000000000000e+04	3.281499999999999773e+02
3.780000000000000000e+04	3.281499999999999773e+02
3.780000000000000000e+04	3.055771355232341193e+02
3.870000000000000000e+04	3.055771355232341193e+02
3.870000000000000000e+04	3.059018272908447216e+02
3.960000000000000000e+04	3.059018272908447216e+02
3.960000000000000000e+04	3.281499999999999773e+02
4.050000000000000000e+04	3.281499999999999773e+02
4.050000000000000000e+04	3.045378795795155611e+02
4.140000000000000000e+04	3.045378795795155611e+02
4.140000000000000000e+04	2.981499999999999773e+02
4.230000000000000000e+04	2.981499999999999773e+02
4.230000000000000000e+04	2.981499999999999773e+02
4.320000000000000000e+04	2.981499999999999773e+02
4.320000000000000000e+04	3.026821312667614166e+02
4.410000000000000000e+04	3.026821312667614166e+02
4.410000000000000000e+04	3.281499999999999773e+02
4.500000000000000000e+04	3.281499999999999773e+02
4.500000000000000000e+04	3.093048809125194225e+02
4.590000000000000000e+04	3.093048809125194225e+02
4.590000000000000000e+04	3.281499999999999773e+02
4.680000000000000000e+04	3.281499999999999773e+02
4.680000000000000000e+04	3.013984168162094761e+02
4.770000000000000000e+04	3.013984168162094761e+02
4.770000000000000000e+04	3.042646602716122288e+02
4.860000000000000000e+04	3.042646602716122288e+02
4.860000000000000000e+04	2.981499999999999773e+02
4.950000000000000000e+04	2.981499999999999773e+02
4.950000000000000000e+04	2.981499999999999773e+02
5.040000000000000000e+04	2.981499999999999773e+02
5.040000000000000000e+04	3.281499999999999773e+02
5.130000000000000000e+04	3.281499999999999773e+02
5.130000000000000000e+04	2.981499999999999773e+02
5.220000000000000000e+04	2.981499999999999773e+02
5.220000000000000000e+04	2.994689692352085331e+02
5.310000000000000000e+04	2.994689692352085331e+02
5.310000000000000000e+04	3.035696351650033762e+02
5.400000000000000000e+04	3.035696351650033762e+02
5.400000000000000000e+04	3.281499999999999773e+02
5.490000000000000000e+04	3.281499999999999773e+02
5.490000000000000000e+04	3.281499999999999773e+02
5.580000000000000000e+04	3.281499999999999773e+02
5.580000000000000000e+04	3.281499999999999773e+02
5.670000000000000000e+04	3.281499999999999773e+02
5.670000000000000000e+04	2.981499999999999773e+02
5.760000000000000000e+04	2.981499999999999773e+02
5.760000000000000000e+04	3.023657408184442374e+02
5.850000000000000000e+04	3.023657408184442374e+02
5.850000000000000000e+04	3.281499999999999773e+02
5.940000000000000000e+04	3.281499999999999773e+02
5.940000000000000000e+04	2.981499999999999773e+02
6.030000000000000000e+04	2.981499999999999773e+02
6.030000000000000000e+04	3.281499999999999773e+02
6.120000000000000000e+04	3.281499999999999773e+02
6.120000000000000000e+04	3.198136446915918327e+02
6.210000000000000000e+04	3.198136446915918327e+02
6.210000000000000000e+04	3.281499999999999773e+02
6.300000000000000000e+04	3.281499999999999773e+02
6.300000000000000000e+04	2.981499999999999773e+02
6.390000000000000000e+04	2.981499999999999773e+02
6.390000000000000000e+04	2.987654011424148734e+02
6.480000000000000000e+04	2.987654011424148734e+02
6.480000000000000000e+04	3.019592761040602227e+02
6.570000000000000000e+04	3.019592761040602227e+02
6.570000000000000000e+04	3.281499999999999773e+02
6.660000000000000000e+04	3.281499999999999773e+02
6.660000000000000000e+04	3.093048809125194225e+02
6.750000000000000000e+04	3.093048809125194225e+02
6.750000000000000000e+04	3.281499999999999773e+02
6.840000000000000000e+04	3.281499999999999773e+02
6.840000000000000000e+04	2.981499999999999773e+02
6.930000000000000000e+04	2.981499999999999773e+02
6.930000000000000000e+04	2.981499999999999773e+02
7.020000000000000000e+04	2.981499999999999773e+02
7.020000000000000000e+04	2.981499999999999773e+02
7.110000000000000000e+04	2.981499999999999773e+02
7.110000000000000000e+04	2.981499999999999773e+02
7.200000000000000000e+04	2.981499999999999773e+02
7.200000000000000000e+04	3.007123155457629764e+02
7.290000000000000000e+04	3.007123155457629764e+02
7.290000000000000000e+04	3.048592887676272767e+02
7.380000000000000000e+04	3.048592887676272767e+02
7.380000000000000000e+04	3.281499999999999773e+02
7.470000000000000000e+04	3.281499999999999773e+02
7.470000000000000000e+04	3.281499999999999773e+02
7.560000000000000000e+04	3.281499999999999773e+02
7.560000000000000000e+04	2.981499999999999773e+02
7.650000000000000000e+04	2.981499999999999773e+02
7.650000000000000000e+04	3.281499999999999773e+02
7.740000000000000000e+04	3.281499999999999773e+02
7.740000000000000000e+04	3.281499999999999773e+02
7.830000000000000000e+04	3.281499999999999773e+02
7.830000000000000000e+04	3.281499999999999773e+02
7.920000000000000000e+04	3.281499999999999773e+02
7.920000000000000000e+04	3.281499999999999773e+02
8.010000000000000000e+04	3.281499999999999773e+02
8.010000000000000000e+04	3.281499999999999773e+02
8.100000000000000000e+04	3.281499999999999773e+02
8.100000000000000000e+04	3.281499999999999773e+02
8.190000000000000000e+04	3.281499999999999773e+02
8.190000000000000000e+04	3.281499999999999773e+02
8.280000000000000000e+04	3.281499999999999773e+02
8.280000000000000000e+04	3.281499999999999773e+02
8.370000000000000000e+04	3.281499999999999773e+02
8.370000000000000000e+04	3.281499999999999773e+02
8.460000000000000000e+04	3.281499999999999773e+02
8.460000000000000000e+04	3.281499999999999773e+02
8.550000000000000000e+04	3.281499999999999773e+02
8.550000000000000000e+04	3.281499999999999773e+02
8.640000000000000000e+04	3.281499999999999773e+02
8.640000000000000000e+04	3.281499999999999773e+02
8.730000000000000000e+04	3.281499999999999773e+02
8.730000000000000000e+04	3.281499999999999773e+02
8.820000000000000000e+04	3.281499999999999773e+02
8.820000000000000000e+04	3.281499999999999773e+02
8.910000000000000000e+04	3.281499999999999773e+02
8.910000000000000000e+04	3.281499999999999773e+02
9.000000000000000000e+04	3.281499999999999773e+02
9.000000000000000000e+04	3.281499999999999773e+02
9.090000000000000000e+04	3.281499999999999773e+02
9.090000000000000000e+04	3.281499999999999773e+02
9.180000000000000000e+04	3.281499999999999773e+02
9.180000000000000000e+04	3.281499999999999773e+02
9.270000000000000000e+04	3.281499999999999773e+02
9.270000000000000000e+04	3.281499999999999773e+02
9.360000000000000000e+04	3.281499999999999773e+02
9.360000000000000000e+04	3.281499999999999773e+02
9.450000000000000000e+04	3.281499999999999773e+02
9.450000000000000000e+04	3.281499999999999773e+02
9.540000000000000000e+04	3.281499999999999773e+02
9.540000000000000000e+04	3.281499999999999773e+02
9.630000000000000000e+04	3.281499999999999773e+02
9.630000000000000000e+04	3.281499999999999773e+02
9.720000000000000000e+04	3.281499999999999773e+02
9.720000000000000000e+04	3.093048809125194225e+02
9.810000000000000000e+04	3.093048809125194225e+02
9.810000000000000000e+04	3.005141387302406315e+02
9.900000000000000000e+04	3.005141387302406315e+02
9.900000000000000000e+04	3.003635671458752086e+02
9.990000000000000000e+04	3.003635671458752086e+02
9.990000000000000000e+04	3.281499999999999773e+02
1.008000000000000000e+05	3.281499999999999773e+02
1.008000000000000000e+05	3.281499999999999773e+02
1.017000000000000000e+05	3.281499999999999773e+02
1.017000000000000000e+05	2.981499999999999773e+02
1.026000000000000000e+05	2.981499999999999773e+02
1.026000000000000000e+05	3.281499999999999773e+02
1.035000000000000000e+05	3.281499999999999773e+02
1.035000000000000000e+05	3.281499999999999773e+02
1.044000000000000000e+05	3.281499999999999773e+02
1.044000000000000000e+05	2.995734930202111173e+02
1.053000000000000000e+05	2.995734930202111173e+02
1.053000000000000000e+05	3.037491295955441046e+02
1.062000000000000000e+05	3.037491295955441046e+02
1.062000000000000000e+05	3.187264437008023492e+02
1.071000000000000000e+05	3.187264437008023492e+02
1.071000000000000000e+05	3.000059564203257878e+02
1.080000000000000000e+05	3.000059564203257878e+02
1.080000000000000000e+05	3.281499999999999773e+02
1.089000000000000000e+05	3.281499999999999773e+02
1.089000000000000000e+05	3.237132979402831552e+02
1.098000000000000000e+05	3.237132979402831552e+02
1.098000000000000000e+05	3.281499999999999773e+02
1.107000000000000000e+05	3.281499999999999773e+02
1.107000000000000000e+05	3.004393129484774931e+02
1.116000000000000000e+05	3.004393129484774931e+02
1.116000000000000000e+05	3.036546664233100046e+02
1.125000000000000000e+05	3.036546664233100046e+02
1.125000000000000000e+05	3.161132640210886962e+02
1.134000000000000000e+05	3.161132640210886962e+02
1.134000000000000000e+05	3.161132640210886962e+02
1.143000000000000000e+05	3.161132640210886962e+02
1.143000000000000000e+05	3.161132640210886962e+02
1.152000000000000000e+05	3.161132640210886962e+02
1.152000000000000000e+05	3.161132640210888098e+02
1.161000000000000000e+05	3.161132640210888098e+02
1.161000000000000000e+05	3.161132640210886962e+02
1.170000000000000000e+05	3.161132640210886962e+02
1.170000000000000000e+05	3.161132640210886962e+02
1.179000000000000000e+05	3.161132640210886962e+02
1.179000000000000000e+05	3.161132640210886962e+02
1.188000000000000000e+05	3.161132640210886962e+02
1.188000000000000000e+05	3.093048809125194225e+02
1.197000000000000000e+05	3.093048809125194225e+02
1.197000000000000000e+05	3.093048809125194225e+02
1.206000000000000000e+05	3.093048809125194225e+02
1.206000000000000000e+05	3.281499999999999773e+02
1.215000000000000000e+05	3.281499999999999773e+02
1.215000000000000000e+05	3.086404523971983167e+02
1.224000000000000000e+05	3.086404523971983167e+02
1.224000000000000000e+05	3.093048809125194225e+02
1.233000000000000000e+05	3.093048809125194225e+02
1.233000000000000000e+05	3.092840910293743946e+02
1.242000000000000000e+05	3.092840910293743946e+02
1.242000000000000000e+05	3.068573206926818671e+02
1.251000000000000000e+05	3.068573206926818671e+02
1.251000000000000000e+05	2.981499999999999773e+02
1.260000000000000000e+05	2.981499999999999773e+02
1.260000000000000000e+05	3.047119713321554286e+02
1.269000000000000000e+05	3.047119713321554286e+02
1.269000000000000000e+05	3.281499999999999773e+02
1.278000000000000000e+05	3.281499999999999773e+02
1.278000000000000000e+05	3.281499999999999773e+02
1.287000000000000000e+05	3.281499999999999773e+02
1.287000000000000000e+05	3.037775746716458229e+02
1.296000000000000000e+05	3.037775746716458229e+02
1.296000000000000000e+05	3.093048809125194225e+02
1.305000000000000000e+05	3.093048809125194225e+02
1.305000000000000000e+05	3.202963166278946119e+02
1.314000000000000000e+05	3.202963166278946119e+02
1.314000000000000000e+05	3.016833130505434042e+02
1.323000000000000000e+05	3.016833130505434042e+02
1.323000000000000000e+05	3.225607001273275500e+02
1.332000000000000000e+05	3.225607001273275500e+02
1.332000000000000000e+05	3.020169120254012682e+02
1.341000000000000000e+05	3.020169120254012682e+02
1.341000000000000000e+05	3.255819623456369527e+02
1.350000000000000000e+05	3.255819623456369527e+02
1.350000000000000000e+05	3.027550371936268334e+02
1.359000000000000000e+05	3.027550371936268334e+02
1.359000000000000000e+05	2.981499999999999773e+02
1.368000000000000000e+05	2.981499999999999773e+02
1.368000000000000000e+05	3.214431959473820370e+02
1.377000000000000000e+05	3.214431959473820370e+02
1.377000000000000000e+05	3.035365968455390657e+02
1.386000000000000000e+05	3.035365968455390657e+02
1.386000000000000000e+05	3.236511528878616559e+02
1.395000000000000000e+05	3.236511528878616559e+02
1.395000000000000000e+05	3.281499999999999773e+02
1.404000000000000000e+05	3.281499999999999773e+02
1.404000000000000000e+05	3.093048809125194225e+02
1.413000000000000000e+05	3.093048809125194225e+02
1.413000000000000000e+05	3.281499999999999773e+02
1.422000000000000000e+05	3.281499999999999773e+02
1.422000000000000000e+05	3.281499999999999773e+02
1.431000000000000000e+05	3.281499999999999773e+02
1.431000000000000000e+05	3.281499999999999773e+02
1.440000000000000000e+05	3.281499999999999773e+02
1.440000000000000000e+05	3.281500000000000909e+02
1.449000000000000000e+05	3.281500000000000909e+02
1.449000000000000000e+05	2.981499999999999773e+02
1.458000000000000000e+05	2.981499999999999773e+02
1.458000000000000000e+05	2.981499999999999773e+02
1.467000000000000000e+05	2.981499999999999773e+02
1.467000000000000000e+05	2.981499999999999773e+02
1.476000000000000000e+05	2.981499999999999773e+02
1.476000000000000000e+05	3.281499999999999773e+02
1.485000000000000000e+05	3.281499999999999773e+02
1.485000000000000000e+05	3.281499999999999773e+02
1.494000000000000000e+05	3.281499999999999773e+02
1.494000000000000000e+05	2.981499999999999773e+02
1.503000000000000000e+05	2.981499999999999773e+02
1.503000000000000000e+05	3.007296466257074030e+02
1.512000000000000000e+05	3.007296466257074030e+02
1.512000000000000000e+05	3.281499999999999773e+02
1.521000000000000000e+05	3.281499999999999773e+02
1.521000000000000000e+05	3.281499999999999773e+02
1.530000000000000000e+05	3.281499999999999773e+02
1.530000000000000000e+05	3.281499999999999773e+02
1.539000000000000000e+05	3.281499999999999773e+02
1.539000000000000000e+05	3.281499999999999773e+02
1.548000000000000000e+05	3.281499999999999773e+02
1.548000000000000000e+05	3.009842219422143330e+02
1.557000000000000000e+05	3.009842219422143330e+02
1.557000000000000000e+05	3.093048809125194225e+02
1.566000000000000000e+05	3.093048809125194225e+02
1.566000000000000000e+05	2.981499999999999773e+02
1.575000000000000000e+05	2.981499999999999773e+02
1.575000000000000000e+05	3.281499999999999773e+02
1.584000000000000000e+05	3.281499999999999773e+02
1.584000000000000000e+05	2.981499999999999773e+02
1.593000000000000000e+05	2.981499999999999773e+02
1.593000000000000000e+05	3.281499999999999773e+02
1.602000000000000000e+05	3.281499999999999773e+02
1.602000000000000000e+05	3.281499999999999773e+02
1.611000000000000000e+05	3.281499999999999773e+02
1.611000000000000000e+05	3.281499999999999773e+02
1.620000000000000000e+05	3.281499999999999773e+02
1.620000000000000000e+05	3.281499999999999773e+02
1.629000000000000000e+05	3.281499999999999773e+02
1.629000000000000000e+05	2.981499999999999773e+02
1.638000000000000000e+05	2.981499999999999773e+02
1.638000000000000000e+05	3.281499999999999773e+02
1.647000000000000000e+05	3.281499999999999773e+02
1.647000000000000000e+05	3.199724283991098446e+02
1.656000000000000000e+05	3.199724283991098446e+02
1.656000000000000000e+05	3.281499999999999773e+02
1.665000000000000000e+05	3.281499999999999773e+02
1.665000000000000000e+05	3.281499999999999773e+02
1.674000000000000000e+05	3.281499999999999773e+02
1.674000000000000000e+05	3.281499999999999773e+02
1.683000000000000000e+05	3.281499999999999773e+02
1.683000000000000000e+05	3.281499999999999773e+02
1.692000000000000000e+05	3.281499999999999773e+02
1.692000000000000000e+05	3.281499999999999773e+02
1.701000000000000000e+05	3.281499999999999773e+02
1.701000000000000000e+05	3.281499999999999773e+02
1.710000000000000000e+05	3.281499999999999773e+02
1.710000000000000000e+05	3.281499999999999773e+02
1.719000000000000000e+05	3.281499999999999773e+02
1.719000000000000000e+05	3.281499999999999773e+02
1.728000000000000000e+05	3.281499999999999773e+02
1.728000000000000000e+05	3.093048809125194225e+02
1.737000000000000000e+05	3.093048809125194225e+02
1.737000000000000000e+05	3.281499999999999773e+02
1.746000000000000000e+05	3.281499999999999773e+02
1.746000000000000000e+05	3.281499999999999773e+02
1.755000000000000000e+05	3.281499999999999773e+02
1.755000000000000000e+05	3.281499999999999773e+02
1.764000000000000000e+05	3.281499999999999773e+02
1.764000000000000000e+05	3.281499999999999773e+02
1.773000000000000000e+05	3.281499999999999773e+02
1.773000000000000000e+05	3.281499999999999773e+02
1.782000000000000000e+05	3.281499999999999773e+02
1.782000000000000000e+05	3.281499999999999773e+02
1.791000000000000000e+05	3.281499999999999773e+02
1.791000000000000000e+05	3.281499999999999773e+02
1.800000000000000000e+05	3.281499999999999773e+02
1.800000000000000000e+05	3.281499999999999773e+02
1.809000000000000000e+05	3.281499999999999773e+02
1.809000000000000000e+05	3.281499999999999773e+02
1.818000000000000000e+05	3.281499999999999773e+02
1.818000000000000000e+05	3.281499999999999773e+02
1.827000000000000000e+05	3.281499999999999773e+02
1.827000000000000000e+05	3.281499999999999773e+02
1.836000000000000000e+05	3.281499999999999773e+02
1.836000000000000000e+05	3.281499999999999773e+02
1.845000000000000000e+05	3.281499999999999773e+02
1.845000000000000000e+05	3.281499999999999773e+02
1.854000000000000000e+05	3.281499999999999773e+02
1.854000000000000000e+05	3.281499999999999773e+02
1.863000000000000000e+05	3.281499999999999773e+02
1.863000000000000000e+05	3.281499999999999773e+02
1.872000000000000000e+05	3.281499999999999773e+02
1.872000000000000000e+05	3.281499999999999773e+02
1.881000000000000000e+05	3.281499999999999773e+02
1.881000000000000000e+05	3.228191338080333708e+02
1.890000000000000000e+05	3.228191338080333708e+02
1.890000000000000000e+05	3.281499999999999773e+02
1.899000000000000000e+05	3.281499999999999773e+02
1.899000000000000000e+05	3.281499999999999773e+02
1.908000000000000000e+05	3.281499999999999773e+02
1.908000000000000000e+05	3.281499999999999773e+02
1.917000000000000000e+05	3.281499999999999773e+02
1.917000000000000000e+05	3.281499999999999773e+02
1.926000000000000000e+05	3.281499999999999773e+02
1.926000000000000000e+05	3.281499999999999773e+02
1.935000000000000000e+05	3.281499999999999773e+02
1.935000000000000000e+05	3.281499999999999773e+02
1.944000000000000000e+05	3.281499999999999773e+02
1.944000000000000000e+05	3.257847032706407049e+02
1.953000000000000000e+05	3.257847032706407049e+02
1.953000000000000000e+05	3.281499999999999773e+02
1.962000000000000000e+05	3.281499999999999773e+02
1.962000000000000000e+05	3.281499999999999773e+02
1.971000000000000000e+05	3.281499999999999773e+02
1.971000000000000000e+05	3.281499999999999773e+02
1.980000000000000000e+05	3.281499999999999773e+02
1.980000000000000000e+05	3.281499999999999773e+02
1.989000000000000000e+05	3.281499999999999773e+02
1.989000000000000000e+05	3.018081557504077068e+02
1.998000000000000000e+05	3.018081557504077068e+02
1.998000000000000000e+05	3.161132640210886962e+02
2.007000000000000000e+05	3.161132640210886962e+02
2.007000000000000000e+05	3.161132640210886962e+02
2.016000000000000000e+05	3.161132640210886962e+02
2.016000000000000000e+05	3.106848412792487011e+02
2.025000000000000000e+05	3.106848412792487011e+02
2.025000000000000000e+05	3.141280994980070318e+02
2.034000000000000000e+05	3.141280994980070318e+02
2.034000000000000000e+05	3.134413134301871651e+02
2.043000000000000000e+05	3.134413134301871651e+02
2.043000000000000000e+05	3.093048809125194225e+02
2.052000000000000000e+05	3.093048809125194225e+02
2.052000000000000000e+05	3.281499999999999773e+02
2.061000000000000000e+05	3.281499999999999773e+02
2.061000000000000000e+05	3.066323128041577775e+02
2.070000000000000000e+05	3.066323128041577775e+02
2.070000000000000000e+05	3.073299798637742697e+02
2.079000000000000000e+05	3.073299798637742697e+02
2.079000000000000000e+05	3.069150331943462220e+02
2.088000000000000000e+05	3.069150331943462220e+02
2.088000000000000000e+05	3.093048809125194225e+02
2.097000000000000000e+05	3.093048809125194225e+02
2.097000000000000000e+05	3.037342306370561005e+02
2.106000000000000000e+05	3.037342306370561005e+02
2.106000000000000000e+05	3.050022849885618257e+02
2.115000000000000000e+05	3.050022849885618257e+02
2.115000000000000000e+05	3.052258371776979402e+02
2.124000000000000000e+05	3.052258371776979402e+02
2.124000000000000000e+05	3.093048809125194225e+02
2.133000000000000000e+05	3.093048809125194225e+02
2.133000000000000000e+05	3.068160617073464209e+02
2.142000000000000000e+05	3.068160617073464209e+02
2.142000000000000000e+05	3.076787441761804871e+02
2.151000000000000000e+05	3.076787441761804871e+02
2.151000000000000000e+05	2.981499999999999773e+02
2.160000000000000000e+05	2.981499999999999773e+02
2.160000000000000000e+05	2.981499999999999773e+02
2.169000000000000000e+05	2.981499999999999773e+02
2.169000000000000000e+05	3.270678840595768975e+02
2.178000000000000000e+05	3.270678840595768975e+02
2.178000000000000000e+05	3.032045225599693481e+02
2.187000000000000000e+05	3.032045225599693481e+02
2.187000000000000000e+05	3.071735805957239336e+02
2.196000000000000000e+05	3.071735805957239336e+02
2.196000000000000000e+05	3.093048809125194225e+02
2.205000000000000000e+05	3.093048809125194225e+02
2.205000000000000000e+05	3.281499999999999773e+02
2.214000000000000000e+05	3.281499999999999773e+02
2.214000000000000000e+05	2.981499999999999773e+02
2.223000000000000000e+05	2.981499999999999773e+02
2.223000000000000000e+05	2.981499999999999773e+02
2.232000000000000000e+05	2.981499999999999773e+02
2.232000000000000000e+05	3.281499999999999773e+02
2.241000000000000000e+05	3.281499999999999773e+02
2.241000000000000000e+05	3.281499999999999773e+02
2.250000000000000000e+05	3.281499999999999773e+02
2.250000000000000000e+05	3.281499999999999773e+02
2.259000000000000000e+05	3.281499999999999773e+02
2.259000000000000000e+05	2.981499999999999773e+02
2.268000000000000000e+05	2.981499999999999773e+02
2.268000000000000000e+05	3.281499999999999773e+02
2.277000000000000000e+05	3.281499999999999773e+02
2.277000000000000000e+05	3.281499999999999773e+02
2.286000000000000000e+05	3.281499999999999773e+02
2.286000000000000000e+05	2.991192134508642084e+02
2.295000000000000000e+05	2.991192134508642084e+02
2.295000000000000000e+05	2.985001023461649083e+02
2.304000000000000000e+05	2.985001023461649083e+02
2.304000000000000000e+05	3.258763349076695022e+02
2.313000000000000000e+05	3.258763349076695022e+02
2.313000000000000000e+05	3.281499999999999773e+02
2.322000000000000000e+05	3.281499999999999773e+02
2.322000000000000000e+05	3.023240889254669241e+02
2.331000000000000000e+05	3.023240889254669241e+02
2.331000000000000000e+05	2.981499999999999773e+02
2.340000000000000000e+05	2.981499999999999773e+02
2.340000000000000000e+05	3.003464535348009008e+02
2.349000000000000000e+05	3.003464535348009008e+02
2.349000000000000000e+05	3.281499999999999773e+02
2.358000000000000000e+05	3.281499999999999773e+02
2.358000000000000000e+05	3.010778368578745585e+02
2.367000000000000000e+05	3.010778368578745585e+02
2.367000000000000000e+05	3.031989890199999991e+02
2.376000000000000000e+05	3.031989890199999991e+02
2.376000000000000000e+05	3.281499999999999773e+02
2.385000000000000000e+05	3.281499999999999773e+02
2.385000000000000000e+05	3.093048809125194225e+02
2.394000000000000000e+05	3.093048809125194225e+02
2.394000000000000000e+05	3.281499999999999773e+02
2.403000000000000000e+05	3.281499999999999773e+02
2.403000000000000000e+05	3.281499999999999773e+02
2.412000000000000000e+05	3.281499999999999773e+02
2.412000000000000000e+05	3.024402765286786803e+02
2.421000000000000000e+05	3.024402765286786803e+02
2.421000000000000000e+05	3.093048809125194225e+02
2.430000000000000000e+05	3.093048809125194225e+02
2.430000000000000000e+05	3.281499999999999773e+02
2.439000000000000000e+05	3.281499999999999773e+02
2.439000000000000000e+05	2.981499999999999773e+02
2.448000000000000000e+05	2.981499999999999773e+02
2.448000000000000000e+05	3.281499999999999773e+02
2.457000000000000000e+05	3.281499999999999773e+02
2.457000000000000000e+05	3.281499999999999773e+02
2.466000000000000000e+05	3.281499999999999773e+02
2.466000000000000000e+05	3.281499999999999773e+02
2.475000000000000000e+05	3.281499999999999773e+02
2.475000000000000000e+05	2.981499999999999773e+02
2.484000000000000000e+05	2.981499999999999773e+02
2.484000000000000000e+05	2.981499999999999773e+02
2.493000000000000000e+05	2.981499999999999773e+02
2.493000000000000000e+05	3.281499999999999773e+02
2.502000000000000000e+05	3.281499999999999773e+02
2.502000000000000000e+05	3.281499999999999773e+02
2.511000000000000000e+05	3.281499999999999773e+02
2.511000000000000000e+05	3.281499999999999773e+02
2.520000000000000000e+05	3.281499999999999773e+02
2.520000000000000000e+05	3.281499999999999773e+02
2.529000000000000000e+05	3.281499999999999773e+02
2.529000000000000000e+05	3.281499999999999773e+02
2.538000000000000000e+05	3.281499999999999773e+02
2.538000000000000000e+05	3.281499999999999773e+02
2.547000000000000000e+05	3.281499999999999773e+02
2.547000000000000000e+05	3.281499999999999773e+02
2.556000000000000000e+05	3.281499999999999773e+02
2.556000000000000000e+05	3.281499999999999773e+02
2.565000000000000000e+05	3.281499999999999773e+02
2.565000000000000000e+05	3.281499999999999773e+02
2.574000000000000000e+05	3.281499999999999773e+02
2.574000000000000000e+05	3.281499999999999773e+02
2.583000000000000000e+05	3.281499999999999773e+02
2.583000000000000000e+05	3.281499999999999773e+02
2.592000000000000000e+05	3.281499999999999773e+02
2.592000000000000000e+05	3.281499999999999773e+02
2.601000000000000000e+05	3.281499999999999773e+02
2.601000000000000000e+05	3.281499999999999773e+02
2.610000000000000000e+05	3.281499999999999773e+02
2.610000000000000000e+05	2.981499999999999773e+02
2.619000000000000000e+05	2.981499999999999773e+02
2.619000000000000000e+05	3.281499999999999773e+02
2.628000000000000000e+05	3.281499999999999773e+02
2.628000000000000000e+05	2.981499999999999773e+02
2.637000000000000000e+05	2.981499999999999773e+02
2.637000000000000000e+05	3.209155681445458868e+02
2.646000000000000000e+05	3.209155681445458868e+02
2.646000000000000000e+05	3.209769586880706242e+02
2.655000000000000000e+05	3.209769586880706242e+02
2.655000000000000000e+05	3.210383262101415198e+02
2.664000000000000000e+05	3.210383262101415198e+02
2.664000000000000000e+05	3.093048809125194225e+02
2.673000000000000000e+05	3.093048809125194225e+02
2.673000000000000000e+05	3.281499999999999773e+02
2.682000000000000000e+05	3.281499999999999773e+02
2.682000000000000000e+05	3.281499999999999773e+02
2.691000000000000000e+05	3.281499999999999773e+02
2.691000000000000000e+05	3.281499999999999773e+02
2.700000000000000000e+05	3.281499999999999773e+02
2.700000000000000000e+05	3.281499999999999773e+02
2.709000000000000000e+05	3.281499999999999773e+02
2.709000000000000000e+05	3.281499999999999773e+02
2.718000000000000000e+05	3.281499999999999773e+02
2.718000000000000000e+05	3.281499999999999773e+02
2.727000000000000000e+05	3.281499999999999773e+02
2.727000000000000000e+05	3.281499999999999773e+02
2.736000000000000000e+05	3.281499999999999773e+02
2.736000000000000000e+05	2.986106133820569539e+02
2.745000000000000000e+05	2.986106133820569539e+02
2.745000000000000000e+05	3.024190953729266766e+02
2.754000000000000000e+05	3.024190953729266766e+02
2.754000000000000000e+05	3.011824208602811268e+02
2.763000000000000000e+05	3.011824208602811268e+02
2.763000000000000000e+05	3.259372414017161077e+02
2.772000000000000000e+05	3.259372414017161077e+02
2.772000000000000000e+05	3.259107692067482844e+02
2.781000000000000000e+05	3.259107692067482844e+02
2.781000000000000000e+05	3.281499999999999773e+02
2.790000000000000000e+05	3.281499999999999773e+02
2.790000000000000000e+05	3.281499999999999773e+02
2.799000000000000000e+05	3.281499999999999773e+02
2.799000000000000000e+05	3.281499999999999773e+02
2.808000000000000000e+05	3.281499999999999773e+02
2.808000000000000000e+05	3.281499999999999773e+02
2.817000000000000000e+05	3.281499999999999773e+02
2.817000000000000000e+05	3.281499999999999773e+02
2.826000000000000000e+05	3.281499999999999773e+02
2.826000000000000000e+05	3.281499999999999773e+02
2.835000000000000000e+05	3.281499999999999773e+02
2.835000000000000000e+05	3.281499999999999773e+02
2.844000000000000000e+05	3.281499999999999773e+02
2.844000000000000000e+05	3.006501940546120863e+02
2.853000000000000000e+05	3.006501940546120863e+02
2.853000000000000000e+05	3.069160240592540845e+02
2.862000000000000000e+05	3.069160240592540845e+02
2.862000000000000000e+05	3.161132640210886962e+02
2.871000000000000000e+05	3.161132640210886962e+02
2.871000000000000000e+05	3.161132640210886962e+02
2.880000000000000000e+05	3.161132640210886962e+02
2.880000000000000000e+05	3.122356477645497534e+02
2.889000000000000000e+05	3.122356477645497534e+02
2.889000000000000000e+05	3.151330702006131332e+02
2.898000000000000000e+05	3.151330702006131332e+02
2.898000000000000000e+05	3.268702498931359059e+02
2.907000000000000000e+05	3.268702498931359059e+02
2.907000000000000000e+05	3.086574977749184541e+02
2.916000000000000000e+05	3.086574977749184541e+02
2.916000000000000000e+05	3.281499999999999773e+02
2.925000000000000000e+05	3.281499999999999773e+02
2.925000000000000000e+05	3.281499999999999773e+02
2.934000000000000000e+05	3.281499999999999773e+02
2.934000000000000000e+05	3.281499999999999773e+02
2.943000000000000000e+05	3.281499999999999773e+02
2.943000000000000000e+05	3.281499999999999773e+02
2.952000000000000000e+05	3.281499999999999773e+02
2.952000000000000000e+05	3.036273322593419266e+02
2.961000000000000000e+05	3.036273322593419266e+02
2.961000000000000000e+05	3.093048809125194225e+02
2.970000000000000000e+05	3.093048809125194225e+02
2.970000000000000000e+05	3.100704040850512229e+02
2.979000000000000000e+05	3.100704040850512229e+02
2.979000000000000000e+05	3.093048809125194225e+02
2.988000000000000000e+05	3.093048809125194225e+02
2.988000000000000000e+05	3.281499999999999773e+02
2.997000000000000000e+05	3.281499999999999773e+02
2.997000000000000000e+05	3.054892367873329135e+02
3.006000000000000000e+05	3.054892367873329135e+02
3.006000000000000000e+05	2.981499999999999773e+02
3.015000000000000000e+05	2.981499999999999773e+02
3.015000000000000000e+05	3.053498456308668096e+02
3.024000000000000000e+05	3.053498456308668096e+02
3.024000000000000000e+05	3.045313566423266707e+02
3.033000000000000000e+05	3.045313566423266707e+02
3.033000000000000000e+05	3.281499999999999773e+02
3.042000000000000000e+05	3.281499999999999773e+02
3.042000000000000000e+05	3.033566810704085697e+02
3.051000000000000000e+05	3.033566810704085697e+02
3.051000000000000000e+05	2.981499999999999773e+02
3.060000000000000000e+05	2.981499999999999773e+02
3.060000000000000000e+05	3.017481753794623955e+02
3.069000000000000000e+05	3.017481753794623955e+02
3.069000000000000000e+05	3.054861854909330532e+02
3.078000000000000000e+05	3.054861854909330532e+02
3.078000000000000000e+05	3.072857987703119989e+02
3.087000000000000000e+05	3.072857987703119989e+02
3.087000000000000000e+05	3.281499999999999773e+02
3.096000000000000000e+05	3.281499999999999773e+02
3.096000000000000000e+05	2.981499999999999773e+02
3.105000000000000000e+05	2.981499999999999773e+02
3.105000000000000000e+05	3.281499999999999773e+02
3.114000000000000000e+05	3.281499999999999773e+02
3.114000000000000000e+05	2.981499999999999773e+02
3.123000000000000000e+05	2.981499999999999773e+02
3.123000000000000000e+05	3.281499999999999773e+02
3.132000000000000000e+05	3.281499999999999773e+02
3.132000000000000000e+05	3.281499999999999773e+02
3.141000000000000000e+05	3.281499999999999773e+02
3.141000000000000000e+05	3.281499999999999773e+02
3.150000000000000000e+05	3.281499999999999773e+02
3.150000000000000000e+05	2.981499999999999773e+02
3.159000000000000000e+05	2.981499999999999773e+02
3.159000000000000000e+05	2.981499999999999773e+02
3.168000000000000000e+05	2.981499999999999773e+02
3.168000000000000000e+05	3.260023785237019069e+02
3.177000000000000000e+05	3.260023785237019069e+02
3.177000000000000000e+05	3.281499999999999773e+02
3.186000000000000000e+05	3.281499999999999773e+02
3.186000000000000000e+05	3.281499999999999773e+02
3.195000000000000000e+05	3.281499999999999773e+02
3.195000000000000000e+05	2.981499999999999773e+02
3.204000000000000000e+05	2.981499999999999773e+02
3.204000000000000000e+05	3.002480508884712549e+02
3.213000000000000000e+05	3.002480508884712549e+02
3.213000000000000000e+05	3.281499999999999773e+02
3.222000000000000000e+05	3.281499999999999773e+02
3.222000000000000000e+05	3.281499999999999773e+02
3.231000000000000000e+05	3.281499999999999773e+02
3.231000000000000000e+05	3.006881140389222651e+02
3.240000000000000000e+05	3.006881140389222651e+02
3.240000000000000000e+05	3.033216794478028646e+02
3.249000000000000000e+05	3.033216794478028646e+02
3.249000000000000000e+05	3.064039396242242788e+02
3.258000000000000000e+05	3.064039396242242788e+02
3.258000000000000000e+05	2.981499999999999773e+02
3.267000000000000000e+05	2.981499999999999773e+02
3.267000000000000000e+05	2.981499999999999773e+02
3.276000000000000000e+05	2.981499999999999773e+02
3.276000000000000000e+05	3.281499999999999773e+02
3.285000000000000000e+05	3.281499999999999773e+02
3.285000000000000000e+05	3.093048809125194225e+02
3.294000000000000000e+05	3.093048809125194225e+02
3.294000000000000000e+05	3.281499999999999773e+02
3.303000000000000000e+05	3.281499999999999773e+02
3.303000000000000000e+05	3.011947816316420017e+02
3.312000000000000000e+05	3.011947816316420017e+02
3.312000000000000000e+05	3.093048809125194225e+02
3.321000000000000000e+05	3.093048809125194225e+02
3.321000000000000000e+05	3.281499999999999773e+02
3.330000000000000000e+05	3.281499999999999773e+02
3.330000000000000000e+05	3.281499999999999773e+02
3.339000000000000000e+05	3.281499999999999773e+02
3.339000000000000000e+05	3.281499999999999773e+02
3.348000000000000000e+05	3.281499999999999773e+02
3.348000000000000000e+05	3.281499999999999773e+02
3.357000000000000000e+05	3.281499999999999773e+02
3.357000000000000000e+05	3.281499999999999773e+02
3.366000000000000000e+05	3.281499999999999773e+02
3.366000000000000000e+05	3.281499999999999773e+02
3.375000000000000000e+05	3.281499999999999773e+02
3.375000000000000000e+05	3.281499999999999773e+02
3.384000000000000000e+05	3.281499999999999773e+02
3.384000000000000000e+05	3.281499999999999773e+02
3.393000000000000000e+05	3.281499999999999773e+02
3.393000000000000000e+05	3.281499999999999773e+02
3.402000000000000000e+05	3.281499999999999773e+02
3.402000000000000000e+05	3.281499999999999773e+02
3.411000000000000000e+05	3.281499999999999773e+02
3.411000000000000000e+05	3.281499999999999773e+02
3.420000000000000000e+05	3.281499999999999773e+02
3.420000000000000000e+05	3.281499999999999773e+02
3.429000000000000000e+05	3.281499999999999773e+02
3.429000000000000000e+05	3.281499999999999773e+02
3.438000000000000000e+05	3.281499999999999773e+02
3.438000000000000000e+05	3.281499999999999773e+02
3.447000000000000000e+05	3.281499999999999773e+02
3.447000000000000000e+05	3.281499999999999773e+02
3.456000000000000000e+05	3.281499999999999773e+02
3.456000000000000000e+05	3.281499999999999773e+02
3.465000000000000000e+05	3.281499999999999773e+02
3.465000000000000000e+05	3.281499999999999773e+02
3.474000000000000000e+05	3.281499999999999773e+02
3.474000000000000000e+05	3.281499999999999773e+02
3.483000000000000000e+05	3.281499999999999773e+02
3.483000000000000000e+05	3.281499999999999773e+02
3.492000000000000000e+05	3.281499999999999773e+02
3.492000000000000000e+05	2.981499999999999773e+02
3.501000000000000000e+05	2.981499999999999773e+02
3.501000000000000000e+05	2.981499999999999773e+02
3.510000000000000000e+05	2.981499999999999773e+02
3.510000000000000000e+05	3.281499999999999773e+02
3.519000000000000000e+05	3.281499999999999773e+02
3.519000000000000000e+05	2.981499999999999773e+02
3.528000000000000000e+05	2.981499999999999773e+02
3.528000000000000000e+05	3.281499999999999773e+02
3.537000000000000000e+05	3.281499999999999773e+02
3.537000000000000000e+05	3.281499999999999773e+02
3.546000000000000000e+05	3.281499999999999773e+02
3.546000000000000000e+05	3.281499999999999773e+02
3.555000000000000000e+05	3.281499999999999773e+02
3.555000000000000000e+05	2.981499999999999773e+02
3.564000000000000000e+05	2.981499999999999773e+02
3.564000000000000000e+05	2.981499999999999773e+02
3.573000000000000000e+05	2.981499999999999773e+02
3.573000000000000000e+05	3.244337861155337350e+02
3.582000000000000000e+05	3.244337861155337350e+02
3.582000000000000000e+05	3.244938573273193470e+02
3.591000000000000000e+05	3.244938573273193470e+02
3.591000000000000000e+05	3.281499999999999773e+02
3.600000000000000000e+05	3.281499999999999773e+02
3.600000000000000000e+05	3.281499999999999773e+02
3.609000000000000000e+05	3.281499999999999773e+02
3.609000000000000000e+05	3.004417009482751268e+02
3.618000000000000000e+05	3.004417009482751268e+02
3.618000000000000000e+05	3.281499999999999773e+02
3.627000000000000000e+05	3.281499999999999773e+02
3.627000000000000000e+05	3.281499999999999773e+02
3.636000000000000000e+05	3.281499999999999773e+02
3.636000000000000000e+05	3.281499999999999773e+02
3.645000000000000000e+05	3.281499999999999773e+02
3.645000000000000000e+05	3.281499999999999773e+02
3.654000000000000000e+05	3.281499999999999773e+02
3.654000000000000000e+05	3.281499999999999773e+02
3.663000000000000000e+05	3.281499999999999773e+02
3.663000000000000000e+05	2.981499999999999773e+02
3.672000000000000000e+05	2.981499999999999773e+02
3.672000000000000000e+05	2.981500000000131649e+02
3.681000000000000000e+05	2.981500000000131649e+02
3.681000000000000000e+05	2.981499999999999773e+02
3.690000000000000000e+05	2.981499999999999773e+02
3.690000000000000000e+05	3.281500000000015689e+02
3.699000000000000000e+05	3.281500000000015689e+02
3.699000000000000000e+05	3.013561918149839016e+02
3.708000000000000000e+05	3.013561918149839016e+02
3.708000000000000000e+05	3.014809685525633540e+02
3.717000000000000000e+05	3.014809685525633540e+02
3.717000000000000000e+05	3.074568909446666680e+02
3.726000000000000000e+05	3.074568909446666680e+02
3.726000000000000000e+05	3.161132640210886962e+02
3.735000000000000000e+05	3.161132640210886962e+02
3.735000000000000000e+05	3.161132640210886962e+02
3.744000000000000000e+05	3.161132640210886962e+02
3.744000000000000000e+05	3.108368950834845919e+02
3.753000000000000000e+05	3.108368950834845919e+02
3.753000000000000000e+05	3.135527814190346021e+02
3.762000000000000000e+05	3.135527814190346021e+02
3.762000000000000000e+05	3.138170714553622815e+02
3.771000000000000000e+05	3.138170714553622815e+02
3.771000000000000000e+05	3.129495752089102325e+02
3.780000000000000000e+05	3.129495752089102325e+02
3.780000000000000000e+05	3.229359812122689846e+02
3.789000000000000000e+05	3.229359812122689846e+02
3.789000000000000000e+05	3.281499999999999773e+02
3.798000000000000000e+05	3.281499999999999773e+02
3.798000000000000000e+05	3.057159458580438240e+02
3.807000000000000000e+05	3.057159458580438240e+02
3.807000000000000000e+05	3.093048809125194225e+02
3.816000000000000000e+05	3.093048809125194225e+02
3.816000000000000000e+05	3.078967968280643959e+02
3.825000000000000000e+05	3.078967968280643959e+02
3.825000000000000000e+05	2.981500000000000341e+02
3.834000000000000000e+05	2.981500000000000341e+02
3.834000000000000000e+05	3.044738166167681470e+02
3.843000000000000000e+05	3.044738166167681470e+02
3.843000000000000000e+05	3.053476612097823590e+02
3.852000000000000000e+05	3.053476612097823590e+02
3.852000000000000000e+05	3.281499999999999773e+02
3.861000000000000000e+05	3.281499999999999773e+02
3.861000000000000000e+05	3.281499999999999773e+02
3.870000000000000000e+05	3.281499999999999773e+02
3.870000000000000000e+05	3.023038469485928772e+02
3.879000000000000000e+05	3.023038469485928772e+02
3.879000000000000000e+05	3.036832299402627768e+02
3.888000000000000000e+05	3.036832299402627768e+02
3.888000000000000000e+05	3.047068521624714776e+02
3.897000000000000000e+05	3.047068521624714776e+02
3.897000000000000000e+05	2.981499999999999773e+02
3.906000000000000000e+05	2.981499999999999773e+02
3.906000000000000000e+05	3.030593255522936147e+02
3.915000000000000000e+05	3.030593255522936147e+02
3.915000000000000000e+05	3.060712573300800727e+02
3.924000000000000000e+05	3.060712573300800727e+02
3.924000000000000000e+05	3.231676491707373771e+02
3.933000000000000000e+05	3.231676491707373771e+02
3.933000000000000000e+05	3.281499999999999773e+02
3.942000000000000000e+05	3.281499999999999773e+02
3.942000000000000000e+05	3.010689829587032591e+02
3.951000000000000000e+05	3.010689829587032591e+02
3.951000000000000000e+05	3.022064888044349686e+02
3.960000000000000000e+05	3.022064888044349686e+02
3.960000000000000000e+05	3.093048809125194225e+02
3.969000000000000000e+05	3.093048809125194225e+02
3.969000000000000000e+05	3.025221093586461620e+02
3.978000000000000000e+05	3.025221093586461620e+02
3.978000000000000000e+05	3.057170812793669938e+02
3.987000000000000000e+05	3.057170812793669938e+02
3.987000000000000000e+05	2.981499999999999773e+02
3.996000000000000000e+05	2.981499999999999773e+02
3.996000000000000000e+05	3.281499999999999773e+02
4.005000000000000000e+05	3.281499999999999773e+02
4.005000000000000000e+05	3.281499999999999773e+02
4.014000000000000000e+05	3.281499999999999773e+02
4.014000000000000000e+05	3.281499999999999773e+02
4.023000000000000000e+05	3.281499999999999773e+02
4.023000000000000000e+05	3.281499999999999773e+02
4.032000000000000000e+05	3.281499999999999773e+02
4.032000000000000000e+05	2.981499999999999773e+02
4.041000000000000000e+05	2.981499999999999773e+02
4.041000000000000000e+05	3.226300965475831504e+02
4.050000000000000000e+05	3.226300965475831504e+02
4.050000000000000000e+05	3.226908441429567347e+02
4.059000000000000000e+05	3.226908441429567347e+02
4.059000000000000000e+05	3.226615689579820696e+02
4.068000000000000000e+05	3.226615689579820696e+02
4.068000000000000000e+05	3.030553278274214222e+02
4.077000000000000000e+05	3.030553278274214222e+02
4.077000000000000000e+05	3.281499999999999773e+02
4.086000000000000000e+05	3.281499999999999773e+02
4.086000000000000000e+05	3.016768163331763617e+02
4.095000000000000000e+05	3.016768163331763617e+02
4.095000000000000000e+05	3.056908962822360536e+02
4.104000000000000000e+05	3.056908962822360536e+02
4.104000000000000000e+05	3.033071721570536283e+02
4.113000000000000000e+05	3.033071721570536283e+02
4.113000000000000000e+05	3.050799484678273643e+02
4.122000000000000000e+05	3.050799484678273643e+02
4.122000000000000000e+05	2.981499999999999773e+02
4.131000000000000000e+05	2.981499999999999773e+02
4.131000000000000000e+05	3.034704118707010139e+02
4.140000000000000000e+05	3.034704118707010139e+02
4.140000000000000000e+05	2.981499999999999773e+02
4.149000000000000000e+05	2.981499999999999773e+02
4.149000000000000000e+05	3.259345772586663657e+02
4.158000000000000000e+05	3.259345772586663657e+02
4.158000000000000000e+05	3.281499999999999773e+02
4.167000000000000000e+05	3.281499999999999773e+02
4.167000000000000000e+05	3.009542986232018507e+02
4.176000000000000000e+05	3.009542986232018507e+02
4.176000000000000000e+05	3.281499999999999773e+02
4.185000000000000000e+05	3.281499999999999773e+02
4.185000000000000000e+05	3.281499999999999773e+02
4.194000000000000000e+05	3.281499999999999773e+02
4.194000000000000000e+05	3.281499999999999773e+02
4.203000000000000000e+05	3.281499999999999773e+02
4.203000000000000000e+05	2.981499999999999773e+02
4.212000000000000000e+05	2.981499999999999773e+02
4.212000000000000000e+05	2.981499999999999773e+02
4.221000000000000000e+05	2.981499999999999773e+02
4.221000000000000000e+05	3.281499999999999773e+02
4.230000000000000000e+05	3.281499999999999773e+02
4.230000000000000000e+05	3.281499999999999773e+02
4.239000000000000000e+05	3.281499999999999773e+02
4.239000000000000000e+05	3.281499999999999773e+02
4.248000000000000000e+05	3.281499999999999773e+02
4.248000000000000000e+05	3.281499999999999773e+02
4.257000000000000000e+05	3.281499999999999773e+02
4.257000000000000000e+05	3.281499999999999773e+02
4.266000000000000000e+05	3.281499999999999773e+02
4.266000000000000000e+05	3.281499999999999773e+02
4.275000000000000000e+05	3.281499999999999773e+02
4.275000000000000000e+05	3.281499999999999773e+02
4.284000000000000000e+05	3.281499999999999773e+02
4.284000000000000000e+05	3.281499999999999773e+02
4.293000000000000000e+05	3.281499999999999773e+02
4.293000000000000000e+05	3.281499999999999773e+02
4.302000000000000000e+05	3.281499999999999773e+02
4.302000000000000000e+05	3.281499999999999773e+02
4.311000000000000000e+05	3.281499999999999773e+02
4.311000000000000000e+05	3.281499999999999773e+02
4.320000000000000000e+05	3.281499999999999773e+02
4.320000000000000000e+05	3.093048809125194225e+02
4.329000000000000000e+05	3.093048809125194225e+02
4.329000000000000000e+05	3.281499999999999773e+02
4.338000000000000000e+05	3.281499999999999773e+02
4.338000000000000000e+05	3.281499999999999773e+02
4.347000000000000000e+05	3.281499999999999773e+02
4.347000000000000000e+05	3.281499999999999773e+02
4.356000000000000000e+05	3.281499999999999773e+02
4.356000000000000000e+05	3.281500000000008299e+02
4.365000000000000000e+05	3.281500000000008299e+02
4.365000000000000000e+05	3.281499999999999773e+02
4.374000000000000000e+05	3.281499999999999773e+02
4.374000000000000000e+05	3.238993524202450658e+02
4.383000000000000000e+05	3.238993524202450658e+02
4.383000000000000000e+05	3.281499999999999773e+02
4.392000000000000000e+05	3.281499999999999773e+02
4.392000000000000000e+05	3.281499999999999773e+02
4.401000000000000000e+05	3.281499999999999773e+02
4.401000000000000000e+05	2.981499999999999773e+02
4.410000000000000000e+05	2.981499999999999773e+02
4.410000000000000000e+05	2.984913632274489146e+02
4.419000000000000000e+05	2.984913632274489146e+02
4.419000000000000000e+05	2.988648516001135818e+02
4.428000000000000000e+05	2.988648516001135818e+02
4.428000000000000000e+05	2.981500000000001478e+02
4.437000000000000000e+05	2.981500000000001478e+02
4.437000000000000000e+05	3.281499999999999773e+02
4.446000000000000000e+05	3.281499999999999773e+02
4.446000000000000000e+05	3.281499999999999773e+02
4.455000000000000000e+05	3.281499999999999773e+02
4.455000000000000000e+05	3.281499999999999773e+02
4.464000000000000000e+05	3.281499999999999773e+02
4.464000000000000000e+05	3.055624514343896863e+02
4.473000000000000000e+05	3.055624514343896863e+02
4.473000000000000000e+05	2.981499999999999773e+02
4.482000000000000000e+05	2.981499999999999773e+02
4.482000000000000000e+05	3.281499999999999773e+02
4.491000000000000000e+05	3.281499999999999773e+02
4.491000000000000000e+05	3.281499999999999773e+02
4.500000000000000000e+05	3.281499999999999773e+02
4.500000000000000000e+05	2.990950671511475321e+02
4.509000000000000000e+05	2.990950671511475321e+02
4.509000000000000000e+05	3.093048809125194225e+02
4.518000000000000000e+05	3.093048809125194225e+02
4.518000000000000000e+05	3.093048809125194225e+02
4.527000000000000000e+05	3.093048809125194225e+02
4.527000000000000000e+05	3.254321075608667684e+02
4.536000000000000000e+05	3.254321075608667684e+02
4.536000000000000000e+05	3.270071958533324050e+02
4.545000000000000000e+05	3.270071958533324050e+02
4.545000000000000000e+05	3.281499999999999773e+02
4.554000000000000000e+05	3.281499999999999773e+02
4.554000000000000000e+05	3.281499999999999773e+02
4.563000000000000000e+05	3.281499999999999773e+02
4.563000000000000000e+05	2.987187019327229791e+02
4.572000000000000000e+05	2.987187019327229791e+02
4.572000000000000000e+05	3.034972096534136199e+02
4.581000000000000000e+05	3.034972096534136199e+02
4.581000000000000000e+05	3.161132640210886962e+02
4.590000000000000000e+05	3.161132640210886962e+02
4.590000000000000000e+05	3.161132640210886962e+02
4.599000000000000000e+05	3.161132640210886962e+02
4.599000000000000000e+05	3.161132640210886962e+02
4.608000000000000000e+05	3.161132640210886962e+02
4.608000000000000000e+05	3.161132640210886962e+02
4.617000000000000000e+05	3.161132640210886962e+02
4.617000000000000000e+05	3.161132640210886962e+02
4.626000000000000000e+05	3.161132640210886962e+02
4.626000000000000000e+05	3.161132640210886962e+02
4.635000000000000000e+05	3.161132640210886962e+02
4.635000000000000000e+05	3.161132640210886962e+02
4.644000000000000000e+05	3.161132640210886962e+02
4.644000000000000000e+05	3.126819214389803960e+02
4.653000000000000000e+05	3.126819214389803960e+02
4.653000000000000000e+05	3.101072483543726435e+02
4.662000000000000000e+05	3.101072483543726435e+02
4.662000000000000000e+05	3.096273715876962456e+02
4.671000000000000000e+05	3.096273715876962456e+02
4.671000000000000000e+05	3.091711339414658255e+02
4.680000000000000000e+05	3.091711339414658255e+02
4.680000000000000000e+05	3.088882856487333015e+02
4.689000000000000000e+05	3.088882856487333015e+02
4.689000000000000000e+05	3.079781822854330358e+02
4.698000000000000000e+05	3.079781822854330358e+02
4.698000000000000000e+05	3.080290281151158069e+02
4.707000000000000000e+05	3.080290281151158069e+02
4.707000000000000000e+05	3.262522894257112398e+02
4.716000000000000000e+05	3.262522894257112398e+02
4.716000000000000000e+05	3.093048809125194225e+02
4.725000000000000000e+05	3.093048809125194225e+02
4.725000000000000000e+05	3.281499999999999773e+02
4.734000000000000000e+05	3.281499999999999773e+02
4.734000000000000000e+05	3.273516726781468265e+02
4.743000000000000000e+05	3.273516726781468265e+02
4.743000000000000000e+05	3.053628183785152714e+02
4.752000000000000000e+05	3.053628183785152714e+02
4.752000000000000000e+05	3.281499999999999773e+02
4.761000000000000000e+05	3.281499999999999773e+02
4.761000000000000000e+05	3.281499999999999773e+02
4.770000000000000000e+05	3.281499999999999773e+02
4.770000000000000000e+05	3.023038678175427094e+02
4.779000000000000000e+05	3.023038678175427094e+02
4.779000000000000000e+05	2.981499999999999773e+02
4.788000000000000000e+05	2.981499999999999773e+02
4.788000000000000000e+05	3.042968268353046142e+02
4.797000000000000000e+05	3.042968268353046142e+02
4.797000000000000000e+05	3.281499999999999773e+02
4.806000000000000000e+05	3.281499999999999773e+02
4.806000000000000000e+05	3.043102345379543294e+02
4.815000000000000000e+05	3.043102345379543294e+02
4.815000000000000000e+05	2.981499999999999773e+02
4.824000000000000000e+05	2.981499999999999773e+02
4.824000000000000000e+05	3.025110993613162691e+02
4.833000000000000000e+05	3.025110993613162691e+02
4.833000000000000000e+05	3.281499999999999773e+02
4.842000000000000000e+05	3.281499999999999773e+02
4.842000000000000000e+05	3.014704685488587756e+02
4.851000000000000000e+05	3.014704685488587756e+02
4.851000000000000000e+05	3.034790936127066630e+02
4.860000000000000000e+05	3.034790936127066630e+02
4.860000000000000000e+05	3.031204745871506248e+02
4.869000000000000000e+05	3.031204745871506248e+02
4.869000000000000000e+05	2.981499999999999773e+02
4.878000000000000000e+05	2.981499999999999773e+02
4.878000000000000000e+05	3.027208366788439093e+02
4.887000000000000000e+05	3.027208366788439093e+02
4.887000000000000000e+05	2.981499999999999773e+02
4.896000000000000000e+05	2.981499999999999773e+02
4.896000000000000000e+05	3.093048809125194225e+02
4.905000000000000000e+05	3.093048809125194225e+02
4.905000000000000000e+05	3.281499999999999773e+02
4.914000000000000000e+05	3.281499999999999773e+02
4.914000000000000000e+05	2.996665907756047886e+02
4.923000000000000000e+05	2.996665907756047886e+02
4.923000000000000000e+05	2.981499999999999773e+02
4.932000000000000000e+05	2.981499999999999773e+02
4.932000000000000000e+05	3.015097951395491691e+02
4.941000000000000000e+05	3.015097951395491691e+02
4.941000000000000000e+05	3.281499999999999773e+02
4.950000000000000000e+05	3.281499999999999773e+02
4.950000000000000000e+05	3.093048809125194225e+02
4.959000000000000000e+05	3.093048809125194225e+02
4.959000000000000000e+05	2.981499999999999773e+02
4.968000000000000000e+05	2.981499999999999773e+02
4.968000000000000000e+05	3.281499999999999773e+02
4.977000000000000000e+05	3.281499999999999773e+02
4.977000000000000000e+05	3.281499999999999773e+02
4.986000000000000000e+05	3.281499999999999773e+02
4.986000000000000000e+05	2.981499999999999773e+02
4.995000000000000000e+05	2.981499999999999773e+02
4.995000000000000000e+05	2.981499999999999773e+02
5.004000000000000000e+05	2.981499999999999773e+02
5.004000000000000000e+05	3.093048809125194225e+02
5.013000000000000000e+05	3.093048809125194225e+02
5.013000000000000000e+05	3.028894511283698989e+02
5.022000000000000000e+05	3.028894511283698989e+02
5.022000000000000000e+05	3.057381828050706076e+02
5.031000000000000000e+05	3.057381828050706076e+02
5.031000000000000000e+05	2.981499999999999773e+02
5.040000000000000000e+05	2.981499999999999773e+02
5.040000000000000000e+05	3.059385961366349989e+02
5.049000000000000000e+05	3.059385961366349989e+02
5.049000000000000000e+05	3.281499999999999773e+02
5.058000000000000000e+05	3.281499999999999773e+02
5.058000000000000000e+05	3.281499999999999773e+02
5.067000000000000000e+05	3.281499999999999773e+02
5.067000000000000000e+05	3.281499999999999773e+02
5.076000000000000000e+05	3.281499999999999773e+02
5.076000000000000000e+05	2.981499999999999773e+02
5.085000000000000000e+05	2.981499999999999773e+02
5.085000000000000000e+05	3.281499999999999773e+02
5.094000000000000000e+05	3.281499999999999773e+02
5.094000000000000000e+05	3.281499999999999773e+02
5.103000000000000000e+05	3.281499999999999773e+02
5.103000000000000000e+05	3.281499999999999773e+02
5.112000000000000000e+05	3.281499999999999773e+02
5.112000000000000000e+05	3.281499999999999773e+02
5.121000000000000000e+05	3.281499999999999773e+02
5.121000000000000000e+05	3.281499999999999773e+02
5.130000000000000000e+05	3.281499999999999773e+02
5.130000000000000000e+05	3.281499999999999773e+02
5.139000000000000000e+05	3.281499999999999773e+02
5.139000000000000000e+05	3.281499999999999773e+02
5.148000000000000000e+05	3.281499999999999773e+02
5.148000000000000000e+05	3.281499999999999773e+02
5.157000000000000000e+05	3.281499999999999773e+02
5.157000000000000000e+05	3.281499999999999773e+02
5.166000000000000000e+05	3.281499999999999773e+02
5.166000000000000000e+05	3.281499999999999773e+02
5.175000000000000000e+05	3.281499999999999773e+02
5.175000000000000000e+05	3.281499999999999773e+02
5.184000000000000000e+05	3.281499999999999773e+02
5.184000000000000000e+05	3.281499999999999773e+02
5.193000000000000000e+05	3.281499999999999773e+02
5.193000000000000000e+05	3.281499999999999773e+02
5.202000000000000000e+05	3.281499999999999773e+02
5.202000000000000000e+05	2.981499999999999773e+02
5.211000000000000000e+05	2.981499999999999773e+02
5.211000000000000000e+05	3.281499999999999773e+02
5.220000000000000000e+05	3.281499999999999773e+02
5.220000000000000000e+05	3.281499999999999773e+02
5.229000000000000000e+05	3.281499999999999773e+02
5.229000000000000000e+05	3.281499999999999773e+02
5.238000000000000000e+05	3.281499999999999773e+02
5.238000000000000000e+05	3.281499999999999773e+02
5.247000000000000000e+05	3.281499999999999773e+02
5.247000000000000000e+05	3.281499999999999773e+02
5.256000000000000000e+05	3.281499999999999773e+02
5.256000000000000000e+05	3.093048809125194225e+02
5.265000000000000000e+05	3.093048809125194225e+02
5.265000000000000000e+05	3.093048809125194225e+02
5.274000000000000000e+05	3.093048809125194225e+02
5.274000000000000000e+05	3.093048809125194225e+02
5.283000000000000000e+05	3.093048809125194225e+02
5.283000000000000000e+05	2.988258955906536585e+02
5.292000000000000000e+05	2.988258955906536585e+02
5.292000000000000000e+05	2.988730988542549198e+02
5.301000000000000000e+05	2.988730988542549198e+02
5.301000000000000000e+05	3.281499999999999773e+02
5.310000000000000000e+05	3.281499999999999773e+02
5.310000000000000000e+05	3.281499999999999773e+02
5.319000000000000000e+05	3.281499999999999773e+02
5.319000000000000000e+05	2.990848859377356348e+02
5.328000000000000000e+05	2.990848859377356348e+02
5.328000000000000000e+05	3.222679546822012639e+02
5.337000000000000000e+05	3.222679546822012639e+02
5.337000000000000000e+05	3.245631806167704667e+02
5.346000000000000000e+05	3.245631806167704667e+02
5.346000000000000000e+05	3.281499999999999773e+02
5.355000000000000000e+05	3.281499999999999773e+02
5.355000000000000000e+05	2.981499999999999773e+02
5.364000000000000000e+05	2.981499999999999773e+02
5.364000000000000000e+05	3.081534771101127603e+02
5.373000000000000000e+05	3.081534771101127603e+02
5.373000000000000000e+05	3.281499999999999773e+02
5.382000000000000000e+05	3.281499999999999773e+02
5.382000000000000000e+05	3.281500000000001478e+02
5.391000000000000000e+05	3.281500000000001478e+02
5.391000000000000000e+05	3.056086795390012867e+02
5.400000000000000000e+05	3.056086795390012867e+02
5.400000000000000000e+05	3.252772348664021251e+02
5.409000000000000000e+05	3.252772348664021251e+02
5.409000000000000000e+05	3.281499999999999773e+02
5.418000000000000000e+05	3.281499999999999773e+02
5.418000000000000000e+05	3.281499999999999773e+02
5.427000000000000000e+05	3.281499999999999773e+02
5.427000000000000000e+05	2.983333911661202933e+02
5.436000000000000000e+05	2.983333911661202933e+02
5.436000000000000000e+05	3.029602874389618705e+02
5.445000000000000000e+05	3.029602874389618705e+02
5.445000000000000000e+05	3.161132640210886962e+02
5.454000000000000000e+05	3.161132640210886962e+02
5.454000000000000000e+05	3.161132640210886962e+02
5.463000000000000000e+05	3.161132640210886962e+02
5.463000000000000000e+05	3.161132640210886962e+02
5.472000000000000000e+05	3.161132640210886962e+02
5.472000000000000000e+05	3.161132640210886962e+02
5.481000000000000000e+05	3.161132640210886962e+02
5.481000000000000000e+05	3.161132640210886962e+02
5.490000000000000000e+05	3.161132640210886962e+02
5.490000000000000000e+05	3.161132640210886962e+02
5.499000000000000000e+05	3.161132640210886962e+02
5.499000000000000000e+05	3.161132640210886962e+02
5.508000000000000000e+05	3.161132640210886962e+02
5.508000000000000000e+05	3.281499999999999773e+02
5.517000000000000000e+05	3.281499999999999773e+02
5.517000000000000000e+05	3.274167715225360666e+02
5.526000000000000000e+05	3.274167715225360666e+02
5.526000000000000000e+05	3.093048809125194225e+02
5.535000000000000000e+05	3.093048809125194225e+02
5.535000000000000000e+05	3.093048809125194225e+02
5.544000000000000000e+05	3.093048809125194225e+02
5.544000000000000000e+05	3.080441145271913115e+02
5.553000000000000000e+05	3.080441145271913115e+02
5.553000000000000000e+05	3.079120004040014464e+02
5.562000000000000000e+05	3.079120004040014464e+02
5.562000000000000000e+05	3.067414874920328884e+02
5.571000000000000000e+05	3.067414874920328884e+02
5.571000000000000000e+05	3.069993170810107586e+02
5.580000000000000000e+05	3.069993170810107586e+02
5.580000000000000000e+05	3.067405300493717846e+02
5.589000000000000000e+05	3.067405300493717846e+02
5.589000000000000000e+05	3.069003933285900416e+02
5.598000000000000000e+05	3.069003933285900416e+02
5.598000000000000000e+05	3.080994447827659997e+02
5.607000000000000000e+05	3.080994447827659997e+02
5.607000000000000000e+05	3.269918459890486133e+02
5.616000000000000000e+05	3.269918459890486133e+02
5.616000000000000000e+05	3.056400866764493003e+02
5.625000000000000000e+05	3.056400866764493003e+02
5.625000000000000000e+05	2.981499999999999204e+02
5.634000000000000000e+05	2.981499999999999204e+02
5.634000000000000000e+05	3.073418537646273876e+02
5.643000000000000000e+05	3.073418537646273876e+02
5.643000000000000000e+05	2.981499999999999773e+02
5.652000000000000000e+05	2.981499999999999773e+02
5.652000000000000000e+05	3.028725200307850969e+02
5.661000000000000000e+05	3.028725200307850969e+02
5.661000000000000000e+05	3.064605581444112090e+02
5.670000000000000000e+05	3.064605581444112090e+02
5.670000000000000000e+05	2.981499999999999773e+02
5.679000000000000000e+05	2.981499999999999773e+02
5.679000000000000000e+05	2.981499999999999773e+02
5.688000000000000000e+05	2.981499999999999773e+02
5.688000000000000000e+05	3.018846283401888400e+02
5.697000000000000000e+05	3.018846283401888400e+02
5.697000000000000000e+05	3.048875014446982732e+02
5.706000000000000000e+05	3.048875014446982732e+02
5.706000000000000000e+05	2.981499999999999773e+02
5.715000000000000000e+05	2.981499999999999773e+02
5.715000000000000000e+05	3.032562967157647336e+02
5.724000000000000000e+05	3.032562967157647336e+02
5.724000000000000000e+05	3.281499999999999773e+02
5.733000000000000000e+05	3.281499999999999773e+02
5.733000000000000000e+05	3.281499999999999773e+02
5.742000000000000000e+05	3.281499999999999773e+02
5.742000000000000000e+05	3.032334861722681012e+02
5.751000000000000000e+05	3.032334861722681012e+02
5.751000000000000000e+05	3.019066295029360845e+02
5.760000000000000000e+05	3.019066295029360845e+02
5.760000000000000000e+05	3.093048809125194225e+02
5.769000000000000000e+05	3.093048809125194225e+02
5.769000000000000000e+05	3.281499999999999773e+02
5.778000000000000000e+05	3.281499999999999773e+02
5.778000000000000000e+05	3.000313043218892517e+02
5.787000000000000000e+05	3.000313043218892517e+02
5.787000000000000000e+05	3.281499999999999773e+02
5.796000000000000000e+05	3.281499999999999773e+02
5.796000000000000000e+05	3.013079624747966818e+02
5.805000000000000000e+05	3.013079624747966818e+02
5.805000000000000000e+05	2.981499999999999773e+02
5.814000000000000000e+05	2.981499999999999773e+02
5.814000000000000000e+05	3.005357795373939780e+02
5.823000000000000000e+05	3.005357795373939780e+02
5.823000000000000000e+05	3.281499999999999773e+02
5.832000000000000000e+05	3.281499999999999773e+02
5.832000000000000000e+05	3.014413709662421184e+02
5.841000000000000000e+05	3.014413709662421184e+02
5.841000000000000000e+05	3.281499999999999773e+02
5.850000000000000000e+05	3.281499999999999773e+02
5.850000000000000000e+05	3.281499999999999773e+02
5.859000000000000000e+05	3.281499999999999773e+02
5.859000000000000000e+05	2.999522265818441156e+02
5.868000000000000000e+05	2.999522265818441156e+02
5.868000000000000000e+05	3.018725729927286920e+02
5.877000000000000000e+05	3.018725729927286920e+02
5.877000000000000000e+05	3.244845621080045248e+02
5.886000000000000000e+05	3.244845621080045248e+02
5.886000000000000000e+05	3.281499999999999773e+02
5.895000000000000000e+05	3.281499999999999773e+02
5.895000000000000000e+05	3.013551087165715785e+02
5.904000000000000000e+05	3.013551087165715785e+02
5.904000000000000000e+05	3.046711241110452875e+02
5.913000000000000000e+05	3.046711241110452875e+02
5.913000000000000000e+05	3.281499999999999773e+02
5.922000000000000000e+05	3.281499999999999773e+02
5.922000000000000000e+05	3.281499999999999773e+02
5.931000000000000000e+05	3.281499999999999773e+02
5.931000000000000000e+05	3.281499999999999773e+02
5.940000000000000000e+05	3.281499999999999773e+02
5.940000000000000000e+05	2.981499999999999773e+02
5.949000000000000000e+05	2.981499999999999773e+02
5.949000000000000000e+05	3.281499999999999773e+02
5.958000000000000000e+05	3.281499999999999773e+02
5.958000000000000000e+05	3.281499999999999773e+02
5.967000000000000000e+05	3.281499999999999773e+02
5.967000000000000000e+05	3.281499999999999773e+02
5.976000000000000000e+05	3.281499999999999773e+02
5.976000000000000000e+05	3.281499999999999773e+02
5.985000000000000000e+05	3.281499999999999773e+02
5.985000000000000000e+05	3.281499999999999773e+02
5.994000000000000000e+05	3.281499999999999773e+02
5.994000000000000000e+05	3.281499999999999773e+02
6.003000000000000000e+05	3.281499999999999773e+02
6.003000000000000000e+05	3.281499999999999773e+02
6.012000000000000000e+05	3.281499999999999773e+02
6.012000000000000000e+05	3.281499999999999773e+02
6.021000000000000000e+05	3.281499999999999773e+02
6.021000000000000000e+05	3.281499999999999773e+02
6.030000000000000000e+05	3.281499999999999773e+02
6.030000000000000000e+05	3.281499999999999773e+02
6.039000000000000000e+05	3.281499999999999773e+02
6.039000000000000000e+05	3.281499999999999773e+02
6.048000000000000000e+05	3.281499999999999773e+02
