# #1
# double t_TES(1344, 2)
0.000000000000000000e+00	3.031499999999999773e+02
9.000000000000000000e+02	3.031499999999999773e+02
9.000000000000000000e+02	2.997875033493480714e+02
1.800000000000000000e+03	2.997875033493480714e+02
1.800000000000000000e+03	2.992785146113785686e+02
2.700000000000000000e+03	2.992785146113785686e+02
2.700000000000000000e+03	2.981230971737700770e+02
3.600000000000000000e+03	2.981230971737700770e+02
3.600000000000000000e+03	2.954905898939427971e+02
4.500000000000000000e+03	2.954905898939427971e+02
4.500000000000000000e+03	2.941980962943165423e+02
5.400000000000000000e+03	2.941980962943165423e+02
5.400000000000000000e+03	2.923176265048628011e+02
6.300000000000000000e+03	2.923176265048628011e+02
6.300000000000000000e+03	2.973893434649897358e+02
7.200000000000000000e+03	2.973893434649897358e+02
7.200000000000000000e+03	2.950164715489014498e+02
8.100000000000000000e+03	2.950164715489014498e+02
8.100000000000000000e+03	2.978715205806211088e+02
9.000000000000000000e+03	2.978715205806211088e+02
9.000000000000000000e+03	2.948341168007042370e+02
9.900000000000000000e+03	2.948341168007042370e+02
9.900000000000000000e+03	2.979086392147853530e+02
1.080000000000000000e+04	2.979086392147853530e+02
1.080000000000000000e+04	2.936906847221050043e+02
1.170000000000000000e+04	2.936906847221050043e+02
1.170000000000000000e+04	2.993124382983784812e+02
1.260000000000000000e+04	2.993124382983784812e+02
1.260000000000000000e+04	2.974396508708541091e+02
1.350000000000000000e+04	2.974396508708541091e+02
1.350000000000000000e+04	2.966310836214481697e+02
1.440000000000000000e+04	2.966310836214481697e+02
1.440000000000000000e+04	2.925973128755060770e+02
1.530000000000000000e+04	2.925973128755060770e+02
1.530000000000000000e+04	2.985213685810283550e+02
1.620000000000000000e+04	2.985213685810283550e+02
1.620000000000000000e+04	2.989817773109273844e+02
1.710000000000000000e+04	2.989817773109273844e+02
1.710000000000000000e+04	3.004577258916529559e+02
1.800000000000000000e+04	3.004577258916529559e+02
1.800000000000000000e+04	2.974215376150423253e+02
1.890000000000000000e+04	2.974215376150423253e+02
1.890000000000000000e+04	2.955050984136746592e+02
1.980000000000000000e+04	2.955050984136746592e+02
1.980000000000000000e+04	2.946506335550049585e+02
2.070000000000000000e+04	2.946506335550049585e+02
2.070000000000000000e+04	2.934488647570748299e+02
2.160000000000000000e+04	2.934488647570748299e+02
2.160000000000000000e+04	2.931908435625945231e+02
2.250000000000000000e+04	2.931908435625945231e+02
2.250000000000000000e+04	2.925971999151059890e+02
2.340000000000000000e+04	2.925971999151059890e+02
2.340000000000000000e+04	2.911499999999998067e+02
2.430000000000000000e+04	2.911499999999998067e+02
2.430000000000000000e+04	2.917842634791210230e+02
2.520000000000000000e+04	2.917842634791210230e+02
2.520000000000000000e+04	2.945699868997269277e+02
2.610000000000000000e+04	2.945699868997269277e+02
2.610000000000000000e+04	3.004799799354681227e+02
2.700000000000000000e+04	3.004799799354681227e+02
2.700000000000000000e+04	3.042695465089904019e+02
2.790000000000000000e+04	3.042695465089904019e+02
2.790000000000000000e+04	3.067580628970170551e+02
2.880000000000000000e+04	3.067580628970170551e+02
2.880000000000000000e+04	3.039251113325551614e+02
2.970000000000000000e+04	3.039251113325551614e+02
2.970000000000000000e+04	3.066360929485113616e+02
3.060000000000000000e+04	3.066360929485113616e+02
3.060000000000000000e+04	3.068396913631693792e+02
3.150000000000000000e+04	3.068396913631693792e+02
3.150000000000000000e+04	3.075032501188911169e+02
3.240000000000000000e+04	3.075032501188911169e+02
3.240000000000000000e+04	3.073867292612907249e+02
3.330000000000000000e+04	3.073867292612907249e+02
3.330000000000000000e+04	3.086394808308214692e+02
3.420000000000000000e+04	3.086394808308214692e+02
3.420000000000000000e+04	3.047721489203341321e+02
3.510000000000000000e+04	3.047721489203341321e+02
3.510000000000000000e+04	3.055273892778361642e+02
3.600000000000000000e+04	3.055273892778361642e+02
3.600000000000000000e+04	3.056972964742003569e+02
3.690000000000000000e+04	3.056972964742003569e+02
3.690000000000000000e+04	3.014862615655243872e+02
3.780000000000000000e+04	3.014862615655243872e+02
3.780000000000000000e+04	3.005771355232341193e+02
3.870000000000000000e+04	3.005771355232341193e+02
3.870000000000000000e+04	3.009018272908447216e+02
3.960000000000000000e+04	3.009018272908447216e+02
3.960000000000000000e+04	2.999897494310906723e+02
4.050000000000000000e+04	2.999897494310906723e+02
4.050000000000000000e+04	2.975633979208233200e+02
4.140000000000000000e+04	2.975633979208233200e+02
4.140000000000000000e+04	3.006134513743349430e+02
4.230000000000000000e+04	3.006134513743349430e+02
4.230000000000000000e+04	2.986449370128241299e+02
4.320000000000000000e+04	2.986449370128241299e+02
4.320000000000000000e+04	2.957076496080692323e+02
4.410000000000000000e+04	2.957076496080692323e+02
4.410000000000000000e+04	3.012396565638970287e+02
4.500000000000000000e+04	3.012396565638970287e+02
4.500000000000000000e+04	2.973634624812257812e+02
4.590000000000000000e+04	2.973634624812257812e+02
4.590000000000000000e+04	2.961828771477013333e+02
4.680000000000000000e+04	2.961828771477013333e+02
4.680000000000000000e+04	2.944239351575172918e+02
4.770000000000000000e+04	2.944239351575172918e+02
4.770000000000000000e+04	2.992646602716122288e+02
4.860000000000000000e+04	2.992646602716122288e+02
4.860000000000000000e+04	2.987772612997846409e+02
4.950000000000000000e+04	2.987772612997846409e+02
4.950000000000000000e+04	2.980195192145942542e+02
5.040000000000000000e+04	2.980195192145942542e+02
5.040000000000000000e+04	2.954774353609100217e+02
5.130000000000000000e+04	2.954774353609100217e+02
5.130000000000000000e+04	2.947873443493522814e+02
5.220000000000000000e+04	2.947873443493522814e+02
5.220000000000000000e+04	2.938436622107768130e+02
5.310000000000000000e+04	2.938436622107768130e+02
5.310000000000000000e+04	2.971142589530460327e+02
5.400000000000000000e+04	2.971142589530460327e+02
5.400000000000000000e+04	2.968448465357215014e+02
5.490000000000000000e+04	2.968448465357215014e+02
5.490000000000000000e+04	2.958840064971832930e+02
5.580000000000000000e+04	2.958840064971832930e+02
5.580000000000000000e+04	2.962382177157787737e+02
5.670000000000000000e+04	2.962382177157787737e+02
5.670000000000000000e+04	2.955999124260520716e+02
5.760000000000000000e+04	2.955999124260520716e+02
5.760000000000000000e+04	2.948748485853100192e+02
5.850000000000000000e+04	2.948748485853100192e+02
5.850000000000000000e+04	2.982001935298903845e+02
5.940000000000000000e+04	2.982001935298903845e+02
5.940000000000000000e+04	2.975486157847589084e+02
6.030000000000000000e+04	2.975486157847589084e+02
6.030000000000000000e+04	2.970019885353015638e+02
6.120000000000000000e+04	2.970019885353015638e+02
6.120000000000000000e+04	2.942210638714861375e+02
6.210000000000000000e+04	2.942210638714861375e+02
6.210000000000000000e+04	2.939003191830930177e+02
6.300000000000000000e+04	2.939003191830930177e+02
6.300000000000000000e+04	2.923830082460203243e+02
6.390000000000000000e+04	2.923830082460203243e+02
6.390000000000000000e+04	2.917909194837226892e+02
6.480000000000000000e+04	2.917909194837226892e+02
6.480000000000000000e+04	2.963573373022893520e+02
6.570000000000000000e+04	2.963573373022893520e+02
6.570000000000000000e+04	2.995704535208642483e+02
6.660000000000000000e+04	2.995704535208642483e+02
6.660000000000000000e+04	2.956628314851779464e+02
6.750000000000000000e+04	2.956628314851779464e+02
6.750000000000000000e+04	2.993123729200623870e+02
6.840000000000000000e+04	2.993123729200623870e+02
6.840000000000000000e+04	2.956298758771931716e+02
6.930000000000000000e+04	2.956298758771931716e+02
6.930000000000000000e+04	2.947866682946932997e+02
7.020000000000000000e+04	2.947866682946932997e+02
7.020000000000000000e+04	2.949009579421572766e+02
7.110000000000000000e+04	2.949009579421572766e+02
7.110000000000000000e+04	2.938255608059021142e+02
7.200000000000000000e+04	2.938255608059021142e+02
7.200000000000000000e+04	2.937378338870707921e+02
7.290000000000000000e+04	2.937378338870707921e+02
7.290000000000000000e+04	2.998032965111282806e+02
7.380000000000000000e+04	2.998032965111282806e+02
7.380000000000000000e+04	2.987545195724135283e+02
7.470000000000000000e+04	2.987545195724135283e+02
7.470000000000000000e+04	2.956124426744627840e+02
7.560000000000000000e+04	2.956124426744627840e+02
7.560000000000000000e+04	2.959111055806357626e+02
7.650000000000000000e+04	2.959111055806357626e+02
7.650000000000000000e+04	2.949028834347770953e+02
7.740000000000000000e+04	2.949028834347770953e+02
7.740000000000000000e+04	2.931244209384906867e+02
7.830000000000000000e+04	2.931244209384906867e+02
7.830000000000000000e+04	2.922934648403073084e+02
7.920000000000000000e+04	2.922934648403073084e+02
7.920000000000000000e+04	2.935550381447274049e+02
8.010000000000000000e+04	2.935550381447274049e+02
8.010000000000000000e+04	2.932085438883975712e+02
8.100000000000000000e+04	2.932085438883975712e+02
8.100000000000000000e+04	2.944448398474906980e+02
8.190000000000000000e+04	2.944448398474906980e+02
8.190000000000000000e+04	2.947672007285734708e+02
8.280000000000000000e+04	2.947672007285734708e+02
8.280000000000000000e+04	2.930838497296870173e+02
8.370000000000000000e+04	2.930838497296870173e+02
8.370000000000000000e+04	2.930450797637425353e+02
8.460000000000000000e+04	2.930450797637425353e+02
8.460000000000000000e+04	2.940419722797645363e+02
8.550000000000000000e+04	2.940419722797645363e+02
8.550000000000000000e+04	2.943543216484847562e+02
8.640000000000000000e+04	2.943543216484847562e+02
8.640000000000000000e+04	2.928856761289340511e+02
8.730000000000000000e+04	2.928856761289340511e+02
8.730000000000000000e+04	2.928550111821174369e+02
8.820000000000000000e+04	2.928550111821174369e+02
8.820000000000000000e+04	2.938276121909607923e+02
8.910000000000000000e+04	2.938276121909607923e+02
8.910000000000000000e+04	2.941352269350084612e+02
9.000000000000000000e+04	2.941352269350084612e+02
9.000000000000000000e+04	2.926963296783545729e+02
9.090000000000000000e+04	2.926963296783545729e+02
9.090000000000000000e+04	2.927354586165209298e+02
9.180000000000000000e+04	2.927354586165209298e+02
9.180000000000000000e+04	2.936627490064453809e+02
9.270000000000000000e+04	2.936627490064453809e+02
9.270000000000000000e+04	2.939548987987317332e+02
9.360000000000000000e+04	2.939548987987317332e+02
9.360000000000000000e+04	2.938105957913937232e+02
9.450000000000000000e+04	2.938105957913937232e+02
9.450000000000000000e+04	2.980439302886113637e+02
9.540000000000000000e+04	2.980439302886113637e+02
9.540000000000000000e+04	2.964592199902033371e+02
9.630000000000000000e+04	2.964592199902033371e+02
9.630000000000000000e+04	2.959045824037862076e+02
9.720000000000000000e+04	2.959045824037862076e+02
9.720000000000000000e+04	2.930415812710034515e+02
9.810000000000000000e+04	2.930415812710034515e+02
9.810000000000000000e+04	2.955141387302406315e+02
9.900000000000000000e+04	2.955141387302406315e+02
9.900000000000000000e+04	2.953635671458752086e+02
9.990000000000000000e+04	2.953635671458752086e+02
9.990000000000000000e+04	2.951737728017335485e+02
1.008000000000000000e+05	2.951737728017335485e+02
1.008000000000000000e+05	2.944817770352512980e+02
1.017000000000000000e+05	2.944817770352512980e+02
1.017000000000000000e+05	2.935204782814019495e+02
1.026000000000000000e+05	2.935204782814019495e+02
1.026000000000000000e+05	2.917605747105060914e+02
1.035000000000000000e+05	2.917605747105060914e+02
1.035000000000000000e+05	2.911499999999999773e+02
1.044000000000000000e+05	2.911499999999999773e+02
1.044000000000000000e+05	2.925990113615189330e+02
1.053000000000000000e+05	2.925990113615189330e+02
1.053000000000000000e+05	2.979282061840232245e+02
1.062000000000000000e+05	2.979282061840232245e+02
1.062000000000000000e+05	2.969868023720658812e+02
1.071000000000000000e+05	2.969868023720658812e+02
1.071000000000000000e+05	2.944957881796697166e+02
1.080000000000000000e+05	2.944957881796697166e+02
1.080000000000000000e+05	2.963220627240848444e+02
1.089000000000000000e+05	2.963220627240848444e+02
1.089000000000000000e+05	2.950518925372297190e+02
1.098000000000000000e+05	2.950518925372297190e+02
1.098000000000000000e+05	2.944815824991349018e+02
1.107000000000000000e+05	2.944815824991349018e+02
1.107000000000000000e+05	2.934648312897853089e+02
1.116000000000000000e+05	2.934648312897853089e+02
1.116000000000000000e+05	2.966801847646179340e+02
1.125000000000000000e+05	2.966801847646179340e+02
1.125000000000000000e+05	3.019505028423075146e+02
1.134000000000000000e+05	3.019505028423075146e+02
1.134000000000000000e+05	3.054598213841720735e+02
1.143000000000000000e+05	3.054598213841720735e+02
1.143000000000000000e+05	3.077285355730408014e+02
1.152000000000000000e+05	3.077285355730408014e+02
1.152000000000000000e+05	3.046266224912192797e+02
1.161000000000000000e+05	3.046266224912192797e+02
1.161000000000000000e+05	3.070856292494715944e+02
1.170000000000000000e+05	3.070856292494715944e+02
1.170000000000000000e+05	3.072583075153146410e+02
1.179000000000000000e+05	3.072583075153146410e+02
1.179000000000000000e+05	3.078600463251192991e+02
1.188000000000000000e+05	3.078600463251192991e+02
1.188000000000000000e+05	3.076857871701687372e+02
1.197000000000000000e+05	3.076857871701687372e+02
1.197000000000000000e+05	3.024649225926548866e+02
1.206000000000000000e+05	3.024649225926548866e+02
1.206000000000000000e+05	3.058991685232180657e+02
1.215000000000000000e+05	3.058991685232180657e+02
1.215000000000000000e+05	3.016659707385061324e+02
1.224000000000000000e+05	3.016659707385061324e+02
1.224000000000000000e+05	3.006765230343814892e+02
1.233000000000000000e+05	3.006765230343814892e+02
1.233000000000000000e+05	3.042840910293743946e+02
1.242000000000000000e+05	3.042840910293743946e+02
1.242000000000000000e+05	3.018573206926818671e+02
1.251000000000000000e+05	3.018573206926818671e+02
1.251000000000000000e+05	3.026338327120006966e+02
1.260000000000000000e+05	3.026338327120006966e+02
1.260000000000000000e+05	2.997119713321554286e+02
1.269000000000000000e+05	2.997119713321554286e+02
1.269000000000000000e+05	3.010213604289693876e+02
1.278000000000000000e+05	3.010213604289693876e+02
1.278000000000000000e+05	2.991557483191353981e+02
1.287000000000000000e+05	2.991557483191353981e+02
1.287000000000000000e+05	2.987775746716458229e+02
1.296000000000000000e+05	2.987775746716458229e+02
1.296000000000000000e+05	2.990443374849928659e+02
1.305000000000000000e+05	2.990443374849928659e+02
1.305000000000000000e+05	2.970443125120098671e+02
1.314000000000000000e+05	2.970443125120098671e+02
1.314000000000000000e+05	2.965327973448339094e+02
1.323000000000000000e+05	2.965327973448339094e+02
1.323000000000000000e+05	2.987228980837341510e+02
1.332000000000000000e+05	2.987228980837341510e+02
1.332000000000000000e+05	2.963337167184382110e+02
1.341000000000000000e+05	2.963337167184382110e+02
1.341000000000000000e+05	2.991282937444559025e+02
1.350000000000000000e+05	2.991282937444559025e+02
1.350000000000000000e+05	2.977550371936268334e+02
1.359000000000000000e+05	2.977550371936268334e+02
1.359000000000000000e+05	3.003097866413210681e+02
1.368000000000000000e+05	3.003097866413210681e+02
1.368000000000000000e+05	2.977045602290838815e+02
1.377000000000000000e+05	2.977045602290838815e+02
1.377000000000000000e+05	2.965621151868468814e+02
1.386000000000000000e+05	2.965621151868468814e+02
1.386000000000000000e+05	3.024017824740125775e+02
1.395000000000000000e+05	3.024017824740125775e+02
1.395000000000000000e+05	2.999205298835642566e+02
1.404000000000000000e+05	2.999205298835642566e+02
1.404000000000000000e+05	2.964159649211587180e+02
1.413000000000000000e+05	2.964159649211587180e+02
1.413000000000000000e+05	2.954688371437732144e+02
1.422000000000000000e+05	2.954688371437732144e+02
1.422000000000000000e+05	2.958354336661883508e+02
1.431000000000000000e+05	2.958354336661883508e+02
1.431000000000000000e+05	2.950875352081951632e+02
1.440000000000000000e+05	2.950875352081951632e+02
1.440000000000000000e+05	2.944090772352813588e+02
1.449000000000000000e+05	2.944090772352813588e+02
1.449000000000000000e+05	2.940334996073918887e+02
1.458000000000000000e+05	2.940334996073918887e+02
1.458000000000000000e+05	2.936628087078606768e+02
1.467000000000000000e+05	2.936628087078606768e+02
1.467000000000000000e+05	2.932764497042003882e+02
1.476000000000000000e+05	2.932764497042003882e+02
1.476000000000000000e+05	2.935352555195953528e+02
1.485000000000000000e+05	2.935352555195953528e+02
1.485000000000000000e+05	2.933911818790529082e+02
1.494000000000000000e+05	2.933911818790529082e+02
1.494000000000000000e+05	2.919488946219877334e+02
1.503000000000000000e+05	2.919488946219877334e+02
1.503000000000000000e+05	2.957296466257074030e+02
1.512000000000000000e+05	2.957296466257074030e+02
1.512000000000000000e+05	2.959818600230205448e+02
1.521000000000000000e+05	2.959818600230205448e+02
1.521000000000000000e+05	2.950341196133061317e+02
1.530000000000000000e+05	2.950341196133061317e+02
1.530000000000000000e+05	2.959397494319266571e+02
1.539000000000000000e+05	2.959397494319266571e+02
1.539000000000000000e+05	2.949966359562047842e+02
1.548000000000000000e+05	2.949966359562047842e+02
1.548000000000000000e+05	2.940097402835219782e+02
1.557000000000000000e+05	2.940097402835219782e+02
1.557000000000000000e+05	3.000395035318803707e+02
1.566000000000000000e+05	3.000395035318803707e+02
1.566000000000000000e+05	2.995876807634183479e+02
1.575000000000000000e+05	2.995876807634183479e+02
1.575000000000000000e+05	2.975813473329646968e+02
1.584000000000000000e+05	2.975813473329646968e+02
1.584000000000000000e+05	2.962257318716071381e+02
1.593000000000000000e+05	2.962257318716071381e+02
1.593000000000000000e+05	2.951741697984444386e+02
1.602000000000000000e+05	2.951741697984444386e+02
1.602000000000000000e+05	2.933797490347560029e+02
1.611000000000000000e+05	2.933797490347560029e+02
1.611000000000000000e+05	2.925354711908620402e+02
1.620000000000000000e+05	2.925354711908620402e+02
1.620000000000000000e+05	2.937927107274381910e+02
1.629000000000000000e+05	2.937927107274381910e+02
1.629000000000000000e+05	2.934400555214240285e+02
1.638000000000000000e+05	2.934400555214240285e+02
1.638000000000000000e+05	2.962227135504516582e+02
1.647000000000000000e+05	2.962227135504516582e+02
1.647000000000000000e+05	2.936453080842528038e+02
1.656000000000000000e+05	2.936453080842528038e+02
1.656000000000000000e+05	2.947838167180748314e+02
1.665000000000000000e+05	2.947838167180748314e+02
1.665000000000000000e+05	2.941082271156299726e+02
1.674000000000000000e+05	2.941082271156299726e+02
1.674000000000000000e+05	2.952190053814677526e+02
1.683000000000000000e+05	2.952190053814677526e+02
1.683000000000000000e+05	2.954269283616347366e+02
1.692000000000000000e+05	2.954269283616347366e+02
1.692000000000000000e+05	2.938811137185518874e+02
1.701000000000000000e+05	2.938811137185518874e+02
1.701000000000000000e+05	2.938393819693893647e+02
1.710000000000000000e+05	2.938393819693893647e+02
1.710000000000000000e+05	2.945792565773391516e+02
1.719000000000000000e+05	2.945792565773391516e+02
1.719000000000000000e+05	2.948018323293947560e+02
1.728000000000000000e+05	2.948018323293947560e+02
1.728000000000000000e+05	2.936300240946790154e+02
1.737000000000000000e+05	2.936300240946790154e+02
1.737000000000000000e+05	2.935884903304811928e+02
1.746000000000000000e+05	2.935884903304811928e+02
1.746000000000000000e+05	2.943423821745128635e+02
1.755000000000000000e+05	2.943423821745128635e+02
1.755000000000000000e+05	2.945768917729523650e+02
1.764000000000000000e+05	2.945768917729523650e+02
1.764000000000000000e+05	2.934033283080632941e+02
1.773000000000000000e+05	2.934033283080632941e+02
1.773000000000000000e+05	2.934333616009256502e+02
1.782000000000000000e+05	2.934333616009256502e+02
1.782000000000000000e+05	2.941797899251437229e+02
1.791000000000000000e+05	2.941797899251437229e+02
1.791000000000000000e+05	2.944831145618117603e+02
1.800000000000000000e+05	2.944831145618117603e+02
1.800000000000000000e+05	2.950484435911112655e+02
1.809000000000000000e+05	2.950484435911112655e+02
1.809000000000000000e+05	2.948900736159046687e+02
1.818000000000000000e+05	2.948900736159046687e+02
1.818000000000000000e+05	2.949977909915475038e+02
1.827000000000000000e+05	2.949977909915475038e+02
1.827000000000000000e+05	2.949848708164153095e+02
1.836000000000000000e+05	2.949848708164153095e+02
1.836000000000000000e+05	2.945517325864087184e+02
1.845000000000000000e+05	2.945517325864087184e+02
1.845000000000000000e+05	2.944736471168330922e+02
1.854000000000000000e+05	2.944736471168330922e+02
1.854000000000000000e+05	2.946273545404488345e+02
1.863000000000000000e+05	2.946273545404488345e+02
1.863000000000000000e+05	2.946548509411820191e+02
1.872000000000000000e+05	2.946548509411820191e+02
1.872000000000000000e+05	2.941918391129710812e+02
1.881000000000000000e+05	2.941918391129710812e+02
1.881000000000000000e+05	2.941921217917142144e+02
1.890000000000000000e+05	2.941921217917142144e+02
1.890000000000000000e+05	2.925124362166617402e+02
1.899000000000000000e+05	2.925124362166617402e+02
1.899000000000000000e+05	2.920239856355629513e+02
1.908000000000000000e+05	2.920239856355629513e+02
1.908000000000000000e+05	2.955697144470487387e+02
1.917000000000000000e+05	2.955697144470487387e+02
1.917000000000000000e+05	2.947575907611624757e+02
1.926000000000000000e+05	2.947575907611624757e+02
1.926000000000000000e+05	2.961802294838627745e+02
1.935000000000000000e+05	2.961802294838627745e+02
1.935000000000000000e+05	2.959117332238608924e+02
1.944000000000000000e+05	2.959117332238608924e+02
1.944000000000000000e+05	2.965518349481667997e+02
1.953000000000000000e+05	2.965518349481667997e+02
1.953000000000000000e+05	2.959441297470615950e+02
1.962000000000000000e+05	2.959441297470615950e+02
1.962000000000000000e+05	2.956816113111552227e+02
1.971000000000000000e+05	2.956816113111552227e+02
1.971000000000000000e+05	2.954686575143221603e+02
1.980000000000000000e+05	2.954686575143221603e+02
1.980000000000000000e+05	2.950905552069106079e+02
1.989000000000000000e+05	2.950905552069106079e+02
1.989000000000000000e+05	2.948336740917155225e+02
1.998000000000000000e+05	2.948336740917155225e+02
1.998000000000000000e+05	3.012585372171483300e+02
2.007000000000000000e+05	3.012585372171483300e+02
2.007000000000000000e+05	3.046612781631197322e+02
2.016000000000000000e+05	3.046612781631197322e+02
2.016000000000000000e+05	3.037103596205565736e+02
2.025000000000000000e+05	3.037103596205565736e+02
2.025000000000000000e+05	3.071536178393148475e+02
2.034000000000000000e+05	3.071536178393148475e+02
2.034000000000000000e+05	3.068004872861390595e+02
2.043000000000000000e+05	3.068004872861390595e+02
2.043000000000000000e+05	3.057885532813351119e+02
2.052000000000000000e+05	3.057885532813351119e+02
2.052000000000000000e+05	3.063177749364522242e+02
2.061000000000000000e+05	3.063177749364522242e+02
2.061000000000000000e+05	3.016323128041577775e+02
2.070000000000000000e+05	3.016323128041577775e+02
2.070000000000000000e+05	3.023299798637742697e+02
2.079000000000000000e+05	3.023299798637742697e+02
2.079000000000000000e+05	3.019150331943462220e+02
2.088000000000000000e+05	3.019150331943462220e+02
2.088000000000000000e+05	3.015278787461388674e+02
2.097000000000000000e+05	3.015278787461388674e+02
2.097000000000000000e+05	2.985411674365613521e+02
2.106000000000000000e+05	2.985411674365613521e+02
2.106000000000000000e+05	3.000022849885618257e+02
2.115000000000000000e+05	3.000022849885618257e+02
2.115000000000000000e+05	3.002258371776979402e+02
2.124000000000000000e+05	3.002258371776979402e+02
2.124000000000000000e+05	3.002297623776006503e+02
2.133000000000000000e+05	3.002297623776006503e+02
2.133000000000000000e+05	3.005216255641432213e+02
2.142000000000000000e+05	3.005216255641432213e+02
2.142000000000000000e+05	3.020907328189040300e+02
2.151000000000000000e+05	3.020907328189040300e+02
2.151000000000000000e+05	3.045654309599455587e+02
2.160000000000000000e+05	3.045654309599455587e+02
2.160000000000000000e+05	2.997651558521869788e+02
2.169000000000000000e+05	2.997651558521869788e+02
2.169000000000000000e+05	2.976055759152211522e+02
2.178000000000000000e+05	2.976055759152211522e+02
2.178000000000000000e+05	2.982045225599693481e+02
2.187000000000000000e+05	2.982045225599693481e+02
2.187000000000000000e+05	2.999868792245823101e+02
2.196000000000000000e+05	2.999868792245823101e+02
2.196000000000000000e+05	2.993772811944383534e+02
2.205000000000000000e+05	2.993772811944383534e+02
2.205000000000000000e+05	2.977438960215017119e+02
2.214000000000000000e+05	2.977438960215017119e+02
2.214000000000000000e+05	2.975712409320993288e+02
2.223000000000000000e+05	2.975712409320993288e+02
2.223000000000000000e+05	2.961975314957700789e+02
2.232000000000000000e+05	2.961975314957700789e+02
2.232000000000000000e+05	2.954603778054977283e+02
2.241000000000000000e+05	2.954603778054977283e+02
2.241000000000000000e+05	2.990289814399145030e+02
2.250000000000000000e+05	2.990289814399145030e+02
2.250000000000000000e+05	2.973393816984456066e+02
2.259000000000000000e+05	2.973393816984456066e+02
2.259000000000000000e+05	2.963827733975918477e+02
2.268000000000000000e+05	2.963827733975918477e+02
2.268000000000000000e+05	2.947545251669441768e+02
2.277000000000000000e+05	2.947545251669441768e+02
2.277000000000000000e+05	2.968019978629726552e+02
2.286000000000000000e+05	2.968019978629726552e+02
2.286000000000000000e+05	2.941192134508642084e+02
2.295000000000000000e+05	2.941192134508642084e+02
2.295000000000000000e+05	2.935001023461649083e+02
2.304000000000000000e+05	2.935001023461649083e+02
2.304000000000000000e+05	2.942048682153344430e+02
2.313000000000000000e+05	2.942048682153344430e+02
2.313000000000000000e+05	2.938202739177640410e+02
2.322000000000000000e+05	2.938202739177640410e+02
2.322000000000000000e+05	2.953496072667747399e+02
2.331000000000000000e+05	2.953496072667747399e+02
2.331000000000000000e+05	2.983252331870516514e+02
2.340000000000000000e+05	2.983252331870516514e+02
2.340000000000000000e+05	2.949092934118920084e+02
2.349000000000000000e+05	2.949092934118920084e+02
2.349000000000000000e+05	2.983431657951907141e+02
2.358000000000000000e+05	2.983431657951907141e+02
2.358000000000000000e+05	2.957974972115550258e+02
2.367000000000000000e+05	2.957974972115550258e+02
2.367000000000000000e+05	2.981989890199999991e+02
2.376000000000000000e+05	2.981989890199999991e+02
2.376000000000000000e+05	2.979510616900215041e+02
2.385000000000000000e+05	2.979510616900215041e+02
2.385000000000000000e+05	2.961681717329954608e+02
2.394000000000000000e+05	2.961681717329954608e+02
2.394000000000000000e+05	2.985923525740465720e+02
2.403000000000000000e+05	2.985923525740465720e+02
2.403000000000000000e+05	2.970064367906488769e+02
2.412000000000000000e+05	2.970064367906488769e+02
2.412000000000000000e+05	2.954657948699866097e+02
2.421000000000000000e+05	2.954657948699866097e+02
2.421000000000000000e+05	3.000009141321934294e+02
2.430000000000000000e+05	3.000009141321934294e+02
2.430000000000000000e+05	2.998272437237898771e+02
2.439000000000000000e+05	2.998272437237898771e+02
2.439000000000000000e+05	2.983878171546364229e+02
2.448000000000000000e+05	2.983878171546364229e+02
2.448000000000000000e+05	2.964089353190319116e+02
2.457000000000000000e+05	2.964089353190319116e+02
2.457000000000000000e+05	2.953133463170909749e+02
2.466000000000000000e+05	2.953133463170909749e+02
2.466000000000000000e+05	2.934962279945676755e+02
2.475000000000000000e+05	2.934962279945676755e+02
2.475000000000000000e+05	2.926326709377227075e+02
2.484000000000000000e+05	2.926326709377227075e+02
2.484000000000000000e+05	2.938551832628645002e+02
2.493000000000000000e+05	2.938551832628645002e+02
2.493000000000000000e+05	2.934844951401082653e+02
2.502000000000000000e+05	2.934844951401082653e+02
2.502000000000000000e+05	2.919536960366079938e+02
2.511000000000000000e+05	2.919536960366079938e+02
2.511000000000000000e+05	2.913509500837201927e+02
2.520000000000000000e+05	2.913509500837201927e+02
2.520000000000000000e+05	2.929339925008640648e+02
2.529000000000000000e+05	2.929339925008640648e+02
2.529000000000000000e+05	2.927892736304185632e+02
2.538000000000000000e+05	2.927892736304185632e+02
2.538000000000000000e+05	2.941052892580266871e+02
2.547000000000000000e+05	2.941052892580266871e+02
2.547000000000000000e+05	2.945014791150427982e+02
2.556000000000000000e+05	2.945014791150427982e+02
2.556000000000000000e+05	2.927241611821991114e+02
2.565000000000000000e+05	2.927241611821991114e+02
2.565000000000000000e+05	2.927024864560181641e+02
2.574000000000000000e+05	2.927024864560181641e+02
2.574000000000000000e+05	2.938802863807861740e+02
2.583000000000000000e+05	2.938802863807861740e+02
2.583000000000000000e+05	2.942581798352939018e+02
2.592000000000000000e+05	2.942581798352939018e+02
2.592000000000000000e+05	2.925931176087670451e+02
2.601000000000000000e+05	2.925931176087670451e+02
2.601000000000000000e+05	2.925732619677676780e+02
2.610000000000000000e+05	2.925732619677676780e+02
2.610000000000000000e+05	2.937164536251444247e+02
2.619000000000000000e+05	2.937164536251444247e+02
2.619000000000000000e+05	2.940844242863785780e+02
2.628000000000000000e+05	2.940844242863785780e+02
2.628000000000000000e+05	2.924587487274445721e+02
2.637000000000000000e+05	2.924587487274445721e+02
2.637000000000000000e+05	2.967431792026291646e+02
2.646000000000000000e+05	2.967431792026291646e+02
2.646000000000000000e+05	2.958803823872394787e+02
2.655000000000000000e+05	2.958803823872394787e+02
2.655000000000000000e+05	2.955792473312694710e+02
2.664000000000000000e+05	2.955792473312694710e+02
2.664000000000000000e+05	2.954521500403625964e+02
2.673000000000000000e+05	2.954521500403625964e+02
2.673000000000000000e+05	2.952032250451622417e+02
2.682000000000000000e+05	2.952032250451622417e+02
2.682000000000000000e+05	2.951179264187834406e+02
2.691000000000000000e+05	2.951179264187834406e+02
2.691000000000000000e+05	2.950296048967796878e+02
2.700000000000000000e+05	2.950296048967796878e+02
2.700000000000000000e+05	2.947183352671657417e+02
2.709000000000000000e+05	2.947183352671657417e+02
2.709000000000000000e+05	2.945758894048018419e+02
2.718000000000000000e+05	2.945758894048018419e+02
2.718000000000000000e+05	2.946346510014435012e+02
2.727000000000000000e+05	2.946346510014435012e+02
2.727000000000000000e+05	2.946169433934650783e+02
2.736000000000000000e+05	2.946169433934650783e+02
2.736000000000000000e+05	2.942326621266704478e+02
2.745000000000000000e+05	2.942326621266704478e+02
2.745000000000000000e+05	2.974190953729266766e+02
2.754000000000000000e+05	2.974190953729266766e+02
2.754000000000000000e+05	2.961824208602811268e+02
2.763000000000000000e+05	2.961824208602811268e+02
2.763000000000000000e+05	2.954821445673301241e+02
2.772000000000000000e+05	2.954821445673301241e+02
2.772000000000000000e+05	2.956333582911400413e+02
2.781000000000000000e+05	2.956333582911400413e+02
2.781000000000000000e+05	2.944402651799521777e+02
2.790000000000000000e+05	2.944402651799521777e+02
2.790000000000000000e+05	2.953506800278164519e+02
2.799000000000000000e+05	2.953506800278164519e+02
2.799000000000000000e+05	2.967725773270994978e+02
2.808000000000000000e+05	2.967725773270994978e+02
2.808000000000000000e+05	2.950250429072556244e+02
2.817000000000000000e+05	2.950250429072556244e+02
2.817000000000000000e+05	2.943688253380713036e+02
2.826000000000000000e+05	2.943688253380713036e+02
2.826000000000000000e+05	2.943147609678489971e+02
2.835000000000000000e+05	2.943147609678489971e+02
2.835000000000000000e+05	2.940232498890314332e+02
2.844000000000000000e+05	2.940232498890314332e+02
2.844000000000000000e+05	2.936757123959197884e+02
2.853000000000000000e+05	2.936757123959197884e+02
2.853000000000000000e+05	2.999415424005619002e+02
2.862000000000000000e+05	2.999415424005619002e+02
2.862000000000000000e+05	3.038795941563153633e+02
2.871000000000000000e+05	3.038795941563153633e+02
2.871000000000000000e+05	3.064722348229688578e+02
2.880000000000000000e+05	3.064722348229688578e+02
2.880000000000000000e+05	3.052611661058575692e+02
2.889000000000000000e+05	3.052611661058575692e+02
2.889000000000000000e+05	3.081585885419206647e+02
2.898000000000000000e+05	3.081585885419206647e+02
2.898000000000000000e+05	3.076303755758662533e+02
2.907000000000000000e+05	3.076303755758662533e+02
2.907000000000000000e+05	3.016830161162262698e+02
2.916000000000000000e+05	3.016830161162262698e+02
2.916000000000000000e+05	3.028658397379192024e+02
2.925000000000000000e+05	3.028658397379192024e+02
2.925000000000000000e+05	2.993733282534833506e+02
2.934000000000000000e+05	2.993733282534833506e+02
2.934000000000000000e+05	2.994962938257360747e+02
2.943000000000000000e+05	2.994962938257360747e+02
2.943000000000000000e+05	2.988166749070944093e+02
2.952000000000000000e+05	2.988166749070944093e+02
2.952000000000000000e+05	2.966528506006497423e+02
2.961000000000000000e+05	2.966528506006497423e+02
2.961000000000000000e+05	3.020008922243861775e+02
2.970000000000000000e+05	3.020008922243861775e+02
2.970000000000000000e+05	3.030959224263590386e+02
2.979000000000000000e+05	3.030959224263590386e+02
2.979000000000000000e+05	3.045616684620518981e+02
2.988000000000000000e+05	3.045616684620518981e+02
2.988000000000000000e+05	3.045180421530095600e+02
2.997000000000000000e+05	3.045180421530095600e+02
2.997000000000000000e+05	3.004892367873329135e+02
3.006000000000000000e+05	3.004892367873329135e+02
3.006000000000000000e+05	3.032528300124623115e+02
3.015000000000000000e+05	3.032528300124623115e+02
3.015000000000000000e+05	3.003498456308668096e+02
3.024000000000000000e+05	3.003498456308668096e+02
3.024000000000000000e+05	2.995313566423266707e+02
3.033000000000000000e+05	2.995313566423266707e+02
3.033000000000000000e+05	3.006853823319169692e+02
3.042000000000000000e+05	3.006853823319169692e+02
3.042000000000000000e+05	2.983566810704085697e+02
3.051000000000000000e+05	2.983566810704085697e+02
3.051000000000000000e+05	2.998809951252801511e+02
3.060000000000000000e+05	2.998809951252801511e+02
3.060000000000000000e+05	2.966115672117194890e+02
3.069000000000000000e+05	2.966115672117194890e+02
3.069000000000000000e+05	2.993020657079254647e+02
3.078000000000000000e+05	2.993020657079254647e+02
3.078000000000000000e+05	3.003113171116198146e+02
3.087000000000000000e+05	3.003113171116198146e+02
3.087000000000000000e+05	3.058710159965535240e+02
3.096000000000000000e+05	3.058710159965535240e+02
3.096000000000000000e+05	2.993878141918679603e+02
3.105000000000000000e+05	2.993878141918679603e+02
3.105000000000000000e+05	2.975028172233037935e+02
3.114000000000000000e+05	2.975028172233037935e+02
3.114000000000000000e+05	2.981759895132881866e+02
3.123000000000000000e+05	2.981759895132881866e+02
3.123000000000000000e+05	2.977644902627750412e+02
3.132000000000000000e+05	2.977644902627750412e+02
3.132000000000000000e+05	2.955910947047430000e+02
3.141000000000000000e+05	2.955910947047430000e+02
3.141000000000000000e+05	2.948172568590811125e+02
3.150000000000000000e+05	2.948172568590811125e+02
3.150000000000000000e+05	2.942931931988257475e+02
3.159000000000000000e+05	2.942931931988257475e+02
3.159000000000000000e+05	2.935722962738782371e+02
3.168000000000000000e+05	2.935722962738782371e+02
3.168000000000000000e+05	2.938886704374038459e+02
3.177000000000000000e+05	2.938886704374038459e+02
3.177000000000000000e+05	2.936328618717686822e+02
3.186000000000000000e+05	2.936328618717686822e+02
3.186000000000000000e+05	2.921505075290106106e+02
3.195000000000000000e+05	2.921505075290106106e+02
3.195000000000000000e+05	2.915941604547346628e+02
3.204000000000000000e+05	2.915941604547346628e+02
3.204000000000000000e+05	2.932735692297790706e+02
3.213000000000000000e+05	2.932735692297790706e+02
3.213000000000000000e+05	2.995724923440520229e+02
3.222000000000000000e+05	2.995724923440520229e+02
3.222000000000000000e+05	2.952092395753075493e+02
3.231000000000000000e+05	2.952092395753075493e+02
3.231000000000000000e+05	2.937136323802300808e+02
3.240000000000000000e+05	2.937136323802300808e+02
3.240000000000000000e+05	2.983216794478028646e+02
3.249000000000000000e+05	2.983216794478028646e+02
3.249000000000000000e+05	3.006608140914356682e+02
3.258000000000000000e+05	3.006608140914356682e+02
3.258000000000000000e+05	3.019820631760107972e+02
3.267000000000000000e+05	3.019820631760107972e+02
3.267000000000000000e+05	3.003043321324961425e+02
3.276000000000000000e+05	3.003043321324961425e+02
3.276000000000000000e+05	2.965791488337576993e+02
3.285000000000000000e+05	2.965791488337576993e+02
3.285000000000000000e+05	2.954437371579845717e+02
3.294000000000000000e+05	2.954437371579845717e+02
3.294000000000000000e+05	2.992374449277411941e+02
3.303000000000000000e+05	2.992374449277411941e+02
3.303000000000000000e+05	2.961947816316420017e+02
3.312000000000000000e+05	2.961947816316420017e+02
3.312000000000000000e+05	2.970381880543416742e+02
3.321000000000000000e+05	2.970381880543416742e+02
3.321000000000000000e+05	2.956051464050053710e+02
3.330000000000000000e+05	2.956051464050053710e+02
3.330000000000000000e+05	2.937373102161787983e+02
3.339000000000000000e+05	2.937373102161787983e+02
3.339000000000000000e+05	2.928252298399232814e+02
3.348000000000000000e+05	2.928252298399232814e+02
3.348000000000000000e+05	2.940456665841160770e+02
3.357000000000000000e+05	2.940456665841160770e+02
3.357000000000000000e+05	2.936136682759964174e+02
3.366000000000000000e+05	2.936136682759964174e+02
3.366000000000000000e+05	2.920592771010817046e+02
3.375000000000000000e+05	2.920592771010817046e+02
3.375000000000000000e+05	2.914350165846524305e+02
3.384000000000000000e+05	2.914350165846524305e+02
3.384000000000000000e+05	2.929883543349096158e+02
3.393000000000000000e+05	2.929883543349096158e+02
3.393000000000000000e+05	2.928249849601666028e+02
3.402000000000000000e+05	2.928249849601666028e+02
3.402000000000000000e+05	2.941340028065282581e+02
3.411000000000000000e+05	2.941340028065282581e+02
3.411000000000000000e+05	2.945239369170346322e+02
3.420000000000000000e+05	2.945239369170346322e+02
3.420000000000000000e+05	2.927572102023925709e+02
3.429000000000000000e+05	2.927572102023925709e+02
3.429000000000000000e+05	2.927344206520986631e+02
3.438000000000000000e+05	2.927344206520986631e+02
3.438000000000000000e+05	2.938973122786714498e+02
3.447000000000000000e+05	2.938973122786714498e+02
3.447000000000000000e+05	2.942703985943287535e+02
3.456000000000000000e+05	2.942703985943287535e+02
3.456000000000000000e+05	2.926228931209619759e+02
3.465000000000000000e+05	2.926228931209619759e+02
3.465000000000000000e+05	2.926027251593113760e+02
3.474000000000000000e+05	2.926027251593113760e+02
3.474000000000000000e+05	2.937350478576287856e+02
3.483000000000000000e+05	2.937350478576287856e+02
3.483000000000000000e+05	2.940998417300916117e+02
3.492000000000000000e+05	2.940998417300916117e+02
3.492000000000000000e+05	2.924878972159737600e+02
3.501000000000000000e+05	2.924878972159737600e+02
3.501000000000000000e+05	2.925375180774587989e+02
3.510000000000000000e+05	2.925375180774587989e+02
3.510000000000000000e+05	2.936885941883640498e+02
3.519000000000000000e+05	2.936885941883640498e+02
3.519000000000000000e+05	2.940030496798382842e+02
3.528000000000000000e+05	2.940030496798382842e+02
3.528000000000000000e+05	2.931601332875218304e+02
3.537000000000000000e+05	2.931601332875218304e+02
3.537000000000000000e+05	2.931033498818848102e+02
3.546000000000000000e+05	2.931033498818848102e+02
3.546000000000000000e+05	2.938716571260392811e+02
3.555000000000000000e+05	2.938716571260392811e+02
3.555000000000000000e+05	2.941056990686994936e+02
3.564000000000000000e+05	2.941056990686994936e+02
3.564000000000000000e+05	2.929169315984707964e+02
3.573000000000000000e+05	2.929169315984707964e+02
3.573000000000000000e+05	2.971830177920040228e+02
3.582000000000000000e+05	2.971830177920040228e+02
3.582000000000000000e+05	2.959772464586307592e+02
3.591000000000000000e+05	2.959772464586307592e+02
3.591000000000000000e+05	2.955586945421889027e+02
3.600000000000000000e+05	2.955586945421889027e+02
3.600000000000000000e+05	2.926887570847962934e+02
3.609000000000000000e+05	2.926887570847962934e+02
3.609000000000000000e+05	2.954417009482751268e+02
3.618000000000000000e+05	2.954417009482751268e+02
3.618000000000000000e+05	2.953907046149910798e+02
3.627000000000000000e+05	2.953907046149910798e+02
3.627000000000000000e+05	2.945933220041480922e+02
3.636000000000000000e+05	2.945933220041480922e+02
3.636000000000000000e+05	2.934409468426488843e+02
3.645000000000000000e+05	2.934409468426488843e+02
3.645000000000000000e+05	2.928070080924806007e+02
3.654000000000000000e+05	2.928070080924806007e+02
3.654000000000000000e+05	2.911755482789637313e+02
3.663000000000000000e+05	2.911755482789637313e+02
3.663000000000000000e+05	2.911499999999999773e+02
3.672000000000000000e+05	2.911499999999999773e+02
3.672000000000000000e+05	2.922213702171263776e+02
3.681000000000000000e+05	2.922213702171263776e+02
3.681000000000000000e+05	2.918992258462307632e+02
3.690000000000000000e+05	2.918992258462307632e+02
3.690000000000000000e+05	2.911499999999999773e+02
3.699000000000000000e+05	2.911499999999999773e+02
3.699000000000000000e+05	2.927772584135915963e+02
3.708000000000000000e+05	2.927772584135915963e+02
3.708000000000000000e+05	2.945064868938711697e+02
3.717000000000000000e+05	2.945064868938711697e+02
3.717000000000000000e+05	3.004824092859744837e+02
3.726000000000000000e+05	3.004824092859744837e+02
3.726000000000000000e+05	3.042988045687887961e+02
3.735000000000000000e+05	3.042988045687887961e+02
3.735000000000000000e+05	3.068013156925848079e+02
3.744000000000000000e+05	3.068013156925848079e+02
3.744000000000000000e+05	3.038624134247923507e+02
3.753000000000000000e+05	3.038624134247923507e+02
3.753000000000000000e+05	3.065782997603424178e+02
3.762000000000000000e+05	3.065782997603424178e+02
3.762000000000000000e+05	3.068425897966700973e+02
3.771000000000000000e+05	3.068425897966700973e+02
3.771000000000000000e+05	3.075290402157058907e+02
3.780000000000000000e+05	3.075290402157058907e+02
3.780000000000000000e+05	3.065131082057413323e+02
3.789000000000000000e+05	3.065131082057413323e+02
3.789000000000000000e+05	3.017645020876700528e+02
3.798000000000000000e+05	3.017645020876700528e+02
3.798000000000000000e+05	2.987414641993516398e+02
3.807000000000000000e+05	2.987414641993516398e+02
3.807000000000000000e+05	3.031825873308672499e+02
3.816000000000000000e+05	3.031825873308672499e+02
3.816000000000000000e+05	3.026619133961715988e+02
3.825000000000000000e+05	3.026619133961715988e+02
3.825000000000000000e+05	3.030301229588372394e+02
3.834000000000000000e+05	3.030301229588372394e+02
3.834000000000000000e+05	2.994738166167681470e+02
3.843000000000000000e+05	2.994738166167681470e+02
3.843000000000000000e+05	3.003476612097823590e+02
3.852000000000000000e+05	3.003476612097823590e+02
3.852000000000000000e+05	2.998303353598903982e+02
3.861000000000000000e+05	2.998303353598903982e+02
3.861000000000000000e+05	3.004162682808365048e+02
3.870000000000000000e+05	3.004162682808365048e+02
3.870000000000000000e+05	2.973038469485928772e+02
3.879000000000000000e+05	2.973038469485928772e+02
3.879000000000000000e+05	2.982265381202890353e+02
3.888000000000000000e+05	2.982265381202890353e+02
3.888000000000000000e+05	2.978202375353896514e+02
3.897000000000000000e+05	2.978202375353896514e+02
3.897000000000000000e+05	3.011383215170969265e+02
3.906000000000000000e+05	3.011383215170969265e+02
3.906000000000000000e+05	2.980593255522936147e+02
3.915000000000000000e+05	2.980593255522936147e+02
3.915000000000000000e+05	2.990967756713878885e+02
3.924000000000000000e+05	2.990967756713878885e+02
3.924000000000000000e+05	2.993573359726546528e+02
3.933000000000000000e+05	2.993573359726546528e+02
3.933000000000000000e+05	2.971845728074524686e+02
3.942000000000000000e+05	2.971845728074524686e+02
3.942000000000000000e+05	2.960689829587032591e+02
3.951000000000000000e+05	2.960689829587032591e+02
3.951000000000000000e+05	2.972064888044349686e+02
3.960000000000000000e+05	2.972064888044349686e+02
3.960000000000000000e+05	2.970793681971744604e+02
3.969000000000000000e+05	2.970793681971744604e+02
3.969000000000000000e+05	2.957758000276777466e+02
3.978000000000000000e+05	2.957758000276777466e+02
3.978000000000000000e+05	2.987425996206748096e+02
3.987000000000000000e+05	2.987425996206748096e+02
3.987000000000000000e+05	3.021924134001461653e+02
3.996000000000000000e+05	3.021924134001461653e+02
3.996000000000000000e+05	2.966238216050386427e+02
4.005000000000000000e+05	2.966238216050386427e+02
4.005000000000000000e+05	2.955328057788244109e+02
4.014000000000000000e+05	2.955328057788244109e+02
4.014000000000000000e+05	2.943663562498865076e+02
4.023000000000000000e+05	2.943663562498865076e+02
4.023000000000000000e+05	2.930826794644868301e+02
4.032000000000000000e+05	2.930826794644868301e+02
4.032000000000000000e+05	2.941408624396730715e+02
4.041000000000000000e+05	2.941408624396730715e+02
4.041000000000000000e+05	2.980900804386457139e+02
4.050000000000000000e+05	2.980900804386457139e+02
4.050000000000000000e+05	2.973461666994356278e+02
4.059000000000000000e+05	2.973461666994356278e+02
4.059000000000000000e+05	2.970124920394438846e+02
4.068000000000000000e+05	2.970124920394438846e+02
4.068000000000000000e+05	2.960808461687293516e+02
4.077000000000000000e+05	2.960808461687293516e+02
4.077000000000000000e+05	3.018336285497352947e+02
4.086000000000000000e+05	3.018336285497352947e+02
4.086000000000000000e+05	2.965249076256282592e+02
4.095000000000000000e+05	2.965249076256282592e+02
4.095000000000000000e+05	2.987896448180829339e+02
4.104000000000000000e+05	2.987896448180829339e+02
4.104000000000000000e+05	2.983071721570536283e+02
4.113000000000000000e+05	2.983071721570536283e+02
4.113000000000000000e+05	3.000799484678273643e+02
4.122000000000000000e+05	3.000799484678273643e+02
4.122000000000000000e+05	3.004021340311709878e+02
4.131000000000000000e+05	3.004021340311709878e+02
4.131000000000000000e+05	2.984704118707010139e+02
4.140000000000000000e+05	2.984704118707010139e+02
4.140000000000000000e+05	2.991614718033382587e+02
4.149000000000000000e+05	2.991614718033382587e+02
4.149000000000000000e+05	2.970588070928628213e+02
4.158000000000000000e+05	2.970588070928628213e+02
4.158000000000000000e+05	2.954054632574856214e+02
4.167000000000000000e+05	2.954054632574856214e+02
4.167000000000000000e+05	2.939798169645096664e+02
4.176000000000000000e+05	2.939798169645096664e+02
4.176000000000000000e+05	2.970440251594326924e+02
4.185000000000000000e+05	2.970440251594326924e+02
4.185000000000000000e+05	2.957379288905538033e+02
4.194000000000000000e+05	2.957379288905538033e+02
4.194000000000000000e+05	2.937901487175850548e+02
4.203000000000000000e+05	2.937901487175850548e+02
4.203000000000000000e+05	2.928610925128485860e+02
4.212000000000000000e+05	2.928610925128485860e+02
4.212000000000000000e+05	2.940562160213441416e+02
4.221000000000000000e+05	2.940562160213441416e+02
4.221000000000000000e+05	2.936253798781143018e+02
4.230000000000000000e+05	2.936253798781143018e+02
4.230000000000000000e+05	2.920710677926105632e+02
4.239000000000000000e+05	2.920710677926105632e+02
4.239000000000000000e+05	2.914465469416578571e+02
4.248000000000000000e+05	2.914465469416578571e+02
4.248000000000000000e+05	2.929953179281358757e+02
4.257000000000000000e+05	2.929953179281358757e+02
4.257000000000000000e+05	2.928303676509121942e+02
4.266000000000000000e+05	2.928303676509121942e+02
4.266000000000000000e+05	2.941382067640907962e+02
4.275000000000000000e+05	2.941382067640907962e+02
4.275000000000000000e+05	2.945266999420439902e+02
4.284000000000000000e+05	2.945266999420439902e+02
4.284000000000000000e+05	2.927585564872128998e+02
4.293000000000000000e+05	2.927585564872128998e+02
4.293000000000000000e+05	2.927348887494125051e+02
4.302000000000000000e+05	2.927348887494125051e+02
4.302000000000000000e+05	2.938917416567045393e+02
4.311000000000000000e+05	2.938917416567045393e+02
4.311000000000000000e+05	2.942618726358090839e+02
4.320000000000000000e+05	2.942618726358090839e+02
4.320000000000000000e+05	2.926179699535907730e+02
4.329000000000000000e+05	2.926179699535907730e+02
4.329000000000000000e+05	2.925966748062858187e+02
4.338000000000000000e+05	2.925966748062858187e+02
4.338000000000000000e+05	2.937188296356335968e+02
4.347000000000000000e+05	2.937188296356335968e+02
4.347000000000000000e+05	2.940792504756186645e+02
4.356000000000000000e+05	2.940792504756186645e+02
4.356000000000000000e+05	2.924754716220392652e+02
4.365000000000000000e+05	2.924754716220392652e+02
4.365000000000000000e+05	2.924527433701936161e+02
4.374000000000000000e+05	2.924527433701936161e+02
4.374000000000000000e+05	2.935516383228728614e+02
4.383000000000000000e+05	2.935516383228728614e+02
4.383000000000000000e+05	2.939041491543398479e+02
4.392000000000000000e+05	2.939041491543398479e+02
4.392000000000000000e+05	2.923259937760263938e+02
4.401000000000000000e+05	2.923259937760263938e+02
4.401000000000000000e+05	2.923727057747734648e+02
4.410000000000000000e+05	2.923727057747734648e+02
4.410000000000000000e+05	2.934913632274489146e+02
4.419000000000000000e+05	2.934913632274489146e+02
4.419000000000000000e+05	2.938648516001135818e+02
4.428000000000000000e+05	2.938648516001135818e+02
4.428000000000000000e+05	2.952521967449682734e+02
4.437000000000000000e+05	2.952521967449682734e+02
4.437000000000000000e+05	2.948168316348636608e+02
4.446000000000000000e+05	2.948168316348636608e+02
4.446000000000000000e+05	2.949277479285448180e+02
4.455000000000000000e+05	2.949277479285448180e+02
4.455000000000000000e+05	2.948661769493611473e+02
4.464000000000000000e+05	2.948661769493611473e+02
4.464000000000000000e+05	2.934409377351321382e+02
4.473000000000000000e+05	2.934409377351321382e+02
4.473000000000000000e+05	2.961768784300875268e+02
4.482000000000000000e+05	2.961768784300875268e+02
4.482000000000000000e+05	2.939895182452553399e+02
4.491000000000000000e+05	2.939895182452553399e+02
4.491000000000000000e+05	2.928967941875644101e+02
4.500000000000000000e+05	2.928967941875644101e+02
4.500000000000000000e+05	2.921205854924553478e+02
4.509000000000000000e+05	2.921205854924553478e+02
4.509000000000000000e+05	2.982478517922929768e+02
4.518000000000000000e+05	2.982478517922929768e+02
4.518000000000000000e+05	2.966297842009992110e+02
4.527000000000000000e+05	2.966297842009992110e+02
4.527000000000000000e+05	2.977535828177624353e+02
4.536000000000000000e+05	2.977535828177624353e+02
4.536000000000000000e+05	2.959177871835174187e+02
4.545000000000000000e+05	2.959177871835174187e+02
4.545000000000000000e+05	2.944851256512364444e+02
4.554000000000000000e+05	2.944851256512364444e+02
4.554000000000000000e+05	2.929374724103623180e+02
4.563000000000000000e+05	2.929374724103623180e+02
4.563000000000000000e+05	2.917442202740307948e+02
4.572000000000000000e+05	2.917442202740307948e+02
4.572000000000000000e+05	2.965227279947216061e+02
4.581000000000000000e+05	2.965227279947216061e+02
4.581000000000000000e+05	3.021790464808672141e+02
4.590000000000000000e+05	3.021790464808672141e+02
4.590000000000000000e+05	3.053799944737949659e+02
4.599000000000000000e+05	3.053799944737949659e+02
4.599000000000000000e+05	3.076041976582195616e+02
4.608000000000000000e+05	3.076041976582195616e+02
4.608000000000000000e+05	3.046476115814788841e+02
4.617000000000000000e+05	3.046476115814788841e+02
4.617000000000000000e+05	3.071293456685255023e+02
4.626000000000000000e+05	3.071293456685255023e+02
4.626000000000000000e+05	3.072544339711861312e+02
4.635000000000000000e+05	3.072544339711861312e+02
4.635000000000000000e+05	3.078454909293189417e+02
4.644000000000000000e+05	3.078454909293189417e+02
4.644000000000000000e+05	3.076819214389803960e+02
4.653000000000000000e+05	3.076819214389803960e+02
4.653000000000000000e+05	3.051072483543726435e+02
4.662000000000000000e+05	3.051072483543726435e+02
4.662000000000000000e+05	3.046273715876962456e+02
4.671000000000000000e+05	3.046273715876962456e+02
4.671000000000000000e+05	3.041711339414658255e+02
4.680000000000000000e+05	3.041711339414658255e+02
4.680000000000000000e+05	3.038882856487333015e+02
4.689000000000000000e+05	3.038882856487333015e+02
4.689000000000000000e+05	3.029781822854330358e+02
4.698000000000000000e+05	3.029781822854330358e+02
4.698000000000000000e+05	3.030290281151158069e+02
4.707000000000000000e+05	3.030290281151158069e+02
4.707000000000000000e+05	3.030302767718999917e+02
4.716000000000000000e+05	3.030302767718999917e+02
4.716000000000000000e+05	3.000557898467546920e+02
4.725000000000000000e+05	3.000557898467546920e+02
4.725000000000000000e+05	3.036877250946719755e+02
4.734000000000000000e+05	3.036877250946719755e+02
4.734000000000000000e+05	3.008118361969482635e+02
4.743000000000000000e+05	3.008118361969482635e+02
4.743000000000000000e+05	2.983883367198230872e+02
4.752000000000000000e+05	2.983883367198230872e+02
4.752000000000000000e+05	2.997814905578646290e+02
4.761000000000000000e+05	2.997814905578646290e+02
4.761000000000000000e+05	2.975048692356313040e+02
4.770000000000000000e+05	2.975048692356313040e+02
4.770000000000000000e+05	2.953293861588505251e+02
4.779000000000000000e+05	2.953293861588505251e+02
4.779000000000000000e+05	3.005314629524517613e+02
4.788000000000000000e+05	3.005314629524517613e+02
4.788000000000000000e+05	2.973223451766124299e+02
4.797000000000000000e+05	2.973223451766124299e+02
4.797000000000000000e+05	3.009530965157321702e+02
4.806000000000000000e+05	3.009530965157321702e+02
4.806000000000000000e+05	2.973357528792621451e+02
4.815000000000000000e+05	2.973357528792621451e+02
4.815000000000000000e+05	3.010720457400911982e+02
4.824000000000000000e+05	3.010720457400911982e+02
4.824000000000000000e+05	2.970694946741705849e+02
4.833000000000000000e+05	2.970694946741705849e+02
4.833000000000000000e+05	2.998170576184949141e+02
4.842000000000000000e+05	2.998170576184949141e+02
4.842000000000000000e+05	2.962743155211861108e+02
4.851000000000000000e+05	2.962743155211861108e+02
4.851000000000000000e+05	2.984790936127066630e+02
4.860000000000000000e+05	2.984790936127066630e+02
4.860000000000000000e+05	2.981204745871506248e+02
4.869000000000000000e+05	2.981204745871506248e+02
4.869000000000000000e+05	2.999774114252518302e+02
4.878000000000000000e+05	2.999774114252518302e+02
4.878000000000000000e+05	2.977208366788439093e+02
4.887000000000000000e+05	2.977208366788439093e+02
4.887000000000000000e+05	3.000488731137775176e+02
4.896000000000000000e+05	3.000488731137775176e+02
4.896000000000000000e+05	2.961879034866466327e+02
4.905000000000000000e+05	2.961879034866466327e+02
4.905000000000000000e+05	2.952058146374860144e+02
4.914000000000000000e+05	2.952058146374860144e+02
4.914000000000000000e+05	2.934410083940257437e+02
4.923000000000000000e+05	2.934410083940257437e+02
4.923000000000000000e+05	2.971326197954140866e+02
4.932000000000000000e+05	2.971326197954140866e+02
4.932000000000000000e+05	2.945353134808569848e+02
4.941000000000000000e+05	2.945353134808569848e+02
4.941000000000000000e+05	2.999386881024402101e+02
4.950000000000000000e+05	2.999386881024402101e+02
4.950000000000000000e+05	2.956482766353778402e+02
4.959000000000000000e+05	2.956482766353778402e+02
4.959000000000000000e+05	2.993569731088770141e+02
4.968000000000000000e+05	2.993569731088770141e+02
4.968000000000000000e+05	2.959122522968681324e+02
4.977000000000000000e+05	2.959122522968681324e+02
4.977000000000000000e+05	2.950063227707282181e+02
4.986000000000000000e+05	2.950063227707282181e+02
4.986000000000000000e+05	2.932686360777606183e+02
4.995000000000000000e+05	2.932686360777606183e+02
4.995000000000000000e+05	2.924785160041676590e+02
5.004000000000000000e+05	2.924785160041676590e+02
5.004000000000000000e+05	2.970127858875857783e+02
5.013000000000000000e+05	2.970127858875857783e+02
5.013000000000000000e+05	2.959149694696776578e+02
5.022000000000000000e+05	2.959149694696776578e+02
5.022000000000000000e+05	2.987637011463784233e+02
5.031000000000000000e+05	2.987637011463784233e+02
5.031000000000000000e+05	3.012642900256474832e+02
5.040000000000000000e+05	3.012642900256474832e+02
5.040000000000000000e+05	2.966400079961360916e+02
5.049000000000000000e+05	2.966400079961360916e+02
5.049000000000000000e+05	2.987440082631356972e+02
5.058000000000000000e+05	2.987440082631356972e+02
5.058000000000000000e+05	2.953936517892204279e+02
5.067000000000000000e+05	2.953936517892204279e+02
5.067000000000000000e+05	2.939994155182566828e+02
5.076000000000000000e+05	2.939994155182566828e+02
5.076000000000000000e+05	2.944123535519769916e+02
5.085000000000000000e+05	2.944123535519769916e+02
5.085000000000000000e+05	2.938689439364487157e+02
5.094000000000000000e+05	2.938689439364487157e+02
5.094000000000000000e+05	2.922706036527503102e+02
5.103000000000000000e+05	2.922706036527503102e+02
5.103000000000000000e+05	2.916055567175180840e+02
5.112000000000000000e+05	2.916055567175180840e+02
5.112000000000000000e+05	2.930961156282710363e+02
5.121000000000000000e+05	2.930961156282710363e+02
5.121000000000000000e+05	2.928952108763880915e+02
5.130000000000000000e+05	2.928952108763880915e+02
5.130000000000000000e+05	2.941892180747263978e+02
5.139000000000000000e+05	2.941892180747263978e+02
5.139000000000000000e+05	2.945651618497366258e+02
5.148000000000000000e+05	2.945651618497366258e+02
5.148000000000000000e+05	2.928153465922122791e+02
5.157000000000000000e+05	2.928153465922122791e+02
5.157000000000000000e+05	2.927891626076229841e+02
5.166000000000000000e+05	2.927891626076229841e+02
5.166000000000000000e+05	2.939150486434770642e+02
5.175000000000000000e+05	2.939150486434770642e+02
5.175000000000000000e+05	2.942742903298531587e+02
5.184000000000000000e+05	2.942742903298531587e+02
5.184000000000000000e+05	2.926644950934905864e+02
5.193000000000000000e+05	2.926644950934905864e+02
5.193000000000000000e+05	2.926413993713251216e+02
5.202000000000000000e+05	2.926413993713251216e+02
5.202000000000000000e+05	2.937354160095637212e+02
5.211000000000000000e+05	2.937354160095637212e+02
5.211000000000000000e+05	2.940857195643648083e+02
5.220000000000000000e+05	2.940857195643648083e+02
5.220000000000000000e+05	2.925123336000268068e+02
5.229000000000000000e+05	2.925123336000268068e+02
5.229000000000000000e+05	2.924876272022918329e+02
5.238000000000000000e+05	2.924876272022918329e+02
5.238000000000000000e+05	2.928781287847769477e+02
5.247000000000000000e+05	2.928781287847769477e+02
5.247000000000000000e+05	2.925465041179856485e+02
5.256000000000000000e+05	2.925465041179856485e+02
5.256000000000000000e+05	2.944682451365969769e+02
5.265000000000000000e+05	2.944682451365969769e+02
5.265000000000000000e+05	2.940873099914450677e+02
5.274000000000000000e+05	2.940873099914450677e+02
5.274000000000000000e+05	2.936141773018178469e+02
5.283000000000000000e+05	2.936141773018178469e+02
5.283000000000000000e+05	2.929631869877010786e+02
5.292000000000000000e+05	2.929631869877010786e+02
5.292000000000000000e+05	2.931200275314331520e+02
5.301000000000000000e+05	2.931200275314331520e+02
5.301000000000000000e+05	2.968567113261291865e+02
5.310000000000000000e+05	2.968567113261291865e+02
5.310000000000000000e+05	2.949676191030335985e+02
5.319000000000000000e+05	2.949676191030335985e+02
5.319000000000000000e+05	2.940848859377356348e+02
5.328000000000000000e+05	2.940848859377356348e+02
5.328000000000000000e+05	2.938807822032991908e+02
5.337000000000000000e+05	2.938807822032991908e+02
5.337000000000000000e+05	2.929014274488413321e+02
5.346000000000000000e+05	2.929014274488413321e+02
5.346000000000000000e+05	2.912674712647632305e+02
5.355000000000000000e+05	2.912674712647632305e+02
5.355000000000000000e+05	2.911499999999999773e+02
5.364000000000000000e+05	2.911499999999999773e+02
5.364000000000000000e+05	2.958719261362793986e+02
5.373000000000000000e+05	2.958719261362793986e+02
5.373000000000000000e+05	2.976812342976111267e+02
5.382000000000000000e+05	2.976812342976111267e+02
5.382000000000000000e+05	2.950985948990463612e+02
5.391000000000000000e+05	2.950985948990463612e+02
5.391000000000000000e+05	2.937401707756713449e+02
5.400000000000000000e+05	2.937401707756713449e+02
5.400000000000000000e+05	2.954941718336346526e+02
5.409000000000000000e+05	2.954941718336346526e+02
5.409000000000000000e+05	2.941512310443696947e+02
5.418000000000000000e+05	2.941512310443696947e+02
5.418000000000000000e+05	2.922740835414649041e+02
5.427000000000000000e+05	2.922740835414649041e+02
5.427000000000000000e+05	2.913589095074281090e+02
5.436000000000000000e+05	2.913589095074281090e+02
5.436000000000000000e+05	2.959858057802698568e+02
5.445000000000000000e+05	2.959858057802698568e+02
5.445000000000000000e+05	3.017006806089716520e+02
5.454000000000000000e+05	3.017006806089716520e+02
5.454000000000000000e+05	3.050717816098650133e+02
5.463000000000000000e+05	3.050717816098650133e+02
5.463000000000000000e+05	3.073700561018638950e+02
5.472000000000000000e+05	3.073700561018638950e+02
5.472000000000000000e+05	3.044464718130262781e+02
5.481000000000000000e+05	3.044464718130262781e+02
5.481000000000000000e+05	3.069913212339005213e+02
5.490000000000000000e+05	3.069913212339005213e+02
5.490000000000000000e+05	3.071384339026211023e+02
5.499000000000000000e+05	3.071384339026211023e+02
5.499000000000000000e+05	3.077503240222235377e+02
5.508000000000000000e+05	3.077503240222235377e+02
5.508000000000000000e+05	3.075994471434802335e+02
5.517000000000000000e+05	3.075994471434802335e+02
5.517000000000000000e+05	3.067020989154306108e+02
5.526000000000000000e+05	3.067020989154306108e+02
5.526000000000000000e+05	3.028919937372373852e+02
5.535000000000000000e+05	3.028919937372373852e+02
5.535000000000000000e+05	3.045112919964666958e+02
5.544000000000000000e+05	3.045112919964666958e+02
5.544000000000000000e+05	3.030441145271913115e+02
5.553000000000000000e+05	3.030441145271913115e+02
5.553000000000000000e+05	3.029120004040014464e+02
5.562000000000000000e+05	3.029120004040014464e+02
5.562000000000000000e+05	3.017414874920328884e+02
5.571000000000000000e+05	3.017414874920328884e+02
5.571000000000000000e+05	3.019993170810107586e+02
5.580000000000000000e+05	3.019993170810107586e+02
5.580000000000000000e+05	3.017405300493717846e+02
5.589000000000000000e+05	3.017405300493717846e+02
5.589000000000000000e+05	3.019003933285900416e+02
5.598000000000000000e+05	3.019003933285900416e+02
5.598000000000000000e+05	3.030994447827659997e+02
5.607000000000000000e+05	3.030994447827659997e+02
5.607000000000000000e+05	3.035978888687790231e+02
5.616000000000000000e+05	3.035978888687790231e+02
5.616000000000000000e+05	3.006400866764493003e+02
5.625000000000000000e+05	3.006400866764493003e+02
5.625000000000000000e+05	3.016684938743710518e+02
5.634000000000000000e+05	3.016684938743710518e+02
5.634000000000000000e+05	3.004066362100865035e+02
5.643000000000000000e+05	3.004066362100865035e+02
5.643000000000000000e+05	3.030637060204235240e+02
5.652000000000000000e+05	3.030637060204235240e+02
5.652000000000000000e+05	2.978725200307850969e+02
5.661000000000000000e+05	2.978725200307850969e+02
5.661000000000000000e+05	3.001108705491398609e+02
5.670000000000000000e+05	3.001108705491398609e+02
5.670000000000000000e+05	3.022684168349870788e+02
5.679000000000000000e+05	3.022684168349870788e+02
5.679000000000000000e+05	3.004167753931255902e+02
5.688000000000000000e+05	3.004167753931255902e+02
5.688000000000000000e+05	2.964526007894452277e+02
5.697000000000000000e+05	2.964526007894452277e+02
5.697000000000000000e+05	2.994019567985087633e+02
5.706000000000000000e+05	2.994019567985087633e+02
5.706000000000000000e+05	2.998032886857649260e+02
5.715000000000000000e+05	2.998032886857649260e+02
5.715000000000000000e+05	2.982562967157647336e+02
5.724000000000000000e+05	2.982562967157647336e+02
5.724000000000000000e+05	2.990557783701635230e+02
5.733000000000000000e+05	2.990557783701635230e+02
5.733000000000000000e+05	2.970738750329359164e+02
5.742000000000000000e+05	2.970738750329359164e+02
5.742000000000000000e+05	2.982334861722681012e+02
5.751000000000000000e+05	2.982334861722681012e+02
5.751000000000000000e+05	2.968039964756930544e+02
5.760000000000000000e+05	2.968039964756930544e+02
5.760000000000000000e+05	2.971996946173053971e+02
5.769000000000000000e+05	2.971996946173053971e+02
5.769000000000000000e+05	2.959218374323985472e+02
5.778000000000000000e+05	2.959218374323985472e+02
5.778000000000000000e+05	2.945265710834793254e+02
5.787000000000000000e+05	2.945265710834793254e+02
5.787000000000000000e+05	2.973315997132017401e+02
5.796000000000000000e+05	2.973315997132017401e+02
5.796000000000000000e+05	2.946234560433941851e+02
5.805000000000000000e+05	2.946234560433941851e+02
5.805000000000000000e+05	2.989216211881139316e+02
5.814000000000000000e+05	2.989216211881139316e+02
5.814000000000000000e+05	2.951392139878377066e+02
5.823000000000000000e+05	2.951392139878377066e+02
5.823000000000000000e+05	2.981884358230136058e+02
5.832000000000000000e+05	2.981884358230136058e+02
5.832000000000000000e+05	2.944668893075499341e+02
5.841000000000000000e+05	2.944668893075499341e+02
5.841000000000000000e+05	3.003961107483758610e+02
5.850000000000000000e+05	3.003961107483758610e+02
5.850000000000000000e+05	2.959439729659214890e+02
5.859000000000000000e+05	2.959439729659214890e+02
5.859000000000000000e+05	2.949522265818441156e+02
5.868000000000000000e+05	2.949522265818441156e+02
5.868000000000000000e+05	2.948980913340365078e+02
5.877000000000000000e+05	2.948980913340365078e+02
5.877000000000000000e+05	3.006011199551938375e+02
5.886000000000000000e+05	3.006011199551938375e+02
5.886000000000000000e+05	2.960458420479998836e+02
5.895000000000000000e+05	2.960458420479998836e+02
5.895000000000000000e+05	2.943806270578793942e+02
5.904000000000000000e+05	2.943806270578793942e+02
5.904000000000000000e+05	2.976966424523531032e+02
5.913000000000000000e+05	2.976966424523531032e+02
5.913000000000000000e+05	3.025510413932559572e+02
5.922000000000000000e+05	3.025510413932559572e+02
5.922000000000000000e+05	2.975313713166590901e+02
5.931000000000000000e+05	2.975313713166590901e+02
5.931000000000000000e+05	2.955422211858333412e+02
5.940000000000000000e+05	2.955422211858333412e+02
5.940000000000000000e+05	2.948090171712269125e+02
5.949000000000000000e+05	2.948090171712269125e+02
5.949000000000000000e+05	2.941288348896596290e+02
5.958000000000000000e+05	2.941288348896596290e+02
5.958000000000000000e+05	2.924761299263282694e+02
5.967000000000000000e+05	2.924761299263282694e+02
5.967000000000000000e+05	2.917603058540343568e+02
5.976000000000000000e+05	2.917603058540343568e+02
5.976000000000000000e+05	2.931713637564890860e+02
5.985000000000000000e+05	2.931713637564890860e+02
5.985000000000000000e+05	2.929231172591386212e+02
5.994000000000000000e+05	2.929231172591386212e+02
5.994000000000000000e+05	2.941973263220084505e+02
6.003000000000000000e+05	2.941973263220084505e+02
6.003000000000000000e+05	2.945542144426693199e+02
6.012000000000000000e+05	2.945542144426693199e+02
6.012000000000000000e+05	2.928223246647044107e+02
6.021000000000000000e+05	2.928223246647044107e+02
6.021000000000000000e+05	2.927906021682253481e+02
6.030000000000000000e+05	2.927906021682253481e+02
6.030000000000000000e+05	2.938644343931881053e+02
6.039000000000000000e+05	2.938644343931881053e+02
6.039000000000000000e+05	2.942031498614593374e+02
6.048000000000000000e+05	2.942031498614593374e+02
