# #1
# double dch_TES(1344, 2)
0.000000000000000000e+00	4.678808666574934250e+03
9.000000000000000000e+02	4.678808666574934250e+03
9.000000000000000000e+02	7.046778794041036917e+02
1.800000000000000000e+03	7.046778794041036917e+02
1.800000000000000000e+03	1.563569758053869009e+03
2.700000000000000000e+03	1.563569758053869009e+03
2.700000000000000000e+03	2.837840903245436493e+03
3.600000000000000000e+03	2.837840903245436493e+03
3.600000000000000000e+03	1.810359223853824005e+03
4.500000000000000000e+03	1.810359223853824005e+03
4.500000000000000000e+03	3.698057782208074968e+03
5.400000000000000000e+03	3.698057782208074968e+03
5.400000000000000000e+03	1.700369204954884481e+03
6.300000000000000000e+03	1.700369204954884481e+03
6.300000000000000000e+03	3.870848237092141062e+03
7.200000000000000000e+03	3.870848237092141062e+03
7.200000000000000000e+03	3.010423663993724404e+03
8.100000000000000000e+03	3.010423663993724404e+03
8.100000000000000000e+03	-5.352688968727136398e+02
9.000000000000000000e+03	-5.352688968727136398e+02
9.000000000000000000e+03	2.660101773166272324e+03
9.900000000000000000e+03	2.660101773166272324e+03
9.900000000000000000e+03	2.446747000653005671e+03
1.080000000000000000e+04	2.446747000653005671e+03
1.080000000000000000e+04	2.193759077013514798e+03
1.170000000000000000e+04	2.193759077013514798e+03
1.170000000000000000e+04	1.297617455725185664e+03
1.260000000000000000e+04	1.297617455725185664e+03
1.260000000000000000e+04	2.226047382435528561e+03
1.350000000000000000e+04	2.226047382435528561e+03
1.350000000000000000e+04	2.084576935777149629e+03
1.440000000000000000e+04	2.084576935777149629e+03
1.440000000000000000e+04	1.101948894935862882e+03
1.530000000000000000e+04	1.101948894935862882e+03
1.530000000000000000e+04	4.635547810394175031e+03
1.620000000000000000e+04	4.635547810394175031e+03
1.620000000000000000e+04	1.810092920390132349e+03
1.710000000000000000e+04	1.810092920390132349e+03
1.710000000000000000e+04	2.236792970169277396e+03
1.800000000000000000e+04	2.236792970169277396e+03
1.800000000000000000e+04	2.653085946824331586e+03
1.890000000000000000e+04	2.653085946824331586e+03
1.890000000000000000e+04	1.729107294272392537e+01
1.980000000000000000e+04	1.729107294272392537e+01
1.980000000000000000e+04	6.527754006632603705e+02
2.070000000000000000e+04	6.527754006632603705e+02
2.070000000000000000e+04	7.004710480753565207e+02
2.160000000000000000e+04	7.004710480753565207e+02
2.160000000000000000e+04	9.153935293114172964e+02
2.250000000000000000e+04	9.153935293114172964e+02
2.250000000000000000e+04	-5.738067091333236931e+02
2.340000000000000000e+04	-5.738067091333236931e+02
2.340000000000000000e+04	-7.092582644487265497e+00
2.430000000000000000e+04	-7.092582644487265497e+00
2.430000000000000000e+04	8.010601363523164764e+01
2.520000000000000000e+04	8.010601363523164764e+01
2.520000000000000000e+04	1.569477128616072150e+02
2.610000000000000000e+04	1.569477128616072150e+02
2.610000000000000000e+04	2.285937260517457617e+03
2.700000000000000000e+04	2.285937260517457617e+03
2.700000000000000000e+04	8.013482752723502927e+02
2.790000000000000000e+04	8.013482752723502927e+02
2.790000000000000000e+04	4.539939514839788899e+02
2.880000000000000000e+04	4.539939514839788899e+02
2.880000000000000000e+04	5.945002317528897038e+02
2.970000000000000000e+04	5.945002317528897038e+02
2.970000000000000000e+04	6.956909329536696532e+03
3.060000000000000000e+04	6.956909329536696532e+03
3.060000000000000000e+04	6.550670647180930246e+03
3.150000000000000000e+04	6.550670647180930246e+03
3.150000000000000000e+04	6.850500059380079620e+03
3.240000000000000000e+04	6.850500059380079620e+03
3.240000000000000000e+04	5.587880112885912240e+03
3.330000000000000000e+04	5.587880112885912240e+03
3.330000000000000000e+04	7.853791097626723968e+03
3.420000000000000000e+04	7.853791097626723968e+03
3.420000000000000000e+04	7.790092129311175086e+03
3.510000000000000000e+04	7.790092129311175086e+03
3.510000000000000000e+04	6.878973442421702202e+03
3.600000000000000000e+04	6.878973442421702202e+03
3.600000000000000000e+04	6.561192172574796132e+03
3.690000000000000000e+04	6.561192172574796132e+03
3.690000000000000000e+04	4.131287892725129495e+03
3.780000000000000000e+04	4.131287892725129495e+03
3.780000000000000000e+04	5.054800938836066052e+03
3.870000000000000000e+04	5.054800938836066052e+03
3.870000000000000000e+04	4.754454564410494640e+03
3.960000000000000000e+04	4.754454564410494640e+03
3.960000000000000000e+04	4.135813892568352458e+03
4.050000000000000000e+04	4.135813892568352458e+03
4.050000000000000000e+04	3.341288036257919430e+03
4.140000000000000000e+04	3.341288036257919430e+03
4.140000000000000000e+04	1.933838618950219825e+03
4.230000000000000000e+04	1.933838618950219825e+03
4.230000000000000000e+04	5.513887511111970525e+03
4.320000000000000000e+04	5.513887511111970525e+03
4.320000000000000000e+04	3.503187829946296915e+03
4.410000000000000000e+04	3.503187829946296915e+03
4.410000000000000000e+04	2.985950064226720315e+03
4.500000000000000000e+04	2.985950064226720315e+03
4.500000000000000000e+04	2.581358304997032974e+03
4.590000000000000000e+04	2.581358304997032974e+03
4.590000000000000000e+04	2.724961269598221406e+03
4.680000000000000000e+04	2.724961269598221406e+03
4.680000000000000000e+04	2.758600982654998006e+03
4.770000000000000000e+04	2.758600982654998006e+03
4.770000000000000000e+04	-6.184766860397460277e+02
4.860000000000000000e+04	-6.184766860397460277e+02
4.860000000000000000e+04	3.379171239625429735e+02
4.950000000000000000e+04	3.379171239625429735e+02
4.950000000000000000e+04	4.277708260616636835e+02
5.040000000000000000e+04	4.277708260616636835e+02
5.040000000000000000e+04	6.412734550339828274e+02
5.130000000000000000e+04	6.412734550339828274e+02
5.130000000000000000e+04	1.573894604559306572e+03
5.220000000000000000e+04	1.573894604559306572e+03
5.220000000000000000e+04	7.909551439066417515e+02
5.310000000000000000e+04	7.909551439066417515e+02
5.310000000000000000e+04	9.596205878235632554e+02
5.400000000000000000e+04	9.596205878235632554e+02
5.400000000000000000e+04	5.159349000465745121e+02
5.490000000000000000e+04	5.159349000465745121e+02
5.490000000000000000e+04	1.337670826180416270e+03
5.580000000000000000e+04	1.337670826180416270e+03
5.580000000000000000e+04	6.541365944831632078e+02
5.670000000000000000e+04	6.541365944831632078e+02
5.670000000000000000e+04	6.506228556262212805e+02
5.760000000000000000e+04	6.506228556262212805e+02
5.760000000000000000e+04	8.444290629852694110e+02
5.850000000000000000e+04	8.444290629852694110e+02
5.850000000000000000e+04	1.781111914695792677e+02
5.940000000000000000e+04	1.781111914695792677e+02
5.940000000000000000e+04	9.146934695980162360e+02
6.030000000000000000e+04	9.146934695980162360e+02
6.030000000000000000e+04	8.812538946589920670e+02
6.120000000000000000e+04	8.812538946589920670e+02
6.120000000000000000e+04	3.756887480145378504e+02
6.210000000000000000e+04	3.756887480145378504e+02
6.210000000000000000e+04	2.078760073322669541e+03
6.300000000000000000e+04	2.078760073322669541e+03
6.300000000000000000e+04	2.755743545151955914e+03
6.390000000000000000e+04	2.755743545151955914e+03
6.390000000000000000e+04	2.190547679150535259e+03
6.480000000000000000e+04	2.190547679150535259e+03
6.480000000000000000e+04	1.366362904869549311e+03
6.570000000000000000e+04	1.366362904869549311e+03
6.570000000000000000e+04	2.470576491706674460e+03
6.660000000000000000e+04	2.470576491706674460e+03
6.660000000000000000e+04	1.152443736904649995e+03
6.750000000000000000e+04	1.152443736904649995e+03
6.750000000000000000e+04	3.535845813312917016e+03
6.840000000000000000e+04	3.535845813312917016e+03
6.840000000000000000e+04	1.720061335144771874e+03
6.930000000000000000e+04	1.720061335144771874e+03
6.930000000000000000e+04	-5.510272283928959496e+02
7.020000000000000000e+04	-5.510272283928959496e+02
7.020000000000000000e+04	1.745765984974103048e+03
7.110000000000000000e+04	1.745765984974103048e+03
7.110000000000000000e+04	1.510618701224098913e+03
7.200000000000000000e+04	1.510618701224098913e+03
7.200000000000000000e+04	6.164390914251598588e+02
7.290000000000000000e+04	6.164390914251598588e+02
7.290000000000000000e+04	6.272424760966444410e+03
7.380000000000000000e+04	6.272424760966444410e+03
7.380000000000000000e+04	2.438123705665406305e+03
7.470000000000000000e+04	2.438123705665406305e+03
7.470000000000000000e+04	1.350436684185347985e+03
7.560000000000000000e+04	1.350436684185347985e+03
7.560000000000000000e+04	1.172282759046463070e+03
7.650000000000000000e+04	1.172282759046463070e+03
7.650000000000000000e+04	2.387160608430901902e+03
7.740000000000000000e+04	2.387160608430901902e+03
7.740000000000000000e+04	1.075254500068491325e+03
7.830000000000000000e+04	1.075254500068491325e+03
7.830000000000000000e+04	7.127011003924417309e+02
7.920000000000000000e+04	7.127011003924417309e+02
7.920000000000000000e+04	4.112109051090810681e+02
8.010000000000000000e+04	4.112109051090810681e+02
8.010000000000000000e+04	-1.750946313503796318e+03
8.100000000000000000e+04	-1.750946313503796318e+03
8.100000000000000000e+04	-4.759382900555501692e+02
8.190000000000000000e+04	-4.759382900555501692e+02
8.190000000000000000e+04	-2.015783459960366599e+02
8.280000000000000000e+04	-2.015783459960366599e+02
8.280000000000000000e+04	4.756392951157704374e+01
8.370000000000000000e+04	4.756392951157704374e+01
8.370000000000000000e+04	-1.448002096744711707e+03
8.460000000000000000e+04	-1.448002096744711707e+03
8.460000000000000000e+04	-4.574018473673495464e+02
8.550000000000000000e+04	-4.574018473673495464e+02
8.550000000000000000e+04	-2.301338980833534151e+02
8.640000000000000000e+04	-2.301338980833534151e+02
8.640000000000000000e+04	3.876771375332009484e+01
8.730000000000000000e+04	3.876771375332009484e+01
8.730000000000000000e+04	-1.408512576808080667e+03
8.820000000000000000e+04	-1.408512576808080667e+03
8.820000000000000000e+04	-4.481276177130639553e+02
8.910000000000000000e+04	-4.481276177130639553e+02
8.910000000000000000e+04	-2.268325012419372797e+02
9.000000000000000000e+04	-2.268325012419372797e+02
9.000000000000000000e+04	4.093160345051273907e+01
9.090000000000000000e+04	4.093160345051273907e+01
9.090000000000000000e+04	-1.384713467340216539e+03
9.180000000000000000e+04	-1.384713467340216539e+03
9.180000000000000000e+04	-4.395476617611129768e+02
9.270000000000000000e+04	-4.395476617611129768e+02
9.270000000000000000e+04	-2.218375762507785112e+02
9.360000000000000000e+04	-2.218375762507785112e+02
9.360000000000000000e+04	4.315785978246094601e+01
9.450000000000000000e+04	4.315785978246094601e+01
9.450000000000000000e+04	1.787750594933666434e+03
9.540000000000000000e+04	1.787750594933666434e+03
9.540000000000000000e+04	-1.746229827404022217e-10
9.630000000000000000e+04	-1.746229827404022217e-10
9.630000000000000000e+04	0.000000000000000000e+00
9.720000000000000000e+04	0.000000000000000000e+00
9.720000000000000000e+04	7.606431726969267402e+02
9.810000000000000000e+04	7.606431726969267402e+02
9.810000000000000000e+04	-6.158145347924097450e+02
9.900000000000000000e+04	-6.158145347924097450e+02
9.900000000000000000e+04	9.927547396387089975e+02
9.990000000000000000e+04	9.927547396387089975e+02
9.990000000000000000e+04	1.439190633261459880e+02
1.008000000000000000e+05	1.439190633261459880e+02
1.008000000000000000e+05	9.888631553732830071e+01
1.017000000000000000e+05	9.888631553732830071e+01
1.017000000000000000e+05	6.134939489702275750e+03
1.026000000000000000e+05	6.134939489702275750e+03
1.026000000000000000e+05	4.304782895379757974e+03
1.035000000000000000e+05	4.304782895379757974e+03
1.035000000000000000e+05	3.160033772034686990e+03
1.044000000000000000e+05	3.160033772034686990e+03
1.044000000000000000e+05	2.646078217965065051e+03
1.053000000000000000e+05	2.646078217965065051e+03
1.053000000000000000e+05	7.439887695245133727e+02
1.062000000000000000e+05	7.439887695245133727e+02
1.062000000000000000e+05	1.689843897115613800e+03
1.071000000000000000e+05	1.689843897115613800e+03
1.071000000000000000e+05	1.144609193026029970e+03
1.080000000000000000e+05	1.144609193026029970e+03
1.080000000000000000e+05	8.166565783000032752e+02
1.089000000000000000e+05	8.166565783000032752e+02
1.089000000000000000e+05	2.002458599468402099e+03
1.098000000000000000e+05	2.002458599468402099e+03
1.098000000000000000e+05	1.088553940745943692e+03
1.107000000000000000e+05	1.088553940745943692e+03
1.107000000000000000e+05	-2.000745419467391912e+03
1.116000000000000000e+05	-2.000745419467391912e+03
1.116000000000000000e+05	7.121461741469765911e+02
1.125000000000000000e+05	7.121461741469765911e+02
1.125000000000000000e+05	3.591465949985800762e+03
1.134000000000000000e+05	3.591465949985800762e+03
1.134000000000000000e+05	5.460785532519163098e+03
1.143000000000000000e+05	5.460785532519163098e+03
1.143000000000000000e+05	6.278505536048964132e+03
1.152000000000000000e+05	6.278505536048964132e+03
1.152000000000000000e+05	5.187354248936986551e+03
1.161000000000000000e+05	5.187354248936986551e+03
1.161000000000000000e+05	8.543469137433839933e+03
1.170000000000000000e+05	8.543469137433839933e+03
1.170000000000000000e+05	7.963858921967446804e+03
1.179000000000000000e+05	7.963858921967446804e+03
1.179000000000000000e+05	8.013305651062051766e+03
1.188000000000000000e+05	8.013305651062051766e+03
1.188000000000000000e+05	7.007744420036997326e+03
1.197000000000000000e+05	7.007744420036997326e+03
1.197000000000000000e+05	6.286786195346155182e+03
1.206000000000000000e+05	6.286786195346155182e+03
1.206000000000000000e+05	5.575041516470373608e+03
1.215000000000000000e+05	5.575041516470373608e+03
1.215000000000000000e+05	5.777540853489888832e+03
1.224000000000000000e+05	5.777540853489888832e+03
1.224000000000000000e+05	5.124172064433503692e+03
1.233000000000000000e+05	5.124172064433503692e+03
1.233000000000000000e+05	3.659500948660171616e+03
1.242000000000000000e+05	3.659500948660171616e+03
1.242000000000000000e+05	4.279697672192764003e+03
1.251000000000000000e+05	4.279697672192764003e+03
1.251000000000000000e+05	3.809021401367499493e+03
1.260000000000000000e+05	3.809021401367499493e+03
1.260000000000000000e+05	3.666308612780649128e+03
1.269000000000000000e+05	3.666308612780649128e+03
1.269000000000000000e+05	2.766972603082482237e+03
1.278000000000000000e+05	2.766972603082482237e+03
1.278000000000000000e+05	2.816240682022587862e+03
1.287000000000000000e+05	2.816240682022587862e+03
1.287000000000000000e+05	2.818782214362930972e+03
1.296000000000000000e+05	2.818782214362930972e+03
1.296000000000000000e+05	1.778056367432242041e+03
1.305000000000000000e+05	1.778056367432242041e+03
1.305000000000000000e+05	2.620115798354078834e+03
1.314000000000000000e+05	2.620115798354078834e+03
1.314000000000000000e+05	1.281699156701040920e+03
1.323000000000000000e+05	1.281699156701040920e+03
1.323000000000000000e+05	3.545103602677583694e+03
1.332000000000000000e+05	3.545103602677583694e+03
1.332000000000000000e+05	1.852670422040690028e+03
1.341000000000000000e+05	1.852670422040690028e+03
1.341000000000000000e+05	2.406228248771724338e+03
1.350000000000000000e+05	2.406228248771724338e+03
1.350000000000000000e+05	1.625987775939691346e+03
1.359000000000000000e+05	1.625987775939691346e+03
1.359000000000000000e+05	1.771219739085179754e+03
1.368000000000000000e+05	1.771219739085179754e+03
1.368000000000000000e+05	8.098784240318564116e+02
1.377000000000000000e+05	8.098784240318564116e+02
1.377000000000000000e+05	2.241727135431966417e+03
1.386000000000000000e+05	2.241727135431966417e+03
1.386000000000000000e+05	9.380014147913898341e+02
1.395000000000000000e+05	9.380014147913898341e+02
1.395000000000000000e+05	3.011259155273204669e+03
1.404000000000000000e+05	3.011259155273204669e+03
1.404000000000000000e+05	4.611085762478232937e+02
1.413000000000000000e+05	4.611085762478232937e+02
1.413000000000000000e+05	5.154379686023928116e+03
1.422000000000000000e+05	5.154379686023928116e+03
1.422000000000000000e+05	8.598439314645947888e+02
1.431000000000000000e+05	8.598439314645947888e+02
1.431000000000000000e+05	1.424012280493800063e+03
1.440000000000000000e+05	1.424012280493800063e+03
1.440000000000000000e+05	1.756463502318931205e+03
1.449000000000000000e+05	1.756463502318931205e+03
1.449000000000000000e+05	6.808247457437961430e+02
1.458000000000000000e+05	6.808247457437961430e+02
1.458000000000000000e+05	9.952881254544481635e+02
1.467000000000000000e+05	9.952881254544481635e+02
1.467000000000000000e+05	1.857616879951150622e+03
1.476000000000000000e+05	1.857616879951150622e+03
1.476000000000000000e+05	1.509992535156290614e+03
1.485000000000000000e+05	1.509992535156290614e+03
1.485000000000000000e+05	1.285544715774646818e+02
1.494000000000000000e+05	1.285544715774646818e+02
1.494000000000000000e+05	2.144096226011868566e+03
1.503000000000000000e+05	2.144096226011868566e+03
1.503000000000000000e+05	2.131970864510338288e+03
1.512000000000000000e+05	2.131970864510338288e+03
1.512000000000000000e+05	8.769504623148332030e+02
1.521000000000000000e+05	8.769504623148332030e+02
1.521000000000000000e+05	4.729297459940510635e+03
1.530000000000000000e+05	4.729297459940510635e+03
1.530000000000000000e+05	1.636339708160434384e+03
1.539000000000000000e+05	1.636339708160434384e+03
1.539000000000000000e+05	1.992604777668835595e+03
1.548000000000000000e+05	1.992604777668835595e+03
1.548000000000000000e+05	2.293743723197942018e+03
1.557000000000000000e+05	2.293743723197942018e+03
1.557000000000000000e+05	2.572644818298975679e+03
1.566000000000000000e+05	2.572644818298975679e+03
1.566000000000000000e+05	1.246155480169400107e+03
1.575000000000000000e+05	1.246155480169400107e+03
1.575000000000000000e+05	2.658889407437003683e+03
1.584000000000000000e+05	2.658889407437003683e+03
1.584000000000000000e+05	1.344727294665603040e+03
1.593000000000000000e+05	1.344727294665603040e+03
1.593000000000000000e+05	2.432629461317146706e+03
1.602000000000000000e+05	2.432629461317146706e+03
1.602000000000000000e+05	1.105465211023110896e+03
1.611000000000000000e+05	1.105465211023110896e+03
1.611000000000000000e+05	7.341356899722595699e+02
1.620000000000000000e+05	7.341356899722595699e+02
1.620000000000000000e+05	1.413619894476749323e+03
1.629000000000000000e+05	1.413619894476749323e+03
1.629000000000000000e+05	2.791091261126704467e+03
1.638000000000000000e+05	2.791091261126704467e+03
1.638000000000000000e+05	1.235390213085513096e+03
1.647000000000000000e+05	1.235390213085513096e+03
1.647000000000000000e+05	8.089993544651078992e+02
1.656000000000000000e+05	8.089993544651078992e+02
1.656000000000000000e+05	5.257996303448462641e+02
1.665000000000000000e+05	5.257996303448462641e+02
1.665000000000000000e+05	-1.708877606243888749e+03
1.674000000000000000e+05	-1.708877606243888749e+03
1.674000000000000000e+05	-4.385938402366009541e+02
1.683000000000000000e+05	-4.385938402366009541e+02
1.683000000000000000e+05	-1.718450959013425745e+02
1.692000000000000000e+05	-1.718450959013425745e+02
1.692000000000000000e+05	5.359714736722617090e+01
1.701000000000000000e+05	5.359714736722617090e+01
1.701000000000000000e+05	-1.373061134798556623e+03
1.710000000000000000e+05	-1.373061134798556623e+03
1.710000000000000000e+05	-4.334483190474566072e+02
1.719000000000000000e+05	-4.334483190474566072e+02
1.719000000000000000e+05	-2.187953053075470962e+02
1.728000000000000000e+05	-2.187953053075470962e+02
1.728000000000000000e+05	3.976386037365409720e+01
1.737000000000000000e+05	3.976386037365409720e+01
1.737000000000000000e+05	-1.359035832424370710e+03
1.746000000000000000e+05	-1.359035832424370710e+03
1.746000000000000000e+05	-4.343086264752200805e+02
1.755000000000000000e+05	-4.343086264752200805e+02
1.755000000000000000e+05	-2.218077728640055284e+02
1.764000000000000000e+05	-2.218077728640055284e+02
1.764000000000000000e+05	4.035069472602481255e+01
1.773000000000000000e+05	4.035069472602481255e+01
1.773000000000000000e+05	-1.361368350820568594e+03
1.782000000000000000e+05	-1.361368350820568594e+03
1.782000000000000000e+05	-4.351086548855528235e+02
1.791000000000000000e+05	-4.351086548855528235e+02
1.791000000000000000e+05	-2.223177356395754032e+02
1.800000000000000000e+05	-2.223177356395754032e+02
1.800000000000000000e+05	4.109790418881766527e+01
1.809000000000000000e+05	4.109790418881766527e+01
1.809000000000000000e+05	-1.367478863472875901e+03
1.818000000000000000e+05	-1.367478863472875901e+03
1.818000000000000000e+05	-2.568760792717221193e+02
1.827000000000000000e+05	-2.568760792717221193e+02
1.827000000000000000e+05	-8.232691221928689629e+00
1.836000000000000000e+05	-8.232691221928689629e+00
1.836000000000000000e+05	4.096552440338746237e+01
1.845000000000000000e+05	4.096552440338746237e+01
1.845000000000000000e+05	-9.692226376877715666e+02
1.854000000000000000e+05	-9.692226376877715666e+02
1.854000000000000000e+05	1.505385726414388046e+03
1.863000000000000000e+05	1.505385726414388046e+03
1.863000000000000000e+05	2.374021517375367694e+02
1.872000000000000000e+05	2.374021517375367694e+02
1.872000000000000000e+05	1.992046385445819396e+02
1.881000000000000000e+05	1.992046385445819396e+02
1.881000000000000000e+05	1.072513749600235315e+03
1.890000000000000000e+05	1.072513749600235315e+03
1.890000000000000000e+05	1.368050192725146189e+03
1.899000000000000000e+05	1.368050192725146189e+03
1.899000000000000000e+05	7.928719968217192218e+02
1.908000000000000000e+05	7.928719968217192218e+02
1.908000000000000000e+05	6.084640926229321849e+02
1.917000000000000000e+05	6.084640926229321849e+02
1.917000000000000000e+05	5.516777578205231976e+02
1.926000000000000000e+05	5.516777578205231976e+02
1.926000000000000000e+05	2.088383715768577531e+02
1.935000000000000000e+05	2.088383715768577531e+02
1.935000000000000000e+05	-8.613087228412041441e+01
1.944000000000000000e+05	-8.613087228412041441e+01
1.944000000000000000e+05	1.944276943809218210e+02
1.953000000000000000e+05	1.944276943809218210e+02
1.953000000000000000e+05	4.402454191988622938e+02
1.962000000000000000e+05	4.402454191988622938e+02
1.962000000000000000e+05	1.147926793041406199e+02
1.971000000000000000e+05	1.147926793041406199e+02
1.971000000000000000e+05	-1.307431329564715270e+03
1.980000000000000000e+05	-1.307431329564715270e+03
1.980000000000000000e+05	8.561156028479035740e+01
1.989000000000000000e+05	8.561156028479035740e+01
1.989000000000000000e+05	2.806964315093112418e+03
1.998000000000000000e+05	2.806964315093112418e+03
1.998000000000000000e+05	5.062541394815489184e+03
2.007000000000000000e+05	5.062541394815489184e+03
2.007000000000000000e+05	6.001583163400995545e+03
2.016000000000000000e+05	6.001583163400995545e+03
2.016000000000000000e+05	4.696902597231892287e+03
2.025000000000000000e+05	4.696902597231892287e+03
2.025000000000000000e+05	9.385668245395369013e+03
2.034000000000000000e+05	9.385668245395369013e+03
2.034000000000000000e+05	8.157506749680847861e+03
2.043000000000000000e+05	8.157506749680847861e+03
2.043000000000000000e+05	8.077518719809420872e+03
2.052000000000000000e+05	8.077518719809420872e+03
2.052000000000000000e+05	6.724817583193060273e+03
2.061000000000000000e+05	6.724817583193060273e+03
2.061000000000000000e+05	2.501461214263632883e+03
2.070000000000000000e+05	2.501461214263632883e+03
2.070000000000000000e+05	5.263900294442893937e+03
2.079000000000000000e+05	5.263900294442893937e+03
2.079000000000000000e+05	4.905463592144718859e+03
2.088000000000000000e+05	4.905463592144718859e+03
2.088000000000000000e+05	4.197095289118575238e+03
2.097000000000000000e+05	4.197095289118575238e+03
2.097000000000000000e+05	3.415156478039038575e+03
2.106000000000000000e+05	3.415156478039038575e+03
2.106000000000000000e+05	1.992440461930935271e+03
2.115000000000000000e+05	1.992440461930935271e+03
2.115000000000000000e+05	4.753466894128068816e+03
2.124000000000000000e+05	4.753466894128068816e+03
2.124000000000000000e+05	3.141239154104383488e+03
2.133000000000000000e+05	3.141239154104383488e+03
2.133000000000000000e+05	2.942124536744434863e+03
2.142000000000000000e+05	2.942124536744434863e+03
2.142000000000000000e+05	2.768492147501208819e+03
2.151000000000000000e+05	2.768492147501208819e+03
2.151000000000000000e+05	2.634813867398537695e+03
2.160000000000000000e+05	2.634813867398537695e+03
2.160000000000000000e+05	2.263066510502001620e+03
2.169000000000000000e+05	2.263066510502001620e+03
2.169000000000000000e+05	2.224185477918865672e+03
2.178000000000000000e+05	2.224185477918865672e+03
2.178000000000000000e+05	2.348653404068201780e+03
2.187000000000000000e+05	2.348653404068201780e+03
2.187000000000000000e+05	2.461753100202884525e+03
2.196000000000000000e+05	2.461753100202884525e+03
2.196000000000000000e+05	2.312410924174064348e+03
2.205000000000000000e+05	2.312410924174064348e+03
2.205000000000000000e+05	7.074978189022716606e+02
2.214000000000000000e+05	7.074978189022716606e+02
2.214000000000000000e+05	2.041735580356034916e+03
2.223000000000000000e+05	2.041735580356034916e+03
2.223000000000000000e+05	2.265652285191288684e+03
2.232000000000000000e+05	2.265652285191288684e+03
2.232000000000000000e+05	1.945667041059272378e+03
2.241000000000000000e+05	1.945667041059272378e+03
2.241000000000000000e+05	1.077658256706200973e+03
2.250000000000000000e+05	1.077658256706200973e+03
2.250000000000000000e+05	2.567049579432350583e+03
2.259000000000000000e+05	2.567049579432350583e+03
2.259000000000000000e+05	3.003146187360980548e+03
2.268000000000000000e+05	3.003146187360980548e+03
2.268000000000000000e+05	2.971482073686844160e+03
2.277000000000000000e+05	2.971482073686844160e+03
2.277000000000000000e+05	1.487124332321441898e+03
2.286000000000000000e+05	1.487124332321441898e+03
2.286000000000000000e+05	1.027813642322842497e+03
2.295000000000000000e+05	1.027813642322842497e+03
2.295000000000000000e+05	7.965464828762342222e+02
2.304000000000000000e+05	7.965464828762342222e+02
2.304000000000000000e+05	1.157074082403882130e+03
2.313000000000000000e+05	1.157074082403882130e+03
2.313000000000000000e+05	1.083411740564740882e+02
2.322000000000000000e+05	1.083411740564740882e+02
2.322000000000000000e+05	2.768245932555873878e+02
2.331000000000000000e+05	2.768245932555873878e+02
2.331000000000000000e+05	2.609785610691178590e+02
2.340000000000000000e+05	2.609785610691178590e+02
2.340000000000000000e+05	4.115837632308075626e+02
2.349000000000000000e+05	4.115837632308075626e+02
2.349000000000000000e+05	2.061769500032505675e+03
2.358000000000000000e+05	2.061769500032505675e+03
2.358000000000000000e+05	1.484394177866575774e+03
2.367000000000000000e+05	1.484394177866575774e+03
2.367000000000000000e+05	1.940910756256082095e+03
2.376000000000000000e+05	1.940910756256082095e+03
2.376000000000000000e+05	1.565787734583391284e+03
2.385000000000000000e+05	1.565787734583391284e+03
2.385000000000000000e+05	1.107840140419584486e+03
2.394000000000000000e+05	1.107840140419584486e+03
2.394000000000000000e+05	1.752615094389417209e+03
2.403000000000000000e+05	1.752615094389417209e+03
2.403000000000000000e+05	1.521986600527539849e+03
2.412000000000000000e+05	1.521986600527539849e+03
2.412000000000000000e+05	5.752314001053100583e+02
2.421000000000000000e+05	5.752314001053100583e+02
2.421000000000000000e+05	5.057547923788806656e+03
2.430000000000000000e+05	5.057547923788806656e+03
2.430000000000000000e+05	1.310105933276063297e+03
2.439000000000000000e+05	1.310105933276063297e+03
2.439000000000000000e+05	2.360938812458130997e+03
2.448000000000000000e+05	2.360938812458130997e+03
2.448000000000000000e+05	9.518199214179367118e+02
2.457000000000000000e+05	9.518199214179367118e+02
2.457000000000000000e+05	4.177325949558751745e+03
2.466000000000000000e+05	4.177325949558751745e+03
2.466000000000000000e+05	1.620916862357640639e+03
2.475000000000000000e+05	1.620916862357640639e+03
2.475000000000000000e+05	9.827593972133472562e+02
2.484000000000000000e+05	9.827593972133472562e+02
2.484000000000000000e+05	8.623345414418672590e+02
2.493000000000000000e+05	8.623345414418672590e+02
2.493000000000000000e+05	2.266136442993065884e+03
2.502000000000000000e+05	2.266136442993065884e+03
2.502000000000000000e+05	9.627863031835877337e+02
2.511000000000000000e+05	9.627863031835877337e+02
2.511000000000000000e+05	6.182060505276313052e+02
2.520000000000000000e+05	6.182060505276313052e+02
2.520000000000000000e+05	3.084568194982339264e+02
2.529000000000000000e+05	3.084568194982339264e+02
2.529000000000000000e+05	-1.792667460387458050e+03
2.538000000000000000e+05	-1.792667460387458050e+03
2.538000000000000000e+05	-5.151463111214688979e+02
2.547000000000000000e+05	-5.151463111214688979e+02
2.547000000000000000e+05	-2.348226574400323443e+02
2.556000000000000000e+05	-2.348226574400323443e+02
2.556000000000000000e+05	3.770292681404316681e+01
2.565000000000000000e+05	3.770292681404316681e+01
2.565000000000000000e+05	-1.548348447512777966e+03
2.574000000000000000e+05	-1.548348447512777966e+03
2.574000000000000000e+05	-4.947164497515768744e+02
2.583000000000000000e+05	-4.947164497515768744e+02
2.583000000000000000e+05	-2.525709212345536798e+02
2.592000000000000000e+05	-2.525709212345536798e+02
2.592000000000000000e+05	3.187908357127798809e+01
2.601000000000000000e+05	3.187908357127798809e+01
2.601000000000000000e+05	-1.510125093154732440e+03
2.610000000000000000e+05	-1.510125093154732440e+03
2.610000000000000000e+05	-4.851512979043764062e+02
2.619000000000000000e+05	-4.851512979043764062e+02
2.619000000000000000e+05	-2.490536338039673865e+02
2.628000000000000000e+05	-2.490536338039673865e+02
2.628000000000000000e+05	3.353009096688219870e+01
2.637000000000000000e+05	3.353009096688219870e+01
2.637000000000000000e+05	-1.487185671268759052e+03
2.646000000000000000e+05	-1.487185671268759052e+03
2.646000000000000000e+05	-4.773426040421472862e+02
2.655000000000000000e+05	-4.773426040421472862e+02
2.655000000000000000e+05	-2.372975910994573496e+02
2.664000000000000000e+05	-2.372975910994573496e+02
2.664000000000000000e+05	3.539280571930976294e+01
2.673000000000000000e+05	3.539280571930976294e+01
2.673000000000000000e+05	-1.469740313432997709e+03
2.682000000000000000e+05	-1.469740313432997709e+03
2.682000000000000000e+05	-4.712273771942127496e+02
2.691000000000000000e+05	-4.712273771942127496e+02
2.691000000000000000e+05	-2.414094198332168162e+02
2.700000000000000000e+05	-2.414094198332168162e+02
2.700000000000000000e+05	3.668442649135977263e+01
2.709000000000000000e+05	3.668442649135977263e+01
2.709000000000000000e+05	5.147956950984842479e+03
2.718000000000000000e+05	5.147956950984842479e+03
2.718000000000000000e+05	1.735965868135273922e+03
2.727000000000000000e+05	1.735965868135273922e+03
2.727000000000000000e+05	7.003436222188756801e+02
2.736000000000000000e+05	7.003436222188756801e+02
2.736000000000000000e+05	8.277312341257456865e+02
2.745000000000000000e+05	8.277312341257456865e+02
2.745000000000000000e+05	-1.594987683884365651e+03
2.754000000000000000e+05	-1.594987683884365651e+03
2.754000000000000000e+05	-3.324135463596903719e+02
2.763000000000000000e+05	-3.324135463596903719e+02
2.763000000000000000e+05	-8.470912991807563230e+01
2.772000000000000000e+05	-8.470912991807563230e+01
2.772000000000000000e+05	7.566695527159754420e+01
2.781000000000000000e+05	7.566695527159754420e+01
2.781000000000000000e+05	1.989399422921596852e+03
2.790000000000000000e+05	1.989399422921596852e+03
2.790000000000000000e+05	-1.746229827404022217e-10
2.799000000000000000e+05	-1.746229827404022217e-10
2.799000000000000000e+05	0.000000000000000000e+00
2.808000000000000000e+05	0.000000000000000000e+00
2.808000000000000000e+05	4.537359518532184666e+02
2.817000000000000000e+05	4.537359518532184666e+02
2.817000000000000000e+05	8.814477967235688993e+02
2.826000000000000000e+05	8.814477967235688993e+02
2.826000000000000000e+05	0.000000000000000000e+00
2.835000000000000000e+05	0.000000000000000000e+00
2.835000000000000000e+05	-2.116791297320683952e+03
2.844000000000000000e+05	-2.116791297320683952e+03
2.844000000000000000e+05	9.107459593085104643e+02
2.853000000000000000e+05	9.107459593085104643e+02
2.853000000000000000e+05	4.208374924184945485e+03
2.862000000000000000e+05	4.208374924184945485e+03
2.862000000000000000e+05	5.675901305805251468e+03
2.871000000000000000e+05	5.675901305805251468e+03
2.871000000000000000e+05	6.398220368475012947e+03
2.880000000000000000e+05	6.398220368475012947e+03
2.880000000000000000e+05	5.315708962760898430e+03
2.889000000000000000e+05	5.315708962760898430e+03
2.889000000000000000e+05	8.774651070535928739e+03
2.898000000000000000e+05	8.774651070535928739e+03
2.898000000000000000e+05	8.070387208461586852e+03
2.907000000000000000e+05	8.070387208461586852e+03
2.907000000000000000e+05	8.062336172363604419e+03
2.916000000000000000e+05	8.062336172363604419e+03
2.916000000000000000e+05	6.718636166623600730e+03
2.925000000000000000e+05	6.718636166623600730e+03
2.925000000000000000e+05	4.978899051183539086e+03
2.934000000000000000e+05	4.978899051183539086e+03
2.934000000000000000e+05	5.504296065987437032e+03
2.943000000000000000e+05	5.504296065987437032e+03
2.943000000000000000e+05	5.467493351753219031e+03
2.952000000000000000e+05	5.467493351753219031e+03
2.952000000000000000e+05	4.812325304072008294e+03
2.961000000000000000e+05	4.812325304072008294e+03
2.961000000000000000e+05	4.546250502055563629e+03
2.970000000000000000e+05	4.546250502055563629e+03
2.970000000000000000e+05	3.755727912722853944e+03
2.979000000000000000e+05	3.755727912722853944e+03
2.979000000000000000e+05	3.861385968037880957e+03
2.988000000000000000e+05	3.861385968037880957e+03
2.988000000000000000e+05	2.892844053321307001e+03
2.997000000000000000e+05	2.892844053321307001e+03
2.997000000000000000e+05	3.060143665536020308e+03
3.006000000000000000e+05	3.060143665536020308e+03
3.006000000000000000e+05	2.948154708577145357e+03
3.015000000000000000e+05	2.948154708577145357e+03
3.015000000000000000e+05	2.898957139122998342e+03
3.024000000000000000e+05	2.898957139122998342e+03
3.024000000000000000e+05	1.701357570668918925e+03
3.033000000000000000e+05	1.701357570668918925e+03
3.033000000000000000e+05	4.442771426464255455e+03
3.042000000000000000e+05	4.442771426464255455e+03
3.042000000000000000e+05	2.421605490366520826e+03
3.051000000000000000e+05	2.421605490366520826e+03
3.051000000000000000e+05	2.613507983525865711e+03
3.060000000000000000e+05	2.613507983525865711e+03
3.060000000000000000e+05	1.560504246152722772e+03
3.069000000000000000e+05	1.560504246152722772e+03
3.069000000000000000e+05	2.533252358780056966e+03
3.078000000000000000e+05	2.533252358780056966e+03
3.078000000000000000e+05	2.424826657111640088e+03
3.087000000000000000e+05	2.424826657111640088e+03
3.087000000000000000e+05	1.912862091359507758e+03
3.096000000000000000e+05	1.912862091359507758e+03
3.096000000000000000e+05	1.255215013759698195e+03
3.105000000000000000e+05	1.255215013759698195e+03
3.105000000000000000e+05	2.341973486629644412e+03
3.114000000000000000e+05	2.341973486629644412e+03
3.114000000000000000e+05	2.305066288354923017e+03
3.123000000000000000e+05	2.305066288354923017e+03
3.123000000000000000e+05	1.594347023359208833e+03
3.132000000000000000e+05	1.594347023359208833e+03
3.132000000000000000e+05	4.776089855499276382e+02
3.141000000000000000e+05	4.776089855499276382e+02
3.141000000000000000e+05	5.356643783501447615e+03
3.150000000000000000e+05	5.356643783501447615e+03
3.150000000000000000e+05	9.365625237999483943e+02
3.159000000000000000e+05	9.365625237999483943e+02
3.159000000000000000e+05	1.527120085439528339e+03
3.168000000000000000e+05	1.527120085439528339e+03
3.168000000000000000e+05	7.436797768699279914e+02
3.177000000000000000e+05	7.436797768699279914e+02
3.177000000000000000e+05	-1.630709917771128630e+03
3.186000000000000000e+05	-1.630709917771128630e+03
3.186000000000000000e+05	-3.705011273305863142e+02
3.195000000000000000e+05	-3.705011273305863142e+02
3.195000000000000000e+05	-1.188905028037843294e+02
3.204000000000000000e+05	-1.188905028037843294e+02
3.204000000000000000e+05	6.560104922340269695e+01
3.213000000000000000e+05	6.560104922340269695e+01
3.213000000000000000e+05	6.706431222688898742e+03
3.222000000000000000e+05	6.706431222688898742e+03
3.222000000000000000e+05	2.692014956873201299e+03
3.231000000000000000e+05	2.692014956873201299e+03
3.231000000000000000e+05	2.899102351738431025e+03
3.240000000000000000e+05	2.899102351738431025e+03
3.240000000000000000e+05	1.674943502837113556e+03
3.249000000000000000e+05	1.674943502837113556e+03
3.249000000000000000e+05	4.884623217525392647e+03
3.258000000000000000e+05	4.884623217525392647e+03
3.258000000000000000e+05	2.437710947795130778e+03
3.267000000000000000e+05	2.437710947795130778e+03
3.267000000000000000e+05	2.662409630384529009e+03
3.276000000000000000e+05	2.662409630384529009e+03
3.276000000000000000e+05	2.977633521034264049e+03
3.285000000000000000e+05	2.977633521034264049e+03
3.285000000000000000e+05	1.847104027300617645e+03
3.294000000000000000e+05	1.847104027300617645e+03
3.294000000000000000e+05	2.397552332472288981e+03
3.303000000000000000e+05	2.397552332472288981e+03
3.303000000000000000e+05	2.955489126084605232e+03
3.312000000000000000e+05	2.955489126084605232e+03
3.312000000000000000e+05	1.485552381879137101e+03
3.321000000000000000e+05	1.485552381879137101e+03
3.321000000000000000e+05	2.509266403145444656e+03
3.330000000000000000e+05	2.509266403145444656e+03
3.330000000000000000e+05	1.185950971525744535e+03
3.339000000000000000e+05	1.185950971525744535e+03
3.339000000000000000e+05	8.029543324215919711e+02
3.348000000000000000e+05	8.029543324215919711e+02
3.348000000000000000e+05	5.019728009382970413e+02
3.357000000000000000e+05	5.019728009382970413e+02
3.357000000000000000e+05	2.126367946024706271e+03
3.366000000000000000e+05	2.126367946024706271e+03
3.366000000000000000e+05	8.343262655683793128e+02
3.375000000000000000e+05	8.343262655683793128e+02
3.375000000000000000e+05	2.316531710841809399e+02
3.384000000000000000e+05	2.316531710841809399e+02
3.384000000000000000e+05	1.959565376140826629e+02
3.393000000000000000e+05	1.959565376140826629e+02
3.393000000000000000e+05	-1.836708484987073234e+03
3.402000000000000000e+05	-1.836708484987073234e+03
3.402000000000000000e+05	-5.558313775699352846e+02
3.411000000000000000e+05	-5.558313775699352846e+02
3.411000000000000000e+05	-2.687767170188599266e+02
3.420000000000000000e+05	-2.687767170188599266e+02
3.420000000000000000e+05	2.853399153285226930e+01
3.429000000000000000e+05	2.853399153285226930e+01
3.429000000000000000e+05	-1.648205821537752399e+03
3.438000000000000000e+05	-1.648205821537752399e+03
3.438000000000000000e+05	-5.308805266632698476e+02
3.447000000000000000e+05	-5.308805266632698476e+02
3.447000000000000000e+05	-2.736980414076242596e+02
3.456000000000000000e+05	-2.736980414076242596e+02
3.456000000000000000e+05	2.588902446912652522e+01
3.465000000000000000e+05	2.588902446912652522e+01
3.465000000000000000e+05	-1.602510011748993975e+03
3.474000000000000000e+05	-1.602510011748993975e+03
3.474000000000000000e+05	-5.179551257677958347e+02
3.483000000000000000e+05	-5.179551257677958347e+02
3.483000000000000000e+05	-2.679676859272294678e+02
3.492000000000000000e+05	-2.679676859272294678e+02
3.492000000000000000e+05	2.787238932220043353e+01
3.501000000000000000e+05	2.787238932220043353e+01
3.501000000000000000e+05	-1.572031136722186375e+03
3.510000000000000000e+05	-1.572031136722186375e+03
3.510000000000000000e+05	-5.074316485085291788e+02
3.519000000000000000e+05	-5.074316485085291788e+02
3.519000000000000000e+05	-2.619951414783135988e+02
3.528000000000000000e+05	-2.619951414783135988e+02
3.528000000000000000e+05	3.017656344543411251e+01
3.537000000000000000e+05	3.017656344543411251e+01
3.537000000000000000e+05	-1.547325354088907943e+03
3.546000000000000000e+05	-1.547325354088907943e+03
3.546000000000000000e+05	-4.986621623941464350e+02
3.555000000000000000e+05	-4.986621623941464350e+02
3.555000000000000000e+05	-2.571185144499759190e+02
3.564000000000000000e+05	-2.571185144499759190e+02
3.564000000000000000e+05	3.176009749436707352e+01
3.573000000000000000e+05	3.176009749436707352e+01
3.573000000000000000e+05	-1.527624226652349762e+03
3.582000000000000000e+05	-1.527624226652349762e+03
3.582000000000000000e+05	-4.922303382016834803e+02
3.591000000000000000e+05	-4.922303382016834803e+02
3.591000000000000000e+05	3.844133585553267039e+03
3.600000000000000000e+05	3.844133585553267039e+03
3.600000000000000000e+05	1.731566400232281012e+03
3.609000000000000000e+05	1.731566400232281012e+03
3.609000000000000000e+05	-1.332503641612077217e+03
3.618000000000000000e+05	-1.332503641612077217e+03
3.618000000000000000e+05	7.968292564278235659e+02
3.627000000000000000e+05	7.968292564278235659e+02
3.627000000000000000e+05	2.642325447586074006e+03
3.636000000000000000e+05	2.642325447586074006e+03
3.636000000000000000e+05	6.216120588180338018e+02
3.645000000000000000e+05	6.216120588180338018e+02
3.645000000000000000e+05	-1.663197949577626559e+03
3.654000000000000000e+05	-1.663197949577626559e+03
3.654000000000000000e+05	-4.123409542164299637e+02
3.663000000000000000e+05	-4.123409542164299637e+02
3.663000000000000000e+05	-1.629362162054749206e+02
3.672000000000000000e+05	-1.629362162054749206e+02
3.672000000000000000e+05	4.231671762833684625e+01
3.681000000000000000e+05	4.231671762833684625e+01
3.681000000000000000e+05	1.574451121527119540e+03
3.690000000000000000e+05	1.574451121527119540e+03
3.690000000000000000e+05	0.000000000000000000e+00
3.699000000000000000e+05	0.000000000000000000e+00
3.699000000000000000e+05	-2.286690562454110477e+03
3.708000000000000000e+05	-2.286690562454110477e+03
3.708000000000000000e+05	6.356229509851591502e+02
3.717000000000000000e+05	6.356229509851591502e+02
3.717000000000000000e+05	3.673941323559575267e+03
3.726000000000000000e+05	3.673941323559575267e+03
3.726000000000000000e+05	5.458058547488704789e+03
3.735000000000000000e+05	5.458058547488704789e+03
3.735000000000000000e+05	6.262471103419258725e+03
3.744000000000000000e+05	6.262471103419258725e+03
3.744000000000000000e+05	5.155898732689231110e+03
3.753000000000000000e+05	5.155898732689231110e+03
3.753000000000000000e+05	8.557012041654474160e+03
3.762000000000000000e+05	8.557012041654474160e+03
3.762000000000000000e+05	7.960877027955546509e+03
3.771000000000000000e+05	7.960877027955546509e+03
3.771000000000000000e+05	8.008016359700006433e+03
3.780000000000000000e+05	8.008016359700006433e+03
3.780000000000000000e+05	7.147353279961000226e+03
3.789000000000000000e+05	7.147353279961000226e+03
3.789000000000000000e+05	3.514662681376708406e+03
3.798000000000000000e+05	3.514662681376708406e+03
3.798000000000000000e+05	3.369289988291449845e+03
3.807000000000000000e+05	3.369289988291449845e+03
3.807000000000000000e+05	6.381385724486492109e+03
3.816000000000000000e+05	6.381385724486492109e+03
3.816000000000000000e+05	4.527736589993201051e+03
3.825000000000000000e+05	4.527736589993201051e+03
3.825000000000000000e+05	5.001299492799417749e+03
3.834000000000000000e+05	5.001299492799417749e+03
3.834000000000000000e+05	3.465912032579828519e+03
3.843000000000000000e+05	3.465912032579828519e+03
3.843000000000000000e+05	3.726550856609886978e+03
3.852000000000000000e+05	3.726550856609886978e+03
3.852000000000000000e+05	4.025054001508871806e+03
3.861000000000000000e+05	4.025054001508871806e+03
3.861000000000000000e+05	6.023124606552161140e+02
3.870000000000000000e+05	6.023124606552161140e+02
3.870000000000000000e+05	3.102855181406601332e+03
3.879000000000000000e+05	3.102855181406601332e+03
3.879000000000000000e+05	2.768077789914619643e+03
3.888000000000000000e+05	2.768077789914619643e+03
3.888000000000000000e+05	1.924990150811145213e+03
3.897000000000000000e+05	1.924990150811145213e+03
3.897000000000000000e+05	3.023712949891052631e+03
3.906000000000000000e+05	3.023712949891052631e+03
3.906000000000000000e+05	2.442529226756130811e+03
3.915000000000000000e+05	2.442529226756130811e+03
3.915000000000000000e+05	2.617343550104007591e+03
3.924000000000000000e+05	2.617343550104007591e+03
3.924000000000000000e+05	2.492230705579038840e+03
3.933000000000000000e+05	2.492230705579038840e+03
3.933000000000000000e+05	6.385824413606312646e+02
3.942000000000000000e+05	6.385824413606312646e+02
3.942000000000000000e+05	2.287656300404283684e+03
3.951000000000000000e+05	2.287656300404283684e+03
3.951000000000000000e+05	2.061612810319813434e+03
3.960000000000000000e+05	2.061612810319813434e+03
3.960000000000000000e+05	1.639428607246494721e+03
3.969000000000000000e+05	1.639428607246494721e+03
3.969000000000000000e+05	2.020987864883815973e+03
3.978000000000000000e+05	2.020987864883815973e+03
3.978000000000000000e+05	1.777124529987399001e+03
3.987000000000000000e+05	1.777124529987399001e+03
3.987000000000000000e+05	1.900097116139251739e+03
3.996000000000000000e+05	1.900097116139251739e+03
3.996000000000000000e+05	1.429040880298649427e+03
4.005000000000000000e+05	1.429040880298649427e+03
4.005000000000000000e+05	1.456709829179300186e+03
4.014000000000000000e+05	1.456709829179300186e+03
4.014000000000000000e+05	1.441979300506762229e+03
4.023000000000000000e+05	1.441979300506762229e+03
4.023000000000000000e+05	1.354207678397768177e+03
4.032000000000000000e+05	1.354207678397768177e+03
4.032000000000000000e+05	7.785472902118708589e+02
4.041000000000000000e+05	7.785472902118708589e+02
4.041000000000000000e+05	2.227974324045685535e+03
4.050000000000000000e+05	2.227974324045685535e+03
4.050000000000000000e+05	1.863659447318292223e+03
4.059000000000000000e+05	1.863659447318292223e+03
4.059000000000000000e+05	1.304555289581185207e+03
4.068000000000000000e+05	1.304555289581185207e+03
4.068000000000000000e+05	1.590426163152176741e+03
4.077000000000000000e+05	1.590426163152176741e+03
4.077000000000000000e+05	1.358051735831215638e+03
4.086000000000000000e+05	1.358051735831215638e+03
4.086000000000000000e+05	2.345753329086874146e+03
4.095000000000000000e+05	2.345753329086874146e+03
4.095000000000000000e+05	2.559482542785641272e+03
4.104000000000000000e+05	2.559482542785641272e+03
4.104000000000000000e+05	1.846967844741951922e+03
4.113000000000000000e+05	1.846967844741951922e+03
4.113000000000000000e+05	5.153714807732765621e+03
4.122000000000000000e+05	5.153714807732765621e+03
4.122000000000000000e+05	1.965968872326309793e+03
4.131000000000000000e+05	1.965968872326309793e+03
4.131000000000000000e+05	2.453260907333111390e+03
4.140000000000000000e+05	2.453260907333111390e+03
4.140000000000000000e+05	1.321820704650759581e+03
4.149000000000000000e+05	1.321820704650759581e+03
4.149000000000000000e+05	6.211726636432155829e+03
4.158000000000000000e+05	6.211726636432155829e+03
4.158000000000000000e+05	2.714669642745924648e+03
4.167000000000000000e+05	2.714669642745924648e+03
4.167000000000000000e+05	1.545001506931032054e+03
4.176000000000000000e+05	1.545001506931032054e+03
4.176000000000000000e+05	2.096265222896056002e+03
4.185000000000000000e+05	2.096265222896056002e+03
4.185000000000000000e+05	2.661803477731306884e+03
4.194000000000000000e+05	2.661803477731306884e+03
4.194000000000000000e+05	1.310958471398975234e+03
4.203000000000000000e+05	1.310958471398975234e+03
4.203000000000000000e+05	9.036621320618432947e+02
4.212000000000000000e+05	9.036621320618432947e+02
4.212000000000000000e+05	6.353148881422430350e+02
4.221000000000000000e+05	6.353148881422430350e+02
4.221000000000000000e+05	2.178432114276320590e+03
4.230000000000000000e+05	2.178432114276320590e+03
4.230000000000000000e+05	8.825102460699272342e+02
4.239000000000000000e+05	8.825102460699272342e+02
4.239000000000000000e+05	4.423552564260317013e+02
4.248000000000000000e+05	4.423552564260317013e+02
4.248000000000000000e+05	2.397871486636140617e+02
4.257000000000000000e+05	2.397871486636140617e+02
4.257000000000000000e+05	-1.818959269337188516e+03
4.266000000000000000e+05	-1.818959269337188516e+03
4.266000000000000000e+05	-5.390746320580365136e+02
4.275000000000000000e+05	-5.390746320580365136e+02
4.275000000000000000e+05	-2.544388969085994177e+02
4.284000000000000000e+05	-2.544388969085994177e+02
4.284000000000000000e+05	3.288905808672461717e+01
4.293000000000000000e+05	3.288905808672461717e+01
4.293000000000000000e+05	-1.603887384182052529e+03
4.302000000000000000e+05	-1.603887384182052529e+03
4.302000000000000000e+05	-5.140821838159463368e+02
4.311000000000000000e+05	-5.140821838159463368e+02
4.311000000000000000e+05	-2.632819732786738314e+02
4.320000000000000000e+05	-2.632819732786738314e+02
4.320000000000000000e+05	2.931309326116297598e+01
4.329000000000000000e+05	2.931309326116297598e+01
4.329000000000000000e+05	-1.556903288652209312e+03
4.338000000000000000e+05	-1.556903288652209312e+03
4.338000000000000000e+05	-5.010209601210663095e+02
4.347000000000000000e+05	-5.010209601210663095e+02
4.347000000000000000e+05	-2.576504158463212661e+02
4.356000000000000000e+05	-2.576504158463212661e+02
4.356000000000000000e+05	3.133102833745488169e+01
4.365000000000000000e+05	3.133102833745488169e+01
4.365000000000000000e+05	-1.525690785356640845e+03
4.374000000000000000e+05	-1.525690785356640845e+03
4.374000000000000000e+05	-4.903352967254468240e+02
4.383000000000000000e+05	-4.903352967254468240e+02
4.383000000000000000e+05	-2.516784493731684051e+02
4.392000000000000000e+05	-2.516784493731684051e+02
4.392000000000000000e+05	3.361649623009634524e+01
4.401000000000000000e+05	3.361649623009634524e+01
4.401000000000000000e+05	-1.500753088508235805e+03
4.410000000000000000e+05	-1.500753088508235805e+03
4.410000000000000000e+05	-4.815887279044836760e+02
4.419000000000000000e+05	-4.815887279044836760e+02
4.419000000000000000e+05	-2.468687233731616288e+02
4.428000000000000000e+05	-2.468687233731616288e+02
4.428000000000000000e+05	3.524821890996190632e+01
4.437000000000000000e+05	3.524821890996190632e+01
4.437000000000000000e+05	2.364299570848709664e+03
4.446000000000000000e+05	2.364299570848709664e+03
4.446000000000000000e+05	3.323626676903862972e+03
4.455000000000000000e+05	3.323626676903862972e+03
4.455000000000000000e+05	1.179599169976601843e+03
4.464000000000000000e+05	1.179599169976601843e+03
4.464000000000000000e+05	1.586110453938914361e+03
4.473000000000000000e+05	1.586110453938914361e+03
4.473000000000000000e+05	2.186407077919880066e+03
4.482000000000000000e+05	2.186407077919880066e+03
4.482000000000000000e+05	1.727013549103168771e+03
4.491000000000000000e+05	1.727013549103168771e+03
4.491000000000000000e+05	1.851908459049533121e+03
4.500000000000000000e+05	1.851908459049533121e+03
4.500000000000000000e+05	6.626292288106487831e+02
4.509000000000000000e+05	6.626292288106487831e+02
4.509000000000000000e+05	5.378178293030908208e+03
4.518000000000000000e+05	5.378178293030908208e+03
4.518000000000000000e+05	2.013312568785797339e+03
4.527000000000000000e+05	2.013312568785797339e+03
4.527000000000000000e+05	2.188834648976218887e+03
4.536000000000000000e+05	2.188834648976218887e+03
4.536000000000000000e+05	9.538426133764469341e+02
4.545000000000000000e+05	9.538426133764469341e+02
4.545000000000000000e+05	5.208520763847608578e+03
4.554000000000000000e+05	5.208520763847608578e+03
4.554000000000000000e+05	1.959655654187838081e+03
4.563000000000000000e+05	1.959655654187838081e+03
4.563000000000000000e+05	-2.686492305455205496e+03
4.572000000000000000e+05	-2.686492305455205496e+03
4.572000000000000000e+05	5.439555378040995492e+02
4.581000000000000000e+05	5.439555378040995492e+02
4.581000000000000000e+05	3.209970755230912800e+03
4.590000000000000000e+05	3.209970755230912800e+03
4.590000000000000000e+05	5.280793194967904128e+03
4.599000000000000000e+05	5.280793194967904128e+03
4.599000000000000000e+05	6.152877388655208051e+03
4.608000000000000000e+05	6.152877388655208051e+03
4.608000000000000000e+05	5.019593710942644975e+03
4.617000000000000000e+05	5.019593710942644975e+03
4.617000000000000000e+05	8.465160901267554436e+03
4.626000000000000000e+05	8.465160901267554436e+03
4.626000000000000000e+05	7.900011278233199846e+03
4.635000000000000000e+05	7.900011278233199846e+03
4.635000000000000000e+05	7.962221904021396767e+03
4.644000000000000000e+05	7.962221904021396767e+03
4.644000000000000000e+05	7.088256655146866251e+03
4.653000000000000000e+05	7.088256655146866251e+03
4.653000000000000000e+05	6.738795382045723272e+03
4.662000000000000000e+05	6.738795382045723272e+03
4.662000000000000000e+05	6.344451171449676622e+03
4.671000000000000000e+05	6.344451171449676622e+03
4.671000000000000000e+05	6.448868581098678987e+03
4.680000000000000000e+05	6.448868581098678987e+03
4.680000000000000000e+05	5.850561650073730561e+03
4.689000000000000000e+05	5.850561650073730561e+03
4.689000000000000000e+05	3.941223133433435123e+03
4.698000000000000000e+05	3.941223133433435123e+03
4.698000000000000000e+05	5.127191700549272355e+03
4.707000000000000000e+05	5.127191700549272355e+03
4.707000000000000000e+05	4.602077958378591575e+03
4.716000000000000000e+05	4.602077958378591575e+03
4.716000000000000000e+05	4.869330801731495740e+03
4.725000000000000000e+05	4.869330801731495740e+03
4.725000000000000000e+05	2.175155129622573440e+03
4.734000000000000000e+05	2.175155129622573440e+03
4.734000000000000000e+05	3.089361228616908193e+03
4.743000000000000000e+05	3.089361228616908193e+03
4.743000000000000000e+05	1.802901488027127925e+03
4.752000000000000000e+05	1.802901488027127925e+03
4.752000000000000000e+05	2.663858147679275135e+03
4.761000000000000000e+05	2.663858147679275135e+03
4.761000000000000000e+05	3.172438810058811214e+03
4.770000000000000000e+05	3.172438810058811214e+03
4.770000000000000000e+05	4.986871473498351406e+03
4.779000000000000000e+05	4.986871473498351406e+03
4.779000000000000000e+05	3.298362467941828072e+03
4.788000000000000000e+05	3.298362467941828072e+03
4.788000000000000000e+05	3.360761558438318389e+03
4.797000000000000000e+05	3.360761558438318389e+03
4.797000000000000000e+05	2.222804069373798484e+03
4.806000000000000000e+05	2.222804069373798484e+03
4.806000000000000000e+05	2.996125849741569255e+03
4.815000000000000000e+05	2.996125849741569255e+03
4.815000000000000000e+05	3.011536202290444635e+03
4.824000000000000000e+05	3.011536202290444635e+03
4.824000000000000000e+05	2.858281604622554369e+03
4.833000000000000000e+05	2.858281604622554369e+03
4.833000000000000000e+05	1.731399236618957730e+03
4.842000000000000000e+05	1.731399236618957730e+03
4.842000000000000000e+05	2.390720034089696128e+03
4.851000000000000000e+05	2.390720034089696128e+03
4.851000000000000000e+05	2.503437029192224145e+03
4.860000000000000000e+05	2.503437029192224145e+03
4.860000000000000000e+05	2.102164383527378959e+03
4.869000000000000000e+05	2.102164383527378959e+03
4.869000000000000000e+05	2.354452093439444525e+03
4.878000000000000000e+05	2.354452093439444525e+03
4.878000000000000000e+05	1.126361554227245506e+03
4.887000000000000000e+05	1.126361554227245506e+03
4.887000000000000000e+05	3.953765298712649383e+03
4.896000000000000000e+05	3.953765298712649383e+03
4.896000000000000000e+05	1.901785509819403160e+03
4.905000000000000000e+05	1.901785509819403160e+03
4.905000000000000000e+05	-1.178847270132845097e+03
4.914000000000000000e+05	-1.178847270132845097e+03
4.914000000000000000e+05	6.064489492744905874e+01
4.923000000000000000e+05	6.064489492744905874e+01
4.923000000000000000e+05	2.410002650529495440e+02
4.932000000000000000e+05	2.410002650529495440e+02
4.932000000000000000e+05	4.470608984842292557e+02
4.941000000000000000e+05	4.470608984842292557e+02
4.941000000000000000e+05	5.247642242818094019e+03
4.950000000000000000e+05	5.247642242818094019e+03
4.950000000000000000e+05	9.834957905063638464e+02
4.959000000000000000e+05	9.834957905063638464e+02
4.959000000000000000e+05	1.669892407449078746e+03
4.968000000000000000e+05	1.669892407449078746e+03
4.968000000000000000e+05	9.320501407697756804e+02
4.977000000000000000e+05	9.320501407697756804e+02
4.977000000000000000e+05	2.293523545801758246e+03
4.986000000000000000e+05	2.293523545801758246e+03
4.986000000000000000e+05	9.845166590420412831e+02
4.995000000000000000e+05	9.845166590420412831e+02
4.995000000000000000e+05	2.684177058207744267e+03
5.004000000000000000e+05	2.684177058207744267e+03
5.004000000000000000e+05	5.229155668929251988e+02
5.013000000000000000e+05	5.229155668929251988e+02
5.013000000000000000e+05	6.134646641346896104e+03
5.022000000000000000e+05	6.134646641346896104e+03
5.022000000000000000e+05	2.350961601638409775e+03
5.031000000000000000e+05	2.350961601638409775e+03
5.031000000000000000e+05	3.375188243265962228e+03
5.040000000000000000e+05	3.375188243265962228e+03
5.040000000000000000e+05	2.052455320874958488e+03
5.049000000000000000e+05	2.052455320874958488e+03
5.049000000000000000e+05	2.751053214427817238e+03
5.058000000000000000e+05	2.751053214427817238e+03
5.058000000000000000e+05	1.389667523166164756e+03
5.067000000000000000e+05	1.389667523166164756e+03
5.067000000000000000e+05	9.695158212236710824e+02
5.076000000000000000e+05	9.695158212236710824e+02
5.076000000000000000e+05	6.816900285805149906e+02
5.085000000000000000e+05	6.816900285805149906e+02
5.085000000000000000e+05	2.197000257816284375e+03
5.094000000000000000e+05	2.197000257816284375e+03
5.094000000000000000e+05	8.997986836232594214e+02
5.103000000000000000e+05	8.997986836232594214e+02
5.103000000000000000e+05	5.664851494249887764e+02
5.112000000000000000e+05	5.664851494249887764e+02
5.112000000000000000e+05	2.560203651290812559e+02
5.121000000000000000e+05	2.560203651290812559e+02
5.121000000000000000e+05	-1.812796162634986558e+03
5.130000000000000000e+05	-1.812796162634986558e+03
5.130000000000000000e+05	-5.335762080426211469e+02
5.139000000000000000e+05	-5.335762080426211469e+02
5.139000000000000000e+05	-2.500725761693320237e+02
5.148000000000000000e+05	-2.500725761693320237e+02
5.148000000000000000e+05	3.384545737202097371e+01
5.157000000000000000e+05	3.384545737202097371e+01
5.157000000000000000e+05	-1.589331396727021001e+03
5.166000000000000000e+05	-1.589331396727021001e+03
5.166000000000000000e+05	-5.089977686165366322e+02
5.175000000000000000e+05	-5.089977686165366322e+02
5.175000000000000000e+05	-2.602999276288901456e+02
5.184000000000000000e+05	-2.602999276288901456e+02
5.184000000000000000e+05	3.035110027095015539e+01
5.193000000000000000e+05	3.035110027095015539e+01
5.193000000000000000e+05	-1.542670102910113201e+03
5.202000000000000000e+05	-1.542670102910113201e+03
5.202000000000000000e+05	-4.955037868023500778e+02
5.211000000000000000e+05	-4.955037868023500778e+02
5.211000000000000000e+05	-2.539942841299343854e+02
5.220000000000000000e+05	-2.539942841299343854e+02
5.220000000000000000e+05	3.278947177604732133e+01
5.229000000000000000e+05	3.278947177604732133e+01
5.229000000000000000e+05	-1.088386350670109096e+03
5.238000000000000000e+05	-1.088386350670109096e+03
5.238000000000000000e+05	4.137561640767380595e+02
5.247000000000000000e+05	4.137561640767380595e+02
5.247000000000000000e+05	1.870015700298245065e+02
5.256000000000000000e+05	1.870015700298245065e+02
5.256000000000000000e+05	1.323134556150062053e+02
5.265000000000000000e+05	1.323134556150062053e+02
5.265000000000000000e+05	1.352737513546868286e+03
5.274000000000000000e+05	1.352737513546868286e+03
5.274000000000000000e+05	-5.820766091346740723e-11
5.283000000000000000e+05	-5.820766091346740723e-11
5.283000000000000000e+05	1.216364870467630681e+03
5.292000000000000000e+05	1.216364870467630681e+03
5.292000000000000000e+05	1.095500321381333379e+03
5.301000000000000000e+05	1.095500321381333379e+03
5.301000000000000000e+05	1.156430903899827399e+03
5.310000000000000000e+05	1.156430903899827399e+03
5.310000000000000000e+05	1.661508260021684691e+03
5.319000000000000000e+05	1.661508260021684691e+03
5.319000000000000000e+05	1.110584029413701501e+03
5.328000000000000000e+05	1.110584029413701501e+03
5.328000000000000000e+05	1.061860216255121486e+03
5.337000000000000000e+05	1.061860216255121486e+03
5.337000000000000000e+05	2.553240140763201907e+03
5.346000000000000000e+05	2.553240140763201907e+03
5.346000000000000000e+05	1.579974358656734694e+03
5.355000000000000000e+05	1.579974358656734694e+03
5.355000000000000000e+05	1.722911541497684084e+03
5.364000000000000000e+05	1.722911541497684084e+03
5.364000000000000000e+05	1.839401814835749974e+03
5.373000000000000000e+05	1.839401814835749974e+03
5.373000000000000000e+05	1.410283423234150177e+03
5.382000000000000000e+05	1.410283423234150177e+03
5.382000000000000000e+05	1.969336439178034198e+03
5.391000000000000000e+05	1.969336439178034198e+03
5.391000000000000000e+05	1.917141431891650427e+03
5.400000000000000000e+05	1.917141431891650427e+03
5.400000000000000000e+05	9.446145473671331274e+02
5.409000000000000000e+05	9.446145473671331274e+02
5.409000000000000000e+05	2.298990699507381578e+03
5.418000000000000000e+05	2.298990699507381578e+03
5.418000000000000000e+05	9.874979058564640582e+02
5.427000000000000000e+05	9.874979058564640582e+02
5.427000000000000000e+05	-2.782653817888873164e+03
5.436000000000000000e+05	-2.782653817888873164e+03
5.436000000000000000e+05	7.973756841000231361e+02
5.445000000000000000e+05	7.973756841000231361e+02
5.445000000000000000e+05	3.783330910295971535e+03
5.454000000000000000e+05	3.783330910295971535e+03
5.454000000000000000e+05	5.534731274009682238e+03
5.463000000000000000e+05	5.534731274009682238e+03
5.463000000000000000e+05	6.318321877038513776e+03
5.472000000000000000e+05	6.318321877038513776e+03
5.472000000000000000e+05	5.234643583918019431e+03
5.481000000000000000e+05	5.234643583918019431e+03
5.481000000000000000e+05	8.580403750254765328e+03
5.490000000000000000e+05	8.580403750254765328e+03
5.490000000000000000e+05	7.983150285163894296e+03
5.499000000000000000e+05	7.983150285163894296e+03
5.499000000000000000e+05	8.026989914480654988e+03
5.508000000000000000e+05	8.026989914480654988e+03
5.508000000000000000e+05	7.176027218209459534e+03
5.517000000000000000e+05	7.176027218209459534e+03
5.517000000000000000e+05	5.424440580975717239e+03
5.526000000000000000e+05	5.424440580975717239e+03
5.526000000000000000e+05	5.773013507901981939e+03
5.535000000000000000e+05	5.773013507901981939e+03
5.535000000000000000e+05	5.740991601335525047e+03
5.544000000000000000e+05	5.740991601335525047e+03
5.544000000000000000e+05	5.143128907480480848e+03
5.553000000000000000e+05	5.143128907480480848e+03
5.553000000000000000e+05	4.877644426622332503e+03
5.562000000000000000e+05	4.877644426622332503e+03
5.562000000000000000e+05	4.151798877773282584e+03
5.571000000000000000e+05	4.151798877773282584e+03
5.571000000000000000e+05	4.252228721170860808e+03
5.580000000000000000e+05	4.252228721170860808e+03
5.580000000000000000e+05	4.354033755227723304e+03
5.589000000000000000e+05	4.354033755227723304e+03
5.589000000000000000e+05	1.827267473234104727e+03
5.598000000000000000e+05	1.827267473234104727e+03
5.598000000000000000e+05	3.491680604282068089e+03
5.607000000000000000e+05	3.491680604282068089e+03
5.607000000000000000e+05	3.292420050737913698e+03
5.616000000000000000e+05	3.292420050737913698e+03
5.616000000000000000e+05	3.359947180204238975e+03
5.625000000000000000e+05	3.359947180204238975e+03
5.625000000000000000e+05	1.413731745089309015e+03
5.634000000000000000e+05	1.413731745089309015e+03
5.634000000000000000e+05	3.107915455691691022e+03
5.643000000000000000e+05	3.107915455691691022e+03
5.643000000000000000e+05	2.986611546105414163e+03
5.652000000000000000e+05	2.986611546105414163e+03
5.652000000000000000e+05	2.948118048272264787e+03
5.661000000000000000e+05	2.948118048272264787e+03
5.661000000000000000e+05	2.047776854552621899e+03
5.670000000000000000e+05	2.047776854552621899e+03
5.670000000000000000e+05	2.559648681751394179e+03
5.679000000000000000e+05	2.559648681751394179e+03
5.679000000000000000e+05	2.545310906405677088e+03
5.688000000000000000e+05	2.545310906405677088e+03
5.688000000000000000e+05	1.822509247050211343e+03
5.697000000000000000e+05	1.822509247050211343e+03
5.697000000000000000e+05	2.633369744788214575e+03
5.706000000000000000e+05	2.633369744788214575e+03
5.706000000000000000e+05	2.530669775938556995e+03
5.715000000000000000e+05	2.530669775938556995e+03
5.715000000000000000e+05	2.428949620279483497e+03
5.724000000000000000e+05	2.428949620279483497e+03
5.724000000000000000e+05	1.617097204673525994e+03
5.733000000000000000e+05	1.617097204673525994e+03
5.733000000000000000e+05	-1.287225195082279697e+03
5.742000000000000000e+05	-1.287225195082279697e+03
5.742000000000000000e+05	-5.664805774233536795e+01
5.751000000000000000e+05	-5.664805774233536795e+01
5.751000000000000000e+05	1.403734552158857696e+02
5.760000000000000000e+05	1.403734552158857696e+02
5.760000000000000000e+05	3.027176720414263400e+02
5.769000000000000000e+05	3.027176720414263400e+02
5.769000000000000000e+05	7.126962330303011186e+03
5.778000000000000000e+05	7.126962330303011186e+03
5.778000000000000000e+05	2.144341567235358525e+03
5.787000000000000000e+05	2.144341567235358525e+03
5.787000000000000000e+05	2.109497167562367395e+03
5.796000000000000000e+05	2.109497167562367395e+03
5.796000000000000000e+05	2.466316517906194349e+03
5.805000000000000000e+05	2.466316517906194349e+03
5.805000000000000000e+05	2.679770265038238904e+03
5.814000000000000000e+05	2.679770265038238904e+03
5.814000000000000000e+05	1.328235190958541352e+03
5.823000000000000000e+05	1.328235190958541352e+03
5.823000000000000000e+05	2.548758061253873166e+03
5.832000000000000000e+05	2.548758061253873166e+03
5.832000000000000000e+05	2.292638269679353471e+03
5.841000000000000000e+05	2.292638269679353471e+03
5.841000000000000000e+05	8.148550841957392095e+02
5.850000000000000000e+05	8.148550841957392095e+02
5.850000000000000000e+05	1.851678965444327332e+03
5.859000000000000000e+05	1.851678965444327332e+03
5.859000000000000000e+05	1.663407273438468110e+03
5.868000000000000000e+05	1.663407273438468110e+03
5.868000000000000000e+05	6.711072269286978553e+02
5.877000000000000000e+05	6.711072269286978553e+02
5.877000000000000000e+05	5.950141039152496887e+03
5.886000000000000000e+05	5.950141039152496887e+03
5.886000000000000000e+05	2.362194955414510332e+03
5.895000000000000000e+05	2.362194955414510332e+03
5.895000000000000000e+05	3.481911167826387100e+03
5.904000000000000000e+05	3.481911167826387100e+03
5.904000000000000000e+05	2.611706746127762017e+03
5.913000000000000000e+05	2.611706746127762017e+03
5.913000000000000000e+05	4.856322207611083286e+03
5.922000000000000000e+05	4.856322207611083286e+03
5.922000000000000000e+05	2.085697625387983862e+03
5.931000000000000000e+05	2.085697625387983862e+03
5.931000000000000000e+05	1.342871730124286842e+03
5.940000000000000000e+05	1.342871730124286842e+03
5.940000000000000000e+05	8.931060119851808849e+02
5.949000000000000000e+05	8.931060119851808849e+02
5.949000000000000000e+05	2.280811912864050555e+03
5.958000000000000000e+05	2.280811912864050555e+03
5.958000000000000000e+05	9.780230093983700499e+02
5.967000000000000000e+05	9.780230093983700499e+02
5.967000000000000000e+05	6.325534456837922335e+02
5.976000000000000000e+05	6.325534456837922335e+02
5.976000000000000000e+05	3.288714110037099090e+02
5.985000000000000000e+05	3.288714110037099090e+02
5.985000000000000000e+05	-1.782488800073995662e+03
5.994000000000000000e+05	-1.782488800073995662e+03
5.994000000000000000e+05	-5.044759984230040573e+02
6.003000000000000000e+05	-5.044759984230040573e+02
6.003000000000000000e+05	-2.247098932882072404e+02
6.012000000000000000e+05	-2.247098932882072404e+02
6.012000000000000000e+05	4.215305909963626618e+01
6.021000000000000000e+05	4.215305909963626618e+01
6.021000000000000000e+05	-1.509981186948981076e+03
6.030000000000000000e+05	-1.509981186948981076e+03
6.030000000000000000e+05	-4.778939239988103509e+02
6.039000000000000000e+05	-4.778939239988103509e+02
6.039000000000000000e+05	-2.402716835573082790e+02
6.048000000000000000e+05	-2.402716835573082790e+02
