# #1
# double t_TES(1344, 2)
0.000000000000000000e+00	3.031499999999999773e+02
9.000000000000000000e+02	3.031499999999999773e+02
9.000000000000000000e+02	2.997875033493480714e+02
1.800000000000000000e+03	2.997875033493480714e+02
1.800000000000000000e+03	2.992785146113785686e+02
2.700000000000000000e+03	2.992785146113785686e+02
2.700000000000000000e+03	2.981532871662075195e+02
3.600000000000000000e+03	2.981532871662075195e+02
3.600000000000000000e+03	2.955013297900338785e+02
4.500000000000000000e+03	2.955013297900338785e+02
4.500000000000000000e+03	2.981500606168759759e+02
5.400000000000000000e+03	2.981500606168759759e+02
5.400000000000000000e+03	2.992845606806645833e+02
6.300000000000000000e+03	2.992845606806645833e+02
6.300000000000000000e+03	3.023669390206810021e+02
7.200000000000000000e+03	3.023669390206810021e+02
7.200000000000000000e+03	2.983201204697729736e+02
8.100000000000000000e+03	2.983201204697729736e+02
8.100000000000000000e+03	2.961568405281897753e+02
9.000000000000000000e+03	2.961568405281897753e+02
9.000000000000000000e+03	2.994238640851491482e+02
9.900000000000000000e+03	2.994238640851491482e+02
9.900000000000000000e+03	3.000734827944147582e+02
1.080000000000000000e+04	3.000734827944147582e+02
1.080000000000000000e+04	2.971187779946278056e+02
1.170000000000000000e+04	2.971187779946278056e+02
1.170000000000000000e+04	2.974995556160414480e+02
1.260000000000000000e+04	2.974995556160414480e+02
1.260000000000000000e+04	2.965658701386242910e+02
1.350000000000000000e+04	2.965658701386242910e+02
1.350000000000000000e+04	2.949661975252872708e+02
1.440000000000000000e+04	2.949661975252872708e+02
1.440000000000000000e+04	2.938901262687798521e+02
1.530000000000000000e+04	2.938901262687798521e+02
1.530000000000000000e+04	2.972253158447742294e+02
1.620000000000000000e+04	2.972253158447742294e+02
1.620000000000000000e+04	2.988697736225806239e+02
1.710000000000000000e+04	2.988697736225806239e+02
1.710000000000000000e+04	2.975677689559960299e+02
1.800000000000000000e+04	2.975677689559960299e+02
1.800000000000000000e+04	2.987171713552659185e+02
1.890000000000000000e+04	2.987171713552659185e+02
1.890000000000000000e+04	2.968102049960380668e+02
1.980000000000000000e+04	2.968102049960380668e+02
1.980000000000000000e+04	2.967956725582009199e+02
2.070000000000000000e+04	2.967956725582009199e+02
2.070000000000000000e+04	2.963250563396064763e+02
2.160000000000000000e+04	2.963250563396064763e+02
2.160000000000000000e+04	2.950119878934871167e+02
2.250000000000000000e+04	2.950119878934871167e+02
2.250000000000000000e+04	2.943535586461289313e+02
2.340000000000000000e+04	2.943535586461289313e+02
2.340000000000000000e+04	2.947641803086223149e+02
2.430000000000000000e+04	2.947641803086223149e+02
2.430000000000000000e+04	2.947679153613255494e+02
2.520000000000000000e+04	2.947679153613255494e+02
2.520000000000000000e+04	2.939010832535010422e+02
2.610000000000000000e+04	2.939010832535010422e+02
2.610000000000000000e+04	2.980931991717822598e+02
2.700000000000000000e+04	2.980931991717822598e+02
2.700000000000000000e+04	2.964499706439702891e+02
2.790000000000000000e+04	2.964499706439702891e+02
2.790000000000000000e+04	2.958728528138742035e+02
2.880000000000000000e+04	2.958728528138742035e+02
2.880000000000000000e+04	2.938107516979986258e+02
2.970000000000000000e+04	2.938107516979986258e+02
2.970000000000000000e+04	2.997778159507390114e+02
3.060000000000000000e+04	2.997778159507390114e+02
3.060000000000000000e+04	3.011763202354009650e+02
3.150000000000000000e+04	3.011763202354009650e+02
3.150000000000000000e+04	3.028658589438909985e+02
3.240000000000000000e+04	3.028658589438909985e+02
3.240000000000000000e+04	3.035185465104283367e+02
3.330000000000000000e+04	3.035185465104283367e+02
3.330000000000000000e+04	3.058982048751860248e+02
3.420000000000000000e+04	3.058982048751860248e+02
3.420000000000000000e+04	3.066507189651329099e+02
3.510000000000000000e+04	3.066507189651329099e+02
3.510000000000000000e+04	3.057883858470974587e+02
3.600000000000000000e+04	3.057883858470974587e+02
3.600000000000000000e+04	3.062799264722257249e+02
3.690000000000000000e+04	3.062799264722257249e+02
3.690000000000000000e+04	3.015652631522568754e+02
3.780000000000000000e+04	3.015652631522568754e+02
3.780000000000000000e+04	3.023374512597396802e+02
3.870000000000000000e+04	3.023374512597396802e+02
3.870000000000000000e+04	3.017853482996050616e+02
3.960000000000000000e+04	3.017853482996050616e+02
3.960000000000000000e+04	3.015058314582925050e+02
4.050000000000000000e+04	3.015058314582925050e+02
4.050000000000000000e+04	2.985336605387910254e+02
4.140000000000000000e+04	2.985336605387910254e+02
4.140000000000000000e+04	2.961328380515498679e+02
4.230000000000000000e+04	2.961328380515498679e+02
4.230000000000000000e+04	3.011377838755937546e+02
4.320000000000000000e+04	3.011377838755937546e+02
4.320000000000000000e+04	2.998798072940255679e+02
4.410000000000000000e+04	2.998798072940255679e+02
4.410000000000000000e+04	3.011044839775728974e+02
4.500000000000000000e+04	3.011044839775728974e+02
4.500000000000000000e+04	3.009826299872364643e+02
4.590000000000000000e+04	3.009826299872364643e+02
4.590000000000000000e+04	2.991262932497972429e+02
4.680000000000000000e+04	2.991262932497972429e+02
4.680000000000000000e+04	2.996181850699949223e+02
4.770000000000000000e+04	2.996181850699949223e+02
4.770000000000000000e+04	2.976351523360087299e+02
4.860000000000000000e+04	2.976351523360087299e+02
4.860000000000000000e+04	2.980766031929064752e+02
4.950000000000000000e+04	2.980766031929064752e+02
4.950000000000000000e+04	2.978314814650614153e+02
5.040000000000000000e+04	2.978314814650614153e+02
5.040000000000000000e+04	2.965064876656501838e+02
5.130000000000000000e+04	2.965064876656501838e+02
5.130000000000000000e+04	2.960442348762917959e+02
5.220000000000000000e+04	2.960442348762917959e+02
5.220000000000000000e+04	2.949128101091037024e+02
5.310000000000000000e+04	2.949128101091037024e+02
5.310000000000000000e+04	2.943437278993989707e+02
5.400000000000000000e+04	2.943437278993989707e+02
5.400000000000000000e+04	2.944784433008454698e+02
5.490000000000000000e+04	2.944784433008454698e+02
5.490000000000000000e+04	2.941069069288342348e+02
5.580000000000000000e+04	2.941069069288342348e+02
5.580000000000000000e+04	2.931457472565489866e+02
5.670000000000000000e+04	2.931457472565489866e+02
5.670000000000000000e+04	2.955602596686843526e+02
5.760000000000000000e+04	2.955602596686843526e+02
5.760000000000000000e+04	2.954973797525419172e+02
5.850000000000000000e+04	2.954973797525419172e+02
5.850000000000000000e+04	2.948896999183989465e+02
5.940000000000000000e+04	2.948896999183989465e+02
5.940000000000000000e+04	2.947604665322672304e+02
6.030000000000000000e+04	2.947604665322672304e+02
6.030000000000000000e+04	2.941026340406205577e+02
6.120000000000000000e+04	2.941026340406205577e+02
6.120000000000000000e+04	2.940394579435538844e+02
6.210000000000000000e+04	2.940394579435538844e+02
6.210000000000000000e+04	2.937687413240873866e+02
6.300000000000000000e+04	2.937687413240873866e+02
6.300000000000000000e+04	2.976354216228363043e+02
6.390000000000000000e+04	2.976354216228363043e+02
6.390000000000000000e+04	2.993639342849162404e+02
6.480000000000000000e+04	2.993639342849162404e+02
6.480000000000000000e+04	2.962688583937273279e+02
6.570000000000000000e+04	2.962688583937273279e+02
6.570000000000000000e+04	2.952862955886697023e+02
6.660000000000000000e+04	2.952862955886697023e+02
6.660000000000000000e+04	2.935116034550679842e+02
6.750000000000000000e+04	2.935116034550679842e+02
6.750000000000000000e+04	2.969893945976206169e+02
6.840000000000000000e+04	2.969893945976206169e+02
6.840000000000000000e+04	2.967153289810474917e+02
6.930000000000000000e+04	2.967153289810474917e+02
6.930000000000000000e+04	2.954787482014751845e+02
7.020000000000000000e+04	2.954787482014751845e+02
7.020000000000000000e+04	2.958725990082629664e+02
7.110000000000000000e+04	2.958725990082629664e+02
7.110000000000000000e+04	2.946178859391558831e+02
7.200000000000000000e+04	2.946178859391558831e+02
7.200000000000000000e+04	2.941925939244102324e+02
7.290000000000000000e+04	2.941925939244102324e+02
7.290000000000000000e+04	3.001437693932493858e+02
7.380000000000000000e+04	3.001437693932493858e+02
7.380000000000000000e+04	2.959405320055982429e+02
7.470000000000000000e+04	2.959405320055982429e+02
7.470000000000000000e+04	2.941888860065755580e+02
7.560000000000000000e+04	2.941888860065755580e+02
7.560000000000000000e+04	2.954105636590468862e+02
7.650000000000000000e+04	2.954105636590468862e+02
7.650000000000000000e+04	2.945676146852011925e+02
7.740000000000000000e+04	2.945676146852011925e+02
7.740000000000000000e+04	2.928530599157486449e+02
7.830000000000000000e+04	2.928530599157486449e+02
7.830000000000000000e+04	2.920807075122502283e+02
7.920000000000000000e+04	2.920807075122502283e+02
7.920000000000000000e+04	2.934224558856092244e+02
8.010000000000000000e+04	2.934224558856092244e+02
8.010000000000000000e+04	2.931264762707939440e+02
8.100000000000000000e+04	2.931264762707939440e+02
8.100000000000000000e+04	2.943823951258075340e+02
8.190000000000000000e+04	2.943823951258075340e+02
8.190000000000000000e+04	2.947227654824600336e+02
8.280000000000000000e+04	2.947227654824600336e+02
8.280000000000000000e+04	2.930164815263761398e+02
8.370000000000000000e+04	2.930164815263761398e+02
8.370000000000000000e+04	2.929816448042882371e+02
8.460000000000000000e+04	2.929816448042882371e+02
8.460000000000000000e+04	2.940201938920881162e+02
8.550000000000000000e+04	2.940201938920881162e+02
8.550000000000000000e+04	2.943473964072020408e+02
8.640000000000000000e+04	2.943473964072020408e+02
8.640000000000000000e+04	2.928314449411503801e+02
8.730000000000000000e+04	2.928314449411503801e+02
8.730000000000000000e+04	2.928029906812926697e+02
8.820000000000000000e+04	2.928029906812926697e+02
8.820000000000000000e+04	2.938132650036686186e+02
8.910000000000000000e+04	2.938132650036686186e+02
8.910000000000000000e+04	2.941338889714307925e+02
9.000000000000000000e+04	2.941338889714307925e+02
9.000000000000000000e+04	2.926517125978915601e+02
9.090000000000000000e+04	2.926517125978915601e+02
9.090000000000000000e+04	2.926217727067794385e+02
9.180000000000000000e+04	2.926217727067794385e+02
9.180000000000000000e+04	2.936150342853208031e+02
9.270000000000000000e+04	2.936150342853208031e+02
9.270000000000000000e+04	2.939295747264789611e+02
9.360000000000000000e+04	2.939295747264789611e+02
9.360000000000000000e+04	2.924650235974991119e+02
9.450000000000000000e+04	2.924650235974991119e+02
9.450000000000000000e+04	2.924335559231363391e+02
9.540000000000000000e+04	2.924335559231363391e+02
9.540000000000000000e+04	2.911499999999998636e+02
9.630000000000000000e+04	2.911499999999998636e+02
9.630000000000000000e+04	2.911499999999999773e+02
9.720000000000000000e+04	2.911499999999999773e+02
9.720000000000000000e+04	2.920705689736446971e+02
9.810000000000000000e+04	2.920705689736446971e+02
9.810000000000000000e+04	2.915243076076262696e+02
9.900000000000000000e+04	2.915243076076262696e+02
9.900000000000000000e+04	2.919661393964306058e+02
9.990000000000000000e+04	2.919661393964306058e+02
9.990000000000000000e+04	2.912533299425031714e+02
1.008000000000000000e+05	2.912533299425031714e+02
1.008000000000000000e+05	2.915168359731775922e+02
1.017000000000000000e+05	2.915168359731775922e+02
1.017000000000000000e+05	2.978404642119336359e+02
1.026000000000000000e+05	2.978404642119336359e+02
1.026000000000000000e+05	2.984734729425739488e+02
1.035000000000000000e+05	2.984734729425739488e+02
1.035000000000000000e+05	3.017759063803785580e+02
1.044000000000000000e+05	3.017759063803785580e+02
1.044000000000000000e+05	2.972714715301350452e+02
1.053000000000000000e+05	2.972714715301350452e+02
1.053000000000000000e+05	2.953700767788147914e+02
1.062000000000000000e+05	2.953700767788147914e+02
1.062000000000000000e+05	2.948345310183066204e+02
1.071000000000000000e+05	2.948345310183066204e+02
1.071000000000000000e+05	2.936203426944505850e+02
1.080000000000000000e+05	2.936203426944505850e+02
1.080000000000000000e+05	2.931745867665287051e+02
1.089000000000000000e+05	2.931745867665287051e+02
1.089000000000000000e+05	2.925877103850319259e+02
1.098000000000000000e+05	2.925877103850319259e+02
1.098000000000000000e+05	2.911499999999999204e+02
1.107000000000000000e+05	2.911499999999999204e+02
1.107000000000000000e+05	2.922721787546926180e+02
1.116000000000000000e+05	2.922721787546926180e+02
1.116000000000000000e+05	2.947028752868463926e+02
1.125000000000000000e+05	2.947028752868463926e+02
1.125000000000000000e+05	3.005851701063552355e+02
1.134000000000000000e+05	3.005851701063552355e+02
1.134000000000000000e+05	3.043987616185325464e+02
1.143000000000000000e+05	3.043987616185325464e+02
1.143000000000000000e+05	3.068693061086295870e+02
1.152000000000000000e+05	3.068693061086295870e+02
1.152000000000000000e+05	3.038694614991295566e+02
1.161000000000000000e+05	3.038694614991295566e+02
1.161000000000000000e+05	3.065364470247968711e+02
1.170000000000000000e+05	3.065364470247968711e+02
1.170000000000000000e+05	3.067937375348415685e+02
1.179000000000000000e+05	3.067937375348415685e+02
1.179000000000000000e+05	3.074669197538635785e+02
1.188000000000000000e+05	3.074669197538635785e+02
1.188000000000000000e+05	3.070799020263672787e+02
1.197000000000000000e+05	3.070799020263672787e+02
1.197000000000000000e+05	3.084391835140377793e+02
1.206000000000000000e+05	3.084391835140377793e+02
1.206000000000000000e+05	3.039206525615983310e+02
1.215000000000000000e+05	3.039206525615983310e+02
1.215000000000000000e+05	3.039422285904171872e+02
1.224000000000000000e+05	3.039422285904171872e+02
1.224000000000000000e+05	3.034391768591198684e+02
1.233000000000000000e+05	3.034391768591198684e+02
1.233000000000000000e+05	2.997569329648549115e+02
1.242000000000000000e+05	2.997569329648549115e+02
1.242000000000000000e+05	3.005523066868109936e+02
1.251000000000000000e+05	3.005523066868109936e+02
1.251000000000000000e+05	3.007958980706376906e+02
1.260000000000000000e+05	3.007958980706376906e+02
1.260000000000000000e+05	3.004861684332249752e+02
1.269000000000000000e+05	3.004861684332249752e+02
1.269000000000000000e+05	3.011788607929240129e+02
1.278000000000000000e+05	3.011788607929240129e+02
1.278000000000000000e+05	3.024241148215576231e+02
1.287000000000000000e+05	3.024241148215576231e+02
1.287000000000000000e+05	3.003986616586270202e+02
1.296000000000000000e+05	3.003986616586270202e+02
1.296000000000000000e+05	2.971130336287882301e+02
1.305000000000000000e+05	2.971130336287882301e+02
1.305000000000000000e+05	2.958346804810586264e+02
1.314000000000000000e+05	2.958346804810586264e+02
1.314000000000000000e+05	2.939524578418920555e+02
1.323000000000000000e+05	2.939524578418920555e+02
1.323000000000000000e+05	2.971917752559626820e+02
1.332000000000000000e+05	2.971917752559626820e+02
1.332000000000000000e+05	2.968474450814338184e+02
1.341000000000000000e+05	2.968474450814338184e+02
1.341000000000000000e+05	2.998214302461975649e+02
1.350000000000000000e+05	2.998214302461975649e+02
1.350000000000000000e+05	2.980912203865740935e+02
1.359000000000000000e+05	2.980912203865740935e+02
1.359000000000000000e+05	2.969216405562451655e+02
1.368000000000000000e+05	2.969216405562451655e+02
1.368000000000000000e+05	2.949430985596059713e+02
1.377000000000000000e+05	2.949430985596059713e+02
1.377000000000000000e+05	2.943604236902069715e+02
1.386000000000000000e+05	2.943604236902069715e+02
1.386000000000000000e+05	2.927503247080466053e+02
1.395000000000000000e+05	2.927503247080466053e+02
1.395000000000000000e+05	2.963291225609392541e+02
1.404000000000000000e+05	2.963291225609392541e+02
1.404000000000000000e+05	2.940679382484731832e+02
1.413000000000000000e+05	2.940679382484731832e+02
1.413000000000000000e+05	2.984933173035507252e+02
1.422000000000000000e+05	2.984933173035507252e+02
1.422000000000000000e+05	2.947912479954298988e+02
1.431000000000000000e+05	2.947912479954298988e+02
1.431000000000000000e+05	2.969896202620251984e+02
1.440000000000000000e+05	2.969896202620251984e+02
1.440000000000000000e+05	2.968579150259387802e+02
1.449000000000000000e+05	2.968579150259387802e+02
1.449000000000000000e+05	2.984120054233496262e+02
1.458000000000000000e+05	2.984120054233496262e+02
1.458000000000000000e+05	2.979206519710213570e+02
1.467000000000000000e+05	2.979206519710213570e+02
1.467000000000000000e+05	3.000206419594446743e+02
1.476000000000000000e+05	3.000206419594446743e+02
1.476000000000000000e+05	2.976095167756509454e+02
1.485000000000000000e+05	2.976095167756509454e+02
1.485000000000000000e+05	2.965233677569871134e+02
1.494000000000000000e+05	2.965233677569871134e+02
1.494000000000000000e+05	3.003442060295285501e+02
1.503000000000000000e+05	3.003442060295285501e+02
1.503000000000000000e+05	2.988019331596752295e+02
1.512000000000000000e+05	2.988019331596752295e+02
1.512000000000000000e+05	2.950224677202264161e+02
1.521000000000000000e+05	2.950224677202264161e+02
1.521000000000000000e+05	2.983940211100018587e+02
1.530000000000000000e+05	2.983940211100018587e+02
1.530000000000000000e+05	2.949970719753341086e+02
1.539000000000000000e+05	2.949970719753341086e+02
1.539000000000000000e+05	2.978264152683111661e+02
1.548000000000000000e+05	2.978264152683111661e+02
1.548000000000000000e+05	2.972386228149274530e+02
1.557000000000000000e+05	2.972386228149274530e+02
1.557000000000000000e+05	2.955901120288374386e+02
1.566000000000000000e+05	2.955901120288374386e+02
1.566000000000000000e+05	2.937420511842196902e+02
1.575000000000000000e+05	2.937420511842196902e+02
1.575000000000000000e+05	2.956635598072335256e+02
1.584000000000000000e+05	2.956635598072335256e+02
1.584000000000000000e+05	2.958365096234139173e+02
1.593000000000000000e+05	2.958365096234139173e+02
1.593000000000000000e+05	2.948696368990522956e+02
1.602000000000000000e+05	2.948696368990522956e+02
1.602000000000000000e+05	2.931223357232650528e+02
1.611000000000000000e+05	2.931223357232650528e+02
1.611000000000000000e+05	2.923282000129025278e+02
1.620000000000000000e+05	2.923282000129025278e+02
1.620000000000000000e+05	2.964282472080044499e+02
1.629000000000000000e+05	2.964282472080044499e+02
1.629000000000000000e+05	2.954117081324234277e+02
1.638000000000000000e+05	2.954117081324234277e+02
1.638000000000000000e+05	2.934069344456106023e+02
1.647000000000000000e+05	2.934069344456106023e+02
1.647000000000000000e+05	2.925194444015913291e+02
1.656000000000000000e+05	2.925194444015913291e+02
1.656000000000000000e+05	2.938377701745376953e+02
1.665000000000000000e+05	2.938377701745376953e+02
1.665000000000000000e+05	2.934593941049723753e+02
1.674000000000000000e+05	2.934593941049723753e+02
1.674000000000000000e+05	2.946849952636977719e+02
1.683000000000000000e+05	2.946849952636977719e+02
1.683000000000000000e+05	2.949984499085862808e+02
1.692000000000000000e+05	2.949984499085862808e+02
1.692000000000000000e+05	2.933370523172865205e+02
1.701000000000000000e+05	2.933370523172865205e+02
1.701000000000000000e+05	2.932977653204900435e+02
1.710000000000000000e+05	2.932977653204900435e+02
1.710000000000000000e+05	2.942824104837091568e+02
1.719000000000000000e+05	2.942824104837091568e+02
1.719000000000000000e+05	2.945923231400988129e+02
1.728000000000000000e+05	2.945923231400988129e+02
1.728000000000000000e+05	2.931470456505835500e+02
1.737000000000000000e+05	2.931470456505835500e+02
1.737000000000000000e+05	2.931177581026939833e+02
1.746000000000000000e+05	2.931177581026939833e+02
1.746000000000000000e+05	2.940924047621310820e+02
1.755000000000000000e+05	2.940924047621310820e+02
1.755000000000000000e+05	2.944030061161888625e+02
1.764000000000000000e+05	2.944030061161888625e+02
1.764000000000000000e+05	2.929716568829730363e+02
1.773000000000000000e+05	2.929716568829730363e+02
1.773000000000000000e+05	2.929420139328911432e+02
1.782000000000000000e+05	2.929420139328911432e+02
1.782000000000000000e+05	2.939184005526571468e+02
1.791000000000000000e+05	2.939184005526571468e+02
1.791000000000000000e+05	2.942296413413630489e+02
1.800000000000000000e+05	2.942296413413630489e+02
1.800000000000000000e+05	2.927945336064037178e+02
1.809000000000000000e+05	2.927945336064037178e+02
1.809000000000000000e+05	2.927644208028165735e+02
1.818000000000000000e+05	2.927644208028165735e+02
1.818000000000000000e+05	2.937452595554027539e+02
1.827000000000000000e+05	2.937452595554027539e+02
1.827000000000000000e+05	2.939286471555133744e+02
1.836000000000000000e+05	2.939286471555133744e+02
1.836000000000000000e+05	2.926172808573621182e+02
1.845000000000000000e+05	2.926172808573621182e+02
1.845000000000000000e+05	2.925873295329711823e+02
1.854000000000000000e+05	2.925873295329711823e+02
1.854000000000000000e+05	2.932824048676650364e+02
1.863000000000000000e+05	2.932824048676650364e+02
1.863000000000000000e+05	2.922011848380302581e+02
1.872000000000000000e+05	2.922011848380302581e+02
1.872000000000000000e+05	2.920633478152486191e+02
1.881000000000000000e+05	2.920633478152486191e+02
1.881000000000000000e+05	2.919200354735418728e+02
1.890000000000000000e+05	2.919200354735418728e+02
1.890000000000000000e+05	2.911499999999998636e+02
1.899000000000000000e+05	2.911499999999998636e+02
1.899000000000000000e+05	2.917192603603061798e+02
1.908000000000000000e+05	2.917192603603061798e+02
1.908000000000000000e+05	2.946843213213920194e+02
1.917000000000000000e+05	2.946843213213920194e+02
1.917000000000000000e+05	2.942462992337029846e+02
1.926000000000000000e+05	2.942462992337029846e+02
1.926000000000000000e+05	2.938491971469780424e+02
1.935000000000000000e+05	2.938491971469780424e+02
1.935000000000000000e+05	2.936983009493085888e+02
1.944000000000000000e+05	2.936983009493085888e+02
1.944000000000000000e+05	2.932262543075119083e+02
1.953000000000000000e+05	2.932262543075119083e+02
1.953000000000000000e+05	2.930859343046961385e+02
1.962000000000000000e+05	2.930859343046961385e+02
1.962000000000000000e+05	2.927692427174666818e+02
1.971000000000000000e+05	2.927692427174666818e+02
1.971000000000000000e+05	2.926862484110379796e+02
1.980000000000000000e+05	2.926862484110379796e+02
1.980000000000000000e+05	2.926287311827511530e+02
1.989000000000000000e+05	2.926287311827511530e+02
1.989000000000000000e+05	2.989614697971092596e+02
1.998000000000000000e+05	2.989614697971092596e+02
1.998000000000000000e+05	3.033387096477824798e+02
2.007000000000000000e+05	3.033387096477824798e+02
2.007000000000000000e+05	3.060954728088306069e+02
2.016000000000000000e+05	3.060954728088306069e+02
2.016000000000000000e+05	3.046512378149526512e+02
2.025000000000000000e+05	3.046512378149526512e+02
2.025000000000000000e+05	3.076699289675912041e+02
2.034000000000000000e+05	3.076699289675912041e+02
2.034000000000000000e+05	3.073223453013608832e+02
2.043000000000000000e+05	3.073223453013608832e+02
2.043000000000000000e+05	3.078563475979392479e+02
2.052000000000000000e+05	3.078563475979392479e+02
2.052000000000000000e+05	3.068984378884969146e+02
2.061000000000000000e+05	3.068984378884969146e+02
2.061000000000000000e+05	3.047572445237819920e+02
2.070000000000000000e+05	3.047572445237819920e+02
2.070000000000000000e+05	3.029568347155088190e+02
2.079000000000000000e+05	3.029568347155088190e+02
2.079000000000000000e+05	3.021715968770880636e+02
2.088000000000000000e+05	3.021715968770880636e+02
2.088000000000000000e+05	3.018560954366641909e+02
2.097000000000000000e+05	3.018560954366641909e+02
2.097000000000000000e+05	2.988398113046180242e+02
2.106000000000000000e+05	2.988398113046180242e+02
2.106000000000000000e+05	2.963858583827670259e+02
2.115000000000000000e+05	2.963858583827670259e+02
2.115000000000000000e+05	3.000895692821541161e+02
2.124000000000000000e+05	3.000895692821541161e+02
2.124000000000000000e+05	2.993630922296541144e+02
2.133000000000000000e+05	2.993630922296541144e+02
2.133000000000000000e+05	2.971055344582705402e+02
2.142000000000000000e+05	2.971055344582705402e+02
2.142000000000000000e+05	2.987647365858138073e+02
2.151000000000000000e+05	2.987647365858138073e+02
2.151000000000000000e+05	2.967749249728707923e+02
2.160000000000000000e+05	2.967749249728707923e+02
2.160000000000000000e+05	2.980820354473272005e+02
2.169000000000000000e+05	2.980820354473272005e+02
2.169000000000000000e+05	2.992720761238505247e+02
2.178000000000000000e+05	2.992720761238505247e+02
2.178000000000000000e+05	3.004895755824285288e+02
2.187000000000000000e+05	3.004895755824285288e+02
2.187000000000000000e+05	3.019451155952705221e+02
2.196000000000000000e+05	3.019451155952705221e+02
2.196000000000000000e+05	2.993190464062541878e+02
2.205000000000000000e+05	2.993190464062541878e+02
2.205000000000000000e+05	2.976563579486551703e+02
2.214000000000000000e+05	2.976563579486551703e+02
2.214000000000000000e+05	2.999629951142403002e+02
2.223000000000000000e+05	2.999629951142403002e+02
2.223000000000000000e+05	3.013111803807541946e+02
2.232000000000000000e+05	3.013111803807541946e+02
2.232000000000000000e+05	2.981828584428066051e+02
2.241000000000000000e+05	2.981828584428066051e+02
2.241000000000000000e+05	2.996006599729860795e+02
2.250000000000000000e+05	2.996006599729860795e+02
2.250000000000000000e+05	3.016409026393283739e+02
2.259000000000000000e+05	3.016409026393283739e+02
2.259000000000000000e+05	3.026114390739583087e+02
2.268000000000000000e+05	3.026114390739583087e+02
2.268000000000000000e+05	3.030925802517334660e+02
2.277000000000000000e+05	3.030925802517334660e+02
2.277000000000000000e+05	3.009554591475217080e+02
2.286000000000000000e+05	3.009554591475217080e+02
2.286000000000000000e+05	2.998844679862350517e+02
2.295000000000000000e+05	2.998844679862350517e+02
2.295000000000000000e+05	2.991435272672071051e+02
2.304000000000000000e+05	2.991435272672071051e+02
2.304000000000000000e+05	2.983062833539475491e+02
2.313000000000000000e+05	2.983062833539475491e+02
2.313000000000000000e+05	2.974731638033808281e+02
2.322000000000000000e+05	2.974731638033808281e+02
2.322000000000000000e+05	2.973930357934690960e+02
2.331000000000000000e+05	2.973930357934690960e+02
2.331000000000000000e+05	2.971920167173032041e+02
2.340000000000000000e+05	2.971920167173032041e+02
2.340000000000000000e+05	2.965324912286920380e+02
2.349000000000000000e+05	2.965324912286920380e+02
2.349000000000000000e+05	2.997433779386337847e+02
2.358000000000000000e+05	2.997433779386337847e+02
2.358000000000000000e+05	2.982604165462853416e+02
2.367000000000000000e+05	2.982604165462853416e+02
2.367000000000000000e+05	2.971923954669705381e+02
2.376000000000000000e+05	2.971923954669705381e+02
2.376000000000000000e+05	2.969561167048140078e+02
2.385000000000000000e+05	2.969561167048140078e+02
2.385000000000000000e+05	2.958301683096740362e+02
2.394000000000000000e+05	2.958301683096740362e+02
2.394000000000000000e+05	2.950333126673094171e+02
2.403000000000000000e+05	2.950333126673094171e+02
2.403000000000000000e+05	2.937739987018133547e+02
2.412000000000000000e+05	2.937739987018133547e+02
2.412000000000000000e+05	2.942406565989937235e+02
2.421000000000000000e+05	2.942406565989937235e+02
2.421000000000000000e+05	3.002213889424064632e+02
2.430000000000000000e+05	3.002213889424064632e+02
2.430000000000000000e+05	2.965881680874941253e+02
2.439000000000000000e+05	2.965881680874941253e+02
2.439000000000000000e+05	2.956458613582345265e+02
2.448000000000000000e+05	2.956458613582345265e+02
2.448000000000000000e+05	2.950362694877202898e+02
2.457000000000000000e+05	2.950362694877202898e+02
2.457000000000000000e+05	2.972761440554089631e+02
2.466000000000000000e+05	2.972761440554089631e+02
2.466000000000000000e+05	2.942757659263460255e+02
2.475000000000000000e+05	2.942757659263460255e+02
2.475000000000000000e+05	2.931112563031014133e+02
2.484000000000000000e+05	2.931112563031014133e+02
2.484000000000000000e+05	2.947212036918940044e+02
2.493000000000000000e+05	2.947212036918940044e+02
2.493000000000000000e+05	2.941009641019148830e+02
2.502000000000000000e+05	2.941009641019148830e+02
2.502000000000000000e+05	2.924734437753098746e+02
2.511000000000000000e+05	2.924734437753098746e+02
2.511000000000000000e+05	2.917819525294562482e+02
2.520000000000000000e+05	2.917819525294562482e+02
2.520000000000000000e+05	2.932461608685376859e+02
2.529000000000000000e+05	2.932461608685376859e+02
2.529000000000000000e+05	2.930239943157491211e+02
2.538000000000000000e+05	2.930239943157491211e+02
2.538000000000000000e+05	2.943098950083502245e+02
2.547000000000000000e+05	2.943098950083502245e+02
2.547000000000000000e+05	2.946784322805844454e+02
2.556000000000000000e+05	2.946784322805844454e+02
2.556000000000000000e+05	2.929424423953183805e+02
2.565000000000000000e+05	2.929424423953183805e+02
2.565000000000000000e+05	2.929147107125679668e+02
2.574000000000000000e+05	2.929147107125679668e+02
2.574000000000000000e+05	2.940253038126867295e+02
2.583000000000000000e+05	2.940253038126867295e+02
2.583000000000000000e+05	2.943792852266888076e+02
2.592000000000000000e+05	2.943792852266888076e+02
2.592000000000000000e+05	2.927884912090482317e+02
2.601000000000000000e+05	2.927884912090482317e+02
2.601000000000000000e+05	2.927649970497937488e+02
2.610000000000000000e+05	2.927649970497937488e+02
2.610000000000000000e+05	2.938482132630924752e+02
2.619000000000000000e+05	2.938482132630924752e+02
2.619000000000000000e+05	2.941953961445335040e+02
2.628000000000000000e+05	2.941953961445335040e+02
2.628000000000000000e+05	2.926365682136064947e+02
2.637000000000000000e+05	2.926365682136064947e+02
2.637000000000000000e+05	2.926119460919376820e+02
2.646000000000000000e+05	2.926119460919376820e+02
2.646000000000000000e+05	2.936787559994274375e+02
2.655000000000000000e+05	2.936787559994274375e+02
2.655000000000000000e+05	2.940203981016038597e+02
2.664000000000000000e+05	2.940203981016038597e+02
2.664000000000000000e+05	2.924791889233844131e+02
2.673000000000000000e+05	2.924791889233844131e+02
2.673000000000000000e+05	2.924532889423329607e+02
2.682000000000000000e+05	2.924532889423329607e+02
2.682000000000000000e+05	2.935076377545056516e+02
2.691000000000000000e+05	2.935076377545056516e+02
2.691000000000000000e+05	2.938449551072336021e+02
2.700000000000000000e+05	2.938449551072336021e+02
2.700000000000000000e+05	2.923171170427265793e+02
2.709000000000000000e+05	2.923171170427265793e+02
2.709000000000000000e+05	2.965961403117603936e+02
2.718000000000000000e+05	2.965961403117603936e+02
2.718000000000000000e+05	2.928993920634605956e+02
2.727000000000000000e+05	2.928993920634605956e+02
2.727000000000000000e+05	2.916528275236362902e+02
2.736000000000000000e+05	2.916528275236362902e+02
2.736000000000000000e+05	2.934216676526818333e+02
2.745000000000000000e+05	2.934216676526818333e+02
2.745000000000000000e+05	2.928267502982745327e+02
2.754000000000000000e+05	2.928267502982745327e+02
2.754000000000000000e+05	2.939708495197004936e+02
2.763000000000000000e+05	2.939708495197004936e+02
2.763000000000000000e+05	2.942083660166998129e+02
2.772000000000000000e+05	2.942083660166998129e+02
2.772000000000000000e+05	2.926331968802948609e+02
2.781000000000000000e+05	2.926331968802948609e+02
2.781000000000000000e+05	2.925783342542363243e+02
2.790000000000000000e+05	2.925783342542363243e+02
2.790000000000000000e+05	2.911499999999998636e+02
2.799000000000000000e+05	2.911499999999998636e+02
2.799000000000000000e+05	2.911499999999999773e+02
2.808000000000000000e+05	2.911499999999999773e+02
2.808000000000000000e+05	2.921088627425479558e+02
2.817000000000000000e+05	2.921088627425479558e+02
2.817000000000000000e+05	2.917828553566847063e+02
2.826000000000000000e+05	2.917828553566847063e+02
2.826000000000000000e+05	2.911499999999999773e+02
2.835000000000000000e+05	2.911499999999999773e+02
2.835000000000000000e+05	2.911499999999999773e+02
2.844000000000000000e+05	2.911499999999999773e+02
2.844000000000000000e+05	2.958970716130915548e+02
2.853000000000000000e+05	2.958970716130915548e+02
2.853000000000000000e+05	3.016363828780008589e+02
2.862000000000000000e+05	3.016363828780008589e+02
2.862000000000000000e+05	3.050068225484038180e+02
2.871000000000000000e+05	3.050068225484038180e+02
2.871000000000000000e+05	3.073227497046812005e+02
2.880000000000000000e+05	3.073227497046812005e+02
2.880000000000000000e+05	3.045449657697331531e+02
2.889000000000000000e+05	3.045449657697331531e+02
2.889000000000000000e+05	3.071195773732913494e+02
2.898000000000000000e+05	3.071195773732913494e+02
2.898000000000000000e+05	3.072107291617745091e+02
2.907000000000000000e+05	3.072107291617745091e+02
2.907000000000000000e+05	3.077741104347746273e+02
2.916000000000000000e+05	3.077741104347746273e+02
2.916000000000000000e+05	3.067407381923640060e+02
2.925000000000000000e+05	3.067407381923640060e+02
2.925000000000000000e+05	3.032275174872237926e+02
2.934000000000000000e+05	3.032275174872237926e+02
2.934000000000000000e+05	3.033918158933931863e+02
2.943000000000000000e+05	3.033918158933931863e+02
2.943000000000000000e+05	3.031789734904326110e+02
2.952000000000000000e+05	3.031789734904326110e+02
2.952000000000000000e+05	3.028074357271413533e+02
2.961000000000000000e+05	3.028074357271413533e+02
2.961000000000000000e+05	3.023663302009899212e+02
2.970000000000000000e+05	3.023663302009899212e+02
2.970000000000000000e+05	3.021753427284783697e+02
2.979000000000000000e+05	3.021753427284783697e+02
2.979000000000000000e+05	3.019236219206513852e+02
2.988000000000000000e+05	3.019236219206513852e+02
2.988000000000000000e+05	2.995819321985561601e+02
2.997000000000000000e+05	2.995819321985561601e+02
2.997000000000000000e+05	3.009510069453259575e+02
3.006000000000000000e+05	3.009510069453259575e+02
3.006000000000000000e+05	3.020164078845811559e+02
3.015000000000000000e+05	3.020164078845811559e+02
3.015000000000000000e+05	2.998964324730762883e+02
3.024000000000000000e+05	2.998964324730762883e+02
3.024000000000000000e+05	2.968825641167160256e+02
3.033000000000000000e+05	2.968825641167160256e+02
3.033000000000000000e+05	3.004366308092722306e+02
3.042000000000000000e+05	3.004366308092722306e+02
3.042000000000000000e+05	3.022182406003760207e+02
3.051000000000000000e+05	3.022182406003760207e+02
3.051000000000000000e+05	3.004760956390744582e+02
3.060000000000000000e+05	3.004760956390744582e+02
3.060000000000000000e+05	2.966585207506134907e+02
3.069000000000000000e+05	2.966585207506134907e+02
3.069000000000000000e+05	2.955364759312990373e+02
3.078000000000000000e+05	2.955364759312990373e+02
3.078000000000000000e+05	2.976625004535101198e+02
3.087000000000000000e+05	2.976625004535101198e+02
3.087000000000000000e+05	2.959197520526020639e+02
3.096000000000000000e+05	2.959197520526020639e+02
3.096000000000000000e+05	2.957012096738499167e+02
3.105000000000000000e+05	2.957012096738499167e+02
3.105000000000000000e+05	2.947986309507775218e+02
3.114000000000000000e+05	2.947986309507775218e+02
3.114000000000000000e+05	2.980901047094128558e+02
3.123000000000000000e+05	2.980901047094128558e+02
3.123000000000000000e+05	2.964331483746767617e+02
3.132000000000000000e+05	2.964331483746767617e+02
3.132000000000000000e+05	2.941327590024019969e+02
3.141000000000000000e+05	2.941327590024019969e+02
3.141000000000000000e+05	2.988492179590684827e+02
3.150000000000000000e+05	2.988492179590684827e+02
3.150000000000000000e+05	2.950018495680026831e+02
3.159000000000000000e+05	2.950018495680026831e+02
3.159000000000000000e+05	2.993019152747974658e+02
3.168000000000000000e+05	2.993019152747974658e+02
3.168000000000000000e+05	2.947487962604812424e+02
3.177000000000000000e+05	2.947487962604812424e+02
3.177000000000000000e+05	2.942137052452305284e+02
3.186000000000000000e+05	2.942137052452305284e+02
3.186000000000000000e+05	2.953829223254557519e+02
3.195000000000000000e+05	2.953829223254557519e+02
3.195000000000000000e+05	2.956472448795817627e+02
3.204000000000000000e+05	2.956472448795817627e+02
3.204000000000000000e+05	2.940650332289804396e+02
3.213000000000000000e+05	2.940650332289804396e+02
3.213000000000000000e+05	3.004115948408808094e+02
3.222000000000000000e+05	3.004115948408808094e+02
3.222000000000000000e+05	3.019896304346656279e+02
3.231000000000000000e+05	3.019896304346656279e+02
3.231000000000000000e+05	3.000534974223866698e+02
3.240000000000000000e+05	3.000534974223866698e+02
3.240000000000000000e+05	2.968242686252712588e+02
3.249000000000000000e+05	2.968242686252712588e+02
3.249000000000000000e+05	2.994240093543726857e+02
3.258000000000000000e+05	2.994240093543726857e+02
3.258000000000000000e+05	3.005619182125972202e+02
3.267000000000000000e+05	3.005619182125972202e+02
3.267000000000000000e+05	2.988088354314527351e+02
3.276000000000000000e+05	2.988088354314527351e+02
3.276000000000000000e+05	2.993273346380276507e+02
3.285000000000000000e+05	2.993273346380276507e+02
3.285000000000000000e+05	2.971872105865568869e+02
3.294000000000000000e+05	2.971872105865568869e+02
3.294000000000000000e+05	2.958592738857204836e+02
3.303000000000000000e+05	2.958592738857204836e+02
3.303000000000000000e+05	2.984425660426026070e+02
3.312000000000000000e+05	2.984425660426026070e+02
3.312000000000000000e+05	2.962915709952868610e+02
3.321000000000000000e+05	2.962915709952868610e+02
3.321000000000000000e+05	2.952234569861547016e+02
3.330000000000000000e+05	2.952234569861547016e+02
3.330000000000000000e+05	2.934210205380058483e+02
3.339000000000000000e+05	2.934210205380058483e+02
3.339000000000000000e+05	2.925690079209555279e+02
3.348000000000000000e+05	2.925690079209555279e+02
3.348000000000000000e+05	2.938036301158258539e+02
3.357000000000000000e+05	2.938036301158258539e+02
3.357000000000000000e+05	2.934423674440503760e+02
3.366000000000000000e+05	2.934423674440503760e+02
3.366000000000000000e+05	2.919154064095904459e+02
3.375000000000000000e+05	2.919154064095904459e+02
3.375000000000000000e+05	2.913163206269940702e+02
3.384000000000000000e+05	2.913163206269940702e+02
3.384000000000000000e+05	2.929030643498063000e+02
3.393000000000000000e+05	2.929030643498063000e+02
3.393000000000000000e+05	2.927617682873157037e+02
3.402000000000000000e+05	2.927617682873157037e+02
3.402000000000000000e+05	2.940793757055384390e+02
3.411000000000000000e+05	2.940793757055384390e+02
3.411000000000000000e+05	2.944771992309670736e+02
3.420000000000000000e+05	2.944771992309670736e+02
3.420000000000000000e+05	2.926981357227324452e+02
3.429000000000000000e+05	2.926981357227324452e+02
3.429000000000000000e+05	2.926770762305448557e+02
3.438000000000000000e+05	2.926770762305448557e+02
3.438000000000000000e+05	2.938594264153826430e+02
3.447000000000000000e+05	2.938594264153826430e+02
3.447000000000000000e+05	2.942394251125318192e+02
3.456000000000000000e+05	2.942394251125318192e+02
3.456000000000000000e+05	2.925705534900527027e+02
3.465000000000000000e+05	2.925705534900527027e+02
3.465000000000000000e+05	2.925514401429227860e+02
3.474000000000000000e+05	2.925514401429227860e+02
3.474000000000000000e+05	2.937010414055598631e+02
3.483000000000000000e+05	2.937010414055598631e+02
3.483000000000000000e+05	2.940718228935742786e+02
3.492000000000000000e+05	2.940718228935742786e+02
3.492000000000000000e+05	2.924407427935547048e+02
3.501000000000000000e+05	2.924407427935547048e+02
3.501000000000000000e+05	2.924202546578380861e+02
3.510000000000000000e+05	2.924202546578380861e+02
3.510000000000000000e+05	2.935480303243429603e+02
3.519000000000000000e+05	2.935480303243429603e+02
3.519000000000000000e+05	2.939113164566377918e+02
3.528000000000000000e+05	2.939113164566377918e+02
3.528000000000000000e+05	2.923040583854784700e+02
3.537000000000000000e+05	2.923040583854784700e+02
3.537000000000000000e+05	2.922819677929292652e+02
3.546000000000000000e+05	2.922819677929292652e+02
3.546000000000000000e+05	2.933920638940659842e+02
3.555000000000000000e+05	2.933920638940659842e+02
3.555000000000000000e+05	2.937491146242163609e+02
3.564000000000000000e+05	2.937491146242163609e+02
3.564000000000000000e+05	2.921611078409883930e+02
3.573000000000000000e+05	2.921611078409883930e+02
3.573000000000000000e+05	2.921379343472028154e+02
3.582000000000000000e+05	2.921379343472028154e+02
3.582000000000000000e+05	2.932339448957358172e+02
3.591000000000000000e+05	2.932339448957358172e+02
3.591000000000000000e+05	2.999811756208509905e+02
3.600000000000000000e+05	2.999811756208509905e+02
3.600000000000000000e+05	2.953372974566576659e+02
3.609000000000000000e+05	2.953372974566576659e+02
3.609000000000000000e+05	2.940929762151600357e+02
3.618000000000000000e+05	2.940929762151600357e+02
3.618000000000000000e+05	2.950482149255951754e+02
3.627000000000000000e+05	2.950482149255951754e+02
3.627000000000000000e+05	2.944748660688537143e+02
3.636000000000000000e+05	2.944748660688537143e+02
3.636000000000000000e+05	2.928799138386951881e+02
3.645000000000000000e+05	2.928799138386951881e+02
3.645000000000000000e+05	2.924331320644377001e+02
3.654000000000000000e+05	2.924331320644377001e+02
3.654000000000000000e+05	2.936263336288449182e+02
3.663000000000000000e+05	2.936263336288449182e+02
3.663000000000000000e+05	2.939213434876214706e+02
3.672000000000000000e+05	2.939213434876214706e+02
3.672000000000000000e+05	2.923112190550999117e+02
3.681000000000000000e+05	2.923112190550999117e+02
3.681000000000000000e+05	2.922804127479817566e+02
3.690000000000000000e+05	2.922804127479817566e+02
3.690000000000000000e+05	2.911499999999999773e+02
3.699000000000000000e+05	2.911499999999999773e+02
3.699000000000000000e+05	2.911499999999999773e+02
3.708000000000000000e+05	2.911499999999999773e+02
3.708000000000000000e+05	2.947696406784042438e+02
3.717000000000000000e+05	2.947696406784042438e+02
3.717000000000000000e+05	3.007068314344522832e+02
3.726000000000000000e+05	3.007068314344522832e+02
3.726000000000000000e+05	3.044611844717842928e+02
3.735000000000000000e+05	3.044611844717842928e+02
3.735000000000000000e+05	3.069336627196011023e+02
3.744000000000000000e+05	3.069336627196011023e+02
3.744000000000000000e+05	3.039939061504841789e+02
3.753000000000000000e+05	3.039939061504841789e+02
3.753000000000000000e+05	3.066834207387714741e+02
3.762000000000000000e+05	3.066834207387714741e+02
3.762000000000000000e+05	3.069309363459553879e+02
3.771000000000000000e+05	3.069309363459553879e+02
3.771000000000000000e+05	3.076062072307427684e+02
3.780000000000000000e+05	3.076062072307427684e+02
3.780000000000000000e+05	3.074840647870490784e+02
3.789000000000000000e+05	3.074840647870490784e+02
3.789000000000000000e+05	3.023482601252221116e+02
3.798000000000000000e+05	3.023482601252221116e+02
3.798000000000000000e+05	2.998215755996535563e+02
3.807000000000000000e+05	2.998215755996535563e+02
3.807000000000000000e+05	3.037949098916089383e+02
3.816000000000000000e+05	3.037949098916089383e+02
3.816000000000000000e+05	3.020242322721899768e+02
3.825000000000000000e+05	3.020242322721899768e+02
3.825000000000000000e+05	3.018924099754427175e+02
3.834000000000000000e+05	3.018924099754427175e+02
3.834000000000000000e+05	3.014383882715599157e+02
3.843000000000000000e+05	3.014383882715599157e+02
3.843000000000000000e+05	3.021472067154355159e+02
3.852000000000000000e+05	3.021472067154355159e+02
3.852000000000000000e+05	3.020826637418110749e+02
3.861000000000000000e+05	3.020826637418110749e+02
3.861000000000000000e+05	2.991897692549828776e+02
3.870000000000000000e+05	2.991897692549828776e+02
3.870000000000000000e+05	2.987544726711855674e+02
3.879000000000000000e+05	2.987544726711855674e+02
3.879000000000000000e+05	2.993415420419523798e+02
3.888000000000000000e+05	2.993415420419523798e+02
3.888000000000000000e+05	2.974729778394598725e+02
3.897000000000000000e+05	2.974729778394598725e+02
3.897000000000000000e+05	2.998195098208128684e+02
3.906000000000000000e+05	2.998195098208128684e+02
3.906000000000000000e+05	3.010627987332532598e+02
3.915000000000000000e+05	3.010627987332532598e+02
3.915000000000000000e+05	3.022971580671129459e+02
3.924000000000000000e+05	3.022971580671129459e+02
3.924000000000000000e+05	2.997141744128585970e+02
3.933000000000000000e+05	2.997141744128585970e+02
3.933000000000000000e+05	2.994096670720318798e+02
3.942000000000000000e+05	2.994096670720318798e+02
3.942000000000000000e+05	2.989482569399224872e+02
3.951000000000000000e+05	2.989482569399224872e+02
3.951000000000000000e+05	2.973034740047631317e+02
3.960000000000000000e+05	2.973034740047631317e+02
3.960000000000000000e+05	2.968835046542562850e+02
3.969000000000000000e+05	2.968835046542562850e+02
3.969000000000000000e+05	2.957047311876809204e+02
3.978000000000000000e+05	2.957047311876809204e+02
3.978000000000000000e+05	2.981798182517404143e+02
3.987000000000000000e+05	2.981798182517404143e+02
3.987000000000000000e+05	3.007236276144411704e+02
3.996000000000000000e+05	3.007236276144411704e+02
3.996000000000000000e+05	2.964653392524169249e+02
4.005000000000000000e+05	2.964653392524169249e+02
4.005000000000000000e+05	2.954377185741456060e+02
4.014000000000000000e+05	2.954377185741456060e+02
4.014000000000000000e+05	2.943906251563458909e+02
4.023000000000000000e+05	2.943906251563458909e+02
4.023000000000000000e+05	2.979708604097577336e+02
4.032000000000000000e+05	2.979708604097577336e+02
4.032000000000000000e+05	2.949054677422749364e+02
4.041000000000000000e+05	2.949054677422749364e+02
4.041000000000000000e+05	2.943452934441118600e+02
4.050000000000000000e+05	2.943452934441118600e+02
4.050000000000000000e+05	2.969245730881665395e+02
4.059000000000000000e+05	2.969245730881665395e+02
4.059000000000000000e+05	2.955848529959965276e+02
4.068000000000000000e+05	2.955848529959965276e+02
4.068000000000000000e+05	2.967551349205755287e+02
4.077000000000000000e+05	2.967551349205755287e+02
4.077000000000000000e+05	2.956115788108998004e+02
4.086000000000000000e+05	2.956115788108998004e+02
4.086000000000000000e+05	2.985727502472680612e+02
4.095000000000000000e+05	2.985727502472680612e+02
4.095000000000000000e+05	2.968864116950496168e+02
4.104000000000000000e+05	2.968864116950496168e+02
4.104000000000000000e+05	2.964644488016767809e+02
4.113000000000000000e+05	2.964644488016767809e+02
4.113000000000000000e+05	2.993701797863468528e+02
4.122000000000000000e+05	2.993701797863468528e+02
4.122000000000000000e+05	2.956682588401714042e+02
4.131000000000000000e+05	2.956682588401714042e+02
4.131000000000000000e+05	2.981868632394321708e+02
4.140000000000000000e+05	2.981868632394321708e+02
4.140000000000000000e+05	2.959559934364539231e+02
4.149000000000000000e+05	2.959559934364539231e+02
4.149000000000000000e+05	3.014002528841419348e+02
4.158000000000000000e+05	3.014002528841419348e+02
4.158000000000000000e+05	2.969382320275169036e+02
4.167000000000000000e+05	2.969382320275169036e+02
4.167000000000000000e+05	2.949877339457129892e+02
4.176000000000000000e+05	2.949877339457129892e+02
4.176000000000000000e+05	2.972977874141889743e+02
4.185000000000000000e+05	2.972977874141889743e+02
4.185000000000000000e+05	2.957909854224521951e+02
4.194000000000000000e+05	2.957909854224521951e+02
4.194000000000000000e+05	2.938788597818197559e+02
4.203000000000000000e+05	2.938788597818197559e+02
4.203000000000000000e+05	2.929369571737086062e+02
4.212000000000000000e+05	2.929369571737086062e+02
4.212000000000000000e+05	2.941228301235417462e+02
4.221000000000000000e+05	2.941228301235417462e+02
4.221000000000000000e+05	2.936657476891768397e+02
4.230000000000000000e+05	2.936657476891768397e+02
4.230000000000000000e+05	2.921013362591931468e+02
4.239000000000000000e+05	2.921013362591931468e+02
4.239000000000000000e+05	2.914675989487153061e+02
4.248000000000000000e+05	2.914675989487153061e+02
4.248000000000000000e+05	2.930052847447435624e+02
4.257000000000000000e+05	2.930052847447435624e+02
4.257000000000000000e+05	2.928324929732535793e+02
4.266000000000000000e+05	2.928324929732535793e+02
4.266000000000000000e+05	2.941373351981999917e+02
4.275000000000000000e+05	2.941373351981999917e+02
4.275000000000000000e+05	2.945231106164418406e+02
4.284000000000000000e+05	2.945231106164418406e+02
4.284000000000000000e+05	2.927596360879462623e+02
4.293000000000000000e+05	2.927596360879462623e+02
4.293000000000000000e+05	2.927354278872697364e+02
4.302000000000000000e+05	2.927354278872697364e+02
4.302000000000000000e+05	2.938859486993111432e+02
4.311000000000000000e+05	2.938859486993111432e+02
4.311000000000000000e+05	2.942538812236798549e+02
4.320000000000000000e+05	2.942538812236798549e+02
4.320000000000000000e+05	2.926172711336973862e+02
4.329000000000000000e+05	2.926172711336973862e+02
4.329000000000000000e+05	2.925956828018108808e+02
4.338000000000000000e+05	2.925956828018108808e+02
4.338000000000000000e+05	2.937125353755345145e+02
4.347000000000000000e+05	2.937125353755345145e+02
4.347000000000000000e+05	2.940711588459083146e+02
4.356000000000000000e+05	2.940711588459083146e+02
4.356000000000000000e+05	2.924734994603754217e+02
4.365000000000000000e+05	2.924734994603754217e+02
4.365000000000000000e+05	2.924505167641035541e+02
4.374000000000000000e+05	2.924505167641035541e+02
4.374000000000000000e+05	2.935450224569366355e+02
4.383000000000000000e+05	2.935450224569366355e+02
4.383000000000000000e+05	2.938960396082464968e+02
4.392000000000000000e+05	2.938960396082464968e+02
4.392000000000000000e+05	2.923229148422298067e+02
4.401000000000000000e+05	2.923229148422298067e+02
4.401000000000000000e+05	2.922983483272284957e+02
4.410000000000000000e+05	2.922983483272284957e+02
4.410000000000000000e+05	2.933750132146738565e+02
4.419000000000000000e+05	2.933750132146738565e+02
4.419000000000000000e+05	2.937198166777121173e+02
4.428000000000000000e+05	2.937198166777121173e+02
4.428000000000000000e+05	2.921661986948308254e+02
4.437000000000000000e+05	2.921661986948308254e+02
4.437000000000000000e+05	2.921405198555522134e+02
4.446000000000000000e+05	2.921405198555522134e+02
4.446000000000000000e+05	2.948150954559936281e+02
4.455000000000000000e+05	2.948150954559936281e+02
4.455000000000000000e+05	2.953130798895249995e+02
4.464000000000000000e+05	2.953130798895249995e+02
4.464000000000000000e+05	2.950730100933737390e+02
4.473000000000000000e+05	2.950730100933737390e+02
4.473000000000000000e+05	2.991869535084697418e+02
4.482000000000000000e+05	2.991869535084697418e+02
4.482000000000000000e+05	2.976147479681864638e+02
4.491000000000000000e+05	2.976147479681864638e+02
4.491000000000000000e+05	2.963728402792511361e+02
4.500000000000000000e+05	2.963728402792511361e+02
4.500000000000000000e+05	2.928314806892624347e+02
4.509000000000000000e+05	2.928314806892624347e+02
4.509000000000000000e+05	2.973289631276804812e+02
4.518000000000000000e+05	2.973289631276804812e+02
4.518000000000000000e+05	2.968427687432538846e+02
4.527000000000000000e+05	2.968427687432538846e+02
4.527000000000000000e+05	2.953956727812054623e+02
4.536000000000000000e+05	2.953956727812054623e+02
4.536000000000000000e+05	2.934305792487339204e+02
4.545000000000000000e+05	2.934305792487339204e+02
4.545000000000000000e+05	2.972825671794151390e+02
4.554000000000000000e+05	2.972825671794151390e+02
4.554000000000000000e+05	2.935420946697030331e+02
4.563000000000000000e+05	2.935420946697030331e+02
4.563000000000000000e+05	2.921347462077512773e+02
4.572000000000000000e+05	2.921347462077512773e+02
4.572000000000000000e+05	2.936225063930577903e+02
4.581000000000000000e+05	2.936225063930577903e+02
4.581000000000000000e+05	2.996259173339229847e+02
4.590000000000000000e+05	2.996259173339229847e+02
4.590000000000000000e+05	3.037136689449005758e+02
4.599000000000000000e+05	3.037136689449005758e+02
4.599000000000000000e+05	3.063136514482559392e+02
4.608000000000000000e+05	3.063136514482559392e+02
4.608000000000000000e+05	3.033583799107101981e+02
4.617000000000000000e+05	3.033583799107101981e+02
4.617000000000000000e+05	3.061459593919690292e+02
4.626000000000000000e+05	3.061459593919690292e+02
4.626000000000000000e+05	3.064595984182490156e+02
4.635000000000000000e+05	3.064595984182490156e+02
4.635000000000000000e+05	3.071787296071915989e+02
4.644000000000000000e+05	3.071787296071915989e+02
4.644000000000000000e+05	3.070802869182716677e+02
4.653000000000000000e+05	3.070802869182716677e+02
4.653000000000000000e+05	3.057883858470974587e+02
4.662000000000000000e+05	3.057883858470974587e+02
4.662000000000000000e+05	3.051843436722134015e+02
4.671000000000000000e+05	3.051843436722134015e+02
4.671000000000000000e+05	3.052402912783349507e+02
4.680000000000000000e+05	3.052402912783349507e+02
4.680000000000000000e+05	3.050296986248717985e+02
4.689000000000000000e+05	3.050296986248717985e+02
4.689000000000000000e+05	3.008255260464469529e+02
4.698000000000000000e+05	3.008255260464469529e+02
4.698000000000000000e+05	3.029669528915717933e+02
4.707000000000000000e+05	3.029669528915717933e+02
4.707000000000000000e+05	3.038592972167541575e+02
4.716000000000000000e+05	3.038592972167541575e+02
4.716000000000000000e+05	3.030576277952256987e+02
4.725000000000000000e+05	3.030576277952256987e+02
4.725000000000000000e+05	2.995584274096362947e+02
4.734000000000000000e+05	2.995584274096362947e+02
4.734000000000000000e+05	2.979941581276190163e+02
4.743000000000000000e+05	2.979941581276190163e+02
4.743000000000000000e+05	2.957743466673998682e+02
4.752000000000000000e+05	2.957743466673998682e+02
4.752000000000000000e+05	2.990755919625857473e+02
4.761000000000000000e+05	2.990755919625857473e+02
4.761000000000000000e+05	2.971607599509974307e+02
4.770000000000000000e+05	2.971607599509974307e+02
4.770000000000000000e+05	3.001594662985579021e+02
4.779000000000000000e+05	3.001594662985579021e+02
4.779000000000000000e+05	2.999481992676413711e+02
4.788000000000000000e+05	2.999481992676413711e+02
4.788000000000000000e+05	3.002064940536279209e+02
4.797000000000000000e+05	3.002064940536279209e+02
4.797000000000000000e+05	3.011559848104824937e+02
4.806000000000000000e+05	3.011559848104824937e+02
4.806000000000000000e+05	3.023860819897013243e+02
4.815000000000000000e+05	3.023860819897013243e+02
4.815000000000000000e+05	3.033049753215956343e+02
4.824000000000000000e+05	3.033049753215956343e+02
4.824000000000000000e+05	3.005872421866974378e+02
4.833000000000000000e+05	3.005872421866974378e+02
4.833000000000000000e+05	3.013491555440997445e+02
4.842000000000000000e+05	3.013491555440997445e+02
4.842000000000000000e+05	3.001026998297044770e+02
4.851000000000000000e+05	3.001026998297044770e+02
4.851000000000000000e+05	3.017623121549909797e+02
4.860000000000000000e+05	3.017623121549909797e+02
4.860000000000000000e+05	2.978758781206614685e+02
4.869000000000000000e+05	2.978758781206614685e+02
4.869000000000000000e+05	2.963646254975666920e+02
4.878000000000000000e+05	2.963646254975666920e+02
4.878000000000000000e+05	2.996465560703451843e+02
4.887000000000000000e+05	2.996465560703451843e+02
4.887000000000000000e+05	3.039056288010090157e+02
4.896000000000000000e+05	3.039056288010090157e+02
4.896000000000000000e+05	2.976661088482728132e+02
4.905000000000000000e+05	2.976661088482728132e+02
4.905000000000000000e+05	2.962987474774408270e+02
4.914000000000000000e+05	2.962987474774408270e+02
4.914000000000000000e+05	2.971428793312034600e+02
4.923000000000000000e+05	2.971428793312034600e+02
4.923000000000000000e+05	2.970971069572480019e+02
4.932000000000000000e+05	2.970971069572480019e+02
4.932000000000000000e+05	2.954591572555589778e+02
4.941000000000000000e+05	2.954591572555589778e+02
4.941000000000000000e+05	3.015314210595180953e+02
4.950000000000000000e+05	3.015314210595180953e+02
4.950000000000000000e+05	2.977612776131149985e+02
4.959000000000000000e+05	2.977612776131149985e+02
4.959000000000000000e+05	2.970529401611586309e+02
4.968000000000000000e+05	2.970529401611586309e+02
4.968000000000000000e+05	2.952029200750328073e+02
4.977000000000000000e+05	2.952029200750328073e+02
4.977000000000000000e+05	2.945324647222751082e+02
4.986000000000000000e+05	2.945324647222751082e+02
4.986000000000000000e+05	2.928851267675245253e+02
4.995000000000000000e+05	2.928851267675245253e+02
4.995000000000000000e+05	2.969344612785901631e+02
5.004000000000000000e+05	2.969344612785901631e+02
5.004000000000000000e+05	2.941574277418817474e+02
5.013000000000000000e+05	2.941574277418817474e+02
5.013000000000000000e+05	3.000184090485854540e+02
5.022000000000000000e+05	3.000184090485854540e+02
5.022000000000000000e+05	2.958725770694354082e+02
5.031000000000000000e+05	2.958725770694354082e+02
5.031000000000000000e+05	2.974171796879340377e+02
5.040000000000000000e+05	2.974171796879340377e+02
5.040000000000000000e+05	2.976842744876510665e+02
5.049000000000000000e+05	2.976842744876510665e+02
5.049000000000000000e+05	2.962087700766739431e+02
5.058000000000000000e+05	2.962087700766739431e+02
5.058000000000000000e+05	2.942324329318465175e+02
5.067000000000000000e+05	2.942324329318465175e+02
5.067000000000000000e+05	2.932339079837318536e+02
5.076000000000000000e+05	2.932339079837318536e+02
5.076000000000000000e+05	2.942746136597922941e+02
5.085000000000000000e+05	2.942746136597922941e+02
5.085000000000000000e+05	2.937841907129853212e+02
5.094000000000000000e+05	2.937841907129853212e+02
5.094000000000000000e+05	2.922064084480591646e+02
5.103000000000000000e+05	2.922064084480591646e+02
5.103000000000000000e+05	2.915602237659750244e+02
5.112000000000000000e+05	2.915602237659750244e+02
5.112000000000000000e+05	2.930760047959216195e+02
5.121000000000000000e+05	2.930760047959216195e+02
5.121000000000000000e+05	2.928915358705854715e+02
5.130000000000000000e+05	2.928915358705854715e+02
5.130000000000000000e+05	2.941919326721232437e+02
5.139000000000000000e+05	2.941919326721232437e+02
5.139000000000000000e+05	2.945737413789806851e+02
5.148000000000000000e+05	2.945737413789806851e+02
5.148000000000000000e+05	2.928151744742183951e+02
5.157000000000000000e+05	2.928151744742183951e+02
5.157000000000000000e+05	2.927902590356766837e+02
5.166000000000000000e+05	2.927902590356766837e+02
5.166000000000000000e+05	2.939303124050887845e+02
5.175000000000000000e+05	2.939303124050887845e+02
5.175000000000000000e+05	2.942945791912501932e+02
5.184000000000000000e+05	2.942945791912501932e+02
5.184000000000000000e+05	2.926689185163698994e+02
5.193000000000000000e+05	2.926689185163698994e+02
5.193000000000000000e+05	2.926465658356074186e+02
5.202000000000000000e+05	2.926465658356074186e+02
5.202000000000000000e+05	2.937531841231153180e+02
5.211000000000000000e+05	2.937531841231153180e+02
5.211000000000000000e+05	2.941078326564392569e+02
5.220000000000000000e+05	2.941078326564392569e+02
5.220000000000000000e+05	2.925201762670761809e+02
5.229000000000000000e+05	2.925201762670761809e+02
5.229000000000000000e+05	2.924961293372611522e+02
5.238000000000000000e+05	2.924961293372611522e+02
5.238000000000000000e+05	2.932767630679487638e+02
5.247000000000000000e+05	2.932767630679487638e+02
5.247000000000000000e+05	2.929790113470542110e+02
5.256000000000000000e+05	2.929790113470542110e+02
5.256000000000000000e+05	2.922165902364315571e+02
5.265000000000000000e+05	2.922165902364315571e+02
5.265000000000000000e+05	2.921212284548428784e+02
5.274000000000000000e+05	2.921212284548428784e+02
5.274000000000000000e+05	2.911499999999999204e+02
5.283000000000000000e+05	2.911499999999999204e+02
5.283000000000000000e+05	2.911499999999999773e+02
5.292000000000000000e+05	2.911499999999999773e+02
5.292000000000000000e+05	2.941073699078958157e+02
5.301000000000000000e+05	2.941073699078958157e+02
5.301000000000000000e+05	2.961368672484371700e+02
5.310000000000000000e+05	2.961368672484371700e+02
5.310000000000000000e+05	2.981218734443284575e+02
5.319000000000000000e+05	2.981218734443284575e+02
5.319000000000000000e+05	2.969267889487090883e+02
5.328000000000000000e+05	2.969267889487090883e+02
5.328000000000000000e+05	2.941434430273407656e+02
5.337000000000000000e+05	2.941434430273407656e+02
5.337000000000000000e+05	2.979651746766551810e+02
5.346000000000000000e+05	2.979651746766551810e+02
5.346000000000000000e+05	2.961301499856036799e+02
5.355000000000000000e+05	2.961301499856036799e+02
5.355000000000000000e+05	2.949943295403709840e+02
5.364000000000000000e+05	2.949943295403709840e+02
5.364000000000000000e+05	2.968250348812422317e+02
5.373000000000000000e+05	2.968250348812422317e+02
5.373000000000000000e+05	2.983196125040302604e+02
5.382000000000000000e+05	2.983196125040302604e+02
5.382000000000000000e+05	2.973047587630488238e+02
5.391000000000000000e+05	2.973047587630488238e+02
5.391000000000000000e+05	2.958890513702509111e+02
5.400000000000000000e+05	2.958890513702509111e+02
5.400000000000000000e+05	2.935181598270758059e+02
5.409000000000000000e+05	2.935181598270758059e+02
5.409000000000000000e+05	2.928393187427144539e+02
5.418000000000000000e+05	2.928393187427144539e+02
5.418000000000000000e+05	2.911886919231806701e+02
5.427000000000000000e+05	2.911886919231806701e+02
5.427000000000000000e+05	2.911499999999999773e+02
5.436000000000000000e+05	2.911499999999999773e+02
5.436000000000000000e+05	2.951198779285948604e+02
5.445000000000000000e+05	2.951198779285948604e+02
5.445000000000000000e+05	3.009408468673620973e+02
5.454000000000000000e+05	3.009408468673620973e+02
5.454000000000000000e+05	3.046166028761294342e+02
5.463000000000000000e+05	3.046166028761294342e+02
5.463000000000000000e+05	3.070339945694219637e+02
5.472000000000000000e+05	3.070339945694219637e+02
5.472000000000000000e+05	3.040515006031452003e+02
5.481000000000000000e+05	3.040515006031452003e+02
5.481000000000000000e+05	3.066844781500472550e+02
5.490000000000000000e+05	3.066844781500472550e+02
5.490000000000000000e+05	3.069152050530940414e+02
5.499000000000000000e+05	3.069152050530940414e+02
5.499000000000000000e+05	3.075744962458183522e+02
5.508000000000000000e+05	3.075744962458183522e+02
5.508000000000000000e+05	3.074415410289334432e+02
5.517000000000000000e+05	3.074415410289334432e+02
5.517000000000000000e+05	3.043047408319490614e+02
5.526000000000000000e+05	3.043047408319490614e+02
5.526000000000000000e+05	3.041488686311880087e+02
5.535000000000000000e+05	3.041488686311880087e+02
5.535000000000000000e+05	3.038712740090820716e+02
5.544000000000000000e+05	3.038712740090820716e+02
5.544000000000000000e+05	3.035339949325491489e+02
5.553000000000000000e+05	3.035339949325491489e+02
5.553000000000000000e+05	3.026549606958119512e+02
5.562000000000000000e+05	3.026549606958119512e+02
5.562000000000000000e+05	3.021874233643251273e+02
5.571000000000000000e+05	3.021874233643251273e+02
5.571000000000000000e+05	3.023035277778014915e+02
5.580000000000000000e+05	3.023035277778014915e+02
5.580000000000000000e+05	3.021715020670692411e+02
5.589000000000000000e+05	3.021715020670692411e+02
5.589000000000000000e+05	3.018593149988309960e+02
5.598000000000000000e+05	3.018593149988309960e+02
5.598000000000000000e+05	3.033607136241836315e+02
5.607000000000000000e+05	3.033607136241836315e+02
5.607000000000000000e+05	3.008501437422573304e+02
5.616000000000000000e+05	3.008501437422573304e+02
5.616000000000000000e+05	3.009948568279005485e+02
5.625000000000000000e+05	3.009948568279005485e+02
5.625000000000000000e+05	2.985797196619459442e+02
5.634000000000000000e+05	2.985797196619459442e+02
5.634000000000000000e+05	3.011447618427091584e+02
5.643000000000000000e+05	3.011447618427091584e+02
5.643000000000000000e+05	2.989104524751820122e+02
5.652000000000000000e+05	2.989104524751820122e+02
5.652000000000000000e+05	2.994232168145342143e+02
5.661000000000000000e+05	2.994232168145342143e+02
5.661000000000000000e+05	2.973042401609041008e+02
5.670000000000000000e+05	2.973042401609041008e+02
5.670000000000000000e+05	2.995833625855602236e+02
5.679000000000000000e+05	2.995833625855602236e+02
5.679000000000000000e+05	3.011913809417613379e+02
5.688000000000000000e+05	3.011913809417613379e+02
5.688000000000000000e+05	2.973473024510784057e+02
5.697000000000000000e+05	2.973473024510784057e+02
5.697000000000000000e+05	2.960369574719533148e+02
5.706000000000000000e+05	2.960369574719533148e+02
5.706000000000000000e+05	2.988331347891986525e+02
5.715000000000000000e+05	2.988331347891986525e+02
5.715000000000000000e+05	3.019876676500604162e+02
5.724000000000000000e+05	3.019876676500604162e+02
5.724000000000000000e+05	2.968571454152962588e+02
5.733000000000000000e+05	2.968571454152962588e+02
5.733000000000000000e+05	2.956944091558562491e+02
5.742000000000000000e+05	2.956944091558562491e+02
5.742000000000000000e+05	2.966165508362138894e+02
5.751000000000000000e+05	2.966165508362138894e+02
5.751000000000000000e+05	2.966551573804223381e+02
5.760000000000000000e+05	2.966551573804223381e+02
5.760000000000000000e+05	2.951395882713584911e+02
5.769000000000000000e+05	2.951395882713584911e+02
5.769000000000000000e+05	3.013155675307509114e+02
5.778000000000000000e+05	3.013155675307509114e+02
5.778000000000000000e+05	2.961967107082596158e+02
5.787000000000000000e+05	2.961967107082596158e+02
5.787000000000000000e+05	2.985289050228923884e+02
5.796000000000000000e+05	2.985289050228923884e+02
5.796000000000000000e+05	2.978863304949176154e+02
5.805000000000000000e+05	2.978863304949176154e+02
5.805000000000000000e+05	2.961137207456904434e+02
5.814000000000000000e+05	2.961137207456904434e+02
5.814000000000000000e+05	2.941885792558857702e+02
5.823000000000000000e+05	2.941885792558857702e+02
5.823000000000000000e+05	2.982078451540056108e+02
5.832000000000000000e+05	2.982078451540056108e+02
5.832000000000000000e+05	2.977832086473555364e+02
5.841000000000000000e+05	2.977832086473555364e+02
5.841000000000000000e+05	2.961352870292711259e+02
5.850000000000000000e+05	2.961352870292711259e+02
5.850000000000000000e+05	2.955485933235281664e+02
5.859000000000000000e+05	2.955485933235281664e+02
5.859000000000000000e+05	2.942179876557370903e+02
5.868000000000000000e+05	2.942179876557370903e+02
5.868000000000000000e+05	2.945587026436131737e+02
5.877000000000000000e+05	2.945587026436131737e+02
5.877000000000000000e+05	3.002542553798041922e+02
5.886000000000000000e+05	3.002542553798041922e+02
5.886000000000000000e+05	2.959804051315350080e+02
5.895000000000000000e+05	2.959804051315350080e+02
5.895000000000000000e+05	2.981801460715528833e+02
5.904000000000000000e+05	2.981801460715528833e+02
5.904000000000000000e+05	2.979069461769960867e+02
5.913000000000000000e+05	2.979069461769960867e+02
5.913000000000000000e+05	2.994373195830379473e+02
5.922000000000000000e+05	2.994373195830379473e+02
5.922000000000000000e+05	2.959488131245978479e+02
5.931000000000000000e+05	2.959488131245978479e+02
5.931000000000000000e+05	2.944501013983450548e+02
5.940000000000000000e+05	2.944501013983450548e+02
5.940000000000000000e+05	2.947589201235622340e+02
5.949000000000000000e+05	2.947589201235622340e+02
5.949000000000000000e+05	2.941165816024499691e+02
5.958000000000000000e+05	2.941165816024499691e+02
5.958000000000000000e+05	2.924785227854035838e+02
5.967000000000000000e+05	2.924785227854035838e+02
5.967000000000000000e+05	2.917760941998387239e+02
5.976000000000000000e+05	2.917760941998387239e+02
5.976000000000000000e+05	2.932041989640663360e+02
5.985000000000000000e+05	2.932041989640663360e+02
5.985000000000000000e+05	2.929673965262942374e+02
5.994000000000000000e+05	2.929673965262942374e+02
5.994000000000000000e+05	2.942460131844681541e+02
6.003000000000000000e+05	2.942460131844681541e+02
6.003000000000000000e+05	2.946069162932247423e+02
6.012000000000000000e+05	2.946069162932247423e+02
6.012000000000000000e+05	2.928689134349436358e+02
6.021000000000000000e+05	2.928689134349436358e+02
6.021000000000000000e+05	2.928380154507072461e+02
6.030000000000000000e+05	2.928380154507072461e+02
6.030000000000000000e+05	2.939211010001397995e+02
6.039000000000000000e+05	2.939211010001397995e+02
6.039000000000000000e+05	2.942630479071203240e+02
6.048000000000000000e+05	2.942630479071203240e+02
