# #1
# double ch_TES(1344, 2)
0.000000000000000000e+00	0.000000000000000000e+00
9.000000000000000000e+02	0.000000000000000000e+00
9.000000000000000000e+02	1.412636380014656652e+03
1.800000000000000000e+03	1.412636380014656652e+03
1.800000000000000000e+03	0.000000000000000000e+00
2.700000000000000000e+03	0.000000000000000000e+00
2.700000000000000000e+03	0.000000000000000000e+00
3.600000000000000000e+03	0.000000000000000000e+00
3.600000000000000000e+03	5.486700852186302654e+03
4.500000000000000000e+03	5.486700852186302654e+03
4.500000000000000000e+03	5.266800000000000182e+03
5.400000000000000000e+03	5.266800000000000182e+03
5.400000000000000000e+03	3.422887772212987784e+03
6.300000000000000000e+03	3.422887772212987784e+03
6.300000000000000000e+03	1.212531410384749279e+03
7.200000000000000000e+03	1.212531410384749279e+03
7.200000000000000000e+03	5.820766091346740723e-11
8.100000000000000000e+03	5.820766091346740723e-11
8.100000000000000000e+03	0.000000000000000000e+00
9.000000000000000000e+03	0.000000000000000000e+00
9.000000000000000000e+03	0.000000000000000000e+00
9.900000000000000000e+03	0.000000000000000000e+00
9.900000000000000000e+03	0.000000000000000000e+00
1.080000000000000000e+04	0.000000000000000000e+00
1.080000000000000000e+04	5.832636503064073622e+03
1.170000000000000000e+04	5.832636503064073622e+03
1.170000000000000000e+04	0.000000000000000000e+00
1.260000000000000000e+04	0.000000000000000000e+00
1.260000000000000000e+04	0.000000000000000000e+00
1.350000000000000000e+04	0.000000000000000000e+00
1.350000000000000000e+04	0.000000000000000000e+00
1.440000000000000000e+04	0.000000000000000000e+00
1.440000000000000000e+04	9.000000000000000000e+03
1.530000000000000000e+04	9.000000000000000000e+03
1.530000000000000000e+04	5.266800000000000182e+03
1.620000000000000000e+04	5.266800000000000182e+03
1.620000000000000000e+04	3.623545003306435774e+03
1.710000000000000000e+04	3.623545003306435774e+03
1.710000000000000000e+04	0.000000000000000000e+00
1.800000000000000000e+04	0.000000000000000000e+00
1.800000000000000000e+04	5.820766091346740723e-11
1.890000000000000000e+04	5.820766091346740723e-11
1.890000000000000000e+04	0.000000000000000000e+00
1.980000000000000000e+04	0.000000000000000000e+00
1.980000000000000000e+04	0.000000000000000000e+00
2.070000000000000000e+04	0.000000000000000000e+00
2.070000000000000000e+04	0.000000000000000000e+00
2.160000000000000000e+04	0.000000000000000000e+00
2.160000000000000000e+04	6.060000000000000000e+03
2.250000000000000000e+04	6.060000000000000000e+03
2.250000000000000000e+04	0.000000000000000000e+00
2.340000000000000000e+04	0.000000000000000000e+00
2.340000000000000000e+04	0.000000000000000000e+00
2.430000000000000000e+04	0.000000000000000000e+00
2.430000000000000000e+04	0.000000000000000000e+00
2.520000000000000000e+04	0.000000000000000000e+00
2.520000000000000000e+04	6.059999999999941792e+03
2.610000000000000000e+04	6.059999999999941792e+03
2.610000000000000000e+04	0.000000000000000000e+00
2.700000000000000000e+04	0.000000000000000000e+00
2.700000000000000000e+04	0.000000000000000000e+00
2.790000000000000000e+04	0.000000000000000000e+00
2.790000000000000000e+04	0.000000000000000000e+00
2.880000000000000000e+04	0.000000000000000000e+00
2.880000000000000000e+04	9.000000000000058208e+03
2.970000000000000000e+04	9.000000000000058208e+03
2.970000000000000000e+04	9.000000000000000000e+03
3.060000000000000000e+04	9.000000000000000000e+03
3.060000000000000000e+04	9.000000000000000000e+03
3.150000000000000000e+04	9.000000000000000000e+03
3.150000000000000000e+04	9.000000000000000000e+03
3.240000000000000000e+04	9.000000000000000000e+03
3.240000000000000000e+04	9.000000000000000000e+03
3.330000000000000000e+04	9.000000000000000000e+03
3.330000000000000000e+04	9.000000000000000000e+03
3.420000000000000000e+04	9.000000000000000000e+03
3.420000000000000000e+04	6.298757459290591214e+03
3.510000000000000000e+04	6.298757459290591214e+03
3.510000000000000000e+04	5.964413890507001270e+03
3.600000000000000000e+04	5.964413890507001270e+03
3.600000000000000000e+04	-5.820766091346740723e-11
3.690000000000000000e+04	-5.820766091346740723e-11
3.690000000000000000e+04	4.663015700126186857e+03
3.780000000000000000e+04	4.663015700126186857e+03
3.780000000000000000e+04	4.389903326716350421e+03
3.870000000000000000e+04	4.389903326716350421e+03
3.870000000000000000e+04	5.266800000000000182e+03
3.960000000000000000e+04	5.266800000000000182e+03
3.960000000000000000e+04	4.534152110051654745e+03
4.050000000000000000e+04	4.534152110051654745e+03
4.050000000000000000e+04	4.654871266925674718e+03
4.140000000000000000e+04	4.654871266925674718e+03
4.140000000000000000e+04	5.266800000000000182e+03
4.230000000000000000e+04	5.266800000000000182e+03
4.230000000000000000e+04	4.060000000000000000e+03
4.320000000000000000e+04	4.060000000000000000e+03
4.320000000000000000e+04	0.000000000000000000e+00
4.410000000000000000e+04	0.000000000000000000e+00
4.410000000000000000e+04	0.000000000000000000e+00
4.500000000000000000e+04	0.000000000000000000e+00
4.500000000000000000e+04	0.000000000000000000e+00
4.590000000000000000e+04	0.000000000000000000e+00
4.590000000000000000e+04	0.000000000000000000e+00
4.680000000000000000e+04	0.000000000000000000e+00
4.680000000000000000e+04	-1.164153218269348145e-10
4.770000000000000000e+04	-1.164153218269348145e-10
4.770000000000000000e+04	5.536545848723298150e+03
4.860000000000000000e+04	5.536545848723298150e+03
4.860000000000000000e+04	0.000000000000000000e+00
4.950000000000000000e+04	0.000000000000000000e+00
4.950000000000000000e+04	0.000000000000000000e+00
5.040000000000000000e+04	0.000000000000000000e+00
5.040000000000000000e+04	-5.820766091346740723e-11
5.130000000000000000e+04	-5.820766091346740723e-11
5.130000000000000000e+04	0.000000000000000000e+00
5.220000000000000000e+04	0.000000000000000000e+00
5.220000000000000000e+04	0.000000000000000000e+00
5.310000000000000000e+04	0.000000000000000000e+00
5.310000000000000000e+04	0.000000000000000000e+00
5.400000000000000000e+04	0.000000000000000000e+00
5.400000000000000000e+04	6.059999999999883585e+03
5.490000000000000000e+04	6.059999999999883585e+03
5.490000000000000000e+04	0.000000000000000000e+00
5.580000000000000000e+04	0.000000000000000000e+00
5.580000000000000000e+04	0.000000000000000000e+00
5.670000000000000000e+04	0.000000000000000000e+00
5.670000000000000000e+04	0.000000000000000000e+00
5.760000000000000000e+04	0.000000000000000000e+00
5.760000000000000000e+04	-5.820766091346740723e-11
5.850000000000000000e+04	-5.820766091346740723e-11
5.850000000000000000e+04	0.000000000000000000e+00
5.940000000000000000e+04	0.000000000000000000e+00
5.940000000000000000e+04	0.000000000000000000e+00
6.030000000000000000e+04	0.000000000000000000e+00
6.030000000000000000e+04	5.782538415685132350e+03
6.120000000000000000e+04	5.782538415685132350e+03
6.120000000000000000e+04	-1.746229827404022217e-10
6.210000000000000000e+04	-1.746229827404022217e-10
6.210000000000000000e+04	3.964413890506961252e+03
6.300000000000000000e+04	3.964413890506961252e+03
6.300000000000000000e+04	5.563770788498935872e+03
6.390000000000000000e+04	5.563770788498935872e+03
6.390000000000000000e+04	9.999999999999086242e+01
6.480000000000000000e+04	9.999999999999086242e+01
6.480000000000000000e+04	0.000000000000000000e+00
6.570000000000000000e+04	0.000000000000000000e+00
6.570000000000000000e+04	0.000000000000000000e+00
6.660000000000000000e+04	0.000000000000000000e+00
6.660000000000000000e+04	5.143393142976636227e+03
6.750000000000000000e+04	5.143393142976636227e+03
6.750000000000000000e+04	0.000000000000000000e+00
6.840000000000000000e+04	0.000000000000000000e+00
6.840000000000000000e+04	5.656726380765030626e+03
6.930000000000000000e+04	5.656726380765030626e+03
6.930000000000000000e+04	7.000000000000000000e+03
7.020000000000000000e+04	7.000000000000000000e+03
7.020000000000000000e+04	0.000000000000000000e+00
7.110000000000000000e+04	0.000000000000000000e+00
7.110000000000000000e+04	0.000000000000000000e+00
7.200000000000000000e+04	0.000000000000000000e+00
7.200000000000000000e+04	4.880098984423850197e+03
7.290000000000000000e+04	4.880098984423850197e+03
7.290000000000000000e+04	0.000000000000000000e+00
7.380000000000000000e+04	0.000000000000000000e+00
7.380000000000000000e+04	0.000000000000000000e+00
7.470000000000000000e+04	0.000000000000000000e+00
7.470000000000000000e+04	0.000000000000000000e+00
7.560000000000000000e+04	0.000000000000000000e+00
7.560000000000000000e+04	5.820766091346740723e-11
7.650000000000000000e+04	5.820766091346740723e-11
7.650000000000000000e+04	0.000000000000000000e+00
7.740000000000000000e+04	0.000000000000000000e+00
7.740000000000000000e+04	0.000000000000000000e+00
7.830000000000000000e+04	0.000000000000000000e+00
7.830000000000000000e+04	0.000000000000000000e+00
7.920000000000000000e+04	0.000000000000000000e+00
7.920000000000000000e+04	5.820766091346740723e-11
8.010000000000000000e+04	5.820766091346740723e-11
8.010000000000000000e+04	0.000000000000000000e+00
8.100000000000000000e+04	0.000000000000000000e+00
8.100000000000000000e+04	0.000000000000000000e+00
8.190000000000000000e+04	0.000000000000000000e+00
8.190000000000000000e+04	0.000000000000000000e+00
8.280000000000000000e+04	0.000000000000000000e+00
8.280000000000000000e+04	5.820766091346740723e-11
8.370000000000000000e+04	5.820766091346740723e-11
8.370000000000000000e+04	0.000000000000000000e+00
8.460000000000000000e+04	0.000000000000000000e+00
8.460000000000000000e+04	0.000000000000000000e+00
8.550000000000000000e+04	0.000000000000000000e+00
8.550000000000000000e+04	0.000000000000000000e+00
8.640000000000000000e+04	0.000000000000000000e+00
8.640000000000000000e+04	0.000000000000000000e+00
8.730000000000000000e+04	0.000000000000000000e+00
8.730000000000000000e+04	0.000000000000000000e+00
8.820000000000000000e+04	0.000000000000000000e+00
8.820000000000000000e+04	0.000000000000000000e+00
8.910000000000000000e+04	0.000000000000000000e+00
8.910000000000000000e+04	0.000000000000000000e+00
9.000000000000000000e+04	0.000000000000000000e+00
9.000000000000000000e+04	6.060000000000000000e+03
9.090000000000000000e+04	6.060000000000000000e+03
9.090000000000000000e+04	0.000000000000000000e+00
9.180000000000000000e+04	0.000000000000000000e+00
9.180000000000000000e+04	0.000000000000000000e+00
9.270000000000000000e+04	0.000000000000000000e+00
9.270000000000000000e+04	0.000000000000000000e+00
9.360000000000000000e+04	0.000000000000000000e+00
9.360000000000000000e+04	0.000000000000000000e+00
9.450000000000000000e+04	0.000000000000000000e+00
9.450000000000000000e+04	0.000000000000000000e+00
9.540000000000000000e+04	0.000000000000000000e+00
9.540000000000000000e+04	0.000000000000000000e+00
9.630000000000000000e+04	0.000000000000000000e+00
9.630000000000000000e+04	0.000000000000000000e+00
9.720000000000000000e+04	0.000000000000000000e+00
9.720000000000000000e+04	0.000000000000000000e+00
9.810000000000000000e+04	0.000000000000000000e+00
9.810000000000000000e+04	0.000000000000000000e+00
9.900000000000000000e+04	0.000000000000000000e+00
9.900000000000000000e+04	0.000000000000000000e+00
9.990000000000000000e+04	0.000000000000000000e+00
9.990000000000000000e+04	0.000000000000000000e+00
1.008000000000000000e+05	0.000000000000000000e+00
1.008000000000000000e+05	9.000000000000000000e+03
1.017000000000000000e+05	9.000000000000000000e+03
1.017000000000000000e+05	0.000000000000000000e+00
1.026000000000000000e+05	0.000000000000000000e+00
1.026000000000000000e+05	9.000000000000000000e+03
1.035000000000000000e+05	9.000000000000000000e+03
1.035000000000000000e+05	0.000000000000000000e+00
1.044000000000000000e+05	0.000000000000000000e+00
1.044000000000000000e+05	-5.820766091346740723e-11
1.053000000000000000e+05	-5.820766091346740723e-11
1.053000000000000000e+05	0.000000000000000000e+00
1.062000000000000000e+05	0.000000000000000000e+00
1.062000000000000000e+05	0.000000000000000000e+00
1.071000000000000000e+05	0.000000000000000000e+00
1.071000000000000000e+05	0.000000000000000000e+00
1.080000000000000000e+05	0.000000000000000000e+00
1.080000000000000000e+05	0.000000000000000000e+00
1.089000000000000000e+05	0.000000000000000000e+00
1.089000000000000000e+05	0.000000000000000000e+00
1.098000000000000000e+05	0.000000000000000000e+00
1.098000000000000000e+05	4.812403234778645128e+03
1.107000000000000000e+05	4.812403234778645128e+03
1.107000000000000000e+05	9.000000000000000000e+03
1.116000000000000000e+05	9.000000000000000000e+03
1.116000000000000000e+05	8.999999999999825377e+03
1.125000000000000000e+05	8.999999999999825377e+03
1.125000000000000000e+05	9.000000000000000000e+03
1.134000000000000000e+05	9.000000000000000000e+03
1.134000000000000000e+05	9.000000000000000000e+03
1.143000000000000000e+05	9.000000000000000000e+03
1.143000000000000000e+05	9.000000000000000000e+03
1.152000000000000000e+05	9.000000000000000000e+03
1.152000000000000000e+05	8.999999999999941792e+03
1.161000000000000000e+05	8.999999999999941792e+03
1.161000000000000000e+05	9.000000000000000000e+03
1.170000000000000000e+05	9.000000000000000000e+03
1.170000000000000000e+05	9.000000000000000000e+03
1.179000000000000000e+05	9.000000000000000000e+03
1.179000000000000000e+05	9.000000000000000000e+03
1.188000000000000000e+05	9.000000000000000000e+03
1.188000000000000000e+05	5.820766091346740723e-11
1.197000000000000000e+05	5.820766091346740723e-11
1.197000000000000000e+05	0.000000000000000000e+00
1.206000000000000000e+05	0.000000000000000000e+00
1.206000000000000000e+05	0.000000000000000000e+00
1.215000000000000000e+05	0.000000000000000000e+00
1.215000000000000000e+05	0.000000000000000000e+00
1.224000000000000000e+05	0.000000000000000000e+00
1.224000000000000000e+05	9.000000000000000000e+03
1.233000000000000000e+05	9.000000000000000000e+03
1.233000000000000000e+05	9.000000000000000000e+03
1.242000000000000000e+05	9.000000000000000000e+03
1.242000000000000000e+05	5.149710061278657122e+03
1.251000000000000000e+05	5.149710061278657122e+03
1.251000000000000000e+05	4.277250029691695090e+03
1.260000000000000000e+05	4.277250029691695090e+03
1.260000000000000000e+05	2.361635737561911810e+03
1.269000000000000000e+05	2.361635737561911810e+03
1.269000000000000000e+05	9.000000000000000000e+03
1.278000000000000000e+05	9.000000000000000000e+03
1.278000000000000000e+05	0.000000000000000000e+00
1.287000000000000000e+05	0.000000000000000000e+00
1.287000000000000000e+05	0.000000000000000000e+00
1.296000000000000000e+05	0.000000000000000000e+00
1.296000000000000000e+05	0.000000000000000000e+00
1.305000000000000000e+05	0.000000000000000000e+00
1.305000000000000000e+05	2.819758704835678600e+03
1.314000000000000000e+05	2.819758704835678600e+03
1.314000000000000000e+05	2.294596606271277778e+03
1.323000000000000000e+05	2.294596606271277778e+03
1.323000000000000000e+05	2.544625994311751583e+03
1.332000000000000000e+05	2.544625994311751583e+03
1.332000000000000000e+05	5.005997702303575352e+03
1.341000000000000000e+05	5.005997702303575352e+03
1.341000000000000000e+05	0.000000000000000000e+00
1.350000000000000000e+05	0.000000000000000000e+00
1.350000000000000000e+05	4.060000000000009095e+03
1.359000000000000000e+05	4.060000000000009095e+03
1.359000000000000000e+05	0.000000000000000000e+00
1.368000000000000000e+05	0.000000000000000000e+00
1.368000000000000000e+05	8.243986767400871031e+03
1.377000000000000000e+05	8.243986767400871031e+03
1.377000000000000000e+05	0.000000000000000000e+00
1.386000000000000000e+05	0.000000000000000000e+00
1.386000000000000000e+05	0.000000000000000000e+00
1.395000000000000000e+05	0.000000000000000000e+00
1.395000000000000000e+05	3.964413890507000815e+03
1.404000000000000000e+05	3.964413890507000815e+03
1.404000000000000000e+05	0.000000000000000000e+00
1.413000000000000000e+05	0.000000000000000000e+00
1.413000000000000000e+05	5.539144711583418029e+03
1.422000000000000000e+05	5.539144711583418029e+03
1.422000000000000000e+05	0.000000000000000000e+00
1.431000000000000000e+05	0.000000000000000000e+00
1.431000000000000000e+05	0.000000000000000000e+00
1.440000000000000000e+05	0.000000000000000000e+00
1.440000000000000000e+05	0.000000000000000000e+00
1.449000000000000000e+05	0.000000000000000000e+00
1.449000000000000000e+05	7.843891002286821276e+03
1.458000000000000000e+05	7.843891002286821276e+03
1.458000000000000000e+05	0.000000000000000000e+00
1.467000000000000000e+05	0.000000000000000000e+00
1.467000000000000000e+05	0.000000000000000000e+00
1.476000000000000000e+05	0.000000000000000000e+00
1.476000000000000000e+05	7.259586794137314428e+03
1.485000000000000000e+05	7.259586794137314428e+03
1.485000000000000000e+05	0.000000000000000000e+00
1.494000000000000000e+05	0.000000000000000000e+00
1.494000000000000000e+05	0.000000000000000000e+00
1.503000000000000000e+05	0.000000000000000000e+00
1.503000000000000000e+05	0.000000000000000000e+00
1.512000000000000000e+05	0.000000000000000000e+00
1.512000000000000000e+05	9.000000000000000000e+03
1.521000000000000000e+05	9.000000000000000000e+03
1.521000000000000000e+05	0.000000000000000000e+00
1.530000000000000000e+05	0.000000000000000000e+00
1.530000000000000000e+05	4.523070986554111187e+03
1.539000000000000000e+05	4.523070986554111187e+03
1.539000000000000000e+05	0.000000000000000000e+00
1.548000000000000000e+05	0.000000000000000000e+00
1.548000000000000000e+05	0.000000000000000000e+00
1.557000000000000000e+05	0.000000000000000000e+00
1.557000000000000000e+05	8.176454365409433194e+03
1.566000000000000000e+05	8.176454365409433194e+03
1.566000000000000000e+05	0.000000000000000000e+00
1.575000000000000000e+05	0.000000000000000000e+00
1.575000000000000000e+05	0.000000000000000000e+00
1.584000000000000000e+05	0.000000000000000000e+00
1.584000000000000000e+05	0.000000000000000000e+00
1.593000000000000000e+05	0.000000000000000000e+00
1.593000000000000000e+05	0.000000000000000000e+00
1.602000000000000000e+05	0.000000000000000000e+00
1.602000000000000000e+05	0.000000000000000000e+00
1.611000000000000000e+05	0.000000000000000000e+00
1.611000000000000000e+05	0.000000000000000000e+00
1.620000000000000000e+05	0.000000000000000000e+00
1.620000000000000000e+05	-5.820766091346740723e-11
1.629000000000000000e+05	-5.820766091346740723e-11
1.629000000000000000e+05	0.000000000000000000e+00
1.638000000000000000e+05	0.000000000000000000e+00
1.638000000000000000e+05	0.000000000000000000e+00
1.647000000000000000e+05	0.000000000000000000e+00
1.647000000000000000e+05	0.000000000000000000e+00
1.656000000000000000e+05	0.000000000000000000e+00
1.656000000000000000e+05	0.000000000000000000e+00
1.665000000000000000e+05	0.000000000000000000e+00
1.665000000000000000e+05	0.000000000000000000e+00
1.674000000000000000e+05	0.000000000000000000e+00
1.674000000000000000e+05	0.000000000000000000e+00
1.683000000000000000e+05	0.000000000000000000e+00
1.683000000000000000e+05	0.000000000000000000e+00
1.692000000000000000e+05	0.000000000000000000e+00
1.692000000000000000e+05	0.000000000000000000e+00
1.701000000000000000e+05	0.000000000000000000e+00
1.701000000000000000e+05	0.000000000000000000e+00
1.710000000000000000e+05	0.000000000000000000e+00
1.710000000000000000e+05	0.000000000000000000e+00
1.719000000000000000e+05	0.000000000000000000e+00
1.719000000000000000e+05	0.000000000000000000e+00
1.728000000000000000e+05	0.000000000000000000e+00
1.728000000000000000e+05	0.000000000000000000e+00
1.737000000000000000e+05	0.000000000000000000e+00
1.737000000000000000e+05	0.000000000000000000e+00
1.746000000000000000e+05	0.000000000000000000e+00
1.746000000000000000e+05	0.000000000000000000e+00
1.755000000000000000e+05	0.000000000000000000e+00
1.755000000000000000e+05	0.000000000000000000e+00
1.764000000000000000e+05	0.000000000000000000e+00
1.764000000000000000e+05	0.000000000000000000e+00
1.773000000000000000e+05	0.000000000000000000e+00
1.773000000000000000e+05	0.000000000000000000e+00
1.782000000000000000e+05	0.000000000000000000e+00
1.782000000000000000e+05	0.000000000000000000e+00
1.791000000000000000e+05	0.000000000000000000e+00
1.791000000000000000e+05	0.000000000000000000e+00
1.800000000000000000e+05	0.000000000000000000e+00
1.800000000000000000e+05	1.000000000001164153e+02
1.809000000000000000e+05	1.000000000001164153e+02
1.809000000000000000e+05	0.000000000000000000e+00
1.818000000000000000e+05	0.000000000000000000e+00
1.818000000000000000e+05	0.000000000000000000e+00
1.827000000000000000e+05	0.000000000000000000e+00
1.827000000000000000e+05	0.000000000000000000e+00
1.836000000000000000e+05	0.000000000000000000e+00
1.836000000000000000e+05	5.820766091346740723e-11
1.845000000000000000e+05	5.820766091346740723e-11
1.845000000000000000e+05	0.000000000000000000e+00
1.854000000000000000e+05	0.000000000000000000e+00
1.854000000000000000e+05	0.000000000000000000e+00
1.863000000000000000e+05	0.000000000000000000e+00
1.863000000000000000e+05	0.000000000000000000e+00
1.872000000000000000e+05	0.000000000000000000e+00
1.872000000000000000e+05	8.174792652874777559e+03
1.881000000000000000e+05	8.174792652874777559e+03
1.881000000000000000e+05	0.000000000000000000e+00
1.890000000000000000e+05	0.000000000000000000e+00
1.890000000000000000e+05	9.999999999999909051e+01
1.899000000000000000e+05	9.999999999999909051e+01
1.899000000000000000e+05	0.000000000000000000e+00
1.908000000000000000e+05	0.000000000000000000e+00
1.908000000000000000e+05	0.000000000000000000e+00
1.917000000000000000e+05	0.000000000000000000e+00
1.917000000000000000e+05	0.000000000000000000e+00
1.926000000000000000e+05	0.000000000000000000e+00
1.926000000000000000e+05	0.000000000000000000e+00
1.935000000000000000e+05	0.000000000000000000e+00
1.935000000000000000e+05	0.000000000000000000e+00
1.944000000000000000e+05	0.000000000000000000e+00
1.944000000000000000e+05	-5.820766091346740723e-11
1.953000000000000000e+05	-5.820766091346740723e-11
1.953000000000000000e+05	0.000000000000000000e+00
1.962000000000000000e+05	0.000000000000000000e+00
1.962000000000000000e+05	0.000000000000000000e+00
1.971000000000000000e+05	0.000000000000000000e+00
1.971000000000000000e+05	0.000000000000000000e+00
1.980000000000000000e+05	0.000000000000000000e+00
1.980000000000000000e+05	8.999999999999883585e+03
1.989000000000000000e+05	8.999999999999883585e+03
1.989000000000000000e+05	9.000000000000000000e+03
1.998000000000000000e+05	9.000000000000000000e+03
1.998000000000000000e+05	9.000000000000000000e+03
2.007000000000000000e+05	9.000000000000000000e+03
2.007000000000000000e+05	9.000000000000000000e+03
2.016000000000000000e+05	9.000000000000000000e+03
2.016000000000000000e+05	9.000000000000000000e+03
2.025000000000000000e+05	9.000000000000000000e+03
2.025000000000000000e+05	9.000000000000000000e+03
2.034000000000000000e+05	9.000000000000000000e+03
2.034000000000000000e+05	9.000000000000000000e+03
2.043000000000000000e+05	9.000000000000000000e+03
2.043000000000000000e+05	0.000000000000000000e+00
2.052000000000000000e+05	0.000000000000000000e+00
2.052000000000000000e+05	8.025028775104670785e+03
2.061000000000000000e+05	8.025028775104670785e+03
2.061000000000000000e+05	5.029122784662502454e+03
2.070000000000000000e+05	5.029122784662502454e+03
2.070000000000000000e+05	4.060970538772525288e+03
2.079000000000000000e+05	4.060970538772525288e+03
2.079000000000000000e+05	4.394474113173547266e+03
2.088000000000000000e+05	4.394474113173547266e+03
2.088000000000000000e+05	-1.164153218269348145e-10
2.097000000000000000e+05	-1.164153218269348145e-10
2.097000000000000000e+05	0.000000000000000000e+00
2.106000000000000000e+05	0.000000000000000000e+00
2.106000000000000000e+05	6.773372640014176795e+03
2.115000000000000000e+05	6.773372640014176795e+03
2.115000000000000000e+05	3.964413890507000815e+03
2.124000000000000000e+05	3.964413890507000815e+03
2.124000000000000000e+05	6.059999999999941792e+03
2.133000000000000000e+05	6.059999999999941792e+03
2.133000000000000000e+05	0.000000000000000000e+00
2.142000000000000000e+05	0.000000000000000000e+00
2.142000000000000000e+05	0.000000000000000000e+00
2.151000000000000000e+05	0.000000000000000000e+00
2.151000000000000000e+05	4.428382059662353640e+03
2.160000000000000000e+05	4.428382059662353640e+03
2.160000000000000000e+05	6.831279525413119700e+03
2.169000000000000000e+05	6.831279525413119700e+03
2.169000000000000000e+05	0.000000000000000000e+00
2.178000000000000000e+05	0.000000000000000000e+00
2.178000000000000000e+05	5.466915027854944128e+03
2.187000000000000000e+05	5.466915027854944128e+03
2.187000000000000000e+05	5.740434632072345266e+03
2.196000000000000000e+05	5.740434632072345266e+03
2.196000000000000000e+05	5.126677042332477868e+03
2.205000000000000000e+05	5.126677042332477868e+03
2.205000000000000000e+05	0.000000000000000000e+00
2.214000000000000000e+05	0.000000000000000000e+00
2.214000000000000000e+05	5.120613448102864822e+03
2.223000000000000000e+05	5.120613448102864822e+03
2.223000000000000000e+05	4.904306609391545862e+03
2.232000000000000000e+05	4.904306609391545862e+03
2.232000000000000000e+05	3.964413890506955795e+03
2.241000000000000000e+05	3.964413890506955795e+03
2.241000000000000000e+05	0.000000000000000000e+00
2.250000000000000000e+05	0.000000000000000000e+00
2.250000000000000000e+05	3.964413890507000815e+03
2.259000000000000000e+05	3.964413890507000815e+03
2.259000000000000000e+05	3.964413890507000815e+03
2.268000000000000000e+05	3.964413890507000815e+03
2.268000000000000000e+05	0.000000000000000000e+00
2.277000000000000000e+05	0.000000000000000000e+00
2.277000000000000000e+05	0.000000000000000000e+00
2.286000000000000000e+05	0.000000000000000000e+00
2.286000000000000000e+05	0.000000000000000000e+00
2.295000000000000000e+05	0.000000000000000000e+00
2.295000000000000000e+05	0.000000000000000000e+00
2.304000000000000000e+05	0.000000000000000000e+00
2.304000000000000000e+05	4.557261229104595259e+03
2.313000000000000000e+05	4.557261229104595259e+03
2.313000000000000000e+05	0.000000000000000000e+00
2.322000000000000000e+05	0.000000000000000000e+00
2.322000000000000000e+05	0.000000000000000000e+00
2.331000000000000000e+05	0.000000000000000000e+00
2.331000000000000000e+05	0.000000000000000000e+00
2.340000000000000000e+05	0.000000000000000000e+00
2.340000000000000000e+05	5.015610496400215197e+03
2.349000000000000000e+05	5.015610496400215197e+03
2.349000000000000000e+05	3.964413890507000815e+03
2.358000000000000000e+05	3.964413890507000815e+03
2.358000000000000000e+05	0.000000000000000000e+00
2.367000000000000000e+05	0.000000000000000000e+00
2.367000000000000000e+05	0.000000000000000000e+00
2.376000000000000000e+05	0.000000000000000000e+00
2.376000000000000000e+05	-5.820766091346740723e-11
2.385000000000000000e+05	-5.820766091346740723e-11
2.385000000000000000e+05	0.000000000000000000e+00
2.394000000000000000e+05	0.000000000000000000e+00
2.394000000000000000e+05	0.000000000000000000e+00
2.403000000000000000e+05	0.000000000000000000e+00
2.403000000000000000e+05	0.000000000000000000e+00
2.412000000000000000e+05	0.000000000000000000e+00
2.412000000000000000e+05	8.999999999999767169e+03
2.421000000000000000e+05	8.999999999999767169e+03
2.421000000000000000e+05	0.000000000000000000e+00
2.430000000000000000e+05	0.000000000000000000e+00
2.430000000000000000e+05	9.000000000000000000e+03
2.439000000000000000e+05	9.000000000000000000e+03
2.439000000000000000e+05	0.000000000000000000e+00
2.448000000000000000e+05	0.000000000000000000e+00
2.448000000000000000e+05	0.000000000000000000e+00
2.457000000000000000e+05	0.000000000000000000e+00
2.457000000000000000e+05	0.000000000000000000e+00
2.466000000000000000e+05	0.000000000000000000e+00
2.466000000000000000e+05	0.000000000000000000e+00
2.475000000000000000e+05	0.000000000000000000e+00
2.475000000000000000e+05	0.000000000000000000e+00
2.484000000000000000e+05	0.000000000000000000e+00
2.484000000000000000e+05	0.000000000000000000e+00
2.493000000000000000e+05	0.000000000000000000e+00
2.493000000000000000e+05	0.000000000000000000e+00
2.502000000000000000e+05	0.000000000000000000e+00
2.502000000000000000e+05	0.000000000000000000e+00
2.511000000000000000e+05	0.000000000000000000e+00
2.511000000000000000e+05	0.000000000000000000e+00
2.520000000000000000e+05	0.000000000000000000e+00
2.520000000000000000e+05	5.820766091346740723e-11
2.529000000000000000e+05	5.820766091346740723e-11
2.529000000000000000e+05	0.000000000000000000e+00
2.538000000000000000e+05	0.000000000000000000e+00
2.538000000000000000e+05	0.000000000000000000e+00
2.547000000000000000e+05	0.000000000000000000e+00
2.547000000000000000e+05	0.000000000000000000e+00
2.556000000000000000e+05	0.000000000000000000e+00
2.556000000000000000e+05	5.820766091346740723e-11
2.565000000000000000e+05	5.820766091346740723e-11
2.565000000000000000e+05	0.000000000000000000e+00
2.574000000000000000e+05	0.000000000000000000e+00
2.574000000000000000e+05	0.000000000000000000e+00
2.583000000000000000e+05	0.000000000000000000e+00
2.583000000000000000e+05	0.000000000000000000e+00
2.592000000000000000e+05	0.000000000000000000e+00
2.592000000000000000e+05	0.000000000000000000e+00
2.601000000000000000e+05	0.000000000000000000e+00
2.601000000000000000e+05	0.000000000000000000e+00
2.610000000000000000e+05	0.000000000000000000e+00
2.610000000000000000e+05	0.000000000000000000e+00
2.619000000000000000e+05	0.000000000000000000e+00
2.619000000000000000e+05	0.000000000000000000e+00
2.628000000000000000e+05	0.000000000000000000e+00
2.628000000000000000e+05	6.059999999999941792e+03
2.637000000000000000e+05	6.059999999999941792e+03
2.637000000000000000e+05	0.000000000000000000e+00
2.646000000000000000e+05	0.000000000000000000e+00
2.646000000000000000e+05	0.000000000000000000e+00
2.655000000000000000e+05	0.000000000000000000e+00
2.655000000000000000e+05	0.000000000000000000e+00
2.664000000000000000e+05	0.000000000000000000e+00
2.664000000000000000e+05	5.820766091346740723e-11
2.673000000000000000e+05	5.820766091346740723e-11
2.673000000000000000e+05	0.000000000000000000e+00
2.682000000000000000e+05	0.000000000000000000e+00
2.682000000000000000e+05	0.000000000000000000e+00
2.691000000000000000e+05	0.000000000000000000e+00
2.691000000000000000e+05	0.000000000000000000e+00
2.700000000000000000e+05	0.000000000000000000e+00
2.700000000000000000e+05	0.000000000000000000e+00
2.709000000000000000e+05	0.000000000000000000e+00
2.709000000000000000e+05	0.000000000000000000e+00
2.718000000000000000e+05	0.000000000000000000e+00
2.718000000000000000e+05	0.000000000000000000e+00
2.727000000000000000e+05	0.000000000000000000e+00
2.727000000000000000e+05	0.000000000000000000e+00
2.736000000000000000e+05	0.000000000000000000e+00
2.736000000000000000e+05	0.000000000000000000e+00
2.745000000000000000e+05	0.000000000000000000e+00
2.745000000000000000e+05	0.000000000000000000e+00
2.754000000000000000e+05	0.000000000000000000e+00
2.754000000000000000e+05	0.000000000000000000e+00
2.763000000000000000e+05	0.000000000000000000e+00
2.763000000000000000e+05	0.000000000000000000e+00
2.772000000000000000e+05	0.000000000000000000e+00
2.772000000000000000e+05	-5.820766091346740723e-11
2.781000000000000000e+05	-5.820766091346740723e-11
2.781000000000000000e+05	0.000000000000000000e+00
2.790000000000000000e+05	0.000000000000000000e+00
2.790000000000000000e+05	0.000000000000000000e+00
2.799000000000000000e+05	0.000000000000000000e+00
2.799000000000000000e+05	0.000000000000000000e+00
2.808000000000000000e+05	0.000000000000000000e+00
2.808000000000000000e+05	1.164153218269348145e-10
2.817000000000000000e+05	1.164153218269348145e-10
2.817000000000000000e+05	0.000000000000000000e+00
2.826000000000000000e+05	0.000000000000000000e+00
2.826000000000000000e+05	0.000000000000000000e+00
2.835000000000000000e+05	0.000000000000000000e+00
2.835000000000000000e+05	9.000000000000000000e+03
2.844000000000000000e+05	9.000000000000000000e+03
2.844000000000000000e+05	8.999999999999825377e+03
2.853000000000000000e+05	8.999999999999825377e+03
2.853000000000000000e+05	9.000000000000000000e+03
2.862000000000000000e+05	9.000000000000000000e+03
2.862000000000000000e+05	9.000000000000000000e+03
2.871000000000000000e+05	9.000000000000000000e+03
2.871000000000000000e+05	9.000000000000000000e+03
2.880000000000000000e+05	9.000000000000000000e+03
2.880000000000000000e+05	8.999999999999883585e+03
2.889000000000000000e+05	8.999999999999883585e+03
2.889000000000000000e+05	9.000000000000000000e+03
2.898000000000000000e+05	9.000000000000000000e+03
2.898000000000000000e+05	0.000000000000000000e+00
2.907000000000000000e+05	0.000000000000000000e+00
2.907000000000000000e+05	9.000000000000000000e+03
2.916000000000000000e+05	9.000000000000000000e+03
2.916000000000000000e+05	9.000000000000000000e+03
2.925000000000000000e+05	9.000000000000000000e+03
2.925000000000000000e+05	8.083782419493971247e+03
2.934000000000000000e+05	8.083782419493971247e+03
2.934000000000000000e+05	5.964413890507001270e+03
2.943000000000000000e+05	5.964413890507001270e+03
2.943000000000000000e+05	5.777063344538592901e+03
2.952000000000000000e+05	5.777063344538592901e+03
2.952000000000000000e+05	0.000000000000000000e+00
2.961000000000000000e+05	0.000000000000000000e+00
2.961000000000000000e+05	0.000000000000000000e+00
2.970000000000000000e+05	0.000000000000000000e+00
2.970000000000000000e+05	6.243710468144090555e+03
2.979000000000000000e+05	6.243710468144090555e+03
2.979000000000000000e+05	4.555940803220574708e+03
2.988000000000000000e+05	4.555940803220574708e+03
2.988000000000000000e+05	4.761768455225857906e+03
2.997000000000000000e+05	4.761768455225857906e+03
2.997000000000000000e+05	4.614572254586335475e+03
3.006000000000000000e+05	4.614572254586335475e+03
3.006000000000000000e+05	4.643204903237798135e+03
3.015000000000000000e+05	4.643204903237798135e+03
3.015000000000000000e+05	0.000000000000000000e+00
3.024000000000000000e+05	0.000000000000000000e+00
3.024000000000000000e+05	-5.820766091346740723e-11
3.033000000000000000e+05	-5.820766091346740723e-11
3.033000000000000000e+05	0.000000000000000000e+00
3.042000000000000000e+05	0.000000000000000000e+00
3.042000000000000000e+05	0.000000000000000000e+00
3.051000000000000000e+05	0.000000000000000000e+00
3.051000000000000000e+05	8.008685129812937703e+03
3.060000000000000000e+05	8.008685129812937703e+03
3.060000000000000000e+05	5.442016500499506947e+03
3.069000000000000000e+05	5.442016500499506947e+03
3.069000000000000000e+05	4.959385260082305649e+03
3.078000000000000000e+05	4.959385260082305649e+03
3.078000000000000000e+05	4.950063208656727511e+03
3.087000000000000000e+05	4.950063208656727511e+03
3.087000000000000000e+05	0.000000000000000000e+00
3.096000000000000000e+05	0.000000000000000000e+00
3.096000000000000000e+05	-5.820766091346740723e-11
3.105000000000000000e+05	-5.820766091346740723e-11
3.105000000000000000e+05	0.000000000000000000e+00
3.114000000000000000e+05	0.000000000000000000e+00
3.114000000000000000e+05	0.000000000000000000e+00
3.123000000000000000e+05	0.000000000000000000e+00
3.123000000000000000e+05	4.060000000000000000e+03
3.132000000000000000e+05	4.060000000000000000e+03
3.132000000000000000e+05	5.820766091346740723e-11
3.141000000000000000e+05	5.820766091346740723e-11
3.141000000000000000e+05	0.000000000000000000e+00
3.150000000000000000e+05	0.000000000000000000e+00
3.150000000000000000e+05	0.000000000000000000e+00
3.159000000000000000e+05	0.000000000000000000e+00
3.159000000000000000e+05	5.942895052219021636e+03
3.168000000000000000e+05	5.942895052219021636e+03
3.168000000000000000e+05	5.519577528744994197e+03
3.177000000000000000e+05	5.519577528744994197e+03
3.177000000000000000e+05	0.000000000000000000e+00
3.186000000000000000e+05	0.000000000000000000e+00
3.186000000000000000e+05	0.000000000000000000e+00
3.195000000000000000e+05	0.000000000000000000e+00
3.195000000000000000e+05	0.000000000000000000e+00
3.204000000000000000e+05	0.000000000000000000e+00
3.204000000000000000e+05	-5.820766091346740723e-11
3.213000000000000000e+05	-5.820766091346740723e-11
3.213000000000000000e+05	6.060000000000000000e+03
3.222000000000000000e+05	6.060000000000000000e+03
3.222000000000000000e+05	0.000000000000000000e+00
3.231000000000000000e+05	0.000000000000000000e+00
3.231000000000000000e+05	6.592632819028780432e+03
3.240000000000000000e+05	6.592632819028780432e+03
3.240000000000000000e+05	8.999999999999941792e+03
3.249000000000000000e+05	8.999999999999941792e+03
3.249000000000000000e+05	0.000000000000000000e+00
3.258000000000000000e+05	0.000000000000000000e+00
3.258000000000000000e+05	0.000000000000000000e+00
3.267000000000000000e+05	0.000000000000000000e+00
3.267000000000000000e+05	0.000000000000000000e+00
3.276000000000000000e+05	0.000000000000000000e+00
3.276000000000000000e+05	9.000000000000058208e+03
3.285000000000000000e+05	9.000000000000058208e+03
3.285000000000000000e+05	8.757936580973675518e+03
3.294000000000000000e+05	8.757936580973675518e+03
3.294000000000000000e+05	2.181913929927924869e+02
3.303000000000000000e+05	2.181913929927924869e+02
3.303000000000000000e+05	5.323235459943276510e+03
3.312000000000000000e+05	5.323235459943276510e+03
3.312000000000000000e+05	5.820766091346740723e-11
3.321000000000000000e+05	5.820766091346740723e-11
3.321000000000000000e+05	0.000000000000000000e+00
3.330000000000000000e+05	0.000000000000000000e+00
3.330000000000000000e+05	0.000000000000000000e+00
3.339000000000000000e+05	0.000000000000000000e+00
3.339000000000000000e+05	0.000000000000000000e+00
3.348000000000000000e+05	0.000000000000000000e+00
3.348000000000000000e+05	-5.820766091346740723e-11
3.357000000000000000e+05	-5.820766091346740723e-11
3.357000000000000000e+05	0.000000000000000000e+00
3.366000000000000000e+05	0.000000000000000000e+00
3.366000000000000000e+05	0.000000000000000000e+00
3.375000000000000000e+05	0.000000000000000000e+00
3.375000000000000000e+05	0.000000000000000000e+00
3.384000000000000000e+05	0.000000000000000000e+00
3.384000000000000000e+05	5.820766091346740723e-11
3.393000000000000000e+05	5.820766091346740723e-11
3.393000000000000000e+05	0.000000000000000000e+00
3.402000000000000000e+05	0.000000000000000000e+00
3.402000000000000000e+05	0.000000000000000000e+00
3.411000000000000000e+05	0.000000000000000000e+00
3.411000000000000000e+05	0.000000000000000000e+00
3.420000000000000000e+05	0.000000000000000000e+00
3.420000000000000000e+05	0.000000000000000000e+00
3.429000000000000000e+05	0.000000000000000000e+00
3.429000000000000000e+05	0.000000000000000000e+00
3.438000000000000000e+05	0.000000000000000000e+00
3.438000000000000000e+05	0.000000000000000000e+00
3.447000000000000000e+05	0.000000000000000000e+00
3.447000000000000000e+05	0.000000000000000000e+00
3.456000000000000000e+05	0.000000000000000000e+00
3.456000000000000000e+05	0.000000000000000000e+00
3.465000000000000000e+05	0.000000000000000000e+00
3.465000000000000000e+05	0.000000000000000000e+00
3.474000000000000000e+05	0.000000000000000000e+00
3.474000000000000000e+05	0.000000000000000000e+00
3.483000000000000000e+05	0.000000000000000000e+00
3.483000000000000000e+05	0.000000000000000000e+00
3.492000000000000000e+05	0.000000000000000000e+00
3.492000000000000000e+05	5.820766091346740723e-11
3.501000000000000000e+05	5.820766091346740723e-11
3.501000000000000000e+05	0.000000000000000000e+00
3.510000000000000000e+05	0.000000000000000000e+00
3.510000000000000000e+05	0.000000000000000000e+00
3.519000000000000000e+05	0.000000000000000000e+00
3.519000000000000000e+05	0.000000000000000000e+00
3.528000000000000000e+05	0.000000000000000000e+00
3.528000000000000000e+05	0.000000000000000000e+00
3.537000000000000000e+05	0.000000000000000000e+00
3.537000000000000000e+05	0.000000000000000000e+00
3.546000000000000000e+05	0.000000000000000000e+00
3.546000000000000000e+05	0.000000000000000000e+00
3.555000000000000000e+05	0.000000000000000000e+00
3.555000000000000000e+05	0.000000000000000000e+00
3.564000000000000000e+05	0.000000000000000000e+00
3.564000000000000000e+05	0.000000000000000000e+00
3.573000000000000000e+05	0.000000000000000000e+00
3.573000000000000000e+05	0.000000000000000000e+00
3.582000000000000000e+05	0.000000000000000000e+00
3.582000000000000000e+05	0.000000000000000000e+00
3.591000000000000000e+05	0.000000000000000000e+00
3.591000000000000000e+05	0.000000000000000000e+00
3.600000000000000000e+05	0.000000000000000000e+00
3.600000000000000000e+05	6.060000000000000000e+03
3.609000000000000000e+05	6.060000000000000000e+03
3.609000000000000000e+05	0.000000000000000000e+00
3.618000000000000000e+05	0.000000000000000000e+00
3.618000000000000000e+05	0.000000000000000000e+00
3.627000000000000000e+05	0.000000000000000000e+00
3.627000000000000000e+05	0.000000000000000000e+00
3.636000000000000000e+05	0.000000000000000000e+00
3.636000000000000000e+05	5.820766091346740723e-11
3.645000000000000000e+05	5.820766091346740723e-11
3.645000000000000000e+05	0.000000000000000000e+00
3.654000000000000000e+05	0.000000000000000000e+00
3.654000000000000000e+05	0.000000000000000000e+00
3.663000000000000000e+05	0.000000000000000000e+00
3.663000000000000000e+05	0.000000000000000000e+00
3.672000000000000000e+05	0.000000000000000000e+00
3.672000000000000000e+05	5.820766091346740723e-11
3.681000000000000000e+05	5.820766091346740723e-11
3.681000000000000000e+05	0.000000000000000000e+00
3.690000000000000000e+05	0.000000000000000000e+00
3.690000000000000000e+05	0.000000000000000000e+00
3.699000000000000000e+05	0.000000000000000000e+00
3.699000000000000000e+05	5.363353564077635383e+03
3.708000000000000000e+05	5.363353564077635383e+03
3.708000000000000000e+05	8.913030644693702925e+03
3.717000000000000000e+05	8.913030644693702925e+03
3.717000000000000000e+05	9.000000000000000000e+03
3.726000000000000000e+05	9.000000000000000000e+03
3.726000000000000000e+05	9.000000000000000000e+03
3.735000000000000000e+05	9.000000000000000000e+03
3.735000000000000000e+05	9.000000000000000000e+03
3.744000000000000000e+05	9.000000000000000000e+03
3.744000000000000000e+05	8.999999999999941792e+03
3.753000000000000000e+05	8.999999999999941792e+03
3.753000000000000000e+05	9.000000000000000000e+03
3.762000000000000000e+05	9.000000000000000000e+03
3.762000000000000000e+05	6.321535342895293979e+03
3.771000000000000000e+05	6.321535342895293979e+03
3.771000000000000000e+05	5.964413890507001270e+03
3.780000000000000000e+05	5.964413890507001270e+03
3.780000000000000000e+05	5.820766091346740723e-11
3.789000000000000000e+05	5.820766091346740723e-11
3.789000000000000000e+05	6.773467453321703033e+03
3.798000000000000000e+05	6.773467453321703033e+03
3.798000000000000000e+05	4.659409879677343270e+03
3.807000000000000000e+05	4.659409879677343270e+03
3.807000000000000000e+05	4.977614897327448489e+03
3.816000000000000000e+05	4.977614897327448489e+03
3.816000000000000000e+05	5.820766091346740723e-11
3.825000000000000000e+05	5.820766091346740723e-11
3.825000000000000000e+05	4.912496070188635713e+03
3.834000000000000000e+05	4.912496070188635713e+03
3.834000000000000000e+05	4.732317824342097992e+03
3.843000000000000000e+05	4.732317824342097992e+03
3.843000000000000000e+05	5.266800000000000182e+03
3.852000000000000000e+05	5.266800000000000182e+03
3.852000000000000000e+05	0.000000000000000000e+00
3.861000000000000000e+05	0.000000000000000000e+00
3.861000000000000000e+05	1.894833164973915927e+03
3.870000000000000000e+05	1.894833164973915927e+03
3.870000000000000000e+05	4.060000000000000000e+03
3.879000000000000000e+05	4.060000000000000000e+03
3.879000000000000000e+05	1.643097266054893453e+03
3.888000000000000000e+05	1.643097266054893453e+03
3.888000000000000000e+05	5.247424319342011586e+03
3.897000000000000000e+05	5.247424319342011586e+03
3.897000000000000000e+05	4.831989923474373427e+03
3.906000000000000000e+05	4.831989923474373427e+03
3.906000000000000000e+05	5.266800000000000182e+03
3.915000000000000000e+05	5.266800000000000182e+03
3.915000000000000000e+05	2.555832275444867719e+03
3.924000000000000000e+05	2.555832275444867719e+03
3.924000000000000000e+05	5.820766091346740723e-11
3.933000000000000000e+05	5.820766091346740723e-11
3.933000000000000000e+05	0.000000000000000000e+00
3.942000000000000000e+05	0.000000000000000000e+00
3.942000000000000000e+05	0.000000000000000000e+00
3.951000000000000000e+05	0.000000000000000000e+00
3.951000000000000000e+05	0.000000000000000000e+00
3.960000000000000000e+05	0.000000000000000000e+00
3.960000000000000000e+05	5.820766091346740723e-11
3.969000000000000000e+05	5.820766091346740723e-11
3.969000000000000000e+05	5.519784067816375682e+03
3.978000000000000000e+05	5.519784067816375682e+03
3.978000000000000000e+05	5.367288425780546277e+03
3.987000000000000000e+05	5.367288425780546277e+03
3.987000000000000000e+05	0.000000000000000000e+00
3.996000000000000000e+05	0.000000000000000000e+00
3.996000000000000000e+05	0.000000000000000000e+00
4.005000000000000000e+05	0.000000000000000000e+00
4.005000000000000000e+05	0.000000000000000000e+00
4.014000000000000000e+05	0.000000000000000000e+00
4.014000000000000000e+05	5.727070686193251277e+03
4.023000000000000000e+05	5.727070686193251277e+03
4.023000000000000000e+05	4.439358695490330319e+03
4.032000000000000000e+05	4.439358695490330319e+03
4.032000000000000000e+05	5.820766091346740723e-11
4.041000000000000000e+05	5.820766091346740723e-11
4.041000000000000000e+05	0.000000000000000000e+00
4.050000000000000000e+05	0.000000000000000000e+00
4.050000000000000000e+05	8.163145017228912366e+03
4.059000000000000000e+05	8.163145017228912366e+03
4.059000000000000000e+05	0.000000000000000000e+00
4.068000000000000000e+05	0.000000000000000000e+00
4.068000000000000000e+05	-5.820766091346740723e-11
4.077000000000000000e+05	-5.820766091346740723e-11
4.077000000000000000e+05	6.060000000000000000e+03
4.086000000000000000e+05	6.060000000000000000e+03
4.086000000000000000e+05	0.000000000000000000e+00
4.095000000000000000e+05	0.000000000000000000e+00
4.095000000000000000e+05	9.000000000000000000e+03
4.104000000000000000e+05	9.000000000000000000e+03
4.104000000000000000e+05	0.000000000000000000e+00
4.113000000000000000e+05	0.000000000000000000e+00
4.113000000000000000e+05	0.000000000000000000e+00
4.122000000000000000e+05	0.000000000000000000e+00
4.122000000000000000e+05	0.000000000000000000e+00
4.131000000000000000e+05	0.000000000000000000e+00
4.131000000000000000e+05	5.631683947093608367e+03
4.140000000000000000e+05	5.631683947093608367e+03
4.140000000000000000e+05	5.984714057352859527e+03
4.149000000000000000e+05	5.984714057352859527e+03
4.149000000000000000e+05	0.000000000000000000e+00
4.158000000000000000e+05	0.000000000000000000e+00
4.158000000000000000e+05	5.863114806607300125e+03
4.167000000000000000e+05	5.863114806607300125e+03
4.167000000000000000e+05	0.000000000000000000e+00
4.176000000000000000e+05	0.000000000000000000e+00
4.176000000000000000e+05	7.505688942176755518e+03
4.185000000000000000e+05	7.505688942176755518e+03
4.185000000000000000e+05	0.000000000000000000e+00
4.194000000000000000e+05	0.000000000000000000e+00
4.194000000000000000e+05	0.000000000000000000e+00
4.203000000000000000e+05	0.000000000000000000e+00
4.203000000000000000e+05	0.000000000000000000e+00
4.212000000000000000e+05	0.000000000000000000e+00
4.212000000000000000e+05	5.820766091346740723e-11
4.221000000000000000e+05	5.820766091346740723e-11
4.221000000000000000e+05	0.000000000000000000e+00
4.230000000000000000e+05	0.000000000000000000e+00
4.230000000000000000e+05	0.000000000000000000e+00
4.239000000000000000e+05	0.000000000000000000e+00
4.239000000000000000e+05	0.000000000000000000e+00
4.248000000000000000e+05	0.000000000000000000e+00
4.248000000000000000e+05	0.000000000000000000e+00
4.257000000000000000e+05	0.000000000000000000e+00
4.257000000000000000e+05	0.000000000000000000e+00
4.266000000000000000e+05	0.000000000000000000e+00
4.266000000000000000e+05	0.000000000000000000e+00
4.275000000000000000e+05	0.000000000000000000e+00
4.275000000000000000e+05	0.000000000000000000e+00
4.284000000000000000e+05	0.000000000000000000e+00
4.284000000000000000e+05	5.820766091346740723e-11
4.293000000000000000e+05	5.820766091346740723e-11
4.293000000000000000e+05	0.000000000000000000e+00
4.302000000000000000e+05	0.000000000000000000e+00
4.302000000000000000e+05	0.000000000000000000e+00
4.311000000000000000e+05	0.000000000000000000e+00
4.311000000000000000e+05	0.000000000000000000e+00
4.320000000000000000e+05	0.000000000000000000e+00
4.320000000000000000e+05	5.820766091346740723e-11
4.329000000000000000e+05	5.820766091346740723e-11
4.329000000000000000e+05	2.678920721288702680e+03
4.338000000000000000e+05	2.678920721288702680e+03
4.338000000000000000e+05	9.999999999998817657e+01
4.347000000000000000e+05	9.999999999998817657e+01
4.347000000000000000e+05	9.999999999998817657e+01
4.356000000000000000e+05	9.999999999998817657e+01
4.356000000000000000e+05	0.000000000000000000e+00
4.365000000000000000e+05	0.000000000000000000e+00
4.365000000000000000e+05	0.000000000000000000e+00
4.374000000000000000e+05	0.000000000000000000e+00
4.374000000000000000e+05	0.000000000000000000e+00
4.383000000000000000e+05	0.000000000000000000e+00
4.383000000000000000e+05	9.999999999998817657e+01
4.392000000000000000e+05	9.999999999998817657e+01
4.392000000000000000e+05	9.999999999965075403e+01
4.401000000000000000e+05	9.999999999965075403e+01
4.401000000000000000e+05	0.000000000000000000e+00
4.410000000000000000e+05	0.000000000000000000e+00
4.410000000000000000e+05	0.000000000000000000e+00
4.419000000000000000e+05	0.000000000000000000e+00
4.419000000000000000e+05	0.000000000000000000e+00
4.428000000000000000e+05	0.000000000000000000e+00
4.428000000000000000e+05	5.820766091346740723e-11
4.437000000000000000e+05	5.820766091346740723e-11
4.437000000000000000e+05	0.000000000000000000e+00
4.446000000000000000e+05	0.000000000000000000e+00
4.446000000000000000e+05	0.000000000000000000e+00
4.455000000000000000e+05	0.000000000000000000e+00
4.455000000000000000e+05	0.000000000000000000e+00
4.464000000000000000e+05	0.000000000000000000e+00
4.464000000000000000e+05	4.141943472680635750e+03
4.473000000000000000e+05	4.141943472680635750e+03
4.473000000000000000e+05	5.618303672572000323e+03
4.482000000000000000e+05	5.618303672572000323e+03
4.482000000000000000e+05	0.000000000000000000e+00
4.491000000000000000e+05	0.000000000000000000e+00
4.491000000000000000e+05	0.000000000000000000e+00
4.500000000000000000e+05	0.000000000000000000e+00
4.500000000000000000e+05	5.306613195582234766e+03
4.509000000000000000e+05	5.306613195582234766e+03
4.509000000000000000e+05	0.000000000000000000e+00
4.518000000000000000e+05	0.000000000000000000e+00
4.518000000000000000e+05	0.000000000000000000e+00
4.527000000000000000e+05	0.000000000000000000e+00
4.527000000000000000e+05	0.000000000000000000e+00
4.536000000000000000e+05	0.000000000000000000e+00
4.536000000000000000e+05	0.000000000000000000e+00
4.545000000000000000e+05	0.000000000000000000e+00
4.545000000000000000e+05	0.000000000000000000e+00
4.554000000000000000e+05	0.000000000000000000e+00
4.554000000000000000e+05	0.000000000000000000e+00
4.563000000000000000e+05	0.000000000000000000e+00
4.563000000000000000e+05	9.000000000000000000e+03
4.572000000000000000e+05	9.000000000000000000e+03
4.572000000000000000e+05	8.999999999999883585e+03
4.581000000000000000e+05	8.999999999999883585e+03
4.581000000000000000e+05	9.000000000000000000e+03
4.590000000000000000e+05	9.000000000000000000e+03
4.590000000000000000e+05	9.000000000000000000e+03
4.599000000000000000e+05	9.000000000000000000e+03
4.599000000000000000e+05	9.000000000000000000e+03
4.608000000000000000e+05	9.000000000000000000e+03
4.608000000000000000e+05	8.999999999999883585e+03
4.617000000000000000e+05	8.999999999999883585e+03
4.617000000000000000e+05	9.000000000000000000e+03
4.626000000000000000e+05	9.000000000000000000e+03
4.626000000000000000e+05	9.000000000000000000e+03
4.635000000000000000e+05	9.000000000000000000e+03
4.635000000000000000e+05	9.000000000000000000e+03
4.644000000000000000e+05	9.000000000000000000e+03
4.644000000000000000e+05	-1.164153218269348145e-10
4.653000000000000000e+05	-1.164153218269348145e-10
4.653000000000000000e+05	7.242501927643010276e+03
4.662000000000000000e+05	7.242501927643010276e+03
4.662000000000000000e+05	5.266799999999807369e+03
4.671000000000000000e+05	5.266799999999807369e+03
4.671000000000000000e+05	5.683965690106310831e+03
4.680000000000000000e+05	5.683965690106310831e+03
4.680000000000000000e+05	0.000000000000000000e+00
4.689000000000000000e+05	0.000000000000000000e+00
4.689000000000000000e+05	6.241538608603584180e+03
4.698000000000000000e+05	6.241538608603584180e+03
4.698000000000000000e+05	4.455657738680763941e+03
4.707000000000000000e+05	4.455657738680763941e+03
4.707000000000000000e+05	5.266800000000000182e+03
4.716000000000000000e+05	5.266800000000000182e+03
4.716000000000000000e+05	-5.820766091346740723e-11
4.725000000000000000e+05	-5.820766091346740723e-11
4.725000000000000000e+05	6.060000000000000000e+03
4.734000000000000000e+05	6.060000000000000000e+03
4.734000000000000000e+05	0.000000000000000000e+00
4.743000000000000000e+05	0.000000000000000000e+00
4.743000000000000000e+05	4.718274443934617921e+03
4.752000000000000000e+05	4.718274443934617921e+03
4.752000000000000000e+05	5.820766091346740723e-11
4.761000000000000000e+05	5.820766091346740723e-11
4.761000000000000000e+05	5.626837582467123866e+03
4.770000000000000000e+05	5.626837582467123866e+03
4.770000000000000000e+05	2.543182867750845162e+03
4.779000000000000000e+05	2.543182867750845162e+03
4.779000000000000000e+05	5.201508596312765803e+03
4.788000000000000000e+05	5.201508596312765803e+03
4.788000000000000000e+05	5.174363377212837804e+03
4.797000000000000000e+05	5.174363377212837804e+03
4.797000000000000000e+05	4.224518278937121067e+03
4.806000000000000000e+05	4.224518278937121067e+03
4.806000000000000000e+05	4.870337762759806537e+03
4.815000000000000000e+05	4.870337762759806537e+03
4.815000000000000000e+05	4.572496642686316591e+03
4.824000000000000000e+05	4.572496642686316591e+03
4.824000000000000000e+05	-1.164153218269348145e-10
4.833000000000000000e+05	-1.164153218269348145e-10
4.833000000000000000e+05	6.179232642660857891e+03
4.842000000000000000e+05	6.179232642660857891e+03
4.842000000000000000e+05	0.000000000000000000e+00
4.851000000000000000e+05	0.000000000000000000e+00
4.851000000000000000e+05	0.000000000000000000e+00
4.860000000000000000e+05	0.000000000000000000e+00
4.860000000000000000e+05	3.964413890507014003e+03
4.869000000000000000e+05	3.964413890507014003e+03
4.869000000000000000e+05	5.266800000000000182e+03
4.878000000000000000e+05	5.266800000000000182e+03
4.878000000000000000e+05	0.000000000000000000e+00
4.887000000000000000e+05	0.000000000000000000e+00
4.887000000000000000e+05	0.000000000000000000e+00
4.896000000000000000e+05	0.000000000000000000e+00
4.896000000000000000e+05	5.587302794482035097e+03
4.905000000000000000e+05	5.587302794482035097e+03
4.905000000000000000e+05	7.000000000000000000e+03
4.914000000000000000e+05	7.000000000000000000e+03
4.914000000000000000e+05	0.000000000000000000e+00
4.923000000000000000e+05	0.000000000000000000e+00
4.923000000000000000e+05	0.000000000000000000e+00
4.932000000000000000e+05	0.000000000000000000e+00
4.932000000000000000e+05	-5.820766091346740723e-11
4.941000000000000000e+05	-5.820766091346740723e-11
4.941000000000000000e+05	0.000000000000000000e+00
4.950000000000000000e+05	0.000000000000000000e+00
4.950000000000000000e+05	9.000000000000000000e+03
4.959000000000000000e+05	9.000000000000000000e+03
4.959000000000000000e+05	0.000000000000000000e+00
4.968000000000000000e+05	0.000000000000000000e+00
4.968000000000000000e+05	0.000000000000000000e+00
4.977000000000000000e+05	0.000000000000000000e+00
4.977000000000000000e+05	0.000000000000000000e+00
4.986000000000000000e+05	0.000000000000000000e+00
4.986000000000000000e+05	0.000000000000000000e+00
4.995000000000000000e+05	0.000000000000000000e+00
4.995000000000000000e+05	0.000000000000000000e+00
5.004000000000000000e+05	0.000000000000000000e+00
5.004000000000000000e+05	7.806572418301890139e+03
5.013000000000000000e+05	7.806572418301890139e+03
5.013000000000000000e+05	5.069638594930681393e+03
5.022000000000000000e+05	5.069638594930681393e+03
5.022000000000000000e+05	0.000000000000000000e+00
5.031000000000000000e+05	0.000000000000000000e+00
5.031000000000000000e+05	4.540510481212234481e+03
5.040000000000000000e+05	4.540510481212234481e+03
5.040000000000000000e+05	0.000000000000000000e+00
5.049000000000000000e+05	0.000000000000000000e+00
5.049000000000000000e+05	0.000000000000000000e+00
5.058000000000000000e+05	0.000000000000000000e+00
5.058000000000000000e+05	0.000000000000000000e+00
5.067000000000000000e+05	0.000000000000000000e+00
5.067000000000000000e+05	0.000000000000000000e+00
5.076000000000000000e+05	0.000000000000000000e+00
5.076000000000000000e+05	0.000000000000000000e+00
5.085000000000000000e+05	0.000000000000000000e+00
5.085000000000000000e+05	0.000000000000000000e+00
5.094000000000000000e+05	0.000000000000000000e+00
5.094000000000000000e+05	0.000000000000000000e+00
5.103000000000000000e+05	0.000000000000000000e+00
5.103000000000000000e+05	0.000000000000000000e+00
5.112000000000000000e+05	0.000000000000000000e+00
5.112000000000000000e+05	0.000000000000000000e+00
5.121000000000000000e+05	0.000000000000000000e+00
5.121000000000000000e+05	0.000000000000000000e+00
5.130000000000000000e+05	0.000000000000000000e+00
5.130000000000000000e+05	0.000000000000000000e+00
5.139000000000000000e+05	0.000000000000000000e+00
5.139000000000000000e+05	0.000000000000000000e+00
5.148000000000000000e+05	0.000000000000000000e+00
5.148000000000000000e+05	-5.820766091346740723e-11
5.157000000000000000e+05	-5.820766091346740723e-11
5.157000000000000000e+05	0.000000000000000000e+00
5.166000000000000000e+05	0.000000000000000000e+00
5.166000000000000000e+05	0.000000000000000000e+00
5.175000000000000000e+05	0.000000000000000000e+00
5.175000000000000000e+05	0.000000000000000000e+00
5.184000000000000000e+05	0.000000000000000000e+00
5.184000000000000000e+05	6.060000000000000000e+03
5.193000000000000000e+05	6.060000000000000000e+03
5.193000000000000000e+05	0.000000000000000000e+00
5.202000000000000000e+05	0.000000000000000000e+00
5.202000000000000000e+05	0.000000000000000000e+00
5.211000000000000000e+05	0.000000000000000000e+00
5.211000000000000000e+05	0.000000000000000000e+00
5.220000000000000000e+05	0.000000000000000000e+00
5.220000000000000000e+05	0.000000000000000000e+00
5.229000000000000000e+05	0.000000000000000000e+00
5.229000000000000000e+05	0.000000000000000000e+00
5.238000000000000000e+05	0.000000000000000000e+00
5.238000000000000000e+05	0.000000000000000000e+00
5.247000000000000000e+05	0.000000000000000000e+00
5.247000000000000000e+05	0.000000000000000000e+00
5.256000000000000000e+05	0.000000000000000000e+00
5.256000000000000000e+05	0.000000000000000000e+00
5.265000000000000000e+05	0.000000000000000000e+00
5.265000000000000000e+05	9.999999999999909051e+01
5.274000000000000000e+05	9.999999999999909051e+01
5.274000000000000000e+05	0.000000000000000000e+00
5.283000000000000000e+05	0.000000000000000000e+00
5.283000000000000000e+05	9.999999999999717204e+01
5.292000000000000000e+05	9.999999999999717204e+01
5.292000000000000000e+05	5.820766091346740723e-11
5.301000000000000000e+05	5.820766091346740723e-11
5.301000000000000000e+05	3.964413890507000815e+03
5.310000000000000000e+05	3.964413890507000815e+03
5.310000000000000000e+05	0.000000000000000000e+00
5.319000000000000000e+05	0.000000000000000000e+00
5.319000000000000000e+05	0.000000000000000000e+00
5.328000000000000000e+05	0.000000000000000000e+00
5.328000000000000000e+05	3.964413890507014003e+03
5.337000000000000000e+05	3.964413890507014003e+03
5.337000000000000000e+05	0.000000000000000000e+00
5.346000000000000000e+05	0.000000000000000000e+00
5.346000000000000000e+05	3.964413890507000815e+03
5.355000000000000000e+05	3.964413890507000815e+03
5.355000000000000000e+05	0.000000000000000000e+00
5.364000000000000000e+05	0.000000000000000000e+00
5.364000000000000000e+05	5.820766091346740723e-11
5.373000000000000000e+05	5.820766091346740723e-11
5.373000000000000000e+05	0.000000000000000000e+00
5.382000000000000000e+05	0.000000000000000000e+00
5.382000000000000000e+05	0.000000000000000000e+00
5.391000000000000000e+05	0.000000000000000000e+00
5.391000000000000000e+05	0.000000000000000000e+00
5.400000000000000000e+05	0.000000000000000000e+00
5.400000000000000000e+05	6.059999999999941792e+03
5.409000000000000000e+05	6.059999999999941792e+03
5.409000000000000000e+05	0.000000000000000000e+00
5.418000000000000000e+05	0.000000000000000000e+00
5.418000000000000000e+05	0.000000000000000000e+00
5.427000000000000000e+05	0.000000000000000000e+00
5.427000000000000000e+05	0.000000000000000000e+00
5.436000000000000000e+05	0.000000000000000000e+00
5.436000000000000000e+05	9.000000000000000000e+03
5.445000000000000000e+05	9.000000000000000000e+03
5.445000000000000000e+05	9.000000000000000000e+03
5.454000000000000000e+05	9.000000000000000000e+03
5.454000000000000000e+05	9.000000000000000000e+03
5.463000000000000000e+05	9.000000000000000000e+03
5.463000000000000000e+05	9.000000000000000000e+03
5.472000000000000000e+05	9.000000000000000000e+03
5.472000000000000000e+05	9.000000000000000000e+03
5.481000000000000000e+05	9.000000000000000000e+03
5.481000000000000000e+05	9.000000000000000000e+03
5.490000000000000000e+05	9.000000000000000000e+03
5.490000000000000000e+05	9.000000000000000000e+03
5.499000000000000000e+05	9.000000000000000000e+03
5.499000000000000000e+05	0.000000000000000000e+00
5.508000000000000000e+05	0.000000000000000000e+00
5.508000000000000000e+05	9.000000000000058208e+03
5.517000000000000000e+05	9.000000000000058208e+03
5.517000000000000000e+05	5.164244807623162160e+03
5.526000000000000000e+05	5.164244807623162160e+03
5.526000000000000000e+05	5.266799999999999272e+03
5.535000000000000000e+05	5.266799999999999272e+03
5.535000000000000000e+05	5.489692423456452161e+03
5.544000000000000000e+05	5.489692423456452161e+03
5.544000000000000000e+05	-1.164153218269348145e-10
5.553000000000000000e+05	-1.164153218269348145e-10
5.553000000000000000e+05	4.816366937310162029e+03
5.562000000000000000e+05	4.816366937310162029e+03
5.562000000000000000e+05	4.613386210141002266e+03
5.571000000000000000e+05	4.613386210141002266e+03
5.571000000000000000e+05	4.604469120994119294e+03
5.580000000000000000e+05	4.604469120994119294e+03
5.580000000000000000e+05	-5.820766091346740723e-11
5.589000000000000000e+05	-5.820766091346740723e-11
5.589000000000000000e+05	0.000000000000000000e+00
5.598000000000000000e+05	0.000000000000000000e+00
5.598000000000000000e+05	8.781079288412207461e+03
5.607000000000000000e+05	8.781079288412207461e+03
5.607000000000000000e+05	4.650800826067623348e+03
5.616000000000000000e+05	4.650800826067623348e+03
5.616000000000000000e+05	0.000000000000000000e+00
5.625000000000000000e+05	0.000000000000000000e+00
5.625000000000000000e+05	4.805683924813080012e+03
5.634000000000000000e+05	4.805683924813080012e+03
5.634000000000000000e+05	3.964413890506998996e+03
5.643000000000000000e+05	3.964413890506998996e+03
5.643000000000000000e+05	3.964413890506998996e+03
5.652000000000000000e+05	3.964413890506998996e+03
5.652000000000000000e+05	7.623247113086574245e+03
5.661000000000000000e+05	7.623247113086574245e+03
5.661000000000000000e+05	0.000000000000000000e+00
5.670000000000000000e+05	0.000000000000000000e+00
5.670000000000000000e+05	0.000000000000000000e+00
5.679000000000000000e+05	0.000000000000000000e+00
5.679000000000000000e+05	5.322035611027912637e+03
5.688000000000000000e+05	5.322035611027912637e+03
5.688000000000000000e+05	8.412843744825047906e+03
5.697000000000000000e+05	8.412843744825047906e+03
5.697000000000000000e+05	5.423390349809896179e+03
5.706000000000000000e+05	5.423390349809896179e+03
5.706000000000000000e+05	0.000000000000000000e+00
5.715000000000000000e+05	0.000000000000000000e+00
5.715000000000000000e+05	0.000000000000000000e+00
5.724000000000000000e+05	0.000000000000000000e+00
5.724000000000000000e+05	7.788103625470888801e+03
5.733000000000000000e+05	7.788103625470888801e+03
5.733000000000000000e+05	4.873561233576126142e+03
5.742000000000000000e+05	4.873561233576126142e+03
5.742000000000000000e+05	5.266800000000000182e+03
5.751000000000000000e+05	5.266800000000000182e+03
5.751000000000000000e+05	0.000000000000000000e+00
5.760000000000000000e+05	0.000000000000000000e+00
5.760000000000000000e+05	5.698877888021641411e+03
5.769000000000000000e+05	5.698877888021641411e+03
5.769000000000000000e+05	0.000000000000000000e+00
5.778000000000000000e+05	0.000000000000000000e+00
5.778000000000000000e+05	0.000000000000000000e+00
5.787000000000000000e+05	0.000000000000000000e+00
5.787000000000000000e+05	0.000000000000000000e+00
5.796000000000000000e+05	0.000000000000000000e+00
5.796000000000000000e+05	6.205305916091310792e+03
5.805000000000000000e+05	6.205305916091310792e+03
5.805000000000000000e+05	5.266800000000000182e+03
5.814000000000000000e+05	5.266800000000000182e+03
5.814000000000000000e+05	6.983532486346225596e+03
5.823000000000000000e+05	6.983532486346225596e+03
5.823000000000000000e+05	0.000000000000000000e+00
5.832000000000000000e+05	0.000000000000000000e+00
5.832000000000000000e+05	5.820766091346740723e-11
5.841000000000000000e+05	5.820766091346740723e-11
5.841000000000000000e+05	0.000000000000000000e+00
5.850000000000000000e+05	0.000000000000000000e+00
5.850000000000000000e+05	0.000000000000000000e+00
5.859000000000000000e+05	0.000000000000000000e+00
5.859000000000000000e+05	0.000000000000000000e+00
5.868000000000000000e+05	0.000000000000000000e+00
5.868000000000000000e+05	6.607278858252742793e+03
5.877000000000000000e+05	6.607278858252742793e+03
5.877000000000000000e+05	1.361526768436688371e+03
5.886000000000000000e+05	1.361526768436688371e+03
5.886000000000000000e+05	5.457257500904157496e+03
5.895000000000000000e+05	5.457257500904157496e+03
5.895000000000000000e+05	5.471694271144341656e+03
5.904000000000000000e+05	5.471694271144341656e+03
5.904000000000000000e+05	0.000000000000000000e+00
5.913000000000000000e+05	0.000000000000000000e+00
5.913000000000000000e+05	0.000000000000000000e+00
5.922000000000000000e+05	0.000000000000000000e+00
5.922000000000000000e+05	0.000000000000000000e+00
5.931000000000000000e+05	0.000000000000000000e+00
5.931000000000000000e+05	0.000000000000000000e+00
5.940000000000000000e+05	0.000000000000000000e+00
5.940000000000000000e+05	0.000000000000000000e+00
5.949000000000000000e+05	0.000000000000000000e+00
5.949000000000000000e+05	0.000000000000000000e+00
5.958000000000000000e+05	0.000000000000000000e+00
5.958000000000000000e+05	0.000000000000000000e+00
5.967000000000000000e+05	0.000000000000000000e+00
5.967000000000000000e+05	0.000000000000000000e+00
5.976000000000000000e+05	0.000000000000000000e+00
5.976000000000000000e+05	5.820766091346740723e-11
5.985000000000000000e+05	5.820766091346740723e-11
5.985000000000000000e+05	0.000000000000000000e+00
5.994000000000000000e+05	0.000000000000000000e+00
5.994000000000000000e+05	0.000000000000000000e+00
6.003000000000000000e+05	0.000000000000000000e+00
6.003000000000000000e+05	0.000000000000000000e+00
6.012000000000000000e+05	0.000000000000000000e+00
6.012000000000000000e+05	6.059999999999883585e+03
6.021000000000000000e+05	6.059999999999883585e+03
6.021000000000000000e+05	0.000000000000000000e+00
6.030000000000000000e+05	0.000000000000000000e+00
6.030000000000000000e+05	0.000000000000000000e+00
6.039000000000000000e+05	0.000000000000000000e+00
6.039000000000000000e+05	0.000000000000000000e+00
6.048000000000000000e+05	0.000000000000000000e+00
