# #1
# double dch_TES(1344, 2)
0.000000000000000000e+00	4.678808666574934250e+03
9.000000000000000000e+02	4.678808666574934250e+03
9.000000000000000000e+02	7.046778794041036917e+02
1.800000000000000000e+03	7.046778794041036917e+02
1.800000000000000000e+03	1.887099728634755593e+03
2.700000000000000000e+03	1.887099728634755593e+03
2.700000000000000000e+03	2.534044222335214727e+03
3.600000000000000000e+03	2.534044222335214727e+03
3.600000000000000000e+03	2.099776795373593814e+03
4.500000000000000000e+03	2.099776795373593814e+03
4.500000000000000000e+03	3.167717158271340395e+03
5.400000000000000000e+03	3.167717158271340395e+03
5.400000000000000000e+03	2.419260719004087150e+03
6.300000000000000000e+03	2.419260719004087150e+03
6.300000000000000000e+03	2.557813951459713280e+03
7.200000000000000000e+03	2.557813951459713280e+03
7.200000000000000000e+03	3.359115426747533093e+03
8.100000000000000000e+03	3.359115426747533093e+03
8.100000000000000000e+03	1.616518816790577830e+03
9.000000000000000000e+03	1.616518816790577830e+03
9.000000000000000000e+03	1.542601056421000976e+03
9.900000000000000000e+03	1.542601056421000976e+03
9.900000000000000000e+03	2.406937809852650389e+03
1.080000000000000000e+04	2.406937809852650389e+03
1.080000000000000000e+04	1.922930320391077657e+03
1.170000000000000000e+04	1.922930320391077657e+03
1.170000000000000000e+04	2.351016970551048871e+03
1.260000000000000000e+04	2.351016970551048871e+03
1.260000000000000000e+04	2.133885574021434877e+03
1.350000000000000000e+04	2.133885574021434877e+03
1.350000000000000000e+04	2.178265832159726415e+03
1.440000000000000000e+04	2.178265832159726415e+03
1.440000000000000000e+04	8.085202031869393977e+02
1.530000000000000000e+04	8.085202031869393977e+02
1.530000000000000000e+04	6.344603661794857544e+03
1.620000000000000000e+04	6.344603661794857544e+03
1.620000000000000000e+04	1.757635125771746971e+03
1.710000000000000000e+04	1.757635125771746971e+03
1.710000000000000000e+04	2.416877826390205882e+03
1.800000000000000000e+04	2.416877826390205882e+03
1.800000000000000000e+04	2.311445802476508106e+03
1.890000000000000000e+04	2.311445802476508106e+03
1.890000000000000000e+04	1.096557219648337195e+03
1.980000000000000000e+04	1.096557219648337195e+03
1.980000000000000000e+04	1.240584880296490155e+03
2.070000000000000000e+04	1.240584880296490155e+03
2.070000000000000000e+04	8.695676809211727232e+02
2.160000000000000000e+04	8.695676809211727232e+02
2.160000000000000000e+04	8.215272239377704864e+02
2.250000000000000000e+04	8.215272239377704864e+02
2.250000000000000000e+04	1.156205043715042621e+03
2.340000000000000000e+04	1.156205043715042621e+03
2.340000000000000000e+04	5.651078261370421387e+02
2.430000000000000000e+04	5.651078261370421387e+02
2.430000000000000000e+04	3.867572254290571436e+02
2.520000000000000000e+04	3.867572254290571436e+02
2.520000000000000000e+04	5.358666331845847708e+02
2.610000000000000000e+04	5.358666331845847708e+02
2.610000000000000000e+04	1.793811410788973262e+03
2.700000000000000000e+04	1.793811410788973262e+03
2.700000000000000000e+04	7.156494161590817384e+02
2.790000000000000000e+04	7.156494161590817384e+02
2.790000000000000000e+04	4.432473006882937625e+02
2.880000000000000000e+04	4.432473006882937625e+02
2.880000000000000000e+04	6.048029244454637592e+02
2.970000000000000000e+04	6.048029244454637592e+02
2.970000000000000000e+04	7.926155897534859832e+03
3.060000000000000000e+04	7.926155897534859832e+03
3.060000000000000000e+04	6.873247082288726233e+03
3.150000000000000000e+04	6.873247082288726233e+03
3.150000000000000000e+04	7.024271668048750143e+03
3.240000000000000000e+04	7.024271668048750143e+03
3.240000000000000000e+04	5.807674455312280770e+03
3.330000000000000000e+04	5.807674455312280770e+03
3.330000000000000000e+04	7.944678761024299092e+03
3.420000000000000000e+04	7.944678761024299092e+03
3.420000000000000000e+04	7.870439972265565302e+03
3.510000000000000000e+04	7.870439972265565302e+03
3.510000000000000000e+04	6.779032323228602763e+03
3.600000000000000000e+04	6.779032323228602763e+03
3.600000000000000000e+04	6.540090239518012822e+03
3.690000000000000000e+04	6.540090239518012822e+03
3.690000000000000000e+04	4.038290949069098133e+03
3.780000000000000000e+04	4.038290949069098133e+03
3.780000000000000000e+04	4.865079320956603624e+03
3.870000000000000000e+04	4.865079320956603624e+03
3.870000000000000000e+04	4.741625616846955381e+03
3.960000000000000000e+04	4.741625616846955381e+03
3.960000000000000000e+04	4.046340282699829913e+03
4.050000000000000000e+04	4.046340282699829913e+03
4.050000000000000000e+04	4.584299889975430233e+03
4.140000000000000000e+04	4.584299889975430233e+03
4.140000000000000000e+04	3.353920567371998914e+03
4.230000000000000000e+04	3.353920567371998914e+03
4.230000000000000000e+04	3.573294594688573852e+03
4.320000000000000000e+04	3.573294594688573852e+03
4.320000000000000000e+04	3.905996563449842142e+03
4.410000000000000000e+04	3.905996563449842142e+03
4.410000000000000000e+04	5.299250509585119744e+02
4.500000000000000000e+04	5.299250509585119744e+02
4.500000000000000000e+04	2.072720897275663447e+03
4.590000000000000000e+04	2.072720897275663447e+03
4.590000000000000000e+04	2.567223167246615048e+03
4.680000000000000000e+04	2.567223167246615048e+03
4.680000000000000000e+04	1.528508962370817244e+03
4.770000000000000000e+04	1.528508962370817244e+03
4.770000000000000000e+04	1.146604040446673707e+03
4.860000000000000000e+04	1.146604040446673707e+03
4.860000000000000000e+04	1.485902080151659902e+03
4.950000000000000000e+04	1.485902080151659902e+03
4.950000000000000000e+04	1.390206626831786707e+03
5.040000000000000000e+04	1.390206626831786707e+03
5.040000000000000000e+04	9.202447572501869217e+02
5.130000000000000000e+04	9.202447572501869217e+02
5.130000000000000000e+04	1.061836203603590150e+02
5.220000000000000000e+04	1.061836203603590150e+02
5.220000000000000000e+04	9.798569298902875744e+02
5.310000000000000000e+04	9.798569298902875744e+02
5.310000000000000000e+04	8.673603834976092912e+02
5.400000000000000000e+04	8.673603834976092912e+02
5.400000000000000000e+04	3.283996632063799552e+02
5.490000000000000000e+04	3.283996632063799552e+02
5.490000000000000000e+04	1.574279276148763756e+03
5.580000000000000000e+04	1.574279276148763756e+03
5.580000000000000000e+04	5.161314771829056554e+02
5.670000000000000000e+04	5.161314771829056554e+02
5.670000000000000000e+04	5.738883333287667483e+02
5.760000000000000000e+04	5.738883333287667483e+02
5.760000000000000000e+04	6.014670198789453934e+02
5.850000000000000000e+04	6.014670198789453934e+02
5.850000000000000000e+04	8.133695386925950288e+02
5.940000000000000000e+04	8.133695386925950288e+02
5.940000000000000000e+04	7.782233810792095028e+02
6.030000000000000000e+04	7.782233810792095028e+02
6.030000000000000000e+04	8.660549281197017990e+02
6.120000000000000000e+04	8.660549281197017990e+02
6.120000000000000000e+04	6.445816073165024136e+02
6.210000000000000000e+04	6.445816073165024136e+02
6.210000000000000000e+04	2.193626464589614443e+03
6.300000000000000000e+04	2.193626464589614443e+03
6.300000000000000000e+04	1.883182236809632741e+03
6.390000000000000000e+04	1.883182236809632741e+03
6.390000000000000000e+04	2.265153945063415449e+03
6.480000000000000000e+04	2.265153945063415449e+03
6.480000000000000000e+04	2.346343755147601769e+03
6.570000000000000000e+04	2.346343755147601769e+03
6.570000000000000000e+04	2.511380711205274110e+03
6.660000000000000000e+04	2.511380711205274110e+03
6.660000000000000000e+04	1.418493865485826973e+03
6.750000000000000000e+04	1.418493865485826973e+03
6.750000000000000000e+04	2.590111164526955690e+03
6.840000000000000000e+04	2.590111164526955690e+03
6.840000000000000000e+04	1.311830040640008519e+03
6.930000000000000000e+04	1.311830040640008519e+03
6.930000000000000000e+04	4.768563044531242667e+03
7.020000000000000000e+04	4.768563044531242667e+03
7.020000000000000000e+04	2.173420499649480917e+03
7.110000000000000000e+04	2.173420499649480917e+03
7.110000000000000000e+04	2.580663125691702589e+03
7.200000000000000000e+04	2.580663125691702589e+03
7.200000000000000000e+04	1.198714205054853664e+03
7.290000000000000000e+04	1.198714205054853664e+03
7.290000000000000000e+04	4.620700590942218696e+03
7.380000000000000000e+04	4.620700590942218696e+03
7.380000000000000000e+04	1.826223334350564983e+03
7.470000000000000000e+04	1.826223334350564983e+03
7.470000000000000000e+04	1.120175157754565589e+03
7.560000000000000000e+04	1.120175157754565589e+03
7.560000000000000000e+04	7.570012217671082908e+02
7.650000000000000000e+04	7.570012217671082908e+02
7.650000000000000000e+04	2.226817192294165579e+03
7.740000000000000000e+04	2.226817192294165579e+03
7.740000000000000000e+04	9.279457347510033287e+02
7.830000000000000000e+04	9.279457347510033287e+02
7.830000000000000000e+04	5.907439481604378670e+02
7.920000000000000000e+04	5.907439481604378670e+02
7.920000000000000000e+04	2.833390336056618253e+02
8.010000000000000000e+04	2.833390336056618253e+02
8.010000000000000000e+04	-1.800618541714107550e+03
8.100000000000000000e+04	-1.800618541714107550e+03
8.100000000000000000e+04	-5.215641993061290123e+02
8.190000000000000000e+04	-5.215641993061290123e+02
8.190000000000000000e+04	-2.393695194558240473e+02
8.280000000000000000e+04	-2.393695194558240473e+02
8.280000000000000000e+04	3.764281135807414103e+01
8.370000000000000000e+04	3.764281135807414103e+01
8.370000000000000000e+04	-1.556109305313879076e+03
8.460000000000000000e+04	-1.556109305313879076e+03
8.460000000000000000e+04	-4.959175749042187817e+02
8.550000000000000000e+04	-4.959175749042187817e+02
8.550000000000000000e+04	-2.520453605948132463e+02
8.640000000000000000e+04	-2.520453605948132463e+02
8.640000000000000000e+04	3.304198881671254640e+01
8.730000000000000000e+04	3.304198881671254640e+01
8.730000000000000000e+04	-1.505816215234300671e+03
8.820000000000000000e+04	-1.505816215234300671e+03
8.820000000000000000e+04	-4.817808458422077820e+02
8.910000000000000000e+04	-4.817808458422077820e+02
8.910000000000000000e+04	-2.455436392011470161e+02
9.000000000000000000e+04	-2.455436392011470161e+02
9.000000000000000000e+04	3.579424557344646018e+01
9.090000000000000000e+04	3.579424557344646018e+01
9.090000000000000000e+04	1.289073642063901389e+03
9.180000000000000000e+04	1.289073642063901389e+03
9.180000000000000000e+04	4.505757864077459089e+02
9.270000000000000000e+04	4.505757864077459089e+02
9.270000000000000000e+04	2.577815659037441947e+02
9.360000000000000000e+04	2.577815659037441947e+02
9.360000000000000000e+04	3.701983661966369255e+02
9.450000000000000000e+04	3.701983661966369255e+02
9.450000000000000000e+04	-1.437919501278319103e+03
9.540000000000000000e+04	-1.437919501278319103e+03
9.540000000000000000e+04	-3.878568856445490383e+02
9.630000000000000000e+04	-3.878568856445490383e+02
9.630000000000000000e+04	-1.629630198735976592e+02
9.720000000000000000e+04	-1.629630198735976592e+02
9.720000000000000000e+04	5.997026594872568239e+01
9.810000000000000000e+04	5.997026594872568239e+01
9.810000000000000000e+04	-1.271199689559524813e+03
9.900000000000000000e+04	-1.271199689559524813e+03
9.900000000000000000e+04	2.430152655584970489e+01
9.990000000000000000e+04	2.430152655584970489e+01
9.990000000000000000e+04	1.392725042270612903e+02
1.008000000000000000e+05	1.392725042270612903e+02
1.008000000000000000e+05	6.071527378111750295e+01
1.017000000000000000e+05	6.071527378111750295e+01
1.017000000000000000e+05	2.817401694264190155e+03
1.026000000000000000e+05	2.817401694264190155e+03
1.026000000000000000e+05	4.671615022206911817e+03
1.035000000000000000e+05	4.671615022206911817e+03
1.035000000000000000e+05	3.928299279320635833e+03
1.044000000000000000e+05	3.928299279320635833e+03
1.044000000000000000e+05	1.733176813853673593e+03
1.053000000000000000e+05	1.733176813853673593e+03
1.053000000000000000e+05	-1.241512181220023194e+03
1.062000000000000000e+05	-1.241512181220023194e+03
1.062000000000000000e+05	-2.036968318582512438e+01
1.071000000000000000e+05	-2.036968318582512438e+01
1.071000000000000000e+05	3.479596184429654386e+03
1.080000000000000000e+05	3.479596184429654386e+03
1.080000000000000000e+05	6.682999182839830610e+02
1.089000000000000000e+05	6.682999182839830610e+02
1.089000000000000000e+05	1.699734676231393678e+03
1.098000000000000000e+05	1.699734676231393678e+03
1.098000000000000000e+05	1.232304951844445895e+03
1.107000000000000000e+05	1.232304951844445895e+03
1.107000000000000000e+05	-1.018274036718474235e+03
1.116000000000000000e+05	-1.018274036718474235e+03
1.116000000000000000e+05	9.932022443480527727e+02
1.125000000000000000e+05	9.932022443480527727e+02
1.125000000000000000e+05	4.255199507215494123e+03
1.134000000000000000e+05	4.255199507215494123e+03
1.134000000000000000e+05	5.734987471319385804e+03
1.143000000000000000e+05	5.734987471319385804e+03
1.143000000000000000e+05	6.450313470118388068e+03
1.152000000000000000e+05	6.450313470118388068e+03
1.152000000000000000e+05	5.398930627830541198e+03
1.161000000000000000e+05	5.398930627830541198e+03
1.161000000000000000e+05	8.731523691216676525e+03
1.170000000000000000e+05	8.731523691216676525e+03
1.170000000000000000e+05	8.072983346292632632e+03
1.179000000000000000e+05	8.072983346292632632e+03
1.179000000000000000e+05	8.093209967310831416e+03
1.188000000000000000e+05	8.093209967310831416e+03
1.188000000000000000e+05	7.262994632019610435e+03
1.197000000000000000e+05	7.262994632019610435e+03
1.197000000000000000e+05	5.233397834376903575e+02
1.206000000000000000e+05	5.233397834376903575e+02
1.206000000000000000e+05	1.590395894480578136e+03
1.215000000000000000e+05	1.590395894480578136e+03
1.215000000000000000e+05	1.499914761190128047e+03
1.224000000000000000e+05	1.499914761190128047e+03
1.224000000000000000e+05	2.195422651222301283e+03
1.233000000000000000e+05	2.195422651222301283e+03
1.233000000000000000e+05	7.581739145224438289e+03
1.242000000000000000e+05	7.581739145224438289e+03
1.242000000000000000e+05	7.079130096152599435e+03
1.251000000000000000e+05	7.079130096152599435e+03
1.251000000000000000e+05	5.523890982959303074e+03
1.260000000000000000e+05	5.523890982959303074e+03
1.260000000000000000e+05	4.724791585546918213e+03
1.269000000000000000e+05	4.724791585546918213e+03
1.269000000000000000e+05	8.457474961834178657e+02
1.278000000000000000e+05	8.457474961834178657e+02
1.278000000000000000e+05	5.347604187840071972e+03
1.287000000000000000e+05	5.347604187840071972e+03
1.287000000000000000e+05	2.478678201011789497e+03
1.296000000000000000e+05	2.478678201011789497e+03
1.296000000000000000e+05	2.141098846710348880e+03
1.305000000000000000e+05	2.141098846710348880e+03
1.305000000000000000e+05	2.746725753743920905e+03
1.314000000000000000e+05	2.746725753743920905e+03
1.314000000000000000e+05	2.688704533567768522e+03
1.323000000000000000e+05	2.688704533567768522e+03
1.323000000000000000e+05	2.454740248401998542e+03
1.332000000000000000e+05	2.454740248401998542e+03
1.332000000000000000e+05	1.343188018913155247e+03
1.341000000000000000e+05	1.343188018913155247e+03
1.341000000000000000e+05	4.553534302384775401e+03
1.350000000000000000e+05	4.553534302384775401e+03
1.350000000000000000e+05	1.608145188531023450e+03
1.359000000000000000e+05	1.608145188531023450e+03
1.359000000000000000e+05	2.078798463387589436e+03
1.368000000000000000e+05	2.078798463387589436e+03
1.368000000000000000e+05	6.823833149827551097e+02
1.377000000000000000e+05	6.823833149827551097e+02
1.377000000000000000e+05	5.664511151637335388e+03
1.386000000000000000e+05	5.664511151637335388e+03
1.386000000000000000e+05	1.312522016329341568e+03
1.395000000000000000e+05	1.312522016329341568e+03
1.395000000000000000e+05	1.955853686877235305e+03
1.404000000000000000e+05	1.955853686877235305e+03
1.404000000000000000e+05	1.708457583358329430e+03
1.413000000000000000e+05	1.708457583358329430e+03
1.413000000000000000e+05	1.558309764491146780e+03
1.422000000000000000e+05	1.558309764491146780e+03
1.422000000000000000e+05	1.393065430674236268e+03
1.431000000000000000e+05	1.393065430674236268e+03
1.431000000000000000e+05	1.371120219997013919e+03
1.440000000000000000e+05	1.371120219997013919e+03
1.440000000000000000e+05	1.034629242765779054e+03
1.449000000000000000e+05	1.034629242765779054e+03
1.449000000000000000e+05	1.742098409660098241e+03
1.458000000000000000e+05	1.742098409660098241e+03
1.458000000000000000e+05	1.123032848034636118e+03
1.467000000000000000e+05	1.123032848034636118e+03
1.467000000000000000e+05	1.248815495285205543e+03
1.476000000000000000e+05	1.248815495285205543e+03
1.476000000000000000e+05	1.009264738923464392e+03
1.485000000000000000e+05	1.009264738923464392e+03
1.485000000000000000e+05	1.837843115301288663e+03
1.494000000000000000e+05	1.837843115301288663e+03
1.494000000000000000e+05	1.994105187526089139e+03
1.503000000000000000e+05	1.994105187526089139e+03
1.503000000000000000e+05	2.295917870401637629e+03
1.512000000000000000e+05	2.295917870401637629e+03
1.512000000000000000e+05	4.750881797060847020e+02
1.521000000000000000e+05	4.750881797060847020e+02
1.521000000000000000e+05	6.219651533700302025e+03
1.530000000000000000e+05	6.219651533700302025e+03
1.530000000000000000e+05	2.197026373443077318e+03
1.539000000000000000e+05	2.197026373443077318e+03
1.539000000000000000e+05	2.395074198842688929e+03
1.548000000000000000e+05	2.395074198842688929e+03
1.548000000000000000e+05	1.629273490909867178e+03
1.557000000000000000e+05	1.629273490909867178e+03
1.557000000000000000e+05	2.563590325988945551e+03
1.566000000000000000e+05	2.563590325988945551e+03
1.566000000000000000e+05	3.025171321599453222e+03
1.575000000000000000e+05	3.025171321599453222e+03
1.575000000000000000e+05	2.520638108739629388e+03
1.584000000000000000e+05	2.520638108739629388e+03
1.584000000000000000e+05	1.226927923121364074e+03
1.593000000000000000e+05	1.226927923121364074e+03
1.593000000000000000e+05	2.406965196300700427e+03
1.602000000000000000e+05	2.406965196300700427e+03
1.602000000000000000e+05	1.091997976770682726e+03
1.611000000000000000e+05	1.091997976770682726e+03
1.611000000000000000e+05	7.247510023844079114e+02
1.620000000000000000e+05	7.247510023844079114e+02
1.620000000000000000e+05	4.184794828449512352e+02
1.629000000000000000e+05	4.184794828449512352e+02
1.629000000000000000e+05	2.093376311537157108e+03
1.638000000000000000e+05	2.093376311537157108e+03
1.638000000000000000e+05	8.037682353641139343e+02
1.647000000000000000e+05	8.037682353641139343e+02
1.647000000000000000e+05	1.121294742148020305e+02
1.656000000000000000e+05	1.121294742148020305e+02
1.656000000000000000e+05	1.674565123384700200e+02
1.665000000000000000e+05	1.674565123384700200e+02
1.665000000000000000e+05	-1.848120737984823563e+03
1.674000000000000000e+05	-1.848120737984823563e+03
1.674000000000000000e+05	-5.665857569189975038e+02
1.683000000000000000e+05	-5.665857569189975038e+02
1.683000000000000000e+05	-2.779567230861866847e+02
1.692000000000000000e+05	-2.779567230861866847e+02
1.692000000000000000e+05	2.558924118699178507e+01
1.701000000000000000e+05	2.558924118699178507e+01
1.701000000000000000e+05	-1.679145712760851893e+03
1.710000000000000000e+05	-1.679145712760851893e+03
1.710000000000000000e+05	-5.425242439155699685e+02
1.719000000000000000e+05	-5.425242439155699685e+02
1.719000000000000000e+05	-2.809247028926620260e+02
1.728000000000000000e+05	-2.809247028926620260e+02
1.728000000000000000e+05	2.336148740635508148e+01
1.737000000000000000e+05	2.336148740635508148e+01
1.737000000000000000e+05	-1.635374522193330904e+03
1.746000000000000000e+05	-1.635374522193330904e+03
1.746000000000000000e+05	-5.299591255986597389e+02
1.755000000000000000e+05	-5.299591255986597389e+02
1.755000000000000000e+05	-2.750763587272958830e+02
1.764000000000000000e+05	-2.750763587272958830e+02
1.764000000000000000e+05	2.558109731892545824e+01
1.773000000000000000e+05	2.558109731892545824e+01
1.773000000000000000e+05	-1.605090873727136341e+03
1.782000000000000000e+05	-1.605090873727136341e+03
1.782000000000000000e+05	-5.194645997039042413e+02
1.791000000000000000e+05	-5.194645997039042413e+02
1.791000000000000000e+05	-2.692862219032831490e+02
1.800000000000000000e+05	-2.692862219032831490e+02
1.800000000000000000e+05	2.752007225513807498e+01
1.809000000000000000e+05	2.752007225513807498e+01
1.809000000000000000e+05	-1.535596338752333395e+03
1.818000000000000000e+05	-1.535596338752333395e+03
1.818000000000000000e+05	1.504052946601586882e+03
1.827000000000000000e+05	1.504052946601586882e+03
1.827000000000000000e+05	8.308051943918690085e+01
1.836000000000000000e+05	8.308051943918690085e+01
1.836000000000000000e+05	2.130773090392176528e+02
1.845000000000000000e+05	2.130773090392176528e+02
1.845000000000000000e+05	-1.058447511511057428e+03
1.854000000000000000e+05	-1.058447511511057428e+03
1.854000000000000000e+05	-2.842189319013268687e+02
1.863000000000000000e+05	-2.842189319013268687e+02
1.863000000000000000e+05	-1.184182139365584590e+02
1.872000000000000000e+05	-1.184182139365584590e+02
1.872000000000000000e+05	6.933854301533392572e+01
1.881000000000000000e+05	6.933854301533392572e+01
1.881000000000000000e+05	4.001170997634460036e+03
1.890000000000000000e+05	4.001170997634460036e+03
1.890000000000000000e+05	8.018774904071469791e+02
1.899000000000000000e+05	8.018774904071469791e+02
1.899000000000000000e+05	1.324556383136892691e+03
1.908000000000000000e+05	1.324556383136892691e+03
1.908000000000000000e+05	1.284342976164342872e+03
1.917000000000000000e+05	1.284342976164342872e+03
1.917000000000000000e+05	7.556166436928865551e+02
1.926000000000000000e+05	7.556166436928865551e+02
1.926000000000000000e+05	4.372716504303971305e+02
1.935000000000000000e+05	4.372716504303971305e+02
1.935000000000000000e+05	1.378429022063501179e+02
1.944000000000000000e+05	1.378429022063501179e+02
1.944000000000000000e+05	4.114134102702264499e+02
1.953000000000000000e+05	4.114134102702264499e+02
1.953000000000000000e+05	5.831425682436755551e+02
1.962000000000000000e+05	5.831425682436755551e+02
1.962000000000000000e+05	2.951527709798538126e+02
1.971000000000000000e+05	2.951527709798538126e+02
1.971000000000000000e+05	-7.622000901273568161e+02
1.980000000000000000e+05	-7.622000901273568161e+02
1.980000000000000000e+05	1.543324919800834323e+02
1.989000000000000000e+05	1.543324919800834323e+02
1.989000000000000000e+05	3.341488767037496928e+03
1.998000000000000000e+05	3.341488767037496928e+03
1.998000000000000000e+05	5.257996200714027509e+03
2.007000000000000000e+05	5.257996200714027509e+03
2.007000000000000000e+05	6.114893008652434219e+03
2.016000000000000000e+05	6.114893008652434219e+03
2.016000000000000000e+05	4.836237390566206159e+03
2.025000000000000000e+05	4.836237390566206159e+03
2.025000000000000000e+05	9.654736331084455742e+03
2.034000000000000000e+05	9.654736331084455742e+03
2.034000000000000000e+05	8.277935818588710390e+03
2.043000000000000000e+05	8.277935818588710390e+03
2.043000000000000000e+05	8.156448442629713099e+03
2.052000000000000000e+05	8.156448442629713099e+03
2.052000000000000000e+05	4.658512908669064927e+03
2.061000000000000000e+05	4.658512908669064927e+03
2.061000000000000000e+05	7.376134277309573008e+03
2.070000000000000000e+05	7.376134277309573008e+03
2.070000000000000000e+05	5.025276809476781636e+03
2.079000000000000000e+05	5.025276809476781636e+03
2.079000000000000000e+05	5.243784716732043307e+03
2.088000000000000000e+05	5.243784716732043307e+03
2.088000000000000000e+05	4.661057350132115971e+03
2.097000000000000000e+05	4.661057350132115971e+03
2.097000000000000000e+05	3.316526924899457299e+03
2.106000000000000000e+05	3.316526924899457299e+03
2.106000000000000000e+05	2.354814901110075880e+03
2.115000000000000000e+05	2.354814901110075880e+03
2.115000000000000000e+05	4.729644026080670301e+03
2.124000000000000000e+05	4.729644026080670301e+03
2.124000000000000000e+05	3.297588715233681796e+03
2.133000000000000000e+05	3.297588715233681796e+03
2.133000000000000000e+05	4.384707397852275790e+03
2.142000000000000000e+05	4.384707397852275790e+03
2.142000000000000000e+05	2.714557139055046719e+03
2.151000000000000000e+05	2.714557139055046719e+03
2.151000000000000000e+05	2.230521770533232484e+03
2.160000000000000000e+05	2.230521770533232484e+03
2.160000000000000000e+05	1.531537767817027998e+03
2.169000000000000000e+05	1.531537767817027998e+03
2.169000000000000000e+05	5.627860158969887379e+03
2.178000000000000000e+05	5.627860158969887379e+03
2.178000000000000000e+05	2.170398865884810220e+03
2.187000000000000000e+05	2.170398865884810220e+03
2.187000000000000000e+05	2.779271260732726660e+03
2.196000000000000000e+05	2.779271260732726660e+03
2.196000000000000000e+05	2.691754943236250256e+03
2.205000000000000000e+05	2.691754943236250256e+03
2.205000000000000000e+05	3.696452360998061522e+03
2.214000000000000000e+05	3.696452360998061522e+03
2.214000000000000000e+05	2.099094194918288849e+03
2.223000000000000000e+05	2.099094194918288849e+03
2.223000000000000000e+05	2.535001386640185956e+03
2.232000000000000000e+05	2.535001386640185956e+03
2.232000000000000000e+05	2.660833445912800016e+03
2.241000000000000000e+05	2.660833445912800016e+03
2.241000000000000000e+05	8.904006882045821385e+02
2.250000000000000000e+05	8.904006882045821385e+02
2.250000000000000000e+05	2.011774302761245053e+03
2.259000000000000000e+05	2.011774302761245053e+03
2.259000000000000000e+05	1.700358173330780119e+03
2.268000000000000000e+05	1.700358173330780119e+03
2.268000000000000000e+05	1.843503315663438116e+03
2.277000000000000000e+05	1.843503315663438116e+03
2.277000000000000000e+05	8.780013455707434105e+02
2.286000000000000000e+05	8.780013455707434105e+02
2.286000000000000000e+05	1.438473662190895993e+03
2.295000000000000000e+05	1.438473662190895993e+03
2.295000000000000000e+05	1.302677505293511786e+03
2.304000000000000000e+05	1.302677505293511786e+03
2.304000000000000000e+05	1.264671803361816274e+03
2.313000000000000000e+05	1.264671803361816274e+03
2.313000000000000000e+05	1.030298328822618032e+03
2.322000000000000000e+05	1.030298328822618032e+03
2.322000000000000000e+05	1.164707351473451126e+03
2.331000000000000000e+05	1.164707351473451126e+03
2.331000000000000000e+05	1.158598850414389744e+03
2.340000000000000000e+05	1.158598850414389744e+03
2.340000000000000000e+05	1.075830805801153474e+03
2.349000000000000000e+05	1.075830805801153474e+03
2.349000000000000000e+05	1.623100253987112183e+03
2.358000000000000000e+05	1.623100253987112183e+03
2.358000000000000000e+05	2.120558362963434774e+03
2.367000000000000000e+05	2.120558362963434774e+03
2.367000000000000000e+05	2.234001317497517448e+03
2.376000000000000000e+05	2.234001317497517448e+03
2.376000000000000000e+05	1.327263723194177146e+03
2.385000000000000000e+05	1.327263723194177146e+03
2.385000000000000000e+05	2.413945017826586991e+03
2.394000000000000000e+05	2.413945017826586991e+03
2.394000000000000000e+05	1.120114615775353741e+03
2.403000000000000000e+05	1.120114615775353741e+03
2.403000000000000000e+05	7.522663120541255921e+02
2.412000000000000000e+05	7.522663120541255921e+02
2.412000000000000000e+05	4.472163692623189490e+02
2.421000000000000000e+05	4.472163692623189490e+02
2.421000000000000000e+05	6.203951389084309994e+03
2.430000000000000000e+05	6.203951389084309994e+03
2.430000000000000000e+05	2.182833919065480586e+03
2.439000000000000000e+05	2.182833919065480586e+03
2.439000000000000000e+05	3.971159365878964309e+03
2.448000000000000000e+05	3.971159365878964309e+03
2.448000000000000000e+05	1.779666579914010072e+03
2.457000000000000000e+05	1.779666579914010072e+03
2.457000000000000000e+05	2.629865351593981813e+03
2.466000000000000000e+05	2.629865351593981813e+03
2.466000000000000000e+05	1.293673334966530092e+03
2.475000000000000000e+05	1.293673334966530092e+03
2.475000000000000000e+05	8.917187043355661444e+02
2.484000000000000000e+05	8.917187043355661444e+02
2.484000000000000000e+05	5.934994534244169699e+02
2.493000000000000000e+05	5.934994534244169699e+02
2.493000000000000000e+05	2.162072248371691785e+03
2.502000000000000000e+05	2.162072248371691785e+03
2.502000000000000000e+05	8.672872791435802355e+02
2.511000000000000000e+05	8.672872791435802355e+02
2.511000000000000000e+05	3.937875462351948954e+02
2.520000000000000000e+05	3.937875462351948954e+02
2.520000000000000000e+05	2.251652944277348070e+02
2.529000000000000000e+05	2.251652944277348070e+02
2.529000000000000000e+05	-1.825004155746469223e+03
2.538000000000000000e+05	-1.825004155746469223e+03
2.538000000000000000e+05	-5.448457870630081743e+02
2.547000000000000000e+05	-5.448457870630081743e+02
2.547000000000000000e+05	-2.594204772481461987e+02
2.556000000000000000e+05	-2.594204772481461987e+02
2.556000000000000000e+05	3.127202635703906708e+01
2.565000000000000000e+05	3.127202635703906708e+01
2.565000000000000000e+05	-1.620372434383653854e+03
2.574000000000000000e+05	-1.620372434383653854e+03
2.574000000000000000e+05	-5.203304812083370052e+02
2.583000000000000000e+05	-5.203304812083370052e+02
2.583000000000000000e+05	-2.671268415338709019e+02
2.592000000000000000e+05	-2.671268415338709019e+02
2.592000000000000000e+05	2.805640534470512648e+01
2.601000000000000000e+05	2.805640534470512648e+01
2.601000000000000000e+05	-1.574529238164866001e+03
2.610000000000000000e+05	-1.574529238164866001e+03
2.610000000000000000e+05	-5.074531161915510893e+02
2.619000000000000000e+05	-5.074531161915510893e+02
2.619000000000000000e+05	-2.614724869052879512e+02
2.628000000000000000e+05	-2.614724869052879512e+02
2.628000000000000000e+05	3.009631124796032964e+01
2.637000000000000000e+05	3.009631124796032964e+01
2.637000000000000000e+05	1.215804418559135229e+03
2.646000000000000000e+05	1.215804418559135229e+03
2.646000000000000000e+05	4.228425318680237979e+02
2.655000000000000000e+05	4.228425318680237979e+02
2.655000000000000000e+05	2.404401979573885910e+02
2.664000000000000000e+05	2.404401979573885910e+02
2.664000000000000000e+05	3.487310829778452899e+02
2.673000000000000000e+05	3.487310829778452899e+02
2.673000000000000000e+05	1.179730639132724264e+02
2.682000000000000000e+05	1.179730639132724264e+02
2.682000000000000000e+05	1.222637031435151584e+02
2.691000000000000000e+05	1.222637031435151584e+02
2.691000000000000000e+05	1.078422847529291175e+02
2.700000000000000000e+05	1.078422847529291175e+02
2.700000000000000000e+05	1.981841287294710128e+02
2.709000000000000000e+05	1.981841287294710128e+02
2.709000000000000000e+05	-8.391496760142032940e+01
2.718000000000000000e+05	-8.391496760142032940e+01
2.718000000000000000e+05	2.309272335976129398e+01
2.727000000000000000e+05	2.309272335976129398e+01
2.727000000000000000e+05	3.980567300267284736e+01
2.736000000000000000e+05	3.980567300267284736e+01
2.736000000000000000e+05	1.188109002571936799e+02
2.745000000000000000e+05	1.188109002571936799e+02
2.745000000000000000e+05	-2.033056257867399097e+02
2.754000000000000000e+05	-2.033056257867399097e+02
2.754000000000000000e+05	-3.191252085129963234e+01
2.763000000000000000e+05	-3.191252085129963234e+01
2.763000000000000000e+05	3.848460065448831301e+03
2.772000000000000000e+05	3.848460065448831301e+03
2.772000000000000000e+05	6.694485082072087607e+02
2.781000000000000000e+05	6.694485082072087607e+02
2.781000000000000000e+05	1.875707991701841820e+03
2.790000000000000000e+05	1.875707991701841820e+03
2.790000000000000000e+05	0.000000000000000000e+00
2.799000000000000000e+05	0.000000000000000000e+00
2.799000000000000000e+05	0.000000000000000000e+00
2.808000000000000000e+05	0.000000000000000000e+00
2.808000000000000000e+05	5.271017591344570974e+02
2.817000000000000000e+05	5.271017591344570974e+02
2.817000000000000000e+05	4.368152545079206561e+02
2.826000000000000000e+05	4.368152545079206561e+02
2.826000000000000000e+05	-1.817798735617834609e+03
2.835000000000000000e+05	-1.817798735617834609e+03
2.835000000000000000e+05	-5.778982012164196931e+02
2.844000000000000000e+05	-5.778982012164196931e+02
2.844000000000000000e+05	9.285687946616135378e+02
2.853000000000000000e+05	9.285687946616135378e+02
2.853000000000000000e+05	4.320366012774269620e+03
2.862000000000000000e+05	4.320366012774269620e+03
2.862000000000000000e+05	5.714577215460420121e+03
2.871000000000000000e+05	5.714577215460420121e+03
2.871000000000000000e+05	6.419687281958933454e+03
2.880000000000000000e+05	6.419687281958933454e+03
2.880000000000000000e+05	5.341593111570549809e+03
2.889000000000000000e+05	5.341593111570549809e+03
2.889000000000000000e+05	8.798866350432139370e+03
2.898000000000000000e+05	8.798866350432139370e+03
2.898000000000000000e+05	8.084265202877228148e+03
2.907000000000000000e+05	8.084265202877228148e+03
2.907000000000000000e+05	3.995621943678066600e+03
2.916000000000000000e+05	3.995621943678066600e+03
2.916000000000000000e+05	4.820659663517075387e+03
2.925000000000000000e+05	4.820659663517075387e+03
2.925000000000000000e+05	7.764371636035630218e+03
2.934000000000000000e+05	7.764371636035630218e+03
2.934000000000000000e+05	7.262398741136013996e+03
2.943000000000000000e+05	7.262398741136013996e+03
2.943000000000000000e+05	6.326813625532959122e+03
2.952000000000000000e+05	6.326813625532959122e+03
2.952000000000000000e+05	5.840112630205450841e+03
2.961000000000000000e+05	5.840112630205450841e+03
2.961000000000000000e+05	2.619778737308052769e+03
2.970000000000000000e+05	2.619778737308052769e+03
2.970000000000000000e+05	3.428567066467134282e+03
2.979000000000000000e+05	3.428567066467134282e+03
2.979000000000000000e+05	4.946937758743995801e+03
2.988000000000000000e+05	4.946937758743995801e+03
2.988000000000000000e+05	3.619817295299992111e+03
2.997000000000000000e+05	3.619817295299992111e+03
2.997000000000000000e+05	4.775321602261313274e+03
3.006000000000000000e+05	4.775321602261313274e+03
3.006000000000000000e+05	2.815334938550833613e+03
3.015000000000000000e+05	2.815334938550833613e+03
3.015000000000000000e+05	3.222380766550544649e+03
3.024000000000000000e+05	3.222380766550544649e+03
3.024000000000000000e+05	2.559336456975053807e+03
3.033000000000000000e+05	2.559336456975053807e+03
3.033000000000000000e+05	2.109410221372106662e+03
3.042000000000000000e+05	2.109410221372106662e+03
3.042000000000000000e+05	2.030359999427571893e+03
3.051000000000000000e+05	2.030359999427571893e+03
3.051000000000000000e+05	1.211505262689315714e+03
3.060000000000000000e+05	1.211505262689315714e+03
3.060000000000000000e+05	1.533953946439918582e+03
3.069000000000000000e+05	1.533953946439918582e+03
3.069000000000000000e+05	4.836670196637591289e+03
3.078000000000000000e+05	4.836670196637591289e+03
3.078000000000000000e+05	1.644620356832572725e+03
3.087000000000000000e+05	1.644620356832572725e+03
3.087000000000000000e+05	2.204790491411753464e+03
3.096000000000000000e+05	2.204790491411753464e+03
3.096000000000000000e+05	2.118222405165855889e+03
3.105000000000000000e+05	2.118222405165855889e+03
3.105000000000000000e+05	-8.238679103353545585e+00
3.114000000000000000e+05	-8.238679103353545585e+00
3.114000000000000000e+05	1.926912275296170264e+03
3.123000000000000000e+05	1.926912275296170264e+03
3.123000000000000000e+05	1.625867414958192967e+03
3.132000000000000000e+05	1.625867414958192967e+03
3.132000000000000000e+05	1.678182072642148341e+03
3.141000000000000000e+05	1.678182072642148341e+03
3.141000000000000000e+05	1.716054608268374579e+02
3.150000000000000000e+05	1.716054608268374579e+02
3.150000000000000000e+05	1.303013892243790906e+03
3.159000000000000000e+05	1.303013892243790906e+03
3.159000000000000000e+05	1.055142201884125825e+03
3.168000000000000000e+05	1.055142201884125825e+03
3.168000000000000000e+05	1.029588113760572014e+03
3.177000000000000000e+05	1.029588113760572014e+03
3.177000000000000000e+05	1.112260664668329810e+03
3.186000000000000000e+05	1.112260664668329810e+03
3.186000000000000000e+05	9.155617391700507142e+02
3.195000000000000000e+05	9.155617391700507142e+02
3.195000000000000000e+05	9.923362126552965492e+02
3.204000000000000000e+05	9.923362126552965492e+02
3.204000000000000000e+05	4.330829834697124170e+02
3.213000000000000000e+05	4.330829834697124170e+02
3.213000000000000000e+05	2.101869924533349149e+03
3.222000000000000000e+05	2.101869924533349149e+03
3.222000000000000000e+05	3.472504477290145587e+03
3.231000000000000000e+05	3.472504477290145587e+03
3.231000000000000000e+05	1.494277775696711615e+03
3.240000000000000000e+05	1.494277775696711615e+03
3.240000000000000000e+05	6.590923279230173648e+02
3.249000000000000000e+05	6.590923279230173648e+02
3.249000000000000000e+05	6.280867674821588480e+03
3.258000000000000000e+05	6.280867674821588480e+03
3.258000000000000000e+05	2.249787851172266528e+03
3.267000000000000000e+05	2.249787851172266528e+03
3.267000000000000000e+05	1.289464330858783796e+03
3.276000000000000000e+05	1.289464330858783796e+03
3.276000000000000000e+05	4.463971577953343512e+02
3.285000000000000000e+05	4.463971577953343512e+02
3.285000000000000000e+05	6.203970510634937455e+03
3.294000000000000000e+05	6.203970510634937455e+03
3.294000000000000000e+05	6.171093484006880317e+03
3.303000000000000000e+05	6.171093484006880317e+03
3.303000000000000000e+05	2.665076374066004064e+03
3.312000000000000000e+05	2.665076374066004064e+03
3.312000000000000000e+05	2.955853439597300166e+03
3.321000000000000000e+05	2.955853439597300166e+03
3.321000000000000000e+05	3.233405323705978844e+03
3.330000000000000000e+05	3.233405323705978844e+03
3.330000000000000000e+05	1.713371398699295241e+03
3.339000000000000000e+05	1.713371398699295241e+03
3.339000000000000000e+05	1.216711274898203555e+03
3.348000000000000000e+05	1.216711274898203555e+03
3.348000000000000000e+05	9.519309199720610195e+02
3.357000000000000000e+05	9.519309199720610195e+02
3.357000000000000000e+05	2.300630536666681110e+03
3.366000000000000000e+05	2.300630536666681110e+03
3.366000000000000000e+05	9.943516930598998442e+02
3.375000000000000000e+05	9.943516930598998442e+02
3.375000000000000000e+05	6.441899219529586844e+02
3.384000000000000000e+05	6.441899219529586844e+02
3.384000000000000000e+05	3.359086282855842001e+02
3.393000000000000000e+05	3.359086282855842001e+02
3.393000000000000000e+05	-1.782269382732063377e+03
3.402000000000000000e+05	-1.782269382732063377e+03
3.402000000000000000e+05	-5.057818942277226597e+02
3.411000000000000000e+05	-5.057818942277226597e+02
3.411000000000000000e+05	-2.272776413661777042e+02
3.420000000000000000e+05	-2.272776413661777042e+02
3.420000000000000000e+05	3.945911167676331388e+01
3.429000000000000000e+05	3.945911167676331388e+01
3.429000000000000000e+05	-1.526341068453556318e+03
3.438000000000000000e+05	-1.526341068453556318e+03
3.438000000000000000e+05	-4.874960676543414593e+02
3.447000000000000000e+05	-4.874960676543414593e+02
3.447000000000000000e+05	-2.490045143270399421e+02
3.456000000000000000e+05	-2.490045143270399421e+02
3.456000000000000000e+05	3.242659123366865970e+01
3.465000000000000000e+05	3.242659123366865970e+01
3.465000000000000000e+05	-1.493218912486389854e+03
3.474000000000000000e+05	-1.493218912486389854e+03
3.474000000000000000e+05	-4.800960877816542052e+02
3.483000000000000000e+05	-4.800960877816542052e+02
3.483000000000000000e+05	-2.468718604927416891e+02
3.492000000000000000e+05	-2.468718604927416891e+02
3.492000000000000000e+05	3.374131500093426439e+01
3.501000000000000000e+05	3.374131500093426439e+01
3.501000000000000000e+05	-1.476167447247712289e+03
3.510000000000000000e+05	-1.476167447247712289e+03
3.510000000000000000e+05	-4.742260966656613164e+02
3.519000000000000000e+05	-4.742260966656613164e+02
3.519000000000000000e+05	-5.107539575820555910e+01
3.528000000000000000e+05	-5.107539575820555910e+01
3.528000000000000000e+05	3.553084155193573679e+01
3.537000000000000000e+05	3.553084155193573679e+01
3.537000000000000000e+05	-1.463675654451827540e+03
3.546000000000000000e+05	-1.463675654451827540e+03
3.546000000000000000e+05	-3.251897931476705708e+02
3.555000000000000000e+05	-3.251897931476705708e+02
3.555000000000000000e+05	2.550313856833614409e+03
3.564000000000000000e+05	2.550313856833614409e+03
3.564000000000000000e+05	2.048141889547341634e+02
3.573000000000000000e+05	2.048141889547341634e+02
3.573000000000000000e+05	-1.823059754035838523e+03
3.582000000000000000e+05	-1.823059754035838523e+03
3.582000000000000000e+05	-5.474223434340092354e+02
3.591000000000000000e+05	-5.474223434340092354e+02
3.591000000000000000e+05	-2.641260493696900085e+02
3.600000000000000000e+05	-2.641260493696900085e+02
3.600000000000000000e+05	2.730317048223514576e+01
3.609000000000000000e+05	2.730317048223514576e+01
3.609000000000000000e+05	1.119658512470091409e+03
3.618000000000000000e+05	1.119658512470091409e+03
3.618000000000000000e+05	3.895408533705049194e+02
3.627000000000000000e+05	3.895408533705049194e+02
3.627000000000000000e+05	4.066600983228534460e+03
3.636000000000000000e+05	4.066600983228534460e+03
3.636000000000000000e+05	1.097940709198306649e+03
3.645000000000000000e+05	1.097940709198306649e+03
3.645000000000000000e+05	1.890265207796572213e+03
3.654000000000000000e+05	1.890265207796572213e+03
3.654000000000000000e+05	5.988419759589014575e+02
3.663000000000000000e+05	5.988419759589014575e+02
3.663000000000000000e+05	4.391454635345726274e+02
3.672000000000000000e+05	4.391454635345726274e+02
3.672000000000000000e+05	3.618115588904474862e+02
3.681000000000000000e+05	3.618115588904474862e+02
3.681000000000000000e+05	1.121316822900902480e+03
3.690000000000000000e+05	1.121316822900902480e+03
3.690000000000000000e+05	0.000000000000000000e+00
3.699000000000000000e+05	0.000000000000000000e+00
3.699000000000000000e+05	-2.321552003270655405e+03
3.708000000000000000e+05	-2.321552003270655405e+03
3.708000000000000000e+05	7.121273593449795953e+02
3.717000000000000000e+05	7.121273593449795953e+02
3.717000000000000000e+05	3.827417496307907641e+03
3.726000000000000000e+05	3.827417496307907641e+03
3.726000000000000000e+05	5.523940432063303888e+03
3.735000000000000000e+05	5.523940432063303888e+03
3.735000000000000000e+05	6.304672301776299719e+03
3.744000000000000000e+05	6.304672301776299719e+03
3.744000000000000000e+05	5.207842268944143143e+03
3.753000000000000000e+05	5.207842268944143143e+03
3.753000000000000000e+05	8.604954608053878474e+03
3.762000000000000000e+05	8.604954608053878474e+03
3.762000000000000000e+05	7.988314322050602641e+03
3.771000000000000000e+05	7.988314322050602641e+03
3.771000000000000000e+05	6.808401678087539040e+03
3.780000000000000000e+05	6.808401678087539040e+03
3.780000000000000000e+05	6.536649309522326803e+03
3.789000000000000000e+05	6.536649309522326803e+03
3.789000000000000000e+05	4.157681087573017976e+03
3.798000000000000000e+05	4.157681087573017976e+03
3.798000000000000000e+05	5.764130170197691768e+03
3.807000000000000000e+05	5.764130170197691768e+03
3.807000000000000000e+05	5.183277906197065022e+03
3.816000000000000000e+05	5.183277906197065022e+03
3.816000000000000000e+05	4.646930954941264645e+03
3.825000000000000000e+05	4.646930954941264645e+03
3.825000000000000000e+05	3.525294448557316173e+03
3.834000000000000000e+05	3.525294448557316173e+03
3.834000000000000000e+05	4.116149873464310076e+03
3.843000000000000000e+05	4.116149873464310076e+03
3.843000000000000000e+05	3.643545863227802329e+03
3.852000000000000000e+05	3.643545863227802329e+03
3.852000000000000000e+05	3.643999240215536702e+03
3.861000000000000000e+05	3.643999240215536702e+03
3.861000000000000000e+05	2.734840129517874630e+03
3.870000000000000000e+05	2.734840129517874630e+03
3.870000000000000000e+05	2.852271522306953557e+03
3.879000000000000000e+05	2.852271522306953557e+03
3.879000000000000000e+05	2.928659337850869633e+03
3.888000000000000000e+05	2.928659337850869633e+03
3.888000000000000000e+05	2.116233763805143099e+03
3.897000000000000000e+05	2.116233763805143099e+03
3.897000000000000000e+05	4.270376487668251684e+03
3.906000000000000000e+05	4.270376487668251684e+03
3.906000000000000000e+05	2.393951984785380773e+03
3.915000000000000000e+05	2.393951984785380773e+03
3.915000000000000000e+05	2.789386089530948084e+03
3.924000000000000000e+05	2.789386089530948084e+03
3.924000000000000000e+05	2.941606656855021356e+03
3.933000000000000000e+05	2.941606656855021356e+03
3.933000000000000000e+05	1.132607332502868530e+03
3.942000000000000000e+05	1.132607332502868530e+03
3.942000000000000000e+05	1.534237776315829251e+03
3.951000000000000000e+05	1.534237776315829251e+03
3.951000000000000000e+05	2.320120943620917387e+03
3.960000000000000000e+05	2.320120943620917387e+03
3.960000000000000000e+05	1.729704385094972167e+03
3.969000000000000000e+05	1.729704385094972167e+03
3.969000000000000000e+05	1.920610679325095361e+03
3.978000000000000000e+05	1.920610679325095361e+03
3.978000000000000000e+05	1.837803549076255877e+03
3.987000000000000000e+05	1.837803549076255877e+03
3.987000000000000000e+05	1.923104860681632999e+03
3.996000000000000000e+05	1.923104860681632999e+03
3.996000000000000000e+05	1.510923835214807696e+03
4.005000000000000000e+05	1.510923835214807696e+03
4.005000000000000000e+05	1.504962818305166593e+03
4.014000000000000000e+05	1.504962818305166593e+03
4.014000000000000000e+05	1.478455479566648137e+03
4.023000000000000000e+05	1.478455479566648137e+03
4.023000000000000000e+05	1.395317179031728301e+03
4.032000000000000000e+05	1.395317179031728301e+03
4.032000000000000000e+05	1.864264597475706978e+03
4.041000000000000000e+05	1.864264597475706978e+03
4.041000000000000000e+05	7.374884386204064413e+02
4.050000000000000000e+05	7.374884386204064413e+02
4.050000000000000000e+05	1.115990480645501520e+03
4.059000000000000000e+05	1.115990480645501520e+03
4.059000000000000000e+05	1.831756295342172962e+03
4.068000000000000000e+05	1.831756295342172962e+03
4.068000000000000000e+05	1.448987053597404156e+03
4.077000000000000000e+05	1.448987053597404156e+03
4.077000000000000000e+05	5.610023239375524327e+02
4.086000000000000000e+05	5.610023239375524327e+02
4.086000000000000000e+05	2.319434989125060383e+03
4.095000000000000000e+05	2.319434989125060383e+03
4.095000000000000000e+05	2.121087904082552996e+03
4.104000000000000000e+05	2.121087904082552996e+03
4.104000000000000000e+05	2.192620827345841462e+03
4.113000000000000000e+05	2.192620827345841462e+03
4.113000000000000000e+05	1.555522237930068741e+03
4.122000000000000000e+05	1.555522237930068741e+03
4.122000000000000000e+05	2.215295818853657693e+03
4.131000000000000000e+05	2.215295818853657693e+03
4.131000000000000000e+05	2.017311869740020484e+03
4.140000000000000000e+05	2.017311869740020484e+03
4.140000000000000000e+05	1.264920632582732651e+03
4.149000000000000000e+05	1.264920632582732651e+03
4.149000000000000000e+05	5.137263422607189568e+03
4.158000000000000000e+05	5.137263422607189568e+03
4.158000000000000000e+05	1.964489424103347119e+03
4.167000000000000000e+05	1.964489424103347119e+03
4.167000000000000000e+05	2.710665521720133256e+03
4.176000000000000000e+05	2.710665521720133256e+03
4.176000000000000000e+05	8.161571390969638742e+02
4.185000000000000000e+05	8.161571390969638742e+02
4.185000000000000000e+05	5.668573653283412568e+03
4.194000000000000000e+05	5.668573653283412568e+03
4.194000000000000000e+05	2.087831693670304958e+03
4.203000000000000000e+05	2.087831693670304958e+03
4.203000000000000000e+05	1.220959662339941133e+03
4.212000000000000000e+05	1.220959662339941133e+03
4.212000000000000000e+05	4.207138202811338488e+02
4.221000000000000000e+05	4.207138202811338488e+02
4.221000000000000000e+05	2.095131183675952343e+03
4.230000000000000000e+05	2.095131183675952343e+03
4.230000000000000000e+05	8.059315693050157279e+02
4.239000000000000000e+05	8.059315693050157279e+02
4.239000000000000000e+05	6.515637453348608688e+01
4.248000000000000000e+05	6.515637453348608688e+01
4.248000000000000000e+05	1.720858862961540581e+02
4.257000000000000000e+05	1.720858862961540581e+02
4.257000000000000000e+05	-1.845379316800175957e+03
4.266000000000000000e+05	-1.845379316800175957e+03
4.266000000000000000e+05	-5.634131954514305107e+02
4.275000000000000000e+05	-5.634131954514305107e+02
4.275000000000000000e+05	-2.746662053038016893e+02
4.284000000000000000e+05	-2.746662053038016893e+02
4.284000000000000000e+05	2.754679391111403675e+01
4.293000000000000000e+05	2.754679391111403675e+01
4.293000000000000000e+05	-1.664731658018310782e+03
4.302000000000000000e+05	-1.664731658018310782e+03
4.302000000000000000e+05	-5.357795505000976846e+02
4.311000000000000000e+05	-5.357795505000976846e+02
4.311000000000000000e+05	-2.756718372078612447e+02
4.320000000000000000e+05	-2.756718372078612447e+02
4.320000000000000000e+05	2.600514044411829673e+01
4.329000000000000000e+05	2.600514044411829673e+01
4.329000000000000000e+05	-1.611525019267180596e+03
4.338000000000000000e+05	-1.611525019267180596e+03
4.338000000000000000e+05	6.998371953102177940e+02
4.347000000000000000e+05	6.998371953102177940e+02
4.347000000000000000e+05	1.838454227917245589e+02
4.356000000000000000e+05	1.838454227917245589e+02
4.356000000000000000e+05	6.213581562522804234e+02
4.365000000000000000e+05	6.213581562522804234e+02
4.365000000000000000e+05	-1.589972636340691281e+02
4.374000000000000000e+05	-1.589972636340691281e+02
4.374000000000000000e+05	8.717173719173297286e+01
4.383000000000000000e+05	8.717173719173297286e+01
4.383000000000000000e+05	1.150462561112944968e+02
4.392000000000000000e+05	1.150462561112944968e+02
4.392000000000000000e+05	2.170378667863171358e+03
4.401000000000000000e+05	2.170378667863171358e+03
4.401000000000000000e+05	8.903150886020119970e+02
4.410000000000000000e+05	8.903150886020119970e+02
4.410000000000000000e+05	5.305976467800792307e+02
4.419000000000000000e+05	5.305976467800792307e+02
4.419000000000000000e+05	3.964204448140808381e+02
4.428000000000000000e+05	3.964204448140808381e+02
4.428000000000000000e+05	1.116539098696883229e+03
4.437000000000000000e+05	1.116539098696883229e+03
4.437000000000000000e+05	4.507959890402102019e+02
4.446000000000000000e+05	4.507959890402102019e+02
4.446000000000000000e+05	2.842405783243593760e+02
4.455000000000000000e+05	2.842405783243593760e+02
4.455000000000000000e+05	2.185503623211407103e+02
4.464000000000000000e+05	2.185503623211407103e+02
4.464000000000000000e+05	3.524342114608170959e+02
4.473000000000000000e+05	3.524342114608170959e+02
4.473000000000000000e+05	1.985130192760801037e+03
4.482000000000000000e+05	1.985130192760801037e+03
4.482000000000000000e+05	3.303499982718378305e+03
4.491000000000000000e+05	3.303499982718378305e+03
4.491000000000000000e+05	1.297026522423315328e+03
4.500000000000000000e+05	1.297026522423315328e+03
4.500000000000000000e+05	1.351236176215037631e+03
4.509000000000000000e+05	1.351236176215037631e+03
4.509000000000000000e+05	2.337998512394552108e+03
4.518000000000000000e+05	2.337998512394552108e+03
4.518000000000000000e+05	1.801968425379483961e+03
4.527000000000000000e+05	1.801968425379483961e+03
4.527000000000000000e+05	1.872379415640956722e+03
4.536000000000000000e+05	1.872379415640956722e+03
4.536000000000000000e+05	6.332968641222196311e+02
4.545000000000000000e+05	6.332968641222196311e+02
4.545000000000000000e+05	2.210037269228255923e+02
4.554000000000000000e+05	2.210037269228255923e+02
4.554000000000000000e+05	-1.057647068362683058e+03
4.563000000000000000e+05	-1.057647068362683058e+03
4.563000000000000000e+05	-8.476002617736230604e+02
4.572000000000000000e+05	-8.476002617736230604e+02
4.572000000000000000e+05	1.265711600794264996e+03
4.581000000000000000e+05	1.265711600794264996e+03
4.581000000000000000e+05	4.706248633345346207e+03
4.590000000000000000e+05	4.706248633345346207e+03
4.590000000000000000e+05	5.875484952296596020e+03
4.599000000000000000e+05	5.875484952296596020e+03
4.599000000000000000e+05	6.516867760470660869e+03
4.608000000000000000e+05	6.516867760470660869e+03
4.608000000000000000e+05	5.459893899560876889e+03
4.617000000000000000e+05	5.459893899560876889e+03
4.617000000000000000e+05	8.950961587158890325e+03
4.626000000000000000e+05	8.950961587158890325e+03
4.626000000000000000e+05	8.159584605038631707e+03
4.635000000000000000e+05	8.159584605038631707e+03
4.635000000000000000e+05	8.146561968661204446e+03
4.644000000000000000e+05	8.146561968661204446e+03
4.644000000000000000e+05	7.339888252650525828e+03
4.653000000000000000e+05	7.339888252650525828e+03
4.653000000000000000e+05	4.399943470055622129e+03
4.662000000000000000e+05	4.399943470055622129e+03
4.662000000000000000e+05	6.200787558929238003e+03
4.671000000000000000e+05	6.200787558929238003e+03
4.671000000000000000e+05	5.716890861394407693e+03
4.680000000000000000e+05	5.716890861394407693e+03
4.680000000000000000e+05	5.191016770175792772e+03
4.689000000000000000e+05	5.191016770175792772e+03
4.689000000000000000e+05	3.700600996664997183e+03
4.698000000000000000e+05	3.700600996664997183e+03
4.698000000000000000e+05	5.104230700340238400e+03
4.707000000000000000e+05	5.104230700340238400e+03
4.707000000000000000e+05	4.125528426461503841e+03
4.716000000000000000e+05	4.125528426461503841e+03
4.716000000000000000e+05	3.911243046007597513e+03
4.725000000000000000e+05	3.911243046007597513e+03
4.725000000000000000e+05	3.268055339271271350e+03
4.734000000000000000e+05	3.268055339271271350e+03
4.734000000000000000e+05	3.870741415597382002e+03
4.743000000000000000e+05	3.870741415597382002e+03
4.743000000000000000e+05	2.790365562362771016e+03
4.752000000000000000e+05	2.790365562362771016e+03
4.752000000000000000e+05	2.711403091646889152e+03
4.761000000000000000e+05	2.711403091646889152e+03
4.761000000000000000e+05	2.923308712716912851e+03
4.770000000000000000e+05	2.923308712716912851e+03
4.770000000000000000e+05	4.117962810214725323e+03
4.779000000000000000e+05	4.117962810214725323e+03
4.779000000000000000e+05	3.120348236712627113e+03
4.788000000000000000e+05	3.120348236712627113e+03
4.788000000000000000e+05	2.196016009097464121e+03
4.797000000000000000e+05	2.196016009097464121e+03
4.797000000000000000e+05	4.850091136276846555e+03
4.806000000000000000e+05	4.850091136276846555e+03
4.806000000000000000e+05	2.612398357172205579e+03
4.815000000000000000e+05	2.612398357172205579e+03
4.815000000000000000e+05	2.958341635025863070e+03
4.824000000000000000e+05	2.958341635025863070e+03
4.824000000000000000e+05	3.181193918308968932e+03
4.833000000000000000e+05	3.181193918308968932e+03
4.833000000000000000e+05	9.564183835713471353e+02
4.842000000000000000e+05	9.564183835713471353e+02
4.842000000000000000e+05	2.902011925148079172e+03
4.851000000000000000e+05	2.902011925148079172e+03
4.851000000000000000e+05	2.338840780956554227e+03
4.860000000000000000e+05	2.338840780956554227e+03
4.860000000000000000e+05	1.489427270131895057e+03
4.869000000000000000e+05	1.489427270131895057e+03
4.869000000000000000e+05	4.071064779666017330e+03
4.878000000000000000e+05	4.071064779666017330e+03
4.878000000000000000e+05	1.752627048402966466e+03
4.887000000000000000e+05	1.752627048402966466e+03
4.887000000000000000e+05	2.005633452093403321e+03
4.896000000000000000e+05	2.005633452093403321e+03
4.896000000000000000e+05	1.108815507163004440e+03
4.905000000000000000e+05	1.108815507163004440e+03
4.905000000000000000e+05	4.343007310337481613e+03
4.914000000000000000e+05	4.343007310337481613e+03
4.914000000000000000e+05	1.604335800626489799e+03
4.923000000000000000e+05	1.604335800626489799e+03
4.923000000000000000e+05	1.861701659330341499e+03
4.932000000000000000e+05	1.861701659330341499e+03
4.932000000000000000e+05	1.220244944416750513e+03
4.941000000000000000e+05	1.220244944416750513e+03
4.941000000000000000e+05	2.403518003523974585e+03
4.950000000000000000e+05	2.403518003523974585e+03
4.950000000000000000e+05	1.087184610358148348e+03
4.959000000000000000e+05	1.087184610358148348e+03
4.959000000000000000e+05	2.653687452085374389e+03
4.968000000000000000e+05	2.653687452085374389e+03
4.968000000000000000e+05	1.449088927759563376e+03
4.977000000000000000e+05	1.449088927759563376e+03
4.977000000000000000e+05	5.238896118402931279e+02
4.986000000000000000e+05	5.238896118402931279e+02
4.986000000000000000e+05	1.505579905894701369e+03
4.995000000000000000e+05	1.505579905894701369e+03
4.995000000000000000e+05	1.352986307222163305e+03
5.004000000000000000e+05	1.352986307222163305e+03
5.004000000000000000e+05	4.974874575912854198e+02
5.013000000000000000e+05	4.974874575912854198e+02
5.013000000000000000e+05	5.682046131268643876e+03
5.022000000000000000e+05	5.682046131268643876e+03
5.022000000000000000e+05	2.331596194768848363e+03
5.031000000000000000e+05	2.331596194768848363e+03
5.031000000000000000e+05	3.272348947383288760e+03
5.040000000000000000e+05	3.272348947383288760e+03
5.040000000000000000e+05	2.479219236237588120e+03
5.049000000000000000e+05	2.479219236237588120e+03
5.049000000000000000e+05	2.733502330256597361e+03
5.058000000000000000e+05	2.733502330256597361e+03
5.058000000000000000e+05	1.402192566452897154e+03
5.067000000000000000e+05	1.402192566452897154e+03
5.067000000000000000e+05	9.842053676579962485e+02
5.076000000000000000e+05	9.842053676579962485e+02
5.076000000000000000e+05	7.292640767445718666e+02
5.085000000000000000e+05	7.292640767445718666e+02
5.085000000000000000e+05	2.215423060489916679e+03
5.094000000000000000e+05	2.215423060489916679e+03
5.094000000000000000e+05	9.167219540766091086e+02
5.103000000000000000e+05	9.167219540766091086e+02
5.103000000000000000e+05	5.805054012230830267e+02
5.112000000000000000e+05	5.805054012230830267e+02
5.112000000000000000e+05	2.708409592748685100e+02
5.121000000000000000e+05	2.708409592748685100e+02
5.121000000000000000e+05	-1.807027741598160901e+03
5.130000000000000000e+05	-1.807027741598160901e+03
5.130000000000000000e+05	-5.282689644517377019e+02
5.139000000000000000e+05	-5.282689644517377019e+02
5.139000000000000000e+05	-2.456681977497064508e+02
5.148000000000000000e+05	-2.456681977497064508e+02
5.148000000000000000e+05	3.500460905835188896e+01
5.157000000000000000e+05	3.500460905835188896e+01
5.157000000000000000e+05	-1.576386077595895813e+03
5.166000000000000000e+05	-1.576386077595895813e+03
5.166000000000000000e+05	-5.043815506162936799e+02
5.175000000000000000e+05	-5.043815506162936799e+02
5.175000000000000000e+05	-2.576668828953988850e+02
5.184000000000000000e+05	-2.576668828953988850e+02
5.184000000000000000e+05	3.104654073914207402e+01
5.193000000000000000e+05	3.104654073914207402e+01
5.193000000000000000e+05	1.228393036090372789e+03
5.202000000000000000e+05	1.228393036090372789e+03
5.202000000000000000e+05	4.282736941536422819e+02
5.211000000000000000e+05	4.282736941536422819e+02
5.211000000000000000e+05	2.443427596719120629e+02
5.220000000000000000e+05	2.443427596719120629e+02
5.220000000000000000e+05	3.577788515015035955e+02
5.229000000000000000e+05	3.577788515015035955e+02
5.229000000000000000e+05	-3.486014620365941852e+01
5.238000000000000000e+05	-3.486014620365941852e+01
5.238000000000000000e+05	7.408642852283082902e+01
5.247000000000000000e+05	7.408642852283082902e+01
5.247000000000000000e+05	8.350027183641213924e+01
5.256000000000000000e+05	8.350027183641213924e+01
5.256000000000000000e+05	1.714175781588419341e+02
5.265000000000000000e+05	1.714175781588419341e+02
5.265000000000000000e+05	8.313938179663515484e+02
5.274000000000000000e+05	8.313938179663515484e+02
5.274000000000000000e+05	6.868376564718200825e+02
5.283000000000000000e+05	6.868376564718200825e+02
5.283000000000000000e+05	7.277931118372362107e+02
5.292000000000000000e+05	7.277931118372362107e+02
5.292000000000000000e+05	1.831205216573724101e+03
5.301000000000000000e+05	1.831205216573724101e+03
5.301000000000000000e+05	7.458655107149835430e+02
5.310000000000000000e+05	7.458655107149835430e+02
5.310000000000000000e+05	2.274215814186958596e+03
5.319000000000000000e+05	2.274215814186958596e+03
5.319000000000000000e+05	9.592156047717435285e+02
5.328000000000000000e+05	9.592156047717435285e+02
5.328000000000000000e+05	1.122337789754934420e+03
5.337000000000000000e+05	1.122337789754934420e+03
5.337000000000000000e+05	2.064135040669316368e+03
5.346000000000000000e+05	2.064135040669316368e+03
5.346000000000000000e+05	9.336024104914977215e+02
5.355000000000000000e+05	9.336024104914977215e+02
5.355000000000000000e+05	2.424900958954123780e+03
5.364000000000000000e+05	2.424900958954123780e+03
5.364000000000000000e+05	1.946247084089094642e+03
5.373000000000000000e+05	1.946247084089094642e+03
5.373000000000000000e+05	3.310946171075169104e+02
5.382000000000000000e+05	3.310946171075169104e+02
5.382000000000000000e+05	1.846042530899576377e+03
5.391000000000000000e+05	1.846042530899576377e+03
5.391000000000000000e+05	1.694235395158815663e+03
5.400000000000000000e+05	1.694235395158815663e+03
5.400000000000000000e+05	1.177173818846910763e+03
5.409000000000000000e+05	1.177173818846910763e+03
5.409000000000000000e+05	1.298763145099360827e+03
5.418000000000000000e+05	1.298763145099360827e+03
5.418000000000000000e+05	7.007213185197324492e+02
5.427000000000000000e+05	7.007213185197324492e+02
5.427000000000000000e+05	4.990293862679973245e+02
5.436000000000000000e+05	4.990293862679973245e+02
5.436000000000000000e+05	7.278021677201813873e+02
5.445000000000000000e+05	7.278021677201813873e+02
5.445000000000000000e+05	4.337940947917219091e+03
5.454000000000000000e+05	4.337940947917219091e+03
5.454000000000000000e+05	5.693711963685811497e+03
5.463000000000000000e+05	5.693711963685811497e+03
5.463000000000000000e+05	6.392316077377879992e+03
5.472000000000000000e+05	6.392316077377879992e+03
5.472000000000000000e+05	5.209813448126111325e+03
5.481000000000000000e+05	5.209813448126111325e+03
5.481000000000000000e+05	9.997692494365637685e+03
5.490000000000000000e+05	9.997692494365637685e+03
5.490000000000000000e+05	8.467709762322774623e+03
5.499000000000000000e+05	8.467709762322774623e+03
5.499000000000000000e+05	8.293963590684928931e+03
5.508000000000000000e+05	8.293963590684928931e+03
5.508000000000000000e+05	4.846444138650032983e+03
5.517000000000000000e+05	4.846444138650032983e+03
5.517000000000000000e+05	7.894694271287300580e+03
5.526000000000000000e+05	7.894694271287300580e+03
5.526000000000000000e+05	6.081537436415848788e+03
5.535000000000000000e+05	6.081537436415848788e+03
5.535000000000000000e+05	5.692440934031154029e+03
5.544000000000000000e+05	5.692440934031154029e+03
5.544000000000000000e+05	5.141763777961641608e+03
5.553000000000000000e+05	5.141763777961641608e+03
5.553000000000000000e+05	3.758438812572795086e+03
5.562000000000000000e+05	3.758438812572795086e+03
5.562000000000000000e+05	4.496168499082850758e+03
5.571000000000000000e+05	4.496168499082850758e+03
5.571000000000000000e+05	4.168197629582660738e+03
5.580000000000000000e+05	4.168197629582660738e+03
5.580000000000000000e+05	3.768428712808216005e+03
5.589000000000000000e+05	3.768428712808216005e+03
5.589000000000000000e+05	3.180618681997542353e+03
5.598000000000000000e+05	3.180618681997542353e+03
5.598000000000000000e+05	1.794961281348834746e+03
5.607000000000000000e+05	1.794961281348834746e+03
5.607000000000000000e+05	5.302169296523614321e+03
5.616000000000000000e+05	5.302169296523614321e+03
5.616000000000000000e+05	3.351646887835999223e+03
5.625000000000000000e+05	3.351646887835999223e+03
5.625000000000000000e+05	2.935454958732622345e+03
5.634000000000000000e+05	2.935454958732622345e+03
5.634000000000000000e+05	3.775370418696082197e+03
5.643000000000000000e+05	3.775370418696082197e+03
5.643000000000000000e+05	3.140111907244427130e+03
5.652000000000000000e+05	3.140111907244427130e+03
5.652000000000000000e+05	2.609596252470766558e+03
5.661000000000000000e+05	2.609596252470766558e+03
5.661000000000000000e+05	4.289095107935884698e+03
5.670000000000000000e+05	4.289095107935884698e+03
5.670000000000000000e+05	2.612551407380320597e+03
5.679000000000000000e+05	2.612551407380320597e+03
5.679000000000000000e+05	2.823092268107691780e+03
5.688000000000000000e+05	2.823092268107691780e+03
5.688000000000000000e+05	1.851558574300361215e+03
5.697000000000000000e+05	1.851558574300361215e+03
5.697000000000000000e+05	6.339697730728535134e+03
5.706000000000000000e+05	6.339697730728535134e+03
5.706000000000000000e+05	2.157498142850876320e+03
5.715000000000000000e+05	2.157498142850876320e+03
5.715000000000000000e+05	2.868437304659921210e+03
5.724000000000000000e+05	2.868437304659921210e+03
5.724000000000000000e+05	1.431638669055831997e+03
5.733000000000000000e+05	1.431638669055831997e+03
5.733000000000000000e+05	6.029312131429600413e+03
5.742000000000000000e+05	6.029312131429600413e+03
5.742000000000000000e+05	1.987643242020101752e+03
5.751000000000000000e+05	1.987643242020101752e+03
5.751000000000000000e+05	2.474777912325807847e+03
5.760000000000000000e+05	2.474777912325807847e+03
5.760000000000000000e+05	2.417108368633880673e+03
5.769000000000000000e+05	2.417108368633880673e+03
5.769000000000000000e+05	1.891908876557366284e+03
5.778000000000000000e+05	1.891908876557366284e+03
5.778000000000000000e+05	1.968227459122543223e+03
5.787000000000000000e+05	1.968227459122543223e+03
5.787000000000000000e+05	2.191177962053625379e+03
5.796000000000000000e+05	2.191177962053625379e+03
5.796000000000000000e+05	9.950046541056854039e+02
5.805000000000000000e+05	9.950046541056854039e+02
5.805000000000000000e+05	5.139109772750194679e+03
5.814000000000000000e+05	5.139109772750194679e+03
5.814000000000000000e+05	1.090374578279675916e+03
5.823000000000000000e+05	1.090374578279675916e+03
5.823000000000000000e+05	3.461387600826565176e+03
5.832000000000000000e+05	3.461387600826565176e+03
5.832000000000000000e+05	2.278035072948146990e+03
5.841000000000000000e+05	2.278035072948146990e+03
5.841000000000000000e+05	-4.866994178708773120e+02
5.850000000000000000e+05	-4.866994178708773120e+02
5.850000000000000000e+05	2.062327085384225938e+03
5.859000000000000000e+05	2.062327085384225938e+03
5.859000000000000000e+05	1.656697488211328164e+03
5.868000000000000000e+05	1.656697488211328164e+03
5.868000000000000000e+05	7.638984629901897279e+02
5.877000000000000000e+05	7.638984629901897279e+02
5.877000000000000000e+05	5.239742019795203305e+03
5.886000000000000000e+05	5.239742019795203305e+03
5.886000000000000000e+05	2.561253167923656292e+03
5.895000000000000000e+05	2.561253167923656292e+03
5.895000000000000000e+05	3.283402800553885754e+03
5.904000000000000000e+05	3.283402800553885754e+03
5.904000000000000000e+05	2.429337288638702375e+03
5.913000000000000000e+05	2.429337288638702375e+03
5.913000000000000000e+05	2.731043764601178282e+03
5.922000000000000000e+05	2.731043764601178282e+03
5.922000000000000000e+05	1.392425382137123961e+03
5.931000000000000000e+05	1.392425382137123961e+03
5.931000000000000000e+05	9.761068841066444293e+02
5.940000000000000000e+05	9.761068841066444293e+02
5.940000000000000000e+05	7.252442398730172499e+02
5.949000000000000000e+05	7.252442398730172499e+02
5.949000000000000000e+05	2.215864363331701952e+03
5.958000000000000000e+05	2.215864363331701952e+03
5.958000000000000000e+05	9.184314598155906424e+02
5.967000000000000000e+05	9.184314598155906424e+02
5.967000000000000000e+05	5.832470329972566105e+02
5.976000000000000000e+05	5.832470329972566105e+02
5.976000000000000000e+05	2.770920684511183936e+02
5.985000000000000000e+05	2.770920684511183936e+02
5.985000000000000000e+05	-1.802590038097632487e+03
5.994000000000000000e+05	-1.802590038097632487e+03
5.994000000000000000e+05	-5.229246453394880518e+02
6.003000000000000000e+05	-5.229246453394880518e+02
6.003000000000000000e+05	-2.399759602446574718e+02
6.012000000000000000e+05	-2.399759602446574718e+02
6.012000000000000000e+05	3.816797518704606773e+01
6.021000000000000000e+05	3.816797518704606773e+01
6.021000000000000000e+05	1.205423929026969972e+03
6.030000000000000000e+05	1.205423929026969972e+03
6.030000000000000000e+05	4.261998161189840175e+02
6.039000000000000000e+05	4.261998161189840175e+02
6.039000000000000000e+05	2.469339950073044747e+02
6.048000000000000000e+05	2.469339950073044747e+02
