# #1
# double t_DHW(1344, 2)
0.000000000000000000e+00	3.231499999999999773e+02
9.000000000000000000e+02	3.231499999999999773e+02
9.000000000000000000e+02	3.231380000000000337e+02
1.800000000000000000e+03	3.231380000000000337e+02
1.800000000000000000e+03	3.231260045000000218e+02
2.700000000000000000e+03	3.231260045000000218e+02
2.700000000000000000e+03	3.231140134983125449e+02
3.600000000000000000e+03	3.231140134983125449e+02
3.600000000000000000e+03	3.230506284580427518e+02
4.500000000000000000e+03	3.230506284580427518e+02
4.500000000000000000e+03	3.230386657223709790e+02
5.400000000000000000e+03	3.230386657223709790e+02
5.400000000000000000e+03	3.230267074727250929e+02
6.300000000000000000e+03	3.230267074727250929e+02
6.300000000000000000e+03	3.230147537074228126e+02
7.200000000000000000e+03	3.230147537074228126e+02
7.200000000000000000e+03	3.229515792566024857e+02
8.100000000000000000e+03	3.229515792566024857e+02
8.100000000000000000e+03	3.229396536643812397e+02
9.000000000000000000e+03	3.229396536643812397e+02
9.000000000000000000e+03	3.229277325442569690e+02
9.900000000000000000e+03	3.229277325442569690e+02
9.900000000000000000e+03	3.229158158945527362e+02
1.080000000000000000e+04	3.229158158945527362e+02
1.080000000000000000e+04	3.228528407749165581e+02
1.170000000000000000e+04	3.228528407749165581e+02
1.170000000000000000e+04	3.228409522096259821e+02
1.260000000000000000e+04	3.228409522096259821e+02
1.260000000000000000e+04	3.228290681025472395e+02
1.350000000000000000e+04	3.228290681025472395e+02
1.350000000000000000e+04	3.228171884520086792e+02
1.440000000000000000e+04	3.228171884520086792e+02
1.440000000000000000e+04	3.227544120034336288e+02
1.530000000000000000e+04	3.227544120034336288e+02
1.530000000000000000e+04	3.227425603489323294e+02
1.620000000000000000e+04	3.227425603489323294e+02
1.620000000000000000e+04	3.227307131388013772e+02
1.710000000000000000e+04	3.227307131388013772e+02
1.710000000000000000e+04	3.227188703713742370e+02
1.800000000000000000e+04	3.227188703713742370e+02
1.800000000000000000e+04	3.226562919310761686e+02
1.890000000000000000e+04	3.226562919310761686e+02
1.890000000000000000e+04	3.226444770716018979e+02
1.980000000000000000e+04	3.226444770716018979e+02
1.980000000000000000e+04	3.226326666427000873e+02
2.070000000000000000e+04	3.226326666427000873e+02
2.070000000000000000e+04	3.226208606427090899e+02
2.160000000000000000e+04	3.226208606427090899e+02
2.160000000000000000e+04	3.225584795553629647e+02
2.250000000000000000e+04	3.225584795553629647e+02
2.250000000000000000e+04	3.225467013755297216e+02
2.340000000000000000e+04	3.225467013755297216e+02
2.340000000000000000e+04	3.226059802440923931e+02
2.430000000000000000e+04	3.226059802440923931e+02
2.430000000000000000e+04	3.226652368830795012e+02
2.520000000000000000e+04	3.226652368830795012e+02
2.520000000000000000e+04	3.240125101995649288e+02
2.610000000000000000e+04	3.240125101995649288e+02
2.610000000000000000e+04	3.163501867132400776e+02
2.700000000000000000e+04	3.163501867132400776e+02
2.700000000000000000e+04	3.164117892748015493e+02
2.790000000000000000e+04	3.164117892748015493e+02
2.790000000000000000e+04	3.163833687354022004e+02
2.880000000000000000e+04	3.163833687354022004e+02
2.880000000000000000e+04	3.170043148334920033e+02
2.970000000000000000e+04	3.170043148334920033e+02
2.970000000000000000e+04	3.169046194654293913e+02
3.060000000000000000e+04	3.169046194654293913e+02
3.060000000000000000e+04	3.168049614831298300e+02
3.150000000000000000e+04	3.168049614831298300e+02
3.150000000000000000e+04	3.167053408725733448e+02
3.240000000000000000e+04	3.167053408725733448e+02
3.240000000000000000e+04	3.165739263063707085e+02
3.330000000000000000e+04	3.165739263063707085e+02
3.330000000000000000e+04	3.164743923340058132e+02
3.420000000000000000e+04	3.164743923340058132e+02
3.420000000000000000e+04	3.164648956868805385e+02
3.510000000000000000e+04	3.164648956868805385e+02
3.510000000000000000e+04	3.163654026009977542e+02
3.600000000000000000e+04	3.163654026009977542e+02
3.600000000000000000e+04	3.163170448302098521e+02
3.690000000000000000e+04	3.163170448302098521e+02
3.690000000000000000e+04	3.163076071883984923e+02
3.780000000000000000e+04	3.163076071883984923e+02
3.780000000000000000e+04	3.162981730857028424e+02
3.870000000000000000e+04	3.162981730857028424e+02
3.870000000000000000e+04	3.162687425227957192e+02
3.960000000000000000e+04	3.162687425227957192e+02
3.960000000000000000e+04	3.162182932637588237e+02
4.050000000000000000e+04	3.162182932637588237e+02
4.050000000000000000e+04	3.162088926537849147e+02
4.140000000000000000e+04	3.162088926537849147e+02
4.140000000000000000e+04	3.161994955690397546e+02
4.230000000000000000e+04	3.161994955690397546e+02
4.230000000000000000e+04	3.161001020082011337e+02
4.320000000000000000e+04	3.161001020082011337e+02
4.320000000000000000e+04	3.159615903411928457e+02
4.410000000000000000e+04	3.159615903411928457e+02
4.410000000000000000e+04	3.159522859948148152e+02
4.500000000000000000e+04	3.159522859948148152e+02
4.500000000000000000e+04	3.159429851375667795e+02
4.590000000000000000e+04	3.159429851375667795e+02
4.590000000000000000e+04	3.159336877681402029e+02
4.680000000000000000e+04	3.159336877681402029e+02
4.680000000000000000e+04	3.159593069261635492e+02
4.770000000000000000e+04	3.159593069261635492e+02
4.770000000000000000e+04	3.159500034360662539e+02
4.860000000000000000e+04	3.159500034360662539e+02
4.860000000000000000e+04	3.159407034347777312e+02
4.950000000000000000e+04	3.159407034347777312e+02
4.950000000000000000e+04	3.159314069209895024e+02
5.040000000000000000e+04	3.159314069209895024e+02
5.040000000000000000e+04	3.158947759358127314e+02
5.130000000000000000e+04	3.158947759358127314e+02
5.130000000000000000e+04	3.158854966448367918e+02
5.220000000000000000e+04	3.158854966448367918e+02
5.220000000000000000e+04	3.158762208335949708e+02
5.310000000000000000e+04	3.158762208335949708e+02
5.310000000000000000e+04	3.176803921711717180e+02
5.400000000000000000e+04	3.176803921711717180e+02
5.400000000000000000e+04	3.155538842968802555e+02
5.490000000000000000e+04	3.155538842968802555e+02
5.490000000000000000e+04	3.155447328402689777e+02
5.580000000000000000e+04	3.155447328402689777e+02
5.580000000000000000e+04	3.155355848154538876e+02
5.670000000000000000e+04	3.155355848154538876e+02
5.670000000000000000e+04	3.154364402211477909e+02
5.760000000000000000e+04	3.154364402211477909e+02
5.760000000000000000e+04	3.153887795279079000e+02
5.850000000000000000e+04	3.153887795279079000e+02
5.850000000000000000e+04	3.153796899855849460e+02
5.940000000000000000e+04	3.153796899855849460e+02
5.940000000000000000e+04	3.153706038518403716e+02
6.030000000000000000e+04	3.153706038518403716e+02
6.030000000000000000e+04	3.152715211253959069e+02
6.120000000000000000e+04	3.152715211253959069e+02
6.120000000000000000e+04	3.152241314500232647e+02
6.210000000000000000e+04	3.152241314500232647e+02
6.210000000000000000e+04	3.152151036507295316e+02
6.300000000000000000e+04	3.152151036507295316e+02
6.300000000000000000e+04	3.152060792368604893e+02
6.390000000000000000e+04	3.152060792368604893e+02
6.390000000000000000e+04	3.151970582071467106e+02
6.480000000000000000e+04	3.151970582071467106e+02
6.480000000000000000e+04	3.151497465008252448e+02
6.570000000000000000e+04	3.151497465008252448e+02
6.570000000000000000e+04	3.148752465958874041e+02
6.660000000000000000e+04	3.148752465958874041e+02
6.660000000000000000e+04	3.149174022619928905e+02
6.750000000000000000e+04	3.149174022619928905e+02
6.750000000000000000e+04	3.148884894881446712e+02
6.840000000000000000e+04	3.148884894881446712e+02
6.840000000000000000e+04	3.148930551418537789e+02
6.930000000000000000e+04	3.148930551418537789e+02
6.930000000000000000e+04	3.147941514961755729e+02
7.020000000000000000e+04	3.147941514961755729e+02
7.020000000000000000e+04	3.147852849393644874e+02
7.110000000000000000e+04	3.147852849393644874e+02
7.110000000000000000e+04	3.147764217075122701e+02
7.200000000000000000e+04	3.147764217075122701e+02
7.200000000000000000e+04	3.161341008422151049e+02
7.290000000000000000e+04	3.161341008422151049e+02
7.290000000000000000e+04	3.161247318043992891e+02
7.380000000000000000e+04	3.161247318043992891e+02
7.380000000000000000e+04	3.161153662799726476e+02
7.470000000000000000e+04	3.161153662799726476e+02
7.470000000000000000e+04	3.154660042236176878e+02
7.560000000000000000e+04	3.154660042236176878e+02
7.560000000000000000e+04	3.154584148622190014e+02
7.650000000000000000e+04	3.154584148622190014e+02
7.650000000000000000e+04	3.154492992066456054e+02
7.740000000000000000e+04	3.154492992066456054e+02
7.740000000000000000e+04	3.153501869694430866e+02
7.830000000000000000e+04	3.153501869694430866e+02
7.830000000000000000e+04	3.133811118853295739e+02
7.920000000000000000e+04	3.133811118853295739e+02
7.920000000000000000e+04	3.133593264528217901e+02
8.010000000000000000e+04	3.133593264528217901e+02
8.010000000000000000e+04	3.133509979554019083e+02
8.100000000000000000e+04	3.133509979554019083e+02
8.100000000000000000e+04	3.133426725811686424e+02
8.190000000000000000e+04	3.133426725811686424e+02
8.190000000000000000e+04	3.133343503289506202e+02
8.280000000000000000e+04	3.133343503289506202e+02
8.280000000000000000e+04	3.132914629289522850e+02
8.370000000000000000e+04	3.132914629289522850e+02
8.370000000000000000e+04	3.132831598803538782e+02
8.460000000000000000e+04	3.132831598803538782e+02
8.460000000000000000e+04	3.132748599453987595e+02
8.550000000000000000e+04	3.132748599453987595e+02
8.550000000000000000e+04	3.132665631229192513e+02
8.640000000000000000e+04	3.132665631229192513e+02
8.640000000000000000e+04	3.132238000881485505e+02
8.730000000000000000e+04	3.132238000881485505e+02
8.730000000000000000e+04	3.132155224131154796e+02
8.820000000000000000e+04	3.132155224131154796e+02
8.820000000000000000e+04	3.132072478422105632e+02
8.910000000000000000e+04	3.132072478422105632e+02
8.910000000000000000e+04	3.131989763742697619e+02
9.000000000000000000e+04	3.131989763742697619e+02
9.000000000000000000e+04	3.131563374438256346e+02
9.090000000000000000e+04	3.131563374438256346e+02
9.090000000000000000e+04	3.131480850672842280e+02
9.180000000000000000e+04	3.131480850672842280e+02
9.180000000000000000e+04	3.132108884169629164e+02
9.270000000000000000e+04	3.132108884169629164e+02
9.270000000000000000e+04	3.132736682153854986e+02
9.360000000000000000e+04	3.132736682153854986e+02
9.360000000000000000e+04	3.142142402749232133e+02
9.450000000000000000e+04	3.142142402749232133e+02
9.450000000000000000e+04	3.142055911848200935e+02
9.540000000000000000e+04	3.142055911848200935e+02
9.540000000000000000e+04	3.141969453381257722e+02
9.630000000000000000e+04	3.141969453381257722e+02
9.630000000000000000e+04	3.141883027336240275e+02
9.720000000000000000e+04	3.141883027336240275e+02
9.720000000000000000e+04	3.141483721042328625e+02
9.810000000000000000e+04	3.141483721042328625e+02
9.810000000000000000e+04	3.141397477146937831e+02
9.900000000000000000e+04	3.141397477146937831e+02
9.900000000000000000e+04	3.141311265593007533e+02
9.990000000000000000e+04	3.141311265593007533e+02
9.990000000000000000e+04	3.165115432815088639e+02
1.008000000000000000e+05	3.165115432815088639e+02
1.008000000000000000e+05	3.166671508295121953e+02
1.017000000000000000e+05	3.166671508295121953e+02
1.017000000000000000e+05	3.166575818979511041e+02
1.026000000000000000e+05	3.166575818979511041e+02
1.026000000000000000e+05	3.166480165547393995e+02
1.035000000000000000e+05	3.166480165547393995e+02
1.035000000000000000e+05	3.166384547985313702e+02
1.044000000000000000e+05	3.166384547985313702e+02
1.044000000000000000e+05	3.166468530885236419e+02
1.053000000000000000e+05	3.166468530885236419e+02
1.053000000000000000e+05	3.166372917686154551e+02
1.062000000000000000e+05	3.166372917686154551e+02
1.062000000000000000e+05	3.195124708763074750e+02
1.071000000000000000e+05	3.195124708763074750e+02
1.071000000000000000e+05	3.195018349497289023e+02
1.080000000000000000e+05	3.195018349497289023e+02
1.080000000000000000e+05	3.164721182155303723e+02
1.089000000000000000e+05	3.164721182155303723e+02
1.089000000000000000e+05	3.214307311983842510e+02
1.098000000000000000e+05	3.214307311983842510e+02
1.098000000000000000e+05	3.245777663324949458e+02
1.107000000000000000e+05	3.245777663324949458e+02
1.107000000000000000e+05	3.245652309201203138e+02
1.116000000000000000e+05	3.245652309201203138e+02
1.116000000000000000e+05	3.203375111065510623e+02
1.125000000000000000e+05	3.203375111065510623e+02
1.125000000000000000e+05	3.174365657728861265e+02
1.134000000000000000e+05	3.174365657728861265e+02
1.134000000000000000e+05	3.174267083107213239e+02
1.143000000000000000e+05	3.174267083107213239e+02
1.143000000000000000e+05	3.173268545451047657e+02
1.152000000000000000e+05	3.173268545451047657e+02
1.152000000000000000e+05	3.173266739027097287e+02
1.161000000000000000e+05	3.173266739027097287e+02
1.161000000000000000e+05	3.172268576499961910e+02
1.170000000000000000e+05	3.172268576499961910e+02
1.170000000000000000e+05	3.171270788283774209e+02
1.179000000000000000e+05	3.171270788283774209e+02
1.179000000000000000e+05	3.170273374238167889e+02
1.188000000000000000e+05	3.170273374238167889e+02
1.188000000000000000e+05	3.168880902377813982e+02
1.197000000000000000e+05	3.168880902377813982e+02
1.197000000000000000e+05	3.167884384539422058e+02
1.206000000000000000e+05	3.167884384539422058e+02
1.206000000000000000e+05	3.168498766711009011e+02
1.215000000000000000e+05	3.168498766711009011e+02
1.215000000000000000e+05	3.168212918489281833e+02
1.224000000000000000e+05	3.168212918489281833e+02
1.224000000000000000e+05	3.177405154044645315e+02
1.233000000000000000e+05	3.177405154044645315e+02
1.233000000000000000e+05	3.177305439611878342e+02
1.242000000000000000e+05	3.177305439611878342e+02
1.242000000000000000e+05	3.177205762572023673e+02
1.251000000000000000e+05	3.177205762572023673e+02
1.251000000000000000e+05	3.176906122931059713e+02
1.260000000000000000e+05	3.176906122931059713e+02
1.260000000000000000e+05	3.176432147147288561e+02
1.269000000000000000e+05	3.176432147147288561e+02
1.269000000000000000e+05	3.176332797592108363e+02
1.278000000000000000e+05	3.176332797592108363e+02
1.278000000000000000e+05	3.176233485293011540e+02
1.287000000000000000e+05	3.176233485293011540e+02
1.287000000000000000e+05	3.175234210236026797e+02
1.296000000000000000e+05	3.175234210236026797e+02
1.296000000000000000e+05	3.173827314451672237e+02
1.305000000000000000e+05	3.173827314451672237e+02
1.305000000000000000e+05	3.173728941708752700e+02
1.314000000000000000e+05	3.173728941708752700e+02
1.314000000000000000e+05	3.173630605855611861e+02
1.323000000000000000e+05	3.173630605855611861e+02
1.323000000000000000e+05	3.173532306878416307e+02
1.332000000000000000e+05	3.173532306878416307e+02
1.332000000000000000e+05	3.171426062305190499e+02
1.341000000000000000e+05	3.171426062305190499e+02
1.341000000000000000e+05	3.171328590031826025e+02
1.350000000000000000e+05	3.171328590031826025e+02
1.350000000000000000e+05	3.171231154310564193e+02
1.359000000000000000e+05	3.171231154310564193e+02
1.359000000000000000e+05	3.171133755127697782e+02
1.368000000000000000e+05	3.171133755127697782e+02
1.368000000000000000e+05	3.169140561722240932e+02
1.377000000000000000e+05	3.169140561722240932e+02
1.377000000000000000e+05	3.169043946511594640e+02
1.386000000000000000e+05	3.169043946511594640e+02
1.386000000000000000e+05	3.218434048512302184e+02
1.395000000000000000e+05	3.218434048512302184e+02
1.395000000000000000e+05	3.211763948244109770e+02
1.404000000000000000e+05	3.211763948244109770e+02
1.404000000000000000e+05	3.160167049239451558e+02
1.413000000000000000e+05	3.160167049239451558e+02
1.413000000000000000e+05	3.185021799095987376e+02
1.422000000000000000e+05	3.185021799095987376e+02
1.422000000000000000e+05	3.184919228421326238e+02
1.431000000000000000e+05	3.184919228421326238e+02
1.431000000000000000e+05	3.208864696210667944e+02
1.440000000000000000e+05	3.208864696210667944e+02
1.440000000000000000e+05	3.217081721909593170e+02
1.449000000000000000e+05	3.217081721909593170e+02
1.449000000000000000e+05	3.233696689088134804e+02
1.458000000000000000e+05	3.233696689088134804e+02
1.458000000000000000e+05	3.233575865329726753e+02
1.467000000000000000e+05	3.233575865329726753e+02
1.467000000000000000e+05	3.232555086880228146e+02
1.476000000000000000e+05	3.232555086880228146e+02
1.476000000000000000e+05	3.226407419892556163e+02
1.485000000000000000e+05	3.226407419892556163e+02
1.485000000000000000e+05	3.226289329610096388e+02
1.494000000000000000e+05	3.226289329610096388e+02
1.494000000000000000e+05	3.232906696831905151e+02
1.503000000000000000e+05	3.232906696831905151e+02
1.503000000000000000e+05	3.232786169320593217e+02
1.512000000000000000e+05	3.232786169320593217e+02
1.512000000000000000e+05	3.220940179738685742e+02
1.521000000000000000e+05	3.220940179738685742e+02
1.521000000000000000e+05	3.219924139671283569e+02
1.530000000000000000e+05	3.219924139671283569e+02
1.530000000000000000e+05	3.238642917342800160e+02
1.539000000000000000e+05	3.238642917342800160e+02
1.539000000000000000e+05	3.238320238768796457e+02
1.548000000000000000e+05	3.238320238768796457e+02
1.548000000000000000e+05	3.216565928156836662e+02
1.557000000000000000e+05	3.216565928156836662e+02
1.557000000000000000e+05	3.234585965137669632e+02
1.566000000000000000e+05	3.234585965137669632e+02
1.566000000000000000e+05	3.234464807900743040e+02
1.575000000000000000e+05	3.234464807900743040e+02
1.575000000000000000e+05	3.234343696097780594e+02
1.584000000000000000e+05	3.234343696097780594e+02
1.584000000000000000e+05	3.211559776228014584e+02
1.593000000000000000e+05	3.211559776228014584e+02
1.593000000000000000e+05	3.229388397020618982e+02
1.602000000000000000e+05	3.229388397020618982e+02
1.602000000000000000e+05	3.229269188871736560e+02
1.611000000000000000e+05	3.229269188871736560e+02
1.611000000000000000e+05	3.222750024985909363e+02
1.620000000000000000e+05	3.222750024985909363e+02
1.620000000000000000e+05	3.201034384711463758e+02
1.629000000000000000e+05	3.201034384711463758e+02
1.629000000000000000e+05	3.200925809317197945e+02
1.638000000000000000e+05	3.200925809317197945e+02
1.638000000000000000e+05	3.221499999999999773e+02
1.647000000000000000e+05	3.221499999999999773e+02
1.647000000000000000e+05	3.158383749550000061e+02
1.656000000000000000e+05	3.158383749550000061e+02
1.656000000000000000e+05	3.154091424137209856e+02
1.665000000000000000e+05	3.154091424137209856e+02
1.665000000000000000e+05	3.154000452353158153e+02
1.674000000000000000e+05	3.154000452353158153e+02
1.674000000000000000e+05	3.153909514683525686e+02
1.683000000000000000e+05	3.153909514683525686e+02
1.683000000000000000e+05	3.153818611115519275e+02
1.692000000000000000e+05	3.153818611115519275e+02
1.692000000000000000e+05	3.153354071195084884e+02
1.701000000000000000e+05	3.153354071195084884e+02
1.701000000000000000e+05	3.153263375918386942e+02
1.710000000000000000e+05	3.153263375918386942e+02
1.710000000000000000e+05	3.153172714652417312e+02
1.719000000000000000e+05	3.153172714652417312e+02
1.719000000000000000e+05	3.153082087384420902e+02
1.728000000000000000e+05	3.153082087384420902e+02
1.728000000000000000e+05	3.152618838391233567e+02
1.737000000000000000e+05	3.152618838391233567e+02
1.737000000000000000e+05	3.152528418826836401e+02
1.746000000000000000e+05	3.152528418826836401e+02
1.746000000000000000e+05	3.152438033169776190e+02
1.755000000000000000e+05	3.152438033169776190e+02
1.755000000000000000e+05	3.152347681407335926e+02
1.764000000000000000e+05	3.152347681407335926e+02
1.764000000000000000e+05	3.151885721474453703e+02
1.773000000000000000e+05	3.151885721474453703e+02
1.773000000000000000e+05	3.151795576828900494e+02
1.782000000000000000e+05	3.151795576828900494e+02
1.782000000000000000e+05	3.152415992303378971e+02
1.791000000000000000e+05	3.152415992303378971e+02
1.791000000000000000e+05	3.152325648806265690e+02
1.800000000000000000e+05	3.152325648806265690e+02
1.800000000000000000e+05	3.161264771087913914e+02
1.809000000000000000e+05	3.161264771087913914e+02
1.809000000000000000e+05	3.161171109298755937e+02
1.818000000000000000e+05	3.161171109298755937e+02
1.818000000000000000e+05	3.175767880727799479e+02
1.827000000000000000e+05	3.175767880727799479e+02
1.827000000000000000e+05	3.175668780272526988e+02
1.836000000000000000e+05	3.175668780272526988e+02
1.836000000000000000e+05	3.164836819686030367e+02
1.845000000000000000e+05	3.164836819686030367e+02
1.845000000000000000e+05	3.179662871010226581e+02
1.854000000000000000e+05	3.179662871010226581e+02
1.854000000000000000e+05	3.179562309933597817e+02
1.863000000000000000e+05	3.179562309933597817e+02
1.863000000000000000e+05	3.222519681304215169e+02
1.872000000000000000e+05	3.222519681304215169e+02
1.872000000000000000e+05	3.231804876218486697e+02
1.881000000000000000e+05	3.231804876218486697e+02
1.881000000000000000e+05	3.231684761889904394e+02
1.890000000000000000e+05	3.231684761889904394e+02
1.890000000000000000e+05	3.242615841155867997e+02
1.899000000000000000e+05	3.242615841155867997e+02
1.899000000000000000e+05	3.242491672715434561e+02
1.908000000000000000e+05	3.242491672715434561e+02
1.908000000000000000e+05	3.233265354023907889e+02
1.917000000000000000e+05	3.233265354023907889e+02
1.917000000000000000e+05	3.262347507182677191e+02
1.926000000000000000e+05	3.262347507182677191e+02
1.926000000000000000e+05	3.262215939367483770e+02
1.935000000000000000e+05	3.262215939367483770e+02
1.935000000000000000e+05	3.262084420890221281e+02
1.944000000000000000e+05	3.262084420890221281e+02
1.944000000000000000e+05	3.228053556442998797e+02
1.953000000000000000e+05	3.228053556442998797e+02
1.953000000000000000e+05	3.246969285563226322e+02
1.962000000000000000e+05	3.246969285563226322e+02
1.962000000000000000e+05	3.261690161301028184e+02
1.971000000000000000e+05	3.261690161301028184e+02
1.971000000000000000e+05	3.261558839990540264e+02
1.980000000000000000e+05	3.261558839990540264e+02
1.980000000000000000e+05	3.250054640236095338e+02
1.989000000000000000e+05	3.250054640236095338e+02
1.989000000000000000e+05	3.221027682076006613e+02
1.998000000000000000e+05	3.221027682076006613e+02
1.998000000000000000e+05	3.220911609195228493e+02
2.007000000000000000e+05	3.220911609195228493e+02
2.007000000000000000e+05	3.219895579841780204e+02
2.016000000000000000e+05	3.219895579841780204e+02
2.016000000000000000e+05	3.219805135796107152e+02
2.025000000000000000e+05	3.219805135796107152e+02
2.025000000000000000e+05	3.218789521370183024e+02
2.034000000000000000e+05	3.218789521370183024e+02
2.034000000000000000e+05	3.217774287799668969e+02
2.043000000000000000e+05	3.217774287799668969e+02
2.043000000000000000e+05	3.216759434941744189e+02
2.052000000000000000e+05	3.216759434941744189e+02
2.052000000000000000e+05	3.235280936163528054e+02
2.061000000000000000e+05	3.235280936163528054e+02
2.061000000000000000e+05	3.234259518312466639e+02
2.070000000000000000e+05	3.234259518312466639e+02
2.070000000000000000e+05	3.234138483493099443e+02
2.079000000000000000e+05	3.234138483493099443e+02
2.079000000000000000e+05	3.233117494061789330e+02
2.088000000000000000e+05	3.233117494061789330e+02
2.088000000000000000e+05	3.232787075027756032e+02
2.097000000000000000e+05	3.232787075027756032e+02
2.097000000000000000e+05	3.232666592374620791e+02
2.106000000000000000e+05	3.232666592374620791e+02
2.106000000000000000e+05	3.232546154902480566e+02
2.115000000000000000e+05	3.232546154902480566e+02
2.115000000000000000e+05	3.232225762614392011e+02
2.124000000000000000e+05	3.232225762614392011e+02
2.124000000000000000e+05	3.231579369086828137e+02
2.133000000000000000e+05	3.231579369086828137e+02
2.133000000000000000e+05	3.231459339323420750e+02
2.142000000000000000e+05	3.231459339323420750e+02
2.142000000000000000e+05	3.231339354571174454e+02
2.151000000000000000e+05	3.231339354571174454e+02
2.151000000000000000e+05	3.230319414813210415e+02
2.160000000000000000e+05	3.230319414813210415e+02
2.160000000000000000e+05	3.228790165384992861e+02
2.169000000000000000e+05	3.228790165384992861e+02
2.169000000000000000e+05	3.228671181572973410e+02
2.178000000000000000e+05	3.228671181572973410e+02
2.178000000000000000e+05	3.228552242379883523e+02
2.187000000000000000e+05	3.228552242379883523e+02
2.187000000000000000e+05	3.228433347788991341e+02
2.196000000000000000e+05	3.228433347788991341e+02
2.196000000000000000e+05	3.216663922871280192e+02
2.205000000000000000e+05	3.216663922871280192e+02
2.205000000000000000e+05	3.216549486400203932e+02
2.214000000000000000e+05	3.216549486400203932e+02
2.214000000000000000e+05	3.256944728174996726e+02
2.223000000000000000e+05	3.256944728174996726e+02
2.223000000000000000e+05	3.256815186401931328e+02
2.232000000000000000e+05	3.256815186401931328e+02
2.232000000000000000e+05	3.212204043884617590e+02
2.241000000000000000e+05	3.212204043884617590e+02
2.241000000000000000e+05	3.212091279868160427e+02
2.250000000000000000e+05	3.212091279868160427e+02
2.250000000000000000e+05	3.245229256353770211e+02
2.259000000000000000e+05	3.245229256353770211e+02
2.259000000000000000e+05	3.244204107882637800e+02
2.268000000000000000e+05	3.244204107882637800e+02
2.268000000000000000e+05	3.207808803454934150e+02
2.277000000000000000e+05	3.207808803454934150e+02
2.277000000000000000e+05	3.241183427405832163e+02
2.286000000000000000e+05	3.241183427405832163e+02
2.286000000000000000e+05	3.241059796120555347e+02
2.295000000000000000e+05	3.241059796120555347e+02
2.295000000000000000e+05	3.240036211197009948e+02
2.304000000000000000e+05	3.240036211197009948e+02
2.304000000000000000e+05	3.206171139336152009e+02
2.313000000000000000e+05	3.206171139336152009e+02
2.313000000000000000e+05	3.206060637658900987e+02
2.322000000000000000e+05	3.206060637658900987e+02
2.322000000000000000e+05	3.205950177419778697e+02
2.331000000000000000e+05	3.205950177419778697e+02
2.331000000000000000e+05	3.204939758603246673e+02
2.340000000000000000e+05	3.204939758603246673e+02
2.340000000000000000e+05	3.204362566573674940e+02
2.349000000000000000e+05	3.204362566573674940e+02
2.349000000000000000e+05	3.204252743111209725e+02
2.358000000000000000e+05	3.204252743111209725e+02
2.358000000000000000e+05	3.204142960832543281e+02
2.367000000000000000e+05	3.204142960832543281e+02
2.367000000000000000e+05	3.251941399959858927e+02
2.376000000000000000e+05	3.251941399959858927e+02
2.376000000000000000e+05	3.215643100476915492e+02
2.385000000000000000e+05	3.215643100476915492e+02
2.385000000000000000e+05	3.214629046814236517e+02
2.394000000000000000e+05	3.214629046814236517e+02
2.394000000000000000e+05	3.214315373441681345e+02
2.403000000000000000e+05	3.214315373441681345e+02
2.403000000000000000e+05	3.210701818026640808e+02
2.412000000000000000e+05	3.210701818026640808e+02
2.412000000000000000e+05	3.210161293404529488e+02
2.421000000000000000e+05	3.210161293404529488e+02
2.421000000000000000e+05	3.209149295419503005e+02
2.430000000000000000e+05	3.209149295419503005e+02
2.430000000000000000e+05	3.237885045354773297e+02
2.439000000000000000e+05	3.237885045354773297e+02
2.439000000000000000e+05	3.237762650962765747e+02
2.448000000000000000e+05	3.237762650962765747e+02
2.448000000000000000e+05	3.206186853255858296e+02
2.457000000000000000e+05	3.206186853255858296e+02
2.457000000000000000e+05	3.208151504084815429e+02
2.466000000000000000e+05	3.208151504084815429e+02
2.466000000000000000e+05	3.236887628191836939e+02
2.475000000000000000e+05	3.236887628191836939e+02
2.475000000000000000e+05	3.212765606181264957e+02
2.484000000000000000e+05	3.212765606181264957e+02
2.484000000000000000e+05	3.227172402175835941e+02
2.493000000000000000e+05	3.227172402175835941e+02
2.493000000000000000e+05	3.227054025025020678e+02
2.502000000000000000e+05	3.227054025025020678e+02
2.502000000000000000e+05	3.254883060686688623e+02
2.511000000000000000e+05	3.254883060686688623e+02
2.511000000000000000e+05	3.235154291898931547e+02
2.520000000000000000e+05	3.235154291898931547e+02
2.520000000000000000e+05	3.213766834870804701e+02
2.529000000000000000e+05	3.213766834870804701e+02
2.529000000000000000e+05	3.213653484807727523e+02
2.538000000000000000e+05	3.213653484807727523e+02
2.538000000000000000e+05	3.213540177250924899e+02
2.547000000000000000e+05	3.213540177250924899e+02
2.547000000000000000e+05	3.213426912184455659e+02
2.556000000000000000e+05	3.213426912184455659e+02
2.556000000000000000e+05	3.212839064868480818e+02
2.565000000000000000e+05	3.212839064868480818e+02
2.565000000000000000e+05	3.237674062719154335e+02
2.574000000000000000e+05	3.237674062719154335e+02
2.574000000000000000e+05	3.246433482772556545e+02
2.583000000000000000e+05	3.246433482772556545e+02
2.583000000000000000e+05	3.246307882716516815e+02
2.592000000000000000e+05	3.246307882716516815e+02
2.592000000000000000e+05	3.239154845400749991e+02
2.601000000000000000e+05	3.239154845400749991e+02
2.601000000000000000e+05	3.239031974833724803e+02
2.610000000000000000e+05	3.239031974833724803e+02
2.610000000000000000e+05	3.238909150343162651e+02
2.619000000000000000e+05	3.238909150343162651e+02
2.619000000000000000e+05	3.238786371911783704e+02
2.628000000000000000e+05	3.238786371911783704e+02
2.628000000000000000e+05	3.238141360279329319e+02
2.637000000000000000e+05	3.238141360279329319e+02
2.637000000000000000e+05	3.238018869769225034e+02
2.646000000000000000e+05	3.238018869769225034e+02
2.646000000000000000e+05	3.238606951508850216e+02
2.655000000000000000e+05	3.238606951508850216e+02
2.655000000000000000e+05	3.239194812717823311e+02
2.664000000000000000e+05	3.239194812717823311e+02
2.664000000000000000e+05	3.252840662408316348e+02
2.673000000000000000e+05	3.252840662408316348e+02
2.673000000000000000e+05	3.252712659659912333e+02
2.682000000000000000e+05	3.252712659659912333e+02
2.682000000000000000e+05	3.252584704912540019e+02
2.691000000000000000e+05	3.252584704912540019e+02
2.691000000000000000e+05	3.252456798148197663e+02
2.700000000000000000e+05	3.252456798148197663e+02
2.700000000000000000e+05	3.251838791350320435e+02
2.709000000000000000e+05	3.251838791350320435e+02
2.709000000000000000e+05	3.251711164303563351e+02
2.718000000000000000e+05	3.251711164303563351e+02
2.718000000000000000e+05	3.269340123044097481e+02
2.727000000000000000e+05	3.269340123044097481e+02
2.727000000000000000e+05	3.269205932997955983e+02
2.736000000000000000e+05	3.269205932997955983e+02
2.736000000000000000e+05	3.258470101922127924e+02
2.745000000000000000e+05	3.258470101922127924e+02
2.745000000000000000e+05	3.269634767018466164e+02
2.754000000000000000e+05	3.269634767018466164e+02
2.754000000000000000e+05	3.269500466480834575e+02
2.763000000000000000e+05	3.269500466480834575e+02
2.763000000000000000e+05	3.269366216305904800e+02
2.772000000000000000e+05	3.269366216305904800e+02
2.772000000000000000e+05	3.269327854470909642e+02
2.781000000000000000e+05	3.269327854470909642e+02
2.781000000000000000e+05	3.269193669025482905e+02
2.790000000000000000e+05	3.269193669025482905e+02
2.790000000000000000e+05	3.269059533899598478e+02
2.799000000000000000e+05	3.269059533899598478e+02
2.799000000000000000e+05	3.268925449074386052e+02
2.808000000000000000e+05	3.268925449074386052e+02
2.808000000000000000e+05	3.268217244755805382e+02
2.817000000000000000e+05	3.268217244755805382e+02
2.817000000000000000e+05	3.268083475789022145e+02
2.826000000000000000e+05	3.268083475789022145e+02
2.826000000000000000e+05	3.267949756985601653e+02
2.835000000000000000e+05	3.267949756985601653e+02
2.835000000000000000e+05	3.267816088326732142e+02
2.844000000000000000e+05	3.267816088326732142e+02
2.844000000000000000e+05	3.267110184442423702e+02
2.853000000000000000e+05	3.267110184442423702e+02
2.853000000000000000e+05	3.238076830453257458e+02
2.862000000000000000e+05	3.238076830453257458e+02
2.862000000000000000e+05	3.237954364141835981e+02
2.871000000000000000e+05	3.237954364141835981e+02
2.871000000000000000e+05	3.236931943755282646e+02
2.880000000000000000e+05	3.236931943755282646e+02
2.880000000000000000e+05	3.236808628036193909e+02
2.889000000000000000e+05	3.236808628036193909e+02
2.889000000000000000e+05	3.235786637300680582e+02
2.898000000000000000e+05	3.235786637300680582e+02
2.898000000000000000e+05	3.234765029811692898e+02
2.907000000000000000e+05	3.234765029811692898e+02
2.907000000000000000e+05	3.221854331741303099e+02
2.916000000000000000e+05	3.221854331741303099e+02
2.916000000000000000e+05	3.228536696860638813e+02
2.925000000000000000e+05	3.228536696860638813e+02
2.925000000000000000e+05	3.227517808099316312e+02
2.934000000000000000e+05	3.227517808099316312e+02
2.934000000000000000e+05	3.227399301421277755e+02
2.943000000000000000e+05	3.227399301421277755e+02
2.943000000000000000e+05	3.226380839183244689e+02
2.952000000000000000e+05	3.226380839183244689e+02
2.952000000000000000e+05	3.225756139672145082e+02
2.961000000000000000e+05	3.225756139672145082e+02
2.961000000000000000e+05	3.225638293619767865e+02
2.970000000000000000e+05	3.225638293619767865e+02
2.970000000000000000e+05	3.225520491759660331e+02
2.979000000000000000e+05	3.225520491759660331e+02
2.979000000000000000e+05	3.225202734095250889e+02
2.988000000000000000e+05	3.225202734095250889e+02
2.988000000000000000e+05	3.224559304182374717e+02
2.997000000000000000e+05	3.224559304182374717e+02
2.997000000000000000e+05	3.224441906943306435e+02
3.006000000000000000e+05	3.224441906943306435e+02
3.006000000000000000e+05	3.224324553728203000e+02
3.015000000000000000e+05	3.224324553728203000e+02
3.015000000000000000e+05	3.223307244520555059e+02
3.024000000000000000e+05	3.223307244520555059e+02
3.024000000000000000e+05	3.221777322093646490e+02
3.033000000000000000e+05	3.221777322093646490e+02
3.033000000000000000e+05	3.221660968097861542e+02
3.042000000000000000e+05	3.221660968097861542e+02
3.042000000000000000e+05	3.221544657734825137e+02
3.051000000000000000e+05	3.221544657734825137e+02
3.051000000000000000e+05	3.221428390988174328e+02
3.060000000000000000e+05	3.221428390988174328e+02
3.060000000000000000e+05	3.219199876592286387e+02
3.069000000000000000e+05	3.219199876592286387e+02
3.069000000000000000e+05	3.219084489138564322e+02
3.078000000000000000e+05	3.219084489138564322e+02
3.078000000000000000e+05	3.218969144955137267e+02
3.087000000000000000e+05	3.218969144955137267e+02
3.087000000000000000e+05	3.218853844025779267e+02
3.096000000000000000e+05	3.218853844025779267e+02
3.096000000000000000e+05	3.228635524224421260e+02
3.105000000000000000e+05	3.228635524224421260e+02
3.105000000000000000e+05	3.228516598402837303e+02
3.114000000000000000e+05	3.228516598402837303e+02
3.114000000000000000e+05	3.228397717178436324e+02
3.123000000000000000e+05	3.228397717178436324e+02
3.123000000000000000e+05	3.227378880534494670e+02
3.132000000000000000e+05	3.227378880534494670e+02
3.132000000000000000e+05	3.227316047472302785e+02
3.141000000000000000e+05	3.227316047472302785e+02
3.141000000000000000e+05	3.227197616454500917e+02
3.150000000000000000e+05	3.227197616454500917e+02
3.150000000000000000e+05	3.227079229848330328e+02
3.159000000000000000e+05	3.227079229848330328e+02
3.159000000000000000e+05	3.215860887637137466e+02
3.168000000000000000e+05	3.215860887637137466e+02
3.168000000000000000e+05	3.215365468727754887e+02
3.177000000000000000e+05	3.215365468727754887e+02
3.177000000000000000e+05	3.215251519176981674e+02
3.186000000000000000e+05	3.215251519176981674e+02
3.186000000000000000e+05	3.215137612357290209e+02
3.195000000000000000e+05	3.215137612357290209e+02
3.195000000000000000e+05	3.214123748252656583e+02
3.204000000000000000e+05	3.214123748252656583e+02
3.204000000000000000e+05	3.213506179736866102e+02
3.213000000000000000e+05	3.213506179736866102e+02
3.213000000000000000e+05	3.213392927419465082e+02
3.222000000000000000e+05	3.213392927419465082e+02
3.222000000000000000e+05	3.213279717571682568e+02
3.231000000000000000e+05	3.213279717571682568e+02
3.231000000000000000e+05	3.213166550177593308e+02
3.240000000000000000e+05	3.213166550177593308e+02
3.240000000000000000e+05	3.212580684866265983e+02
3.249000000000000000e+05	3.212580684866265983e+02
3.249000000000000000e+05	3.211567779609441118e+02
3.258000000000000000e+05	3.211567779609441118e+02
3.258000000000000000e+05	3.211255254212087493e+02
3.267000000000000000e+05	3.211255254212087493e+02
3.267000000000000000e+05	3.210942846011758434e+02
3.276000000000000000e+05	3.210942846011758434e+02
3.276000000000000000e+05	3.210341757117101906e+02
3.285000000000000000e+05	3.210341757117101906e+02
3.285000000000000000e+05	3.209329691458182765e+02
3.294000000000000000e+05	3.209329691458182765e+02
3.294000000000000000e+05	3.209218005323886018e+02
3.303000000000000000e+05	3.209218005323886018e+02
3.303000000000000000e+05	3.209106361071889637e+02
3.312000000000000000e+05	3.209106361071889637e+02
3.312000000000000000e+05	3.208503542376344058e+02
3.321000000000000000e+05	3.208503542376344058e+02
3.321000000000000000e+05	3.208392166047952401e+02
3.330000000000000000e+05	3.208392166047952401e+02
3.330000000000000000e+05	3.208280831485684530e+02
3.339000000000000000e+05	3.208280831485684530e+02
3.339000000000000000e+05	3.201769538233877483e+02
3.348000000000000000e+05	3.201769538233877483e+02
3.348000000000000000e+05	3.201237374911816005e+02
3.357000000000000000e+05	3.201237374911816005e+02
3.357000000000000000e+05	3.201128723396224700e+02
3.366000000000000000e+05	3.201128723396224700e+02
3.366000000000000000e+05	3.200120112624950934e+02
3.375000000000000000e+05	3.200120112624950934e+02
3.375000000000000000e+05	3.180411879942716951e+02
3.384000000000000000e+05	3.180411879942716951e+02
3.384000000000000000e+05	3.180077398257168397e+02
3.393000000000000000e+05	3.180077398257168397e+02
3.393000000000000000e+05	3.179976681732822499e+02
3.402000000000000000e+05	3.179976681732822499e+02
3.402000000000000000e+05	3.179876002977172789e+02
3.411000000000000000e+05	3.179876002977172789e+02
3.411000000000000000e+05	3.179775361976056161e+02
3.420000000000000000e+05	3.179775361976056161e+02
3.420000000000000000e+05	3.179259618048182574e+02
3.429000000000000000e+05	3.179259618048182574e+02
3.429000000000000000e+05	3.179159208191413768e+02
3.438000000000000000e+05	3.179159208191413768e+02
3.438000000000000000e+05	3.179058835988341798e+02
3.447000000000000000e+05	3.179058835988341798e+02
3.447000000000000000e+05	3.178958501424846759e+02
3.456000000000000000e+05	3.178958501424846759e+02
3.456000000000000000e+05	3.178444211609626109e+02
3.465000000000000000e+05	3.178444211609626109e+02
3.465000000000000000e+05	3.178344107530272140e+02
3.474000000000000000e+05	3.178344107530272140e+02
3.474000000000000000e+05	3.178244040989948189e+02
3.483000000000000000e+05	3.178244040989948189e+02
3.483000000000000000e+05	3.178144011974577552e+02
3.492000000000000000e+05	3.178144011974577552e+02
3.492000000000000000e+05	3.177631173821276889e+02
3.501000000000000000e+05	3.177631173821276889e+02
3.501000000000000000e+05	3.177531374631092831e+02
3.510000000000000000e+05	3.177531374631092831e+02
3.510000000000000000e+05	3.177431612865606212e+02
3.519000000000000000e+05	3.177431612865606212e+02
3.519000000000000000e+05	3.177331888510781823e+02
3.528000000000000000e+05	3.177331888510781823e+02
3.528000000000000000e+05	3.176820499498554682e+02
3.537000000000000000e+05	3.176820499498554682e+02
3.537000000000000000e+05	3.176721004311242496e+02
3.546000000000000000e+05	3.176721004311242496e+02
3.546000000000000000e+05	3.176621546434625998e+02
3.555000000000000000e+05	3.176621546434625998e+02
3.555000000000000000e+05	3.176522125854713181e+02
3.564000000000000000e+05	3.176522125854713181e+02
3.564000000000000000e+05	3.176012183590179347e+02
3.573000000000000000e+05	3.176012183590179347e+02
3.573000000000000000e+05	3.200860991521332721e+02
3.582000000000000000e+05	3.200860991521332721e+02
3.582000000000000000e+05	3.233018065220422272e+02
3.591000000000000000e+05	3.233018065220422272e+02
3.591000000000000000e+05	3.232897495945964010e+02
3.600000000000000000e+05	3.232897495945964010e+02
3.600000000000000000e+05	3.245033114872744022e+02
3.609000000000000000e+05	3.245033114872744022e+02
3.609000000000000000e+05	3.244908039954667061e+02
3.618000000000000000e+05	3.244908039954667061e+02
3.618000000000000000e+05	3.244783011939683774e+02
3.627000000000000000e+05	3.244783011939683774e+02
3.627000000000000000e+05	3.244658030810206810e+02
3.636000000000000000e+05	3.244658030810206810e+02
3.636000000000000000e+05	3.244843643078669970e+02
3.645000000000000000e+05	3.244843643078669970e+02
3.645000000000000000e+05	3.244718639212558173e+02
3.654000000000000000e+05	3.244718639212558173e+02
3.654000000000000000e+05	3.244593682222854341e+02
3.663000000000000000e+05	3.244593682222854341e+02
3.663000000000000000e+05	3.244468772092020572e+02
3.672000000000000000e+05	3.244468772092020572e+02
3.672000000000000000e+05	3.243812095695903963e+02
3.681000000000000000e+05	3.243812095695903963e+02
3.681000000000000000e+05	3.260444441611910520e+02
3.690000000000000000e+05	3.260444441611910520e+02
3.690000000000000000e+05	3.260313587446306087e+02
3.699000000000000000e+05	3.260313587446306087e+02
3.699000000000000000e+05	3.260182782351014339e+02
3.708000000000000000e+05	3.260182782351014339e+02
3.708000000000000000e+05	3.239358176535046141e+02
3.717000000000000000e+05	3.239358176535046141e+02
3.717000000000000000e+05	3.210335229548835514e+02
3.726000000000000000e+05	3.210335229548835514e+02
3.726000000000000000e+05	3.210223166337755174e+02
3.735000000000000000e+05	3.210223166337755174e+02
3.735000000000000000e+05	3.209211145150378570e+02
3.744000000000000000e+05	3.209211145150378570e+02
3.744000000000000000e+05	3.209136518027152079e+02
3.753000000000000000e+05	3.209136518027152079e+02
3.753000000000000000e+05	3.208124904332891560e+02
3.762000000000000000e+05	3.208124904332891560e+02
3.762000000000000000e+05	3.207113669993766507e+02
3.771000000000000000e+05	3.207113669993766507e+02
3.771000000000000000e+05	3.206102814867518873e+02
3.780000000000000000e+05	3.206102814867518873e+02
3.780000000000000000e+05	3.204637865002218859e+02
3.789000000000000000e+05	3.204637865002218859e+02
3.789000000000000000e+05	3.224669409179521153e+02
3.798000000000000000e+05	3.224669409179521153e+02
3.798000000000000000e+05	3.224551970651078818e+02
3.807000000000000000e+05	3.224551970651078818e+02
3.807000000000000000e+05	3.223534576162084591e+02
3.816000000000000000e+05	3.223534576162084591e+02
3.816000000000000000e+05	3.203068518468380717e+02
3.825000000000000000e+05	3.203068518468380717e+02
3.825000000000000000e+05	3.202959180273955440e+02
3.834000000000000000e+05	3.202959180273955440e+02
3.834000000000000000e+05	3.202849883081352687e+02
3.843000000000000000e+05	3.202849883081352687e+02
3.843000000000000000e+05	3.202540626895197420e+02
3.852000000000000000e+05	3.202540626895197420e+02
3.852000000000000000e+05	3.201953727815961770e+02
3.861000000000000000e+05	3.201953727815961770e+02
3.861000000000000000e+05	3.222633306226548484e+02
3.870000000000000000e+05	3.222633306226548484e+02
3.870000000000000000e+05	3.222516631236713351e+02
3.879000000000000000e+05	3.222516631236713351e+02
3.879000000000000000e+05	3.221499999999999773e+02
3.888000000000000000e+05	3.221499999999999773e+02
3.888000000000000000e+05	3.187864054513735255e+02
3.897000000000000000e+05	3.187864054513735255e+02
3.897000000000000000e+05	3.187760417993292776e+02
3.906000000000000000e+05	3.187760417993292776e+02
3.906000000000000000e+05	3.187656820336545138e+02
3.915000000000000000e+05	3.187656820336545138e+02
3.915000000000000000e+05	3.187553261528918824e+02
3.924000000000000000e+05	3.187553261528918824e+02
3.924000000000000000e+05	3.185412150553336801e+02
3.933000000000000000e+05	3.185412150553336801e+02
3.933000000000000000e+05	3.185309433496879592e+02
3.942000000000000000e+05	3.185309433496879592e+02
3.942000000000000000e+05	3.185206754959318118e+02
3.951000000000000000e+05	3.185206754959318118e+02
3.951000000000000000e+05	3.185104114926208467e+02
3.960000000000000000e+05	3.185104114926208467e+02
3.960000000000000000e+05	3.184572272598829841e+02
3.969000000000000000e+05	3.184572272598829841e+02
3.969000000000000000e+05	3.184469870496604926e+02
3.978000000000000000e+05	3.184469870496604926e+02
3.978000000000000000e+05	3.184367506795168765e+02
3.987000000000000000e+05	3.184367506795168765e+02
3.987000000000000000e+05	3.183365181480120327e+02
3.996000000000000000e+05	3.183365181480120327e+02
3.996000000000000000e+05	3.182817714447057256e+02
4.005000000000000000e+05	3.182817714447057256e+02
4.005000000000000000e+05	3.182715970304140001e+02
4.014000000000000000e+05	3.182715970304140001e+02
4.014000000000000000e+05	3.182614264315275818e+02
4.023000000000000000e+05	3.182614264315275818e+02
4.023000000000000000e+05	3.181612596466157470e+02
4.032000000000000000e+05	3.181612596466157470e+02
4.032000000000000000e+05	3.181068132776210859e+02
4.041000000000000000e+05	3.181068132776210859e+02
4.041000000000000000e+05	3.223002966603281720e+02
4.050000000000000000e+05	3.223002966603281720e+02
4.050000000000000000e+05	3.222886152990805613e+02
4.059000000000000000e+05	3.222886152990805613e+02
4.059000000000000000e+05	3.221869383183433797e+02
4.068000000000000000e+05	3.221869383183433797e+02
4.068000000000000000e+05	3.184391195483531192e+02
4.077000000000000000e+05	3.184391195483531192e+02
4.077000000000000000e+05	3.184288861285224925e+02
4.086000000000000000e+05	3.184288861285224925e+02
4.086000000000000000e+05	3.184186565462242697e+02
4.095000000000000000e+05	3.184186565462242697e+02
4.095000000000000000e+05	3.232889983097136906e+02
4.104000000000000000e+05	3.232889983097136906e+02
4.104000000000000000e+05	3.181011973877534729e+02
4.113000000000000000e+05	3.181011973877534729e+02
4.113000000000000000e+05	3.180010906887330862e+02
4.122000000000000000e+05	3.180010906887330862e+02
4.122000000000000000e+05	3.179710215317248299e+02
4.131000000000000000e+05	3.179710215317248299e+02
4.131000000000000000e+05	3.179409636506504171e+02
4.140000000000000000e+05	3.179409636506504171e+02
4.140000000000000000e+05	3.178892291227361966e+02
4.149000000000000000e+05	3.178892291227361966e+02
4.149000000000000000e+05	3.177892019118151552e+02
4.158000000000000000e+05	3.177892019118151552e+02
4.158000000000000000e+05	3.177792122110982405e+02
4.167000000000000000e+05	3.177792122110982405e+02
4.167000000000000000e+05	3.177692262565190617e+02
4.176000000000000000e+05	3.177692262565190617e+02
4.176000000000000000e+05	3.177172716251815245e+02
4.185000000000000000e+05	3.177172716251815245e+02
4.185000000000000000e+05	3.177073088983220828e+02
4.194000000000000000e+05	3.177073088983220828e+02
4.194000000000000000e+05	3.176973499074852043e+02
4.203000000000000000e+05	3.176973499074852043e+02
4.203000000000000000e+05	3.170473946072699505e+02
4.212000000000000000e+05	3.170473946072699505e+02
4.212000000000000000e+05	3.170024946574134788e+02
4.221000000000000000e+05	3.170024946574134788e+02
4.221000000000000000e+05	3.169927999719169520e+02
4.230000000000000000e+05	3.169927999719169520e+02
4.230000000000000000e+05	3.168931089219274781e+02
4.239000000000000000e+05	3.168931089219274781e+02
4.239000000000000000e+05	3.149234552420817295e+02
4.248000000000000000e+05	3.149234552420817295e+02
4.248000000000000000e+05	3.148982890195890150e+02
4.257000000000000000e+05	3.148982890195890150e+02
4.257000000000000000e+05	3.149604360427855454e+02
4.266000000000000000e+05	3.149604360427855454e+02
4.266000000000000000e+05	3.149515071292694870e+02
4.275000000000000000e+05	3.149515071292694870e+02
4.275000000000000000e+05	3.149425815640960309e+02
4.284000000000000000e+05	3.149425815640960309e+02
4.284000000000000000e+05	3.162222964242073431e+02
4.293000000000000000e+05	3.162222964242073431e+02
4.293000000000000000e+05	3.185005749264378210e+02
4.302000000000000000e+05	3.185005749264378210e+02
4.302000000000000000e+05	3.184903184608403990e+02
4.311000000000000000e+05	3.184903184608403990e+02
4.311000000000000000e+05	3.209748658414175679e+02
4.320000000000000000e+05	3.209748658414175679e+02
4.320000000000000000e+05	3.196363828231515640e+02
4.329000000000000000e+05	3.196363828231515640e+02
4.329000000000000000e+05	3.242988626030870591e+02
4.338000000000000000e+05	3.242988626030870591e+02
4.338000000000000000e+05	3.242864317796108935e+02
4.347000000000000000e+05	3.242864317796108935e+02
4.347000000000000000e+05	3.242740056176936037e+02
4.356000000000000000e+05	3.242740056176936037e+02
4.356000000000000000e+05	3.204007209094193627e+02
4.365000000000000000e+05	3.204007209094193627e+02
4.365000000000000000e+05	3.250981422632850126e+02
4.374000000000000000e+05	3.250981422632850126e+02
4.374000000000000000e+05	3.276890603264046717e+02
4.383000000000000000e+05	3.276890603264046717e+02
4.383000000000000000e+05	3.276753581787822895e+02
4.392000000000000000e+05	3.276753581787822895e+02
4.392000000000000000e+05	3.244901033830670940e+02
4.401000000000000000e+05	3.244901033830670940e+02
4.401000000000000000e+05	3.244776008442984221e+02
4.410000000000000000e+05	3.244776008442984221e+02
4.410000000000000000e+05	3.261918275328918639e+02
4.419000000000000000e+05	3.261918275328918639e+02
4.419000000000000000e+05	3.261786868475670644e+02
4.428000000000000000e+05	3.261786868475670644e+02
4.428000000000000000e+05	3.242793359232337025e+02
4.437000000000000000e+05	3.242793359232337025e+02
4.437000000000000000e+05	3.275932531300458095e+02
4.446000000000000000e+05	3.275932531300458095e+02
4.446000000000000000e+05	3.275795869101220887e+02
4.455000000000000000e+05	3.275795869101220887e+02
4.455000000000000000e+05	3.275659258150307664e+02
4.464000000000000000e+05	3.275659258150307664e+02
4.464000000000000000e+05	3.256853208183520110e+02
4.473000000000000000e+05	3.256853208183520110e+02
4.473000000000000000e+05	3.256723700730451014e+02
4.482000000000000000e+05	3.256723700730451014e+02
4.482000000000000000e+05	3.256594241842677206e+02
4.491000000000000000e+05	3.256594241842677206e+02
4.491000000000000000e+05	3.256464831501986623e+02
4.500000000000000000e+05	3.256464831501986623e+02
4.500000000000000000e+05	3.255781164557901093e+02
4.509000000000000000e+05	3.255781164557901093e+02
4.509000000000000000e+05	3.255652059121191542e+02
4.518000000000000000e+05	3.255652059121191542e+02
4.518000000000000000e+05	3.255523002099021141e+02
4.527000000000000000e+05	3.255523002099021141e+02
4.527000000000000000e+05	3.255393993473234104e+02
4.536000000000000000e+05	3.255393993473234104e+02
4.536000000000000000e+05	3.254712549463827713e+02
4.545000000000000000e+05	3.254712549463827713e+02
4.545000000000000000e+05	3.279531844757779027e+02
4.554000000000000000e+05	3.279531844757779027e+02
4.554000000000000000e+05	3.279393832815994756e+02
4.563000000000000000e+05	3.279393832815994756e+02
4.563000000000000000e+05	3.279255872628688735e+02
4.572000000000000000e+05	3.279255872628688735e+02
4.572000000000000000e+05	3.252312203367957864e+02
4.581000000000000000e+05	3.252312203367957864e+02
4.581000000000000000e+05	3.223284398621694891e+02
4.590000000000000000e+05	3.223284398621694891e+02
4.590000000000000000e+05	3.223167479472211880e+02
4.599000000000000000e+05	3.223167479472211880e+02
4.599000000000000000e+05	3.222150604167409824e+02
4.608000000000000000e+05	3.222150604167409824e+02
4.608000000000000000e+05	3.222056171167772618e+02
4.617000000000000000e+05	3.222056171167772618e+02
4.617000000000000000e+05	3.221039712603584917e+02
4.626000000000000000e+05	3.221039712603584917e+02
4.626000000000000000e+05	3.220023635211358624e+02
4.635000000000000000e+05	3.220023635211358624e+02
4.635000000000000000e+05	3.219007938848154708e+02
4.644000000000000000e+05	3.219007938848154708e+02
4.644000000000000000e+05	3.217521739669273870e+02
4.653000000000000000e+05	3.217521739669273870e+02
4.653000000000000000e+05	3.216506981516897667e+02
4.662000000000000000e+05	3.216506981516897667e+02
4.662000000000000000e+05	3.216392603898829066e+02
4.671000000000000000e+05	3.216392603898829066e+02
4.671000000000000000e+05	3.215378269172367141e+02
4.680000000000000000e+05	3.215378269172367141e+02
4.680000000000000000e+05	3.214775866471892982e+02
4.689000000000000000e+05	3.214775866471892982e+02
4.689000000000000000e+05	3.243509506443018608e+02
4.698000000000000000e+05	3.243509506443018608e+02
4.698000000000000000e+05	3.243385002878102341e+02
4.707000000000000000e+05	3.243385002878102341e+02
4.707000000000000000e+05	3.243060546022023232e+02
4.716000000000000000e+05	3.243060546022023232e+02
4.716000000000000000e+05	3.213419191350354822e+02
4.725000000000000000e+05	3.213419191350354822e+02
4.725000000000000000e+05	3.213305971653598476e+02
4.734000000000000000e+05	3.213305971653598476e+02
4.734000000000000000e+05	3.213192794414228501e+02
4.743000000000000000e+05	3.213192794414228501e+02
4.743000000000000000e+05	3.235237695245817804e+02
4.752000000000000000e+05	3.235237695245817804e+02
4.752000000000000000e+05	3.198066717791728024e+02
4.761000000000000000e+05	3.198066717791728024e+02
4.761000000000000000e+05	3.221499999999999773e+02
4.770000000000000000e+05	3.221499999999999773e+02
4.770000000000000000e+05	3.221383749999999964e+02
4.779000000000000000e+05	3.221383749999999964e+02
4.779000000000000000e+05	3.221267543593749565e+02
4.788000000000000000e+05	3.221267543593749565e+02
4.788000000000000000e+05	3.192620095044721893e+02
4.797000000000000000e+05	3.192620095044721893e+02
4.797000000000000000e+05	3.192514675009080065e+02
4.806000000000000000e+05	3.192514675009080065e+02
4.806000000000000000e+05	3.192409294505951607e+02
4.815000000000000000e+05	3.192409294505951607e+02
4.815000000000000000e+05	3.192303953520511755e+02
4.824000000000000000e+05	3.192303953520511755e+02
4.824000000000000000e+05	3.191753880023653096e+02
4.833000000000000000e+05	3.191753880023653096e+02
4.833000000000000000e+05	3.191648784818644344e+02
4.842000000000000000e+05	3.191648784818644344e+02
4.842000000000000000e+05	3.191543729024337495e+02
4.851000000000000000e+05	3.191543729024337495e+02
4.851000000000000000e+05	3.190538712625953508e+02
4.860000000000000000e+05	3.190538712625953508e+02
4.860000000000000000e+05	3.187704585549765852e+02
4.869000000000000000e+05	3.187704585549765852e+02
4.869000000000000000e+05	3.187601008830184810e+02
4.878000000000000000e+05	3.187601008830184810e+02
4.878000000000000000e+05	3.187497470951873311e+02
4.887000000000000000e+05	3.187497470951873311e+02
4.887000000000000000e+05	3.211441971900266594e+02
4.896000000000000000e+05	3.211441971900266594e+02
4.896000000000000000e+05	3.221203964393620822e+02
4.905000000000000000e+05	3.221203964393620822e+02
4.905000000000000000e+05	3.221087825406973479e+02
4.914000000000000000e+05	3.221087825406973479e+02
4.914000000000000000e+05	3.220971729972446269e+02
4.923000000000000000e+05	3.220971729972446269e+02
4.923000000000000000e+05	3.220666204389495419e+02
4.932000000000000000e+05	3.220666204389495419e+02
4.932000000000000000e+05	3.225314305659779279e+02
4.941000000000000000e+05	3.225314305659779279e+02
4.941000000000000000e+05	3.225196625295156423e+02
4.950000000000000000e+05	3.225196625295156423e+02
4.950000000000000000e+05	3.225078989060671120e+02
4.959000000000000000e+05	3.225078989060671120e+02
4.959000000000000000e+05	3.224961396939773408e+02
4.968000000000000000e+05	3.224961396939773408e+02
4.968000000000000000e+05	3.224341056871415958e+02
4.977000000000000000e+05	3.224341056871415958e+02
4.977000000000000000e+05	3.223323741475088582e+02
4.986000000000000000e+05	3.223323741475088582e+02
4.986000000000000000e+05	3.223006807592035443e+02
4.995000000000000000e+05	3.223006807592035443e+02
4.995000000000000000e+05	3.222689992559188568e+02
5.004000000000000000e+05	3.222689992559188568e+02
5.004000000000000000e+05	3.222087576337555674e+02
5.013000000000000000e+05	3.222087576337555674e+02
5.013000000000000000e+05	3.221071105996429083e+02
5.022000000000000000e+05	3.221071105996429083e+02
5.022000000000000000e+05	3.220955016831680382e+02
5.031000000000000000e+05	3.220955016831680382e+02
5.031000000000000000e+05	3.220838971200368519e+02
5.040000000000000000e+05	3.220838971200368519e+02
5.040000000000000000e+05	3.220234625305122336e+02
5.049000000000000000e+05	3.220234625305122336e+02
5.049000000000000000e+05	3.220118849820632931e+02
5.058000000000000000e+05	3.220118849820632931e+02
5.058000000000000000e+05	3.249594214469077542e+02
5.067000000000000000e+05	3.249594214469077542e+02
5.067000000000000000e+05	3.225467427488651992e+02
5.076000000000000000e+05	3.225467427488651992e+02
5.076000000000000000e+05	3.196559210726080096e+02
5.085000000000000000e+05	3.196559210726080096e+02
5.085000000000000000e+05	3.196452313522057693e+02
5.094000000000000000e+05	3.196452313522057693e+02
5.094000000000000000e+05	3.195445456404486890e+02
5.103000000000000000e+05	3.195445456404486890e+02
5.103000000000000000e+05	3.175738976718335493e+02
5.112000000000000000e+05	3.175738976718335493e+02
5.112000000000000000e+05	3.175428332643574549e+02
5.121000000000000000e+05	3.175428332643574549e+02
5.121000000000000000e+05	3.175329359518833598e+02
5.130000000000000000e+05	3.175329359518833598e+02
5.130000000000000000e+05	3.175230423509013917e+02
5.139000000000000000e+05	3.175230423509013917e+02
5.139000000000000000e+05	3.175131524600197963e+02
5.148000000000000000e+05	3.175131524600197963e+02
5.148000000000000000e+05	3.174623217438309553e+02
5.157000000000000000e+05	3.174623217438309553e+02
5.157000000000000000e+05	3.174524546231769477e+02
5.166000000000000000e+05	3.174524546231769477e+02
5.166000000000000000e+05	3.174425912026932792e+02
5.175000000000000000e+05	3.174425912026932792e+02
5.175000000000000000e+05	3.174327314809922882e+02
5.184000000000000000e+05	3.174327314809922882e+02
5.184000000000000000e+05	3.173820462267314042e+02
5.193000000000000000e+05	3.173820462267314042e+02
5.193000000000000000e+05	3.173722092093963738e+02
5.202000000000000000e+05	3.173722092093963738e+02
5.202000000000000000e+05	3.174334285125218003e+02
5.211000000000000000e+05	3.174334285125218003e+02
5.211000000000000000e+05	3.174946248584085424e+02
5.220000000000000000e+05	3.174946248584085424e+02
5.220000000000000000e+05	3.185287507250809540e+02
5.229000000000000000e+05	3.185287507250809540e+02
5.229000000000000000e+05	3.185184836935590624e+02
5.238000000000000000e+05	3.185184836935590624e+02
5.238000000000000000e+05	3.185082205121739776e+02
5.247000000000000000e+05	3.185082205121739776e+02
5.247000000000000000e+05	3.184979611794819334e+02
5.256000000000000000e+05	3.184979611794819334e+02
5.256000000000000000e+05	3.184494711705623331e+02
5.265000000000000000e+05	3.184494711705623331e+02
5.265000000000000000e+05	3.184392338688734299e+02
5.274000000000000000e+05	3.184392338688734299e+02
5.274000000000000000e+05	3.184290004061725767e+02
5.283000000000000000e+05	3.184290004061725767e+02
5.283000000000000000e+05	3.213035076231255971e+02
5.292000000000000000e+05	3.213035076231255971e+02
5.292000000000000000e+05	3.181053105454658407e+02
5.301000000000000000e+05	3.181053105454658407e+02
5.301000000000000000e+05	3.209799391461165214e+02
5.310000000000000000e+05	3.209799391461165214e+02
5.310000000000000000e+05	3.209687529189367297e+02
5.319000000000000000e+05	3.209687529189367297e+02
5.319000000000000000e+05	3.209575708865921229e+02
5.328000000000000000e+05	3.209575708865921229e+02
5.328000000000000000e+05	3.200821544381255990e+02
5.337000000000000000e+05	3.200821544381255990e+02
5.337000000000000000e+05	3.200713048802113008e+02
5.346000000000000000e+05	3.200713048802113008e+02
5.346000000000000000e+05	3.262742506841057093e+02
5.355000000000000000e+05	3.262742506841057093e+02
5.355000000000000000e+05	3.262610790900991447e+02
5.364000000000000000e+05	3.262610790900991447e+02
5.364000000000000000e+05	3.204722047689232340e+02
5.373000000000000000e+05	3.204722047689232340e+02
5.373000000000000000e+05	3.229560089421348721e+02
5.382000000000000000e+05	3.229560089421348721e+02
5.382000000000000000e+05	3.242300536406780793e+02
5.391000000000000000e+05	3.242300536406780793e+02
5.391000000000000000e+05	3.242176486205628407e+02
5.400000000000000000e+05	3.242176486205628407e+02
5.400000000000000000e+05	3.236491211830036150e+02
5.409000000000000000e+05	3.236491211830036150e+02
5.409000000000000000e+05	3.236369340125600047e+02
5.418000000000000000e+05	3.236369340125600047e+02
5.418000000000000000e+05	3.236958040438841522e+02
5.427000000000000000e+05	3.236958040438841522e+02
5.427000000000000000e+05	3.237546519989466560e+02
5.436000000000000000e+05	3.237546519989466560e+02
5.436000000000000000e+05	3.250595328927674359e+02
5.445000000000000000e+05	3.250595328927674359e+02
5.445000000000000000e+05	3.221568168009326314e+02
5.454000000000000000e+05	3.221568168009326314e+02
5.454000000000000000e+05	3.221451892446323200e+02
5.463000000000000000e+05	3.221451892446323200e+02
5.463000000000000000e+05	3.220435660486655820e+02
5.472000000000000000e+05	3.220435660486655820e+02
5.472000000000000000e+05	3.220402876952229008e+02
5.481000000000000000e+05	3.220402876952229008e+02
5.481000000000000000e+05	3.219387038373371865e+02
5.490000000000000000e+05	3.219387038373371865e+02
5.490000000000000000e+05	3.218371580733982000e+02
5.499000000000000000e+05	3.218371580733982000e+02
5.499000000000000000e+05	3.217356503891206785e+02
5.508000000000000000e+05	3.217356503891206785e+02
5.508000000000000000e+05	3.236052027282817107e+02
5.517000000000000000e+05	3.236052027282817107e+02
5.517000000000000000e+05	3.235030320272585982e+02
5.526000000000000000e+05	3.235030320272585982e+02
5.526000000000000000e+05	3.234908996402483581e+02
5.535000000000000000e+05	3.234908996402483581e+02
5.535000000000000000e+05	3.233887718028832978e+02
5.544000000000000000e+05	3.233887718028832978e+02
5.544000000000000000e+05	3.233545405770482830e+02
5.553000000000000000e+05	3.233545405770482830e+02
5.553000000000000000e+05	3.233424638743318837e+02
5.562000000000000000e+05	3.233424638743318837e+02
5.562000000000000000e+05	3.233303917003790389e+02
5.571000000000000000e+05	3.233303917003790389e+02
5.571000000000000000e+05	3.232983240554913777e+02
5.580000000000000000e+05	3.232983240554913777e+02
5.580000000000000000e+05	3.232335762694837058e+02
5.589000000000000000e+05	3.232335762694837058e+02
5.589000000000000000e+05	3.232215449283826274e+02
5.598000000000000000e+05	3.232215449283826274e+02
5.598000000000000000e+05	3.232095180990344829e+02
5.607000000000000000e+05	3.232095180990344829e+02
5.607000000000000000e+05	3.231074957797473530e+02
5.616000000000000000e+05	3.231074957797473530e+02
5.616000000000000000e+05	3.229544700432139734e+02
5.625000000000000000e+05	3.229544700432139734e+02
5.625000000000000000e+05	3.229425433669477457e+02
5.634000000000000000e+05	3.229425433669477457e+02
5.634000000000000000e+05	3.229306211631851511e+02
5.643000000000000000e+05	3.229306211631851511e+02
5.643000000000000000e+05	3.229187034302490247e+02
5.652000000000000000e+05	3.229187034302490247e+02
5.652000000000000000e+05	3.217415199545858968e+02
5.661000000000000000e+05	3.217415199545858968e+02
5.661000000000000000e+05	3.217300481346029528e+02
5.670000000000000000e+05	3.217300481346029528e+02
5.670000000000000000e+05	3.217185806165525150e+02
5.679000000000000000e+05	3.217185806165525150e+02
5.679000000000000000e+05	3.217071173988213104e+02
5.688000000000000000e+05	3.217071173988213104e+02
5.688000000000000000e+05	3.216482141338407814e+02
5.697000000000000000e+05	3.216482141338407814e+02
5.697000000000000000e+05	3.216367773035405548e+02
5.706000000000000000e+05	3.216367773035405548e+02
5.706000000000000000e+05	3.216253447620517250e+02
5.715000000000000000e+05	3.216253447620517250e+02
5.715000000000000000e+05	3.215239165077659322e+02
5.724000000000000000e+05	3.215239165077659322e+02
5.724000000000000000e+05	3.214620990722611964e+02
5.733000000000000000e+05	3.214620990722611964e+02
5.733000000000000000e+05	3.214507320351090698e+02
5.742000000000000000e+05	3.214507320351090698e+02
5.742000000000000000e+05	3.214393692605959245e+02
5.751000000000000000e+05	3.214393692605959245e+02
5.751000000000000000e+05	3.213380107471231781e+02
5.760000000000000000e+05	3.213380107471231781e+02
5.760000000000000000e+05	3.212765221316113866e+02
5.769000000000000000e+05	3.212765221316113866e+02
5.769000000000000000e+05	3.212652246858120293e+02
5.778000000000000000e+05	3.212652246858120293e+02
5.778000000000000000e+05	3.212539314765548397e+02
5.787000000000000000e+05	3.212539314765548397e+02
5.787000000000000000e+05	3.211526425022511262e+02
5.796000000000000000e+05	3.211526425022511262e+02
5.796000000000000000e+05	3.210914817559776111e+02
5.805000000000000000e+05	3.210914817559776111e+02
5.805000000000000000e+05	3.210802537003190764e+02
5.814000000000000000e+05	3.210802537003190764e+02
5.814000000000000000e+05	3.210690298551814976e+02
5.823000000000000000e+05	3.210690298551814976e+02
5.823000000000000000e+05	3.210578102189857645e+02
5.832000000000000000e+05	3.210578102189857645e+02
5.832000000000000000e+05	3.209997564026452892e+02
5.841000000000000000e+05	3.209997564026452892e+02
5.841000000000000000e+05	3.206330627439941736e+02
5.850000000000000000e+05	3.206330627439941736e+02
5.850000000000000000e+05	3.206020065974652198e+02
5.859000000000000000e+05	3.206020065974652198e+02
5.859000000000000000e+05	3.205709620969911953e+02
5.868000000000000000e+05	3.205709620969911953e+02
5.868000000000000000e+05	3.205166598671071370e+02
5.877000000000000000e+05	3.205166598671071370e+02
5.877000000000000000e+05	3.204156473696569378e+02
5.886000000000000000e+05	3.204156473696569378e+02
5.886000000000000000e+05	3.204046727518933153e+02
5.895000000000000000e+05	3.204046727518933153e+02
5.895000000000000000e+05	3.203937022496114082e+02
5.904000000000000000e+05	3.203937022496114082e+02
5.904000000000000000e+05	3.203343472714890936e+02
5.913000000000000000e+05	3.203343472714890936e+02
5.913000000000000000e+05	3.204917206337968878e+02
5.922000000000000000e+05	3.204917206337968878e+02
5.922000000000000000e+05	3.204807174885592076e+02
5.931000000000000000e+05	3.204807174885592076e+02
5.931000000000000000e+05	3.198297184255010848e+02
5.940000000000000000e+05	3.198297184255010848e+02
5.940000000000000000e+05	3.193867969153729405e+02
5.949000000000000000e+05	3.193867969153729405e+02
5.949000000000000000e+05	3.193762081165297104e+02
5.958000000000000000e+05	3.193762081165297104e+02
5.958000000000000000e+05	3.192756232884859742e+02
5.967000000000000000e+05	3.192756232884859742e+02
5.967000000000000000e+05	3.173050761657528938e+02
5.976000000000000000e+05	3.173050761657528938e+02
5.976000000000000000e+05	3.172744114545420757e+02
5.985000000000000000e+05	3.172744114545420757e+02
5.985000000000000000e+05	3.172646148002465338e+02
5.994000000000000000e+05	3.172646148002465338e+02
5.994000000000000000e+05	3.172548218196964172e+02
6.003000000000000000e+05	3.172548218196964172e+02
6.003000000000000000e+05	3.172450325115140686e+02
6.012000000000000000e+05	3.172450325115140686e+02
6.012000000000000000e+05	3.171947267428283794e+02
6.021000000000000000e+05	3.171947267428283794e+02
6.021000000000000000e+05	3.171849599702998148e+02
6.030000000000000000e+05	3.171849599702998148e+02
6.030000000000000000e+05	3.200599337024162310e+02
6.039000000000000000e+05	3.200599337024162310e+02
6.039000000000000000e+05	3.201201451088567751e+02
6.048000000000000000e+05	3.201201451088567751e+02
