# #1
# double T_supply_UFH(1344, 2)
0.000000000000000000e+00	3.031499999999999773e+02
9.000000000000000000e+02	3.031499999999999773e+02
9.000000000000000000e+02	2.967875033493592127e+02
1.800000000000000000e+03	2.967875033493592127e+02
1.800000000000000000e+03	2.972822299340205632e+02
2.700000000000000000e+03	2.972822299340205632e+02
2.700000000000000000e+03	2.977851537686678398e+02
3.600000000000000000e+03	2.977851537686678398e+02
3.600000000000000000e+03	2.966483984653933135e+02
4.500000000000000000e+03	2.966483984653933135e+02
4.500000000000000000e+03	2.982294739719229142e+02
5.400000000000000000e+03	2.982294739719229142e+02
5.400000000000000000e+03	2.973485417085233280e+02
6.300000000000000000e+03	2.973485417085233280e+02
6.300000000000000000e+03	2.975145200441190241e+02
7.200000000000000000e+03	2.975145200441190241e+02
7.200000000000000000e+03	2.987464946153505707e+02
8.100000000000000000e+03	2.987464946153505707e+02
8.100000000000000000e+03	2.963316725374646126e+02
9.000000000000000000e+03	2.963316725374646126e+02
9.000000000000000000e+03	2.958571943130251043e+02
9.900000000000000000e+03	2.958571943130251043e+02
9.900000000000000000e+03	2.969427869937344440e+02
1.080000000000000000e+04	2.969427869937344440e+02
1.080000000000000000e+04	2.962080642883759651e+02
1.170000000000000000e+04	2.962080642883759651e+02
1.170000000000000000e+04	2.968254319991385728e+02
1.260000000000000000e+04	2.968254319991385728e+02
1.260000000000000000e+04	2.965895602318947795e+02
1.350000000000000000e+04	2.965895602318947795e+02
1.350000000000000000e+04	2.966562883735904279e+02
1.440000000000000000e+04	2.966562883735904279e+02
1.440000000000000000e+04	2.933633121663832526e+02
1.530000000000000000e+04	2.933633121663832526e+02
1.530000000000000000e+04	3.019434257454639692e+02
1.620000000000000000e+04	3.019434257454639692e+02
1.620000000000000000e+04	2.965246289761274170e+02
1.710000000000000000e+04	2.965246289761274170e+02
1.710000000000000000e+04	2.972313855231564048e+02
1.800000000000000000e+04	2.972313855231564048e+02
1.800000000000000000e+04	2.971154253545294637e+02
1.890000000000000000e+04	2.971154253545294637e+02
1.890000000000000000e+04	2.951892588773341686e+02
1.980000000000000000e+04	2.951892588773341686e+02
1.980000000000000000e+04	2.950150158969343579e+02
2.070000000000000000e+04	2.950150158969343579e+02
2.070000000000000000e+04	2.942299738923595100e+02
2.160000000000000000e+04	2.942299738923595100e+02
2.160000000000000000e+04	2.934858092080613687e+02
2.250000000000000000e+04	2.934858092080613687e+02
2.250000000000000000e+04	2.939783512512370862e+02
2.340000000000000000e+04	2.939783512512370862e+02
2.340000000000000000e+04	2.931463533871863660e+02
2.430000000000000000e+04	2.931463533871863660e+02
2.430000000000000000e+04	2.927388999751419760e+02
2.520000000000000000e+04	2.927388999751419760e+02
2.520000000000000000e+04	2.927203616759014722e+02
2.610000000000000000e+04	2.927203616759014722e+02
2.610000000000000000e+04	2.946713277210032516e+02
2.700000000000000000e+04	2.946713277210032516e+02
2.700000000000000000e+04	2.933814577656126517e+02
2.790000000000000000e+04	2.933814577656126517e+02
2.790000000000000000e+04	2.928658719860613360e+02
2.880000000000000000e+04	2.928658719860613360e+02
2.880000000000000000e+04	2.928591558254674965e+02
2.970000000000000000e+04	2.928591558254674965e+02
2.970000000000000000e+04	3.042698302299487523e+02
3.060000000000000000e+04	3.042698302299487523e+02
3.060000000000000000e+04	3.049721435010954451e+02
3.150000000000000000e+04	3.049721435010954451e+02
3.150000000000000000e+04	3.064298695879844558e+02
3.240000000000000000e+04	3.064298695879844558e+02
3.240000000000000000e+04	3.057971986674904770e+02
3.330000000000000000e+04	3.057971986674904770e+02
3.330000000000000000e+04	3.092806025709699611e+02
3.420000000000000000e+04	3.092806025709699611e+02
3.420000000000000000e+04	3.099677428813664051e+02
3.510000000000000000e+04	3.099677428813664051e+02
3.510000000000000000e+04	3.087886030309668399e+02
3.600000000000000000e+04	3.087886030309668399e+02
3.600000000000000000e+04	3.082515597679081907e+02
3.690000000000000000e+04	3.082515597679081907e+02
3.690000000000000000e+04	3.044627116535665436e+02
3.780000000000000000e+04	3.044627116535665436e+02
3.780000000000000000e+04	3.050442583568836881e+02
3.870000000000000000e+04	3.050442583568836881e+02
3.870000000000000000e+04	3.046622480546084262e+02
3.960000000000000000e+04	3.046622480546084262e+02
3.960000000000000000e+04	3.024620929409057339e+02
4.050000000000000000e+04	3.024620929409057339e+02
4.050000000000000000e+04	3.033726979774659753e+02
4.140000000000000000e+04	3.033726979774659753e+02
4.140000000000000000e+04	3.016831503064219078e+02
4.230000000000000000e+04	3.016831503064219078e+02
4.230000000000000000e+04	3.017908557207323952e+02
4.320000000000000000e+04	3.017908557207323952e+02
4.320000000000000000e+04	3.025126507974089805e+02
4.410000000000000000e+04	3.025126507974089805e+02
4.410000000000000000e+04	2.972868458190074534e+02
4.500000000000000000e+04	2.972868458190074534e+02
4.500000000000000000e+04	2.986451936195567214e+02
4.590000000000000000e+04	2.986451936195567214e+02
4.590000000000000000e+04	2.992229683116144088e+02
4.680000000000000000e+04	2.992229683116144088e+02
4.680000000000000000e+04	2.972120796563772274e+02
4.770000000000000000e+04	2.972120796563772274e+02
4.770000000000000000e+04	2.965145167350845554e+02
4.860000000000000000e+04	2.965145167350845554e+02
4.860000000000000000e+04	2.968588615976602796e+02
4.950000000000000000e+04	2.968588615976602796e+02
4.950000000000000000e+04	2.967000131019582909e+02
5.040000000000000000e+04	2.967000131019582909e+02
5.040000000000000000e+04	2.956902051305668238e+02
5.130000000000000000e+04	2.956902051305668238e+02
5.130000000000000000e+04	2.943756529665239441e+02
5.220000000000000000e+04	2.943756529665239441e+02
5.220000000000000000e+04	2.954469808281390897e+02
5.310000000000000000e+04	2.954469808281390897e+02
5.310000000000000000e+04	2.953567512685338556e+02
5.400000000000000000e+04	2.953567512685338556e+02
5.400000000000000000e+04	2.941505004011871733e+02
5.490000000000000000e+04	2.941505004011871733e+02
5.490000000000000000e+04	2.960655388245351674e+02
5.580000000000000000e+04	2.960655388245351674e+02
5.580000000000000000e+04	2.947930144777986357e+02
5.670000000000000000e+04	2.947930144777986357e+02
5.670000000000000000e+04	2.947929719902721786e+02
5.760000000000000000e+04	2.947929719902721786e+02
5.760000000000000000e+04	2.947387621405011942e+02
5.850000000000000000e+04	2.947387621405011942e+02
5.850000000000000000e+04	2.950634290253337895e+02
5.940000000000000000e+04	2.950634290253337895e+02
5.940000000000000000e+04	2.950681968862450617e+02
6.030000000000000000e+04	2.950681968862450617e+02
6.030000000000000000e+04	2.952283308643631585e+02
6.120000000000000000e+04	2.952283308643631585e+02
6.120000000000000000e+04	2.947847929261702689e+02
6.210000000000000000e+04	2.947847929261702689e+02
6.210000000000000000e+04	2.971832240828078397e+02
6.300000000000000000e+04	2.971832240828078397e+02
6.300000000000000000e+04	2.971691691802589048e+02
6.390000000000000000e+04	2.971691691802589048e+02
6.390000000000000000e+04	2.979619915012872298e+02
6.480000000000000000e+04	2.979619915012872298e+02
6.480000000000000000e+04	2.983469941831519350e+02
6.570000000000000000e+04	2.983469941831519350e+02
6.570000000000000000e+04	2.987703990406001822e+02
6.660000000000000000e+04	2.987703990406001822e+02
6.660000000000000000e+04	2.972253762056486721e+02
6.750000000000000000e+04	2.972253762056486721e+02
6.750000000000000000e+04	2.988055190832249650e+02
6.840000000000000000e+04	2.988055190832249650e+02
6.840000000000000000e+04	2.964234000652240866e+02
6.930000000000000000e+04	2.964234000652240866e+02
6.930000000000000000e+04	3.017299212618962656e+02
7.020000000000000000e+04	3.017299212618962656e+02
7.020000000000000000e+04	2.987270769318178054e+02
7.110000000000000000e+04	2.987270769318178054e+02
7.110000000000000000e+04	2.992169621197029983e+02
7.200000000000000000e+04	2.992169621197029983e+02
7.200000000000000000e+04	2.960006252256736730e+02
7.290000000000000000e+04	2.960006252256736730e+02
7.290000000000000000e+04	3.012593459446605380e+02
7.380000000000000000e+04	3.012593459446605380e+02
7.380000000000000000e+04	2.979403876497981400e+02
7.470000000000000000e+04	2.979403876497981400e+02
7.470000000000000000e+04	2.966282796508285742e+02
7.560000000000000000e+04	2.966282796508285742e+02
7.560000000000000000e+04	2.946815201677117670e+02
7.650000000000000000e+04	2.946815201677117670e+02
7.650000000000000000e+04	2.969183890741296068e+02
7.740000000000000000e+04	2.969183890741296068e+02
7.740000000000000000e+04	2.953191567710779282e+02
7.830000000000000000e+04	2.953191567710779282e+02
7.830000000000000000e+04	2.946527285755058188e+02
7.920000000000000000e+04	2.946527285755058188e+02
7.920000000000000000e+04	2.932199335756767482e+02
8.010000000000000000e+04	2.932199335756767482e+02
8.010000000000000000e+04	2.899344221408418321e+02
8.100000000000000000e+04	2.899344221408418321e+02
8.100000000000000000e+04	2.912260629407306283e+02
8.190000000000000000e+04	2.912260629407306283e+02
8.190000000000000000e+04	2.915992377898356835e+02
8.280000000000000000e+04	2.915992377898356835e+02
8.280000000000000000e+04	2.923299527603956562e+02
8.370000000000000000e+04	2.923299527603956562e+02
8.370000000000000000e+04	2.898204805007757159e+02
8.460000000000000000e+04	2.898204805007757159e+02
8.460000000000000000e+04	2.909366789308834882e+02
8.550000000000000000e+04	2.909366789308834882e+02
8.550000000000000000e+04	2.912915556307611382e+02
8.640000000000000000e+04	2.912915556307611382e+02
8.640000000000000000e+04	2.920843777988808938e+02
8.730000000000000000e+04	2.920843777988808938e+02
8.730000000000000000e+04	2.896642432571528616e+02
8.820000000000000000e+04	2.896642432571528616e+02
8.820000000000000000e+04	2.907444047569785539e+02
8.910000000000000000e+04	2.907444047569785539e+02
8.910000000000000000e+04	2.910892075818756553e+02
9.000000000000000000e+04	2.910892075818756553e+02
9.000000000000000000e+04	2.918708753883851728e+02
9.090000000000000000e+04	2.918708753883851728e+02
9.090000000000000000e+04	2.938073552748289217e+02
9.180000000000000000e+04	2.938073552748289217e+02
9.180000000000000000e+04	2.928800612961768479e+02
9.270000000000000000e+04	2.928800612961768479e+02
9.270000000000000000e+04	2.925549077721804565e+02
9.360000000000000000e+04	2.925549077721804565e+02
9.360000000000000000e+04	2.925429264579410642e+02
9.450000000000000000e+04	2.925429264579410642e+02
9.450000000000000000e+04	2.896965350419084757e+02
9.540000000000000000e+04	2.896965350419084757e+02
9.540000000000000000e+04	2.907279547333227470e+02
9.630000000000000000e+04	2.907279547333227470e+02
9.630000000000000000e+04	2.910053541861670965e+02
9.720000000000000000e+04	2.910053541861670965e+02
9.720000000000000000e+04	2.915448377137879561e+02
9.810000000000000000e+04	2.915448377137879561e+02
9.810000000000000000e+04	2.894469775497479418e+02
9.900000000000000000e+04	2.894469775497479418e+02
9.900000000000000000e+04	2.910170039577270700e+02
9.990000000000000000e+04	2.910170039577270700e+02
9.990000000000000000e+04	2.913048103109685485e+02
1.008000000000000000e+05	2.913048103109685485e+02
1.008000000000000000e+05	2.913292360157619783e+02
1.017000000000000000e+05	2.913292360157619783e+02
1.017000000000000000e+05	2.956135180886219587e+02
1.026000000000000000e+05	2.956135180886219587e+02
1.026000000000000000e+05	2.993743389234435313e+02
1.035000000000000000e+05	2.993743389234435313e+02
1.035000000000000000e+05	2.993826475288564097e+02
1.044000000000000000e+05	2.993826475288564097e+02
1.044000000000000000e+05	2.957764785210770242e+02
1.053000000000000000e+05	2.957764785210770242e+02
1.053000000000000000e+05	2.910341021684675411e+02
1.062000000000000000e+05	2.910341021684675411e+02
1.062000000000000000e+05	2.919240580808100844e+02
1.071000000000000000e+05	2.919240580808100844e+02
1.071000000000000000e+05	2.971129443865991107e+02
1.080000000000000000e+05	2.971129443865991107e+02
1.080000000000000000e+05	2.930291956775349149e+02
1.089000000000000000e+05	2.930291956775349149e+02
1.089000000000000000e+05	2.945832298004346512e+02
1.098000000000000000e+05	2.945832298004346512e+02
1.098000000000000000e+05	2.941499999999999204e+02
1.107000000000000000e+05	2.941499999999999204e+02
1.107000000000000000e+05	2.906849097492246301e+02
1.116000000000000000e+05	2.906849097492246301e+02
1.116000000000000000e+05	2.937753126967250523e+02
1.125000000000000000e+05	2.937753126967250523e+02
1.125000000000000000e+05	2.988376845440566285e+02
1.134000000000000000e+05	2.988376845440566285e+02
1.134000000000000000e+05	3.021744425662446361e+02
1.143000000000000000e+05	3.021744425662446361e+02
1.143000000000000000e+05	3.044479005261297289e+02
1.152000000000000000e+05	3.044479005261297289e+02
1.152000000000000000e+05	3.047449397097963129e+02
1.161000000000000000e+05	3.047449397097963129e+02
1.161000000000000000e+05	3.100432807318601931e+02
1.170000000000000000e+05	3.100432807318601931e+02
1.170000000000000000e+05	3.101654137961521656e+02
1.179000000000000000e+05	3.101654137961521656e+02
1.179000000000000000e+05	3.107601376717495896e+02
1.188000000000000000e+05	3.107601376717495896e+02
1.188000000000000000e+05	3.097338941173857734e+02
1.197000000000000000e+05	3.097338941173857734e+02
1.197000000000000000e+05	2.993776047355664218e+02
1.206000000000000000e+05	2.993776047355664218e+02
1.206000000000000000e+05	2.989977916683765216e+02
1.215000000000000000e+05	2.989977916683765216e+02
1.215000000000000000e+05	2.978522912863474517e+02
1.224000000000000000e+05	2.978522912863474517e+02
1.224000000000000000e+05	2.977293089240981772e+02
1.233000000000000000e+05	2.977293089240981772e+02
1.233000000000000000e+05	3.061205394745697959e+02
1.242000000000000000e+05	3.061205394745697959e+02
1.242000000000000000e+05	3.070693477864194278e+02
1.251000000000000000e+05	3.070693477864194278e+02
1.251000000000000000e+05	3.056427921682100077e+02
1.260000000000000000e+05	3.056427921682100077e+02
1.260000000000000000e+05	3.044664649441262441e+02
1.269000000000000000e+05	3.044664649441262441e+02
1.269000000000000000e+05	2.984080964450379838e+02
1.278000000000000000e+05	2.984080964450379838e+02
1.278000000000000000e+05	3.041919906902801927e+02
1.287000000000000000e+05	3.041919906902801927e+02
1.287000000000000000e+05	3.003479815075224337e+02
1.296000000000000000e+05	3.003479815075224337e+02
1.296000000000000000e+05	2.985296921230449811e+02
1.305000000000000000e+05	2.985296921230449811e+02
1.305000000000000000e+05	2.993594899098711721e+02
1.314000000000000000e+05	2.993594899098711721e+02
1.314000000000000000e+05	2.993897148420954863e+02
1.323000000000000000e+05	2.993897148420954863e+02
1.323000000000000000e+05	2.990884289729345937e+02
1.332000000000000000e+05	2.990884289729345937e+02
1.332000000000000000e+05	2.962768762475184303e+02
1.341000000000000000e+05	2.962768762475184303e+02
1.341000000000000000e+05	3.012830321596787826e+02
1.350000000000000000e+05	3.012830321596787826e+02
1.350000000000000000e+05	2.977183749000621447e+02
1.359000000000000000e+05	2.977183749000621447e+02
1.359000000000000000e+05	2.981914487559448617e+02
1.368000000000000000e+05	2.981914487559448617e+02
1.368000000000000000e+05	2.947514226632231384e+02
1.377000000000000000e+05	2.947514226632231384e+02
1.377000000000000000e+05	3.024809410554150872e+02
1.386000000000000000e+05	3.024809410554150872e+02
1.386000000000000000e+05	2.972615256480141852e+02
1.395000000000000000e+05	2.972615256480141852e+02
1.395000000000000000e+05	2.979088850656598311e+02
1.404000000000000000e+05	2.979088850656598311e+02
1.404000000000000000e+05	2.973548202928266164e+02
1.413000000000000000e+05	2.973548202928266164e+02
1.413000000000000000e+05	2.970857842470265382e+02
1.422000000000000000e+05	2.970857842470265382e+02
1.422000000000000000e+05	2.967597056431876013e+02
1.431000000000000000e+05	2.967597056431876013e+02
1.431000000000000000e+05	2.966293156791056731e+02
1.440000000000000000e+05	2.966293156791056731e+02
1.440000000000000000e+05	2.957429856432631254e+02
1.449000000000000000e+05	2.957429856432631254e+02
1.449000000000000000e+05	2.967994562097484845e+02
1.458000000000000000e+05	2.967994562097484845e+02
1.458000000000000000e+05	2.960285542328426232e+02
1.467000000000000000e+05	2.960285542328426232e+02
1.467000000000000000e+05	2.961541677764684550e+02
1.476000000000000000e+05	2.961541677764684550e+02
1.476000000000000000e+05	2.956477828949871878e+02
1.485000000000000000e+05	2.956477828949871878e+02
1.485000000000000000e+05	2.968985989604594806e+02
1.494000000000000000e+05	2.968985989604594806e+02
1.494000000000000000e+05	2.973686098915190996e+02
1.503000000000000000e+05	2.973686098915190996e+02
1.503000000000000000e+05	2.980270572835063376e+02
1.512000000000000000e+05	2.980270572835063376e+02
1.512000000000000000e+05	2.941280964480370699e+02
1.521000000000000000e+05	2.941280964480370699e+02
1.521000000000000000e+05	3.030440499321749144e+02
1.530000000000000000e+05	3.030440499321749144e+02
1.530000000000000000e+05	2.985768499263534181e+02
1.539000000000000000e+05	2.985768499263534181e+02
1.539000000000000000e+05	2.987912882519584059e+02
1.548000000000000000e+05	2.987912882519584059e+02
1.548000000000000000e+05	2.971791478053520450e+02
1.557000000000000000e+05	2.971791478053520450e+02
1.557000000000000000e+05	2.985314882727557233e+02
1.566000000000000000e+05	2.985314882727557233e+02
1.566000000000000000e+05	2.994773395967700367e+02
1.575000000000000000e+05	2.994773395967700367e+02
1.575000000000000000e+05	2.989845149703966740e+02
1.584000000000000000e+05	2.989845149703966740e+02
1.584000000000000000e+05	2.960246348638838185e+02
1.593000000000000000e+05	2.960246348638838185e+02
1.593000000000000000e+05	2.977871581903486913e+02
1.602000000000000000e+05	2.977871581903486913e+02
1.602000000000000000e+05	2.960583072730699428e+02
1.611000000000000000e+05	2.960583072730699428e+02
1.611000000000000000e+05	2.952738610525047420e+02
1.620000000000000000e+05	2.952738610525047420e+02
1.620000000000000000e+05	2.937328241176175538e+02
1.629000000000000000e+05	2.937328241176175538e+02
1.629000000000000000e+05	2.963108531608794465e+02
1.638000000000000000e+05	2.963108531608794465e+02
1.638000000000000000e+05	2.948076196508420708e+02
1.647000000000000000e+05	2.948076196508420708e+02
1.647000000000000000e+05	2.936468296792935462e+02
1.656000000000000000e+05	2.936468296792935462e+02
1.656000000000000000e+05	2.929021344423538267e+02
1.665000000000000000e+05	2.929021344423538267e+02
1.665000000000000000e+05	2.897333037461957588e+02
1.674000000000000000e+05	2.897333037461957588e+02
1.674000000000000000e+05	2.910591124508242160e+02
1.683000000000000000e+05	2.910591124508242160e+02
1.683000000000000000e+05	2.914646620290516807e+02
1.692000000000000000e+05	2.914646620290516807e+02
1.692000000000000000e+05	2.923361090887337923e+02
1.701000000000000000e+05	2.923361090887337923e+02
1.701000000000000000e+05	2.896576846831815715e+02
1.710000000000000000e+05	2.896576846831815715e+02
1.710000000000000000e+05	2.908622478034068308e+02
1.719000000000000000e+05	2.908622478034068308e+02
1.719000000000000000e+05	2.912506021774056535e+02
1.728000000000000000e+05	2.912506021774056535e+02
1.728000000000000000e+05	2.921463508278183667e+02
1.737000000000000000e+05	2.921463508278183667e+02
1.737000000000000000e+05	2.895429287908550009e+02
1.746000000000000000e+05	2.895429287908550009e+02
1.746000000000000000e+05	2.907161202144250183e+02
1.755000000000000000e+05	2.907161202144250183e+02
1.755000000000000000e+05	2.910955113587695564e+02
1.764000000000000000e+05	2.910955113587695564e+02
1.764000000000000000e+05	2.919814228161940832e+02
1.773000000000000000e+05	2.919814228161940832e+02
1.773000000000000000e+05	2.894218714324510415e+02
1.782000000000000000e+05	2.894218714324510415e+02
1.782000000000000000e+05	2.905733735766780796e+02
1.791000000000000000e+05	2.905733735766780796e+02
1.791000000000000000e+05	2.909452862946279197e+02
1.800000000000000000e+05	2.909452862946279197e+02
1.800000000000000000e+05	2.918185434027173528e+02
1.809000000000000000e+05	2.918185434027173528e+02
1.809000000000000000e+05	2.893648098261585915e+02
1.818000000000000000e+05	2.893648098261585915e+02
1.818000000000000000e+05	2.935878054348359001e+02
1.827000000000000000e+05	2.935878054348359001e+02
1.827000000000000000e+05	2.919967160328851037e+02
1.836000000000000000e+05	2.919967160328851037e+02
1.836000000000000000e+05	2.922604385503945537e+02
1.845000000000000000e+05	2.922604385503945537e+02
1.845000000000000000e+05	2.902267270553097092e+02
1.854000000000000000e+05	2.902267270553097092e+02
1.854000000000000000e+05	2.909855996067211095e+02
1.863000000000000000e+05	2.909855996067211095e+02
1.863000000000000000e+05	2.911885211362236419e+02
1.872000000000000000e+05	2.911885211362236419e+02
1.872000000000000000e+05	2.916434014824297947e+02
1.881000000000000000e+05	2.916434014824297947e+02
1.881000000000000000e+05	2.977622510487032628e+02
1.890000000000000000e+05	2.977622510487032628e+02
1.890000000000000000e+05	2.940180817097585191e+02
1.899000000000000000e+05	2.940180817097585191e+02
1.899000000000000000e+05	2.946294267134965139e+02
1.908000000000000000e+05	2.946294267134965139e+02
1.908000000000000000e+05	2.946628026038549137e+02
1.917000000000000000e+05	2.946628026038549137e+02
1.917000000000000000e+05	2.938269770146144992e+02
1.926000000000000000e+05	2.938269770146144992e+02
1.926000000000000000e+05	2.931614641051246508e+02
1.935000000000000000e+05	2.931614641051246508e+02
1.935000000000000000e+05	2.924894443107380084e+02
1.944000000000000000e+05	2.924894443107380084e+02
1.944000000000000000e+05	2.925054674004439335e+02
1.953000000000000000e+05	2.925054674004439335e+02
1.953000000000000000e+05	2.927715005205832313e+02
1.962000000000000000e+05	2.927715005205832313e+02
1.962000000000000000e+05	2.923766149182629306e+02
1.971000000000000000e+05	2.923766149182629306e+02
1.971000000000000000e+05	2.906695917717399311e+02
1.980000000000000000e+05	2.906695917717399311e+02
1.980000000000000000e+05	2.918953845326748251e+02
1.989000000000000000e+05	2.918953845326748251e+02
1.989000000000000000e+05	2.968429957884809482e+02
1.998000000000000000e+05	2.968429957884809482e+02
1.998000000000000000e+05	3.008362750774791152e+02
2.007000000000000000e+05	3.008362750774791152e+02
2.007000000000000000e+05	3.034525730826644008e+02
2.016000000000000000e+05	3.034525730826644008e+02
2.016000000000000000e+05	3.036276923894295123e+02
2.025000000000000000e+05	3.036276923894295123e+02
2.025000000000000000e+05	3.112145326982043230e+02
2.034000000000000000e+05	3.112145326982043230e+02
2.034000000000000000e+05	3.106736337393109011e+02
2.043000000000000000e+05	3.106736337393109011e+02
2.043000000000000000e+05	3.111210719566189482e+02
2.052000000000000000e+05	3.111210719566189482e+02
2.052000000000000000e+05	3.045096027903090317e+02
2.061000000000000000e+05	3.045096027903090317e+02
2.061000000000000000e+05	3.085178383746111308e+02
2.070000000000000000e+05	3.085178383746111308e+02
2.070000000000000000e+05	3.055799903792120062e+02
2.079000000000000000e+05	3.055799903792120062e+02
2.079000000000000000e+05	3.056598965094408982e+02
2.088000000000000000e+05	3.056598965094408982e+02
2.088000000000000000e+05	3.042298938555666723e+02
2.097000000000000000e+05	3.042298938555666723e+02
2.097000000000000000e+05	3.021186595054300028e+02
2.106000000000000000e+05	3.021186595054300028e+02
2.106000000000000000e+05	3.001883599251343639e+02
2.115000000000000000e+05	3.001883599251343639e+02
2.115000000000000000e+05	3.033086965060743978e+02
2.124000000000000000e+05	3.033086965060743978e+02
2.124000000000000000e+05	3.003973430337544528e+02
2.133000000000000000e+05	3.003973430337544528e+02
2.133000000000000000e+05	3.022861156550359283e+02
2.142000000000000000e+05	3.022861156550359283e+02
2.142000000000000000e+05	3.001650565079694957e+02
2.151000000000000000e+05	3.001650565079694957e+02
2.151000000000000000e+05	2.991999639025382862e+02
2.160000000000000000e+05	2.991999639025382862e+02
2.160000000000000000e+05	2.967987752910094059e+02
2.169000000000000000e+05	2.967987752910094059e+02
2.169000000000000000e+05	3.031365604264105400e+02
2.178000000000000000e+05	3.031365604264105400e+02
2.178000000000000000e+05	2.990222809295333946e+02
2.187000000000000000e+05	2.990222809295333946e+02
2.187000000000000000e+05	2.997103096455049354e+02
2.196000000000000000e+05	2.997103096455049354e+02
2.196000000000000000e+05	2.990075932081393262e+02
2.205000000000000000e+05	2.990075932081393262e+02
2.205000000000000000e+05	3.007770845727916367e+02
2.214000000000000000e+05	3.007770845727916367e+02
2.214000000000000000e+05	2.987454082593795306e+02
2.223000000000000000e+05	2.987454082593795306e+02
2.223000000000000000e+05	2.992197995157721948e+02
2.232000000000000000e+05	2.992197995157721948e+02
2.232000000000000000e+05	2.994104422064792743e+02
2.241000000000000000e+05	2.994104422064792743e+02
2.241000000000000000e+05	2.967270739022436601e+02
2.250000000000000000e+05	2.967270739022436601e+02
2.250000000000000000e+05	2.979620114677409219e+02
2.259000000000000000e+05	2.979620114677409219e+02
2.259000000000000000e+05	2.974951798541786161e+02
2.268000000000000000e+05	2.974951798541786161e+02
2.268000000000000000e+05	2.976563672432429257e+02
2.277000000000000000e+05	2.976563672432429257e+02
2.277000000000000000e+05	2.961490658965465173e+02
2.286000000000000000e+05	2.961490658965465173e+02
2.286000000000000000e+05	2.967144412119488948e+02
2.295000000000000000e+05	2.967144412119488948e+02
2.295000000000000000e+05	2.964789471381811268e+02
2.304000000000000000e+05	2.964789471381811268e+02
2.304000000000000000e+05	2.962604545663245403e+02
2.313000000000000000e+05	2.962604545663245403e+02
2.313000000000000000e+05	2.958845953688733630e+02
2.322000000000000000e+05	2.958845953688733630e+02
2.322000000000000000e+05	2.960112631395052176e+02
2.331000000000000000e+05	2.960112631395052176e+02
2.331000000000000000e+05	2.959882764557243036e+02
2.340000000000000000e+05	2.959882764557243036e+02
2.340000000000000000e+05	2.957788286768663397e+02
2.349000000000000000e+05	2.957788286768663397e+02
2.349000000000000000e+05	2.966149440946143159e+02
2.358000000000000000e+05	2.966149440946143159e+02
2.358000000000000000e+05	2.975423571873508308e+02
2.367000000000000000e+05	2.975423571873508308e+02
2.367000000000000000e+05	2.979660284707398432e+02
2.376000000000000000e+05	2.979660284707398432e+02
2.376000000000000000e+05	2.964867935461195430e+02
2.385000000000000000e+05	2.964867935461195430e+02
2.385000000000000000e+05	2.980940935019886524e+02
2.394000000000000000e+05	2.980940935019886524e+02
2.394000000000000000e+05	2.963601180426321093e+02
2.403000000000000000e+05	2.963601180426321093e+02
2.403000000000000000e+05	2.955553792370442352e+02
2.412000000000000000e+05	2.955553792370442352e+02
2.412000000000000000e+05	2.939772722388725583e+02
2.421000000000000000e+05	2.939772722388725583e+02
2.421000000000000000e+05	3.029210403882599394e+02
2.430000000000000000e+05	3.029210403882599394e+02
2.430000000000000000e+05	2.984651545573841531e+02
2.439000000000000000e+05	2.984651545573841531e+02
2.439000000000000000e+05	3.011651716613976646e+02
2.448000000000000000e+05	3.011651716613976646e+02
2.448000000000000000e+05	2.975081648161106500e+02
2.457000000000000000e+05	2.975081648161106500e+02
2.457000000000000000e+05	2.987229988583846989e+02
2.466000000000000000e+05	2.987229988583846989e+02
2.466000000000000000e+05	2.968338208127917142e+02
2.475000000000000000e+05	2.968338208127917142e+02
2.475000000000000000e+05	2.959043406946042865e+02
2.484000000000000000e+05	2.959043406946042865e+02
2.484000000000000000e+05	2.942065500483223559e+02
2.493000000000000000e+05	2.942065500483223559e+02
2.493000000000000000e+05	2.966081715287262455e+02
2.502000000000000000e+05	2.966081715287262455e+02
2.502000000000000000e+05	2.950555232203266769e+02
2.511000000000000000e+05	2.950555232203266769e+02
2.511000000000000000e+05	2.942058766317335881e+02
2.520000000000000000e+05	2.942058766317335881e+02
2.520000000000000000e+05	2.930539280553451249e+02
2.529000000000000000e+05	2.930539280553451249e+02
2.529000000000000000e+05	2.898269609841471492e+02
2.538000000000000000e+05	2.898269609841471492e+02
2.538000000000000000e+05	2.911361437188349441e+02
2.547000000000000000e+05	2.911361437188349441e+02
2.547000000000000000e+05	2.915260615611578601e+02
2.556000000000000000e+05	2.915260615611578601e+02
2.556000000000000000e+05	2.923329428471693063e+02
2.565000000000000000e+05	2.923329428471693063e+02
2.565000000000000000e+05	2.897355564777171821e+02
2.574000000000000000e+05	2.897355564777171821e+02
2.574000000000000000e+05	2.908979086172698203e+02
2.583000000000000000e+05	2.908979086172698203e+02
2.583000000000000000e+05	2.912703210806353127e+02
2.592000000000000000e+05	2.912703210806353127e+02
2.592000000000000000e+05	2.921190746314040894e+02
2.601000000000000000e+05	2.921190746314040894e+02
2.601000000000000000e+05	2.896015966071014418e+02
2.610000000000000000e+05	2.896015966071014418e+02
2.610000000000000000e+05	2.907310971661567578e+02
2.619000000000000000e+05	2.907310971661567578e+02
2.619000000000000000e+05	2.910943300558138844e+02
2.628000000000000000e+05	2.910943300558138844e+02
2.628000000000000000e+05	2.919337786289233350e+02
2.637000000000000000e+05	2.919337786289233350e+02
2.637000000000000000e+05	2.937675716962382353e+02
2.646000000000000000e+05	2.937675716962382353e+02
2.646000000000000000e+05	2.928928782035969220e+02
2.655000000000000000e+05	2.928928782035969220e+02
2.655000000000000000e+05	2.925876241229299239e+02
2.664000000000000000e+05	2.925876241229299239e+02
2.664000000000000000e+05	2.925842090298462495e+02
2.673000000000000000e+05	2.925842090298462495e+02
2.673000000000000000e+05	2.922071556089740056e+02
2.682000000000000000e+05	2.922071556089740056e+02
2.682000000000000000e+05	2.921209645125312022e+02
2.691000000000000000e+05	2.921209645125312022e+02
2.691000000000000000e+05	2.920317263315973264e+02
2.700000000000000000e+05	2.920317263315973264e+02
2.700000000000000000e+05	2.920298883213295653e+02
2.709000000000000000e+05	2.920298883213295653e+02
2.709000000000000000e+05	2.915751319141972999e+02
2.718000000000000000e+05	2.915751319141972999e+02
2.718000000000000000e+05	2.916340735430225664e+02
2.727000000000000000e+05	2.916340735430225664e+02
2.727000000000000000e+05	2.916161932905446292e+02
2.736000000000000000e+05	2.916161932905446292e+02
2.736000000000000000e+05	2.916641970664445012e+02
2.745000000000000000e+05	2.916641970664445012e+02
2.745000000000000000e+05	2.911447426998223591e+02
2.754000000000000000e+05	2.911447426998223591e+02
2.754000000000000000e+05	2.912895327998796233e+02
2.763000000000000000e+05	2.912895327998796233e+02
2.763000000000000000e+05	2.973112591981786750e+02
2.772000000000000000e+05	2.973112591981786750e+02
2.772000000000000000e+05	2.931449347747993670e+02
2.781000000000000000e+05	2.931449347747993670e+02
2.781000000000000000e+05	2.949484135598877970e+02
2.790000000000000000e+05	2.949484135598877970e+02
2.790000000000000000e+05	2.923643209881466873e+02
2.799000000000000000e+05	2.923643209881466873e+02
2.799000000000000000e+05	2.919979151026452655e+02
2.808000000000000000e+05	2.919979151026452655e+02
2.808000000000000000e+05	2.917798845090139821e+02
2.817000000000000000e+05	2.917798845090139821e+02
2.817000000000000000e+05	2.919045193484839160e+02
2.826000000000000000e+05	2.919045193484839160e+02
2.826000000000000000e+05	2.885325155006379987e+02
2.835000000000000000e+05	2.885325155006379987e+02
2.835000000000000000e+05	2.898370122981993404e+02
2.844000000000000000e+05	2.898370122981993404e+02
2.844000000000000000e+05	2.934533168945706620e+02
2.853000000000000000e+05	2.934533168945706620e+02
2.853000000000000000e+05	2.987837365871939710e+02
2.862000000000000000e+05	2.987837365871939710e+02
2.862000000000000000e+05	3.020737446205846481e+02
2.871000000000000000e+05	3.020737446205846481e+02
2.871000000000000000e+05	3.043618888511890077e+02
2.880000000000000000e+05	3.043618888511890077e+02
2.880000000000000000e+05	3.046634439206341654e+02
2.889000000000000000e+05	3.046634439206341654e+02
2.889000000000000000e+05	3.101537913998184308e+02
2.898000000000000000e+05	3.101537913998184308e+02
2.898000000000000000e+05	3.102275509705613672e+02
2.907000000000000000e+05	3.102275509705613672e+02
2.907000000000000000e+05	3.044194176763562041e+02
2.916000000000000000e+05	3.044194176763562041e+02
2.916000000000000000e+05	3.040444692674032012e+02
2.925000000000000000e+05	3.040444692674032012e+02
2.925000000000000000e+05	3.086228057212031786e+02
2.934000000000000000e+05	3.086228057212031786e+02
2.934000000000000000e+05	3.087886030309667831e+02
2.943000000000000000e+05	3.087886030309667831e+02
2.943000000000000000e+05	3.078087386819588573e+02
2.952000000000000000e+05	3.078087386819588573e+02
2.952000000000000000e+05	3.069390146576508300e+02
2.961000000000000000e+05	3.069390146576508300e+02
2.961000000000000000e+05	3.019342791577819298e+02
2.970000000000000000e+05	3.019342791577819298e+02
2.970000000000000000e+05	3.021894794324775262e+02
2.979000000000000000e+05	3.021894794324775262e+02
2.979000000000000000e+05	3.041620911566345171e+02
2.988000000000000000e+05	3.041620911566345171e+02
2.988000000000000000e+05	3.011760160327866060e+02
2.997000000000000000e+05	3.011760160327866060e+02
2.997000000000000000e+05	3.031489260115532716e+02
3.006000000000000000e+05	3.031489260115532716e+02
3.006000000000000000e+05	3.005839031805620039e+02
3.015000000000000000e+05	3.005839031805620039e+02
3.015000000000000000e+05	3.009227445587005718e+02
3.024000000000000000e+05	3.009227445587005718e+02
3.024000000000000000e+05	2.996339652863211995e+02
3.033000000000000000e+05	2.996339652863211995e+02
3.033000000000000000e+05	2.987962427902769491e+02
3.042000000000000000e+05	2.987962427902769491e+02
3.042000000000000000e+05	2.984385455367287250e+02
3.051000000000000000e+05	2.984385455367287250e+02
3.051000000000000000e+05	2.969797411603145747e+02
3.060000000000000000e+05	2.969797411603145747e+02
3.060000000000000000e+05	2.967073184483638215e+02
3.069000000000000000e+05	2.967073184483638215e+02
3.069000000000000000e+05	3.018666307755759703e+02
3.078000000000000000e+05	3.018666307755759703e+02
3.078000000000000000e+05	2.979556529377146603e+02
3.087000000000000000e+05	2.979556529377146603e+02
3.087000000000000000e+05	2.985164159841968967e+02
3.096000000000000000e+05	2.985164159841968967e+02
3.096000000000000000e+05	2.984506084263052230e+02
3.105000000000000000e+05	2.984506084263052230e+02
3.105000000000000000e+05	2.951011669809686282e+02
3.114000000000000000e+05	2.951011669809686282e+02
3.114000000000000000e+05	2.974160210663027897e+02
3.123000000000000000e+05	2.974160210663027897e+02
3.123000000000000000e+05	2.970995763802975489e+02
3.132000000000000000e+05	2.970995763802975489e+02
3.132000000000000000e+05	2.973407674088601880e+02
3.141000000000000000e+05	2.973407674088601880e+02
3.141000000000000000e+05	2.949756877993326611e+02
3.150000000000000000e+05	2.949756877993326611e+02
3.150000000000000000e+05	2.962480638563199022e+02
3.159000000000000000e+05	2.962480638563199022e+02
3.159000000000000000e+05	2.958982876813042822e+02
3.168000000000000000e+05	2.958982876813042822e+02
3.168000000000000000e+05	2.956561142875062842e+02
3.177000000000000000e+05	2.956561142875062842e+02
3.177000000000000000e+05	2.957884560776645912e+02
3.186000000000000000e+05	2.957884560776645912e+02
3.186000000000000000e+05	2.955086637484328662e+02
3.195000000000000000e+05	2.955086637484328662e+02
3.195000000000000000e+05	2.955811007154588879e+02
3.204000000000000000e+05	2.955811007154588879e+02
3.204000000000000000e+05	2.942042041993171892e+02
3.213000000000000000e+05	2.942042041993171892e+02
3.213000000000000000e+05	2.967679953428219619e+02
3.222000000000000000e+05	2.967679953428219619e+02
3.222000000000000000e+05	2.994017375590777874e+02
3.231000000000000000e+05	2.994017375590777874e+02
3.231000000000000000e+05	2.970700255334024860e+02
3.240000000000000000e+05	2.970700255334024860e+02
3.240000000000000000e+05	2.945391810064058973e+02
3.249000000000000000e+05	2.945391810064058973e+02
3.249000000000000000e+05	3.032766617838871070e+02
3.258000000000000000e+05	3.032766617838871070e+02
3.258000000000000000e+05	2.987654395191154322e+02
3.267000000000000000e+05	2.987654395191154322e+02
3.267000000000000000e+05	2.971490284533348927e+02
3.276000000000000000e+05	2.971490284533348927e+02
3.276000000000000000e+05	2.938630209091202232e+02
3.285000000000000000e+05	2.938630209091202232e+02
3.285000000000000000e+05	3.028076840910267151e+02
3.294000000000000000e+05	3.028076840910267151e+02
3.294000000000000000e+05	3.045745714579688297e+02
3.303000000000000000e+05	3.045745714579688297e+02
3.303000000000000000e+05	3.002966785080663499e+02
3.312000000000000000e+05	3.002966785080663499e+02
3.312000000000000000e+05	3.002654964808256182e+02
3.321000000000000000e+05	3.002654964808256182e+02
3.321000000000000000e+05	3.006368620795626612e+02
3.330000000000000000e+05	3.006368620795626612e+02
3.330000000000000000e+05	2.983138036758751923e+02
3.339000000000000000e+05	2.983138036758751923e+02
3.339000000000000000e+05	2.970825498580858266e+02
3.348000000000000000e+05	2.970825498580858266e+02
3.348000000000000000e+05	2.951630928617172458e+02
3.357000000000000000e+05	2.951630928617172458e+02
3.357000000000000000e+05	2.972033395809712601e+02
3.366000000000000000e+05	2.972033395809712601e+02
3.366000000000000000e+05	2.955510243370049466e+02
3.375000000000000000e+05	2.955510243370049466e+02
3.375000000000000000e+05	2.948368494124048880e+02
3.384000000000000000e+05	2.948368494124048880e+02
3.384000000000000000e+05	2.933647151849027637e+02
3.393000000000000000e+05	2.933647151849027637e+02
3.393000000000000000e+05	2.900260946016284720e+02
3.402000000000000000e+05	2.900260946016284720e+02
3.402000000000000000e+05	2.913045317714948510e+02
3.411000000000000000e+05	2.913045317714948510e+02
3.411000000000000000e+05	2.916663501815741029e+02
3.420000000000000000e+05	2.916663501815741029e+02
3.420000000000000000e+05	2.923747172201825606e+02
3.429000000000000000e+05	2.923747172201825606e+02
3.429000000000000000e+05	2.899111059621787376e+02
3.438000000000000000e+05	2.899111059621787376e+02
3.438000000000000000e+05	2.910059056443919872e+02
3.447000000000000000e+05	2.910059056443919872e+02
3.447000000000000000e+05	2.913547122402929404e+02
3.456000000000000000e+05	2.913547122402929404e+02
3.456000000000000000e+05	2.921553624681337737e+02
3.465000000000000000e+05	2.921553624681337737e+02
3.465000000000000000e+05	2.897587492842229722e+02
3.474000000000000000e+05	2.897587492842229722e+02
3.474000000000000000e+05	2.908298342179897986e+02
3.483000000000000000e+05	2.908298342179897986e+02
3.483000000000000000e+05	2.911733958503362487e+02
3.492000000000000000e+05	2.911733958503362487e+02
3.492000000000000000e+05	2.919768873304623185e+02
3.501000000000000000e+05	2.919768873304623185e+02
3.501000000000000000e+05	2.896052172363473005e+02
3.510000000000000000e+05	2.896052172363473005e+02
3.510000000000000000e+05	2.906641218509070654e+02
3.519000000000000000e+05	2.906641218509070654e+02
3.519000000000000000e+05	2.913037880501247514e+02
3.528000000000000000e+05	2.913037880501247514e+02
3.528000000000000000e+05	2.918021526172130962e+02
3.537000000000000000e+05	2.918021526172130962e+02
3.537000000000000000e+05	2.894469999643204687e+02
3.546000000000000000e+05	2.894469999643204687e+02
3.546000000000000000e+05	2.907224017176309303e+02
3.555000000000000000e+05	2.907224017176309303e+02
3.555000000000000000e+05	2.952351647753677639e+02
3.564000000000000000e+05	2.952351647753677639e+02
3.564000000000000000e+05	2.921217026942489952e+02
3.573000000000000000e+05	2.921217026942489952e+02
3.573000000000000000e+05	2.889236319011336604e+02
3.582000000000000000e+05	2.889236319011336604e+02
3.582000000000000000e+05	2.902317578805981952e+02
3.591000000000000000e+05	2.902317578805981952e+02
3.591000000000000000e+05	2.906238640707476293e+02
3.600000000000000000e+05	2.906238640707476293e+02
3.600000000000000000e+05	2.914532278668870617e+02
3.609000000000000000e+05	2.914532278668870617e+02
3.609000000000000000e+05	2.931419329651149042e+02
3.618000000000000000e+05	2.931419329651149042e+02
3.618000000000000000e+05	2.923364783257680983e+02
3.627000000000000000e+05	2.923364783257680983e+02
3.627000000000000000e+05	2.980553336212497584e+02
3.636000000000000000e+05	2.980553336212497584e+02
3.636000000000000000e+05	2.944371120856396260e+02
3.645000000000000000e+05	2.944371120856396260e+02
3.645000000000000000e+05	2.955493902843667229e+02
3.654000000000000000e+05	2.955493902843667229e+02
3.654000000000000000e+05	2.937155875041719924e+02
3.663000000000000000e+05	2.937155875041719924e+02
3.663000000000000000e+05	2.931820548697858726e+02
3.672000000000000000e+05	2.931820548697858726e+02
3.672000000000000000e+05	2.923199740965518458e+02
3.681000000000000000e+05	2.923199740965518458e+02
3.681000000000000000e+05	2.934908060281398434e+02
3.690000000000000000e+05	2.934908060281398434e+02
3.690000000000000000e+05	2.919768987490241443e+02
3.699000000000000000e+05	2.919768987490241443e+02
3.699000000000000000e+05	2.881499999999999773e+02
3.708000000000000000e+05	2.881499999999999773e+02
3.708000000000000000e+05	2.931645340302189879e+02
3.717000000000000000e+05	2.931645340302189879e+02
3.717000000000000000e+05	2.980208923381637192e+02
3.726000000000000000e+05	2.980208923381637192e+02
3.726000000000000000e+05	3.016649772394608249e+02
3.735000000000000000e+05	3.016649772394608249e+02
3.735000000000000000e+05	3.040900954157735327e+02
3.744000000000000000e+05	3.040900954157735327e+02
3.744000000000000000e+05	3.044170482465437431e+02
3.753000000000000000e+05	3.044170482465437431e+02
3.753000000000000000e+05	3.098231284000322603e+02
3.762000000000000000e+05	3.098231284000322603e+02
3.762000000000000000e+05	3.100361830763555986e+02
3.771000000000000000e+05	3.100361830763555986e+02
3.771000000000000000e+05	3.087886030309668399e+02
3.780000000000000000e+05	3.087886030309668399e+02
3.780000000000000000e+05	3.082282736066872531e+02
3.789000000000000000e+05	3.082282736066872531e+02
3.789000000000000000e+05	3.046180925141413240e+02
3.798000000000000000e+05	3.046180925141413240e+02
3.798000000000000000e+05	3.064429122123892171e+02
3.807000000000000000e+05	3.064429122123892171e+02
3.807000000000000000e+05	3.056120001770198087e+02
3.816000000000000000e+05	3.056120001770198087e+02
3.816000000000000000e+05	3.039597659817237627e+02
3.825000000000000000e+05	3.039597659817237627e+02
3.825000000000000000e+05	3.022676913607639335e+02
3.834000000000000000e+05	3.022676913607639335e+02
3.834000000000000000e+05	3.028799908727619368e+02
3.843000000000000000e+05	3.028799908727619368e+02
3.843000000000000000e+05	3.021368343788079756e+02
3.852000000000000000e+05	3.021368343788079756e+02
3.852000000000000000e+05	3.015285148053758917e+02
3.861000000000000000e+05	3.015285148053758917e+02
3.861000000000000000e+05	3.002214085306741254e+02
3.870000000000000000e+05	3.002214085306741254e+02
3.870000000000000000e+05	3.001934429706127503e+02
3.879000000000000000e+05	3.001934429706127503e+02
3.879000000000000000e+05	3.002146305055788957e+02
3.888000000000000000e+05	3.002146305055788957e+02
3.888000000000000000e+05	2.980945218169729856e+02
3.897000000000000000e+05	2.980945218169729856e+02
3.897000000000000000e+05	3.014717579784319810e+02
3.906000000000000000e+05	3.014717579784319810e+02
3.906000000000000000e+05	2.992466003252043834e+02
3.915000000000000000e+05	2.992466003252043834e+02
3.915000000000000000e+05	2.997258816216893820e+02
3.924000000000000000e+05	2.997258816216893820e+02
3.924000000000000000e+05	3.003456806485957031e+02
3.933000000000000000e+05	3.003456806485957031e+02
3.933000000000000000e+05	2.975225216111512054e+02
3.942000000000000000e+05	2.975225216111512054e+02
3.942000000000000000e+05	2.975691248614543838e+02
3.951000000000000000e+05	2.975691248614543838e+02
3.951000000000000000e+05	2.985397835541144786e+02
3.960000000000000000e+05	2.985397835541144786e+02
3.960000000000000000e+05	2.975404707864938132e+02
3.969000000000000000e+05	2.975404707864938132e+02
3.969000000000000000e+05	2.977771209029621673e+02
3.978000000000000000e+05	2.977771209029621673e+02
3.978000000000000000e+05	2.976679120878220601e+02
3.987000000000000000e+05	2.976679120878220601e+02
3.987000000000000000e+05	2.977866505892457667e+02
3.996000000000000000e+05	2.977866505892457667e+02
3.996000000000000000e+05	2.970502852112879282e+02
4.005000000000000000e+05	2.970502852112879282e+02
4.005000000000000000e+05	2.969699774990880883e+02
4.014000000000000000e+05	2.969699774990880883e+02
4.014000000000000000e+05	2.968800247535577341e+02
4.023000000000000000e+05	2.968800247535577341e+02
4.023000000000000000e+05	2.967101977590610318e+02
4.032000000000000000e+05	2.967101977590610318e+02
4.032000000000000000e+05	2.973756306247134376e+02
4.041000000000000000e+05	2.973756306247134376e+02
4.041000000000000000e+05	2.957409486448765392e+02
4.050000000000000000e+05	2.957409486448765392e+02
4.050000000000000000e+05	2.960517023384858248e+02
4.059000000000000000e+05	2.960517023384858248e+02
4.059000000000000000e+05	2.971030775249121234e+02
4.068000000000000000e+05	2.971030775249121234e+02
4.068000000000000000e+05	2.967693160085484010e+02
4.077000000000000000e+05	2.967693160085484010e+02
4.077000000000000000e+05	2.953566360135441187e+02
4.086000000000000000e+05	2.953566360135441187e+02
4.086000000000000000e+05	2.977839153405495836e+02
4.095000000000000000e+05	2.977839153405495836e+02
4.095000000000000000e+05	2.978155897872038054e+02
4.104000000000000000e+05	2.978155897872038054e+02
4.104000000000000000e+05	2.984493139548625891e+02
4.113000000000000000e+05	2.984493139548625891e+02
4.113000000000000000e+05	2.974518816108877672e+02
4.122000000000000000e+05	2.974518816108877672e+02
4.122000000000000000e+05	2.982706075795802576e+02
4.131000000000000000e+05	2.982706075795802576e+02
4.131000000000000000e+05	2.980309224275294468e+02
4.140000000000000000e+05	2.980309224275294468e+02
4.140000000000000000e+05	2.961626422901278488e+02
4.149000000000000000e+05	2.961626422901278488e+02
4.149000000000000000e+05	3.021567379610943362e+02
4.158000000000000000e+05	3.021567379610943362e+02
4.158000000000000000e+05	2.984133677277042125e+02
4.167000000000000000e+05	2.984133677277042125e+02
4.167000000000000000e+05	2.993541058064429876e+02
4.176000000000000000e+05	2.993541058064429876e+02
4.176000000000000000e+05	2.949232902399789964e+02
4.185000000000000000e+05	2.949232902399789964e+02
4.185000000000000000e+05	3.024348071527693946e+02
4.194000000000000000e+05	3.024348071527693946e+02
4.194000000000000000e+05	2.983633460535219797e+02
4.203000000000000000e+05	2.983633460535219797e+02
4.203000000000000000e+05	2.968633222494669894e+02
4.212000000000000000e+05	2.968633222494669894e+02
4.212000000000000000e+05	2.937040553077196137e+02
4.221000000000000000e+05	2.937040553077196137e+02
4.221000000000000000e+05	2.962799162018338279e+02
4.230000000000000000e+05	2.962799162018338279e+02
4.230000000000000000e+05	2.947754348155521029e+02
4.239000000000000000e+05	2.947754348155521029e+02
4.239000000000000000e+05	2.935361875013128952e+02
4.248000000000000000e+05	2.935361875013128952e+02
4.248000000000000000e+05	2.928583858744914323e+02
4.257000000000000000e+05	2.928583858744914323e+02
4.257000000000000000e+05	2.896849688788621506e+02
4.266000000000000000e+05	2.896849688788621506e+02
4.266000000000000000e+05	2.910088281818584619e+02
4.275000000000000000e+05	2.910088281818584619e+02
4.275000000000000000e+05	2.914121196586956444e+02
4.284000000000000000e+05	2.914121196586956444e+02
4.284000000000000000e+05	2.922622158201349407e+02
4.293000000000000000e+05	2.922622158201349407e+02
4.293000000000000000e+05	2.896014817429464188e+02
4.302000000000000000e+05	2.896014817429464188e+02
4.302000000000000000e+05	2.907957209239215786e+02
4.311000000000000000e+05	2.907957209239215786e+02
4.311000000000000000e+05	2.911792595564459702e+02
4.320000000000000000e+05	2.911792595564459702e+02
4.320000000000000000e+05	2.920481627216647098e+02
4.329000000000000000e+05	2.920481627216647098e+02
4.329000000000000000e+05	2.894759328627201853e+02
4.338000000000000000e+05	2.894759328627201853e+02
4.338000000000000000e+05	2.925354762120803116e+02
4.347000000000000000e+05	2.925354762120803116e+02
4.347000000000000000e+05	2.921026087910532851e+02
4.356000000000000000e+05	2.921026087910532851e+02
4.356000000000000000e+05	2.934082118721361780e+02
4.365000000000000000e+05	2.934082118721361780e+02
4.365000000000000000e+05	2.921701720953993231e+02
4.374000000000000000e+05	2.921701720953993231e+02
4.374000000000000000e+05	2.922827773995256848e+02
4.383000000000000000e+05	2.922827773995256848e+02
4.383000000000000000e+05	2.922186641602556847e+02
4.392000000000000000e+05	2.922186641602556847e+02
4.392000000000000000e+05	2.956134613233346045e+02
4.401000000000000000e+05	2.956134613233346045e+02
4.401000000000000000e+05	2.941240271177721866e+02
4.410000000000000000e+05	2.941240271177721866e+02
4.410000000000000000e+05	2.934828047366054307e+02
4.419000000000000000e+05	2.934828047366054307e+02
4.419000000000000000e+05	2.930999932266138899e+02
4.428000000000000000e+05	2.930999932266138899e+02
4.428000000000000000e+05	2.936450332478378300e+02
4.437000000000000000e+05	2.936450332478378300e+02
4.437000000000000000e+05	2.928416287596210736e+02
4.446000000000000000e+05	2.928416287596210736e+02
4.446000000000000000e+05	2.925163316076685192e+02
4.455000000000000000e+05	2.925163316076685192e+02
4.455000000000000000e+05	2.923106938182502859e+02
4.464000000000000000e+05	2.923106938182502859e+02
4.464000000000000000e+05	2.923081511252686937e+02
4.473000000000000000e+05	2.923081511252686937e+02
4.473000000000000000e+05	2.948397595724979396e+02
4.482000000000000000e+05	2.948397595724979396e+02
4.482000000000000000e+05	2.974044689340099126e+02
4.491000000000000000e+05	2.974044689340099126e+02
4.491000000000000000e+05	2.950300655062085298e+02
4.500000000000000000e+05	2.950300655062085298e+02
4.500000000000000000e+05	2.948432680594846147e+02
4.509000000000000000e+05	2.948432680594846147e+02
4.509000000000000000e+05	2.963372090330661877e+02
4.518000000000000000e+05	2.963372090330661877e+02
4.518000000000000000e+05	2.957831052338141262e+02
4.527000000000000000e+05	2.957831052338141262e+02
4.527000000000000000e+05	2.959045356683129171e+02
4.536000000000000000e+05	2.959045356683129171e+02
4.536000000000000000e+05	2.929292743973068696e+02
4.545000000000000000e+05	2.929292743973068696e+02
4.545000000000000000e+05	2.922406037286940546e+02
4.554000000000000000e+05	2.922406037286940546e+02
4.554000000000000000e+05	2.900822849968047876e+02
4.563000000000000000e+05	2.900822849968047876e+02
4.563000000000000000e+05	2.898910652260374832e+02
4.572000000000000000e+05	2.898910652260374832e+02
4.572000000000000000e+05	2.940131789500670720e+02
4.581000000000000000e+05	2.940131789500670720e+02
4.581000000000000000e+05	2.994973116449622239e+02
4.590000000000000000e+05	2.994973116449622239e+02
4.590000000000000000e+05	3.025101028384816573e+02
4.599000000000000000e+05	3.025101028384816573e+02
4.599000000000000000e+05	3.046825994131015136e+02
4.608000000000000000e+05	3.046825994131015136e+02
4.608000000000000000e+05	3.049591357327497008e+02
4.617000000000000000e+05	3.049591357327497008e+02
4.617000000000000000e+05	3.105019752474377697e+02
4.626000000000000000e+05	3.105019752474377697e+02
4.626000000000000000e+05	3.104664449884003830e+02
4.635000000000000000e+05	3.104664449884003830e+02
4.635000000000000000e+05	3.109989019638465493e+02
4.644000000000000000e+05	3.109989019638465493e+02
4.644000000000000000e+05	3.099902372342805847e+02
4.653000000000000000e+05	3.099902372342805847e+02
4.653000000000000000e+05	3.055586835989047358e+02
4.662000000000000000e+05	3.055586835989047358e+02
4.662000000000000000e+05	3.075425393892015222e+02
4.671000000000000000e+05	3.075425393892015222e+02
4.671000000000000000e+05	3.068293911876989455e+02
4.680000000000000000e+05	3.068293911876989455e+02
4.680000000000000000e+05	3.051659514302758112e+02
4.689000000000000000e+05	3.051659514302758112e+02
4.689000000000000000e+05	3.029193459732007909e+02
4.698000000000000000e+05	3.029193459732007909e+02
4.698000000000000000e+05	3.046949011712172251e+02
4.707000000000000000e+05	3.046949011712172251e+02
4.707000000000000000e+05	3.033536459043317564e+02
4.716000000000000000e+05	3.033536459043317564e+02
4.716000000000000000e+05	3.022846736293259369e+02
4.725000000000000000e+05	3.022846736293259369e+02
4.725000000000000000e+05	3.013321364159468772e+02
4.734000000000000000e+05	3.013321364159468772e+02
4.734000000000000000e+05	3.021062518034377149e+02
4.743000000000000000e+05	3.021062518034377149e+02
4.743000000000000000e+05	3.005082668457861246e+02
4.752000000000000000e+05	3.005082668457861246e+02
4.752000000000000000e+05	2.997065213102404186e+02
4.761000000000000000e+05	2.997065213102404186e+02
4.761000000000000000e+05	2.999857683613685708e+02
4.770000000000000000e+05	2.999857683613685708e+02
4.770000000000000000e+05	3.018835276711461120e+02
4.779000000000000000e+05	3.018835276711461120e+02
4.779000000000000000e+05	3.007321502505603235e+02
4.788000000000000000e+05	3.007321502505603235e+02
4.788000000000000000e+05	2.984778987694711532e+02
4.797000000000000000e+05	2.984778987694711532e+02
4.797000000000000000e+05	3.025617290369451098e+02
4.806000000000000000e+05	3.025617290369451098e+02
4.806000000000000000e+05	2.998848779350783502e+02
4.815000000000000000e+05	2.998848779350783502e+02
4.815000000000000000e+05	3.002461551913018525e+02
4.824000000000000000e+05	3.002461551913018525e+02
4.824000000000000000e+05	3.008032289091299845e+02
4.833000000000000000e+05	3.008032289091299845e+02
4.833000000000000000e+05	2.973598025204929627e+02
4.842000000000000000e+05	2.973598025204929627e+02
4.842000000000000000e+05	2.997007165462183593e+02
4.851000000000000000e+05	2.997007165462183593e+02
4.851000000000000000e+05	2.989866498572897626e+02
4.860000000000000000e+05	2.989866498572897626e+02
4.860000000000000000e+05	2.969332689756208765e+02
4.869000000000000000e+05	2.969332689756208765e+02
4.869000000000000000e+05	3.008708679598665867e+02
4.878000000000000000e+05	3.008708679598665867e+02
4.878000000000000000e+05	2.980240855333651098e+02
4.887000000000000000e+05	2.980240855333651098e+02
4.887000000000000000e+05	2.981871251333752753e+02
4.896000000000000000e+05	2.981871251333752753e+02
4.896000000000000000e+05	2.959089552984666511e+02
4.905000000000000000e+05	2.959089552984666511e+02
4.905000000000000000e+05	3.008917047385594401e+02
4.914000000000000000e+05	3.008917047385594401e+02
4.914000000000000000e+05	2.976153156449525454e+02
4.923000000000000000e+05	2.976153156449525454e+02
4.923000000000000000e+05	2.977980618043991399e+02
4.932000000000000000e+05	2.977980618043991399e+02
4.932000000000000000e+05	2.962453160491257904e+02
4.941000000000000000e+05	2.962453160491257904e+02
4.941000000000000000e+05	2.980148064132420132e+02
4.950000000000000000e+05	2.980148064132420132e+02
4.950000000000000000e+05	2.962883441896432259e+02
4.959000000000000000e+05	2.962883441896432259e+02
4.959000000000000000e+05	2.985251549831007196e+02
4.968000000000000000e+05	2.985251549831007196e+02
4.968000000000000000e+05	2.969173987322880066e+02
4.977000000000000000e+05	2.969173987322880066e+02
4.977000000000000000e+05	2.953713372523276348e+02
4.986000000000000000e+05	2.953713372523276348e+02
4.986000000000000000e+05	2.965360209237056779e+02
4.995000000000000000e+05	2.965360209237056779e+02
4.995000000000000000e+05	2.963682276759702177e+02
5.004000000000000000e+05	2.963682276759702177e+02
5.004000000000000000e+05	2.942684093936114209e+02
5.013000000000000000e+05	2.942684093936114209e+02
5.013000000000000000e+05	3.023130448455635246e+02
5.022000000000000000e+05	3.023130448455635246e+02
5.022000000000000000e+05	2.987063628376970428e+02
5.031000000000000000e+05	2.987063628376970428e+02
5.031000000000000000e+05	3.001577958727145869e+02
5.040000000000000000e+05	3.001577958727145869e+02
5.040000000000000000e+05	2.988174261274169794e+02
5.049000000000000000e+05	2.988174261274169794e+02
5.049000000000000000e+05	2.992667321589359517e+02
5.058000000000000000e+05	2.992667321589359517e+02
5.058000000000000000e+05	2.973029696067112582e+02
5.067000000000000000e+05	2.973029696067112582e+02
5.067000000000000000e+05	2.962954289418268559e+02
5.076000000000000000e+05	2.962954289418268559e+02
5.076000000000000000e+05	2.946070900807278008e+02
5.085000000000000000e+05	2.946070900807278008e+02
5.085000000000000000e+05	2.968718810600124129e+02
5.094000000000000000e+05	2.968718810600124129e+02
5.094000000000000000e+05	2.952808438039883754e+02
5.103000000000000000e+05	2.952808438039883754e+02
5.103000000000000000e+05	2.946224853207604610e+02
5.112000000000000000e+05	2.946224853207604610e+02
5.112000000000000000e+05	2.931995719410502943e+02
5.121000000000000000e+05	2.931995719410502943e+02
5.121000000000000000e+05	2.899265897932087910e+02
5.130000000000000000e+05	2.899265897932087910e+02
5.130000000000000000e+05	2.912228334344289919e+02
5.139000000000000000e+05	2.912228334344289919e+02
5.139000000000000000e+05	2.916008215270000505e+02
5.148000000000000000e+05	2.916008215270000505e+02
5.148000000000000000e+05	2.923572295210349807e+02
5.157000000000000000e+05	2.923572295210349807e+02
5.157000000000000000e+05	2.898220294515351725e+02
5.166000000000000000e+05	2.898220294515351725e+02
5.166000000000000000e+05	2.909527800081471014e+02
5.175000000000000000e+05	2.909527800081471014e+02
5.175000000000000000e+05	2.913137252938375354e+02
5.184000000000000000e+05	2.913137252938375354e+02
5.184000000000000000e+05	2.921307360641005744e+02
5.193000000000000000e+05	2.921307360641005744e+02
5.193000000000000000e+05	2.939812319963712071e+02
5.202000000000000000e+05	2.939812319963712071e+02
5.202000000000000000e+05	2.930974234881466600e+02
5.211000000000000000e+05	2.930974234881466600e+02
5.211000000000000000e+05	2.927881947396351165e+02
5.220000000000000000e+05	2.927881947396351165e+02
5.220000000000000000e+05	2.927845170289125463e+02
5.229000000000000000e+05	2.927845170289125463e+02
5.229000000000000000e+05	2.921536562075244206e+02
5.238000000000000000e+05	2.921536562075244206e+02
5.238000000000000000e+05	2.921771740801231090e+02
5.247000000000000000e+05	2.921771740801231090e+02
5.247000000000000000e+05	2.921224918119558538e+02
5.256000000000000000e+05	2.921224918119558538e+02
5.256000000000000000e+05	2.921211660006962916e+02
5.265000000000000000e+05	2.921211660006962916e+02
5.265000000000000000e+05	2.931352607838657036e+02
5.274000000000000000e+05	2.931352607838657036e+02
5.274000000000000000e+05	2.931032600796008865e+02
5.283000000000000000e+05	2.931032600796008865e+02
5.283000000000000000e+05	2.932423588578784575e+02
5.292000000000000000e+05	2.932423588578784575e+02
5.292000000000000000e+05	2.950013709638075738e+02
5.301000000000000000e+05	2.950013709638075738e+02
5.301000000000000000e+05	2.936845395825466767e+02
5.310000000000000000e+05	2.936845395825466767e+02
5.310000000000000000e+05	2.959639743509267760e+02
5.319000000000000000e+05	2.959639743509267760e+02
5.319000000000000000e+05	2.943288318037125464e+02
5.328000000000000000e+05	2.943288318037125464e+02
5.328000000000000000e+05	2.943206329533851431e+02
5.337000000000000000e+05	2.943206329533851431e+02
5.337000000000000000e+05	2.957640507940881207e+02
5.346000000000000000e+05	2.957640507940881207e+02
5.346000000000000000e+05	2.942797588929799986e+02
5.355000000000000000e+05	2.942797588929799986e+02
5.355000000000000000e+05	2.964242310523739548e+02
5.364000000000000000e+05	2.964242310523739548e+02
5.364000000000000000e+05	2.962642576893083515e+02
5.373000000000000000e+05	2.962642576893083515e+02
5.373000000000000000e+05	2.937436366442915983e+02
5.382000000000000000e+05	2.937436366442915983e+02
5.382000000000000000e+05	2.955844823533289514e+02
5.391000000000000000e+05	2.955844823533289514e+02
5.391000000000000000e+05	2.954839638966402617e+02
5.400000000000000000e+05	2.954839638966402617e+02
5.400000000000000000e+05	2.944535717335824643e+02
5.409000000000000000e+05	2.944535717335824643e+02
5.409000000000000000e+05	2.945798413997344483e+02
5.418000000000000000e+05	2.945798413997344483e+02
5.418000000000000000e+05	2.936453035500177862e+02
5.427000000000000000e+05	2.936453035500177862e+02
5.427000000000000000e+05	2.931403327739714655e+02
5.436000000000000000e+05	2.931403327739714655e+02
5.436000000000000000e+05	2.931246694320827260e+02
5.445000000000000000e+05	2.931246694320827260e+02
5.445000000000000000e+05	2.987545922778663794e+02
5.454000000000000000e+05	2.987545922778663794e+02
5.454000000000000000e+05	3.020319976505546720e+02
5.463000000000000000e+05	3.020319976505546720e+02
5.463000000000000000e+05	3.043351325973550274e+02
5.472000000000000000e+05	3.043351325973550274e+02
5.472000000000000000e+05	3.044944115675487524e+02
5.481000000000000000e+05	3.044944115675487524e+02
5.481000000000000000e+05	3.120359053508467468e+02
5.490000000000000000e+05	3.120359053508467468e+02
5.490000000000000000e+05	3.112485575901285415e+02
5.499000000000000000e+05	3.112485575901285415e+02
5.499000000000000000e+05	3.115595788159680524e+02
5.508000000000000000e+05	3.115595788159680524e+02
5.508000000000000000e+05	3.049404641289702340e+02
5.517000000000000000e+05	3.049404641289702340e+02
5.517000000000000000e+05	3.094519525989684325e+02
5.526000000000000000e+05	3.094519525989684325e+02
5.526000000000000000e+05	3.074494976836704154e+02
5.535000000000000000e+05	3.074494976836704154e+02
5.535000000000000000e+05	3.068175458932317952e+02
5.544000000000000000e+05	3.068175458932317952e+02
5.544000000000000000e+05	3.052892795091574385e+02
5.553000000000000000e+05	3.052892795091574385e+02
5.553000000000000000e+05	3.031355384649212397e+02
5.562000000000000000e+05	3.031355384649212397e+02
5.562000000000000000e+05	3.038568802195791250e+02
5.571000000000000000e+05	3.038568802195791250e+02
5.571000000000000000e+05	3.033068420218374968e+02
5.580000000000000000e+05	3.033068420218374968e+02
5.580000000000000000e+05	3.018226150317144629e+02
5.589000000000000000e+05	3.018226150317144629e+02
5.589000000000000000e+05	3.009941727202242987e+02
5.598000000000000000e+05	3.009941727202242987e+02
5.598000000000000000e+05	2.987088654745998042e+02
5.607000000000000000e+05	2.987088654745998042e+02
5.607000000000000000e+05	3.036580940920415514e+02
5.616000000000000000e+05	3.036580940920415514e+02
5.616000000000000000e+05	3.006056004396535286e+02
5.625000000000000000e+05	3.006056004396535286e+02
5.625000000000000000e+05	3.001474566518671736e+02
5.634000000000000000e+05	3.001474566518671736e+02
5.634000000000000000e+05	3.014529866440296360e+02
5.643000000000000000e+05	3.014529866440296360e+02
5.643000000000000000e+05	3.007280861820094628e+02
5.652000000000000000e+05	3.007280861820094628e+02
5.652000000000000000e+05	2.992248818958943275e+02
5.661000000000000000e+05	2.992248818958943275e+02
5.661000000000000000e+05	3.018969655291887761e+02
5.670000000000000000e+05	3.018969655291887761e+02
5.670000000000000000e+05	2.998564776815211417e+02
5.679000000000000000e+05	2.998564776815211417e+02
5.679000000000000000e+05	3.000288578463423619e+02
5.688000000000000000e+05	3.000288578463423619e+02
5.688000000000000000e+05	2.972637129826730984e+02
5.697000000000000000e+05	2.972637129826730984e+02
5.697000000000000000e+05	3.043390061632751440e+02
5.706000000000000000e+05	3.043390061632751440e+02
5.706000000000000000e+05	2.993045271695091287e+02
5.715000000000000000e+05	2.993045271695091287e+02
5.715000000000000000e+05	3.000591398758004402e+02
5.724000000000000000e+05	3.000591398758004402e+02
5.724000000000000000e+05	2.966840154990215410e+02
5.733000000000000000e+05	2.966840154990215410e+02
5.733000000000000000e+05	3.037749808408780723e+02
5.742000000000000000e+05	3.037749808408780723e+02
5.742000000000000000e+05	2.988928012673092667e+02
5.751000000000000000e+05	2.988928012673092667e+02
5.751000000000000000e+05	2.993013334637030312e+02
5.760000000000000000e+05	2.993013334637030312e+02
5.760000000000000000e+05	2.991072334015351544e+02
5.769000000000000000e+05	2.991072334015351544e+02
5.769000000000000000e+05	2.982546068115788671e+02
5.778000000000000000e+05	2.982546068115788671e+02
5.778000000000000000e+05	2.981842029370612863e+02
5.787000000000000000e+05	2.981842029370612863e+02
5.787000000000000000e+05	2.984312097190958752e+02
5.796000000000000000e+05	2.984312097190958752e+02
5.796000000000000000e+05	2.956075030901666878e+02
5.805000000000000000e+05	2.956075030901666878e+02
5.805000000000000000e+05	3.020133683840344361e+02
5.814000000000000000e+05	3.020133683840344361e+02
5.814000000000000000e+05	2.969866579155787463e+02
5.823000000000000000e+05	2.969866579155787463e+02
5.823000000000000000e+05	3.002407135978267547e+02
5.832000000000000000e+05	3.002407135978267547e+02
5.832000000000000000e+05	2.989952415827862637e+02
5.841000000000000000e+05	2.989952415827862637e+02
5.841000000000000000e+05	2.945903591227291258e+02
5.850000000000000000e+05	2.945903591227291258e+02
5.850000000000000000e+05	2.976185684722250357e+02
5.859000000000000000e+05	2.976185684722250357e+02
5.859000000000000000e+05	2.971740862262656719e+02
5.868000000000000000e+05	2.971740862262656719e+02
5.868000000000000000e+05	2.950276967884688588e+02
5.877000000000000000e+05	2.950276967884688588e+02
5.877000000000000000e+05	3.019524751021853035e+02
5.886000000000000000e+05	3.019524751021853035e+02
5.886000000000000000e+05	2.991563693756623366e+02
5.895000000000000000e+05	2.991563693756623366e+02
5.895000000000000000e+05	3.003238994975905030e+02
5.904000000000000000e+05	3.003238994975905030e+02
5.904000000000000000e+05	2.987212449896588282e+02
5.913000000000000000e+05	2.987212449896588282e+02
5.913000000000000000e+05	2.992454440163053278e+02
5.922000000000000000e+05	2.992454440163053278e+02
5.922000000000000000e+05	2.972834539678913188e+02
5.931000000000000000e+05	2.972834539678913188e+02
5.931000000000000000e+05	2.962829305622679499e+02
5.940000000000000000e+05	2.962829305622679499e+02
5.940000000000000000e+05	2.945989104998772632e+02
5.949000000000000000e+05	2.945989104998772632e+02
5.949000000000000000e+05	2.968678430177729979e+02
5.958000000000000000e+05	2.968678430177729979e+02
5.958000000000000000e+05	2.952764905515057876e+02
5.967000000000000000e+05	2.952764905515057876e+02
5.967000000000000000e+05	2.946169067827531194e+02
5.976000000000000000e+05	2.946169067827531194e+02
5.976000000000000000e+05	2.931820157809927991e+02
5.985000000000000000e+05	2.931820157809927991e+02
5.985000000000000000e+05	2.899028447369636297e+02
5.994000000000000000e+05	2.899028447369636297e+02
5.994000000000000000e+05	2.911959123279543178e+02
6.003000000000000000e+05	2.911959123279543178e+02
6.003000000000000000e+05	2.915700748802137809e+02
6.012000000000000000e+05	2.915700748802137809e+02
6.012000000000000000e+05	2.922937786552606667e+02
6.021000000000000000e+05	2.922937786552606667e+02
6.021000000000000000e+05	2.940908691893777700e+02
6.030000000000000000e+05	2.940908691893777700e+02
6.030000000000000000e+05	2.932235045722660516e+02
6.039000000000000000e+05	2.932235045722660516e+02
6.039000000000000000e+05	2.929157169725593803e+02
6.048000000000000000e+05	2.929157169725593803e+02
