# #1
# double t_TES(1344, 2)
0.000000000000000000e+00	3.031499999999999773e+02
9.000000000000000000e+02	3.031499999999999773e+02
9.000000000000000000e+02	2.997875033493480714e+02
1.800000000000000000e+03	2.997875033493480714e+02
1.800000000000000000e+03	3.002822299340205632e+02
2.700000000000000000e+03	3.002822299340205632e+02
2.700000000000000000e+03	2.989244275521244276e+02
3.600000000000000000e+03	2.989244275521244276e+02
3.600000000000000000e+03	2.959663928522210767e+02
4.500000000000000000e+03	2.959663928522210767e+02
4.500000000000000000e+03	2.983560152084594961e+02
5.400000000000000000e+03	2.983560152084594961e+02
5.400000000000000000e+03	2.998220317386860074e+02
6.300000000000000000e+03	2.998220317386860074e+02
6.300000000000000000e+03	3.005145200441190241e+02
7.200000000000000000e+03	3.005145200441190241e+02
7.200000000000000000e+03	3.017464946153505707e+02
8.100000000000000000e+03	3.017464946153505707e+02
8.100000000000000000e+03	2.993316725374672842e+02
9.000000000000000000e+03	2.993316725374672842e+02
9.000000000000000000e+03	2.981684234412772980e+02
9.900000000000000000e+03	2.981684234412772980e+02
9.900000000000000000e+03	2.970586615876871406e+02
1.080000000000000000e+04	2.970586615876871406e+02
1.080000000000000000e+04	2.957230865566314151e+02
1.170000000000000000e+04	2.957230865566314151e+02
1.170000000000000000e+04	2.984855198436528099e+02
1.260000000000000000e+04	2.984855198436528099e+02
1.260000000000000000e+04	2.967954362697277588e+02
1.350000000000000000e+04	2.967954362697277588e+02
1.350000000000000000e+04	2.952618224076661022e+02
1.440000000000000000e+04	2.952618224076661022e+02
1.440000000000000000e+04	2.931297089520236909e+02
1.530000000000000000e+04	2.931297089520236909e+02
1.530000000000000000e+04	2.989434257454822728e+02
1.620000000000000000e+04	2.989434257454822728e+02
1.620000000000000000e+04	2.981291599128888379e+02
1.710000000000000000e+04	2.981291599128888379e+02
1.710000000000000000e+04	2.994397061926355832e+02
1.800000000000000000e+04	2.994397061926355832e+02
1.800000000000000000e+04	2.971437571554557735e+02
1.890000000000000000e+04	2.971437571554557735e+02
1.890000000000000000e+04	2.954825771024006258e+02
1.980000000000000000e+04	2.954825771024006258e+02
1.980000000000000000e+04	2.946939495967659468e+02
2.070000000000000000e+04	2.946939495967659468e+02
2.070000000000000000e+04	2.938022486920093570e+02
2.160000000000000000e+04	2.938022486920093570e+02
2.160000000000000000e+04	2.932629669803170600e+02
2.250000000000000000e+04	2.932629669803170600e+02
2.250000000000000000e+04	2.969783512512369157e+02
2.340000000000000000e+04	2.969783512512369157e+02
2.340000000000000000e+04	2.961463533871864229e+02
2.430000000000000000e+04	2.961463533871864229e+02
2.430000000000000000e+04	2.957388999751419760e+02
2.520000000000000000e+04	2.957388999751419760e+02
2.520000000000000000e+04	2.937511069398356085e+02
2.610000000000000000e+04	2.937511069398356085e+02
2.610000000000000000e+04	2.976713277210121191e+02
2.700000000000000000e+04	2.976713277210121191e+02
2.700000000000000000e+04	2.963814577656127085e+02
2.790000000000000000e+04	2.963814577656127085e+02
2.790000000000000000e+04	2.958658719860613360e+02
2.880000000000000000e+04	2.958658719860613360e+02
2.880000000000000000e+04	2.953107227433745265e+02
2.970000000000000000e+04	2.953107227433745265e+02
2.970000000000000000e+04	3.012698302299207853e+02
3.060000000000000000e+04	3.012698302299207853e+02
3.060000000000000000e+04	3.019721435010954451e+02
3.150000000000000000e+04	3.019721435010954451e+02
3.150000000000000000e+04	3.034298695879844558e+02
3.240000000000000000e+04	3.034298695879844558e+02
3.240000000000000000e+04	3.040588939722375130e+02
3.330000000000000000e+04	3.040588939722375130e+02
3.330000000000000000e+04	3.062806025709843425e+02
3.420000000000000000e+04	3.062806025709843425e+02
3.420000000000000000e+04	3.069677428813664051e+02
3.510000000000000000e+04	3.069677428813664051e+02
3.510000000000000000e+04	3.057886030309668399e+02
3.600000000000000000e+04	3.057886030309668399e+02
3.600000000000000000e+04	3.063328273937475501e+02
3.690000000000000000e+04	3.063328273937475501e+02
3.690000000000000000e+04	3.016332891639642639e+02
3.780000000000000000e+04	3.016332891639642639e+02
3.780000000000000000e+04	3.020442583568836881e+02
3.870000000000000000e+04	3.020442583568836881e+02
3.870000000000000000e+04	3.016676311242289330e+02
3.960000000000000000e+04	3.016676311242289330e+02
3.960000000000000000e+04	3.012778558072092210e+02
4.050000000000000000e+04	3.012778558072092210e+02
4.050000000000000000e+04	3.015916202820360468e+02
4.140000000000000000e+04	3.015916202820360468e+02
4.140000000000000000e+04	3.016049458210434864e+02
4.230000000000000000e+04	3.016049458210434864e+02
4.230000000000000000e+04	3.029361051919308920e+02
4.320000000000000000e+04	3.029361051919308920e+02
4.320000000000000000e+04	3.030946718868426046e+02
4.410000000000000000e+04	3.030946718868426046e+02
4.410000000000000000e+04	3.002868458190119441e+02
4.500000000000000000e+04	3.002868458190119441e+02
4.500000000000000000e+04	2.999030905178883017e+02
4.590000000000000000e+04	2.999030905178883017e+02
4.590000000000000000e+04	2.984122093788419647e+02
4.680000000000000000e+04	2.984122093788419647e+02
4.680000000000000000e+04	2.967438930673733921e+02
4.770000000000000000e+04	2.967438930673733921e+02
4.770000000000000000e+04	2.956447793557715045e+02
4.860000000000000000e+04	2.956447793557715045e+02
4.860000000000000000e+04	2.987540337774768204e+02
4.950000000000000000e+04	2.987540337774768204e+02
4.950000000000000000e+04	2.976847453651798787e+02
5.040000000000000000e+04	2.976847453651798787e+02
5.040000000000000000e+04	2.954200102928350020e+02
5.130000000000000000e+04	2.954200102928350020e+02
5.130000000000000000e+04	2.947579462945371915e+02
5.220000000000000000e+04	2.947579462945371915e+02
5.220000000000000000e+04	2.946803849747052482e+02
5.310000000000000000e+04	2.946803849747052482e+02
5.310000000000000000e+04	2.939758144799399702e+02
5.400000000000000000e+04	2.939758144799399702e+02
5.400000000000000000e+04	2.940551351787620433e+02
5.490000000000000000e+04	2.940551351787620433e+02
5.490000000000000000e+04	2.981241416885677609e+02
5.580000000000000000e+04	2.981241416885677609e+02
5.580000000000000000e+04	2.969916608762368924e+02
5.670000000000000000e+04	2.969916608762368924e+02
5.670000000000000000e+04	2.966190409635642027e+02
5.760000000000000000e+04	2.966190409635642027e+02
5.760000000000000000e+04	2.956360370588580508e+02
5.850000000000000000e+04	2.956360370588580508e+02
5.850000000000000000e+04	2.952026799003109545e+02
5.940000000000000000e+04	2.952026799003109545e+02
5.940000000000000000e+04	2.946174021032244923e+02
6.030000000000000000e+04	2.946174021032244923e+02
6.030000000000000000e+04	2.940575683003454515e+02
6.120000000000000000e+04	2.940575683003454515e+02
6.120000000000000000e+04	2.946917700185519493e+02
6.210000000000000000e+04	2.946917700185519493e+02
6.210000000000000000e+04	2.942278234763380738e+02
6.300000000000000000e+04	2.942278234763380738e+02
6.300000000000000000e+04	2.954691166277106618e+02
6.390000000000000000e+04	2.954691166277106618e+02
6.390000000000000000e+04	2.980691363205573339e+02
6.480000000000000000e+04	2.980691363205573339e+02
6.480000000000000000e+04	2.977160734647457616e+02
6.570000000000000000e+04	2.977160734647457616e+02
6.570000000000000000e+04	2.960296324155594334e+02
6.660000000000000000e+04	2.960296324155594334e+02
6.660000000000000000e+04	2.942253762056486721e+02
6.750000000000000000e+04	2.942253762056486721e+02
6.750000000000000000e+04	2.968606813219120113e+02
6.840000000000000000e+04	2.968606813219120113e+02
6.840000000000000000e+04	2.960484571525360025e+02
6.930000000000000000e+04	2.960484571525360025e+02
6.930000000000000000e+04	2.991243683720014133e+02
7.020000000000000000e+04	2.991243683720014133e+02
7.020000000000000000e+04	3.006726485260643926e+02
7.110000000000000000e+04	3.006726485260643926e+02
7.110000000000000000e+04	2.991092063608699050e+02
7.200000000000000000e+04	2.991092063608699050e+02
7.200000000000000000e+04	2.956539173613973617e+02
7.290000000000000000e+04	2.956539173613973617e+02
7.290000000000000000e+04	2.982593459446773068e+02
7.380000000000000000e+04	2.982593459446773068e+02
7.380000000000000000e+04	2.949403876497981400e+02
7.470000000000000000e+04	2.949403876497981400e+02
7.470000000000000000e+04	2.936282796508285742e+02
7.560000000000000000e+04	2.936282796508285742e+02
7.560000000000000000e+04	2.944629337365537936e+02
7.650000000000000000e+04	2.944629337365537936e+02
7.650000000000000000e+04	2.939183890741296068e+02
7.740000000000000000e+04	2.939183890741296068e+02
7.740000000000000000e+04	2.923191567710779282e+02
7.830000000000000000e+04	2.923191567710779282e+02
7.830000000000000000e+04	2.916527285755058188e+02
7.920000000000000000e+04	2.916527285755058188e+02
7.920000000000000000e+04	2.931385212097202384e+02
8.010000000000000000e+04	2.931385212097202384e+02
8.010000000000000000e+04	2.929344221408654221e+02
8.100000000000000000e+04	2.929344221408654221e+02
8.100000000000000000e+04	2.942260629407306283e+02
8.190000000000000000e+04	2.942260629407306283e+02
8.190000000000000000e+04	2.945992377898356835e+02
8.280000000000000000e+04	2.945992377898356835e+02
8.280000000000000000e+04	2.928481336727135158e+02
8.370000000000000000e+04	2.928481336727135158e+02
8.370000000000000000e+04	2.928204805007981690e+02
8.460000000000000000e+04	2.928204805007981690e+02
8.460000000000000000e+04	2.939366789308835450e+02
8.550000000000000000e+04	2.939366789308835450e+02
8.550000000000000000e+04	2.942915556307611382e+02
8.640000000000000000e+04	2.942915556307611382e+02
8.640000000000000000e+04	2.926885345536210252e+02
8.730000000000000000e+04	2.926885345536210252e+02
8.730000000000000000e+04	2.926642432571227346e+02
8.820000000000000000e+04	2.926642432571227346e+02
8.820000000000000000e+04	2.937444047569785539e+02
8.910000000000000000e+04	2.937444047569785539e+02
8.910000000000000000e+04	2.940892075818756553e+02
9.000000000000000000e+04	2.940892075818756553e+02
9.000000000000000000e+04	2.925277721155779318e+02
9.090000000000000000e+04	2.925277721155779318e+02
9.090000000000000000e+04	2.968073552747857207e+02
9.180000000000000000e+04	2.968073552747857207e+02
9.180000000000000000e+04	2.958800612961769048e+02
9.270000000000000000e+04	2.958800612961769048e+02
9.270000000000000000e+04	2.955549077721804565e+02
9.360000000000000000e+04	2.955549077721804565e+02
9.360000000000000000e+04	2.929629074895244116e+02
9.450000000000000000e+04	2.929629074895244116e+02
9.450000000000000000e+04	2.926965350418976755e+02
9.540000000000000000e+04	2.926965350418976755e+02
9.540000000000000000e+04	2.937279547333227470e+02
9.630000000000000000e+04	2.937279547333227470e+02
9.630000000000000000e+04	2.940053541861670965e+02
9.720000000000000000e+04	2.940053541861670965e+02
9.720000000000000000e+04	2.924905211058856480e+02
9.810000000000000000e+04	2.924905211058856480e+02
9.810000000000000000e+04	2.924469775497421438e+02
9.900000000000000000e+04	2.924469775497421438e+02
9.900000000000000000e+04	2.933588354579644601e+02
9.990000000000000000e+04	2.933588354579644601e+02
9.990000000000000000e+04	2.933405658576659789e+02
1.008000000000000000e+05	2.933405658576659789e+02
1.008000000000000000e+05	2.922627740921578834e+02
1.017000000000000000e+05	2.922627740921578834e+02
1.017000000000000000e+05	2.986135180886333274e+02
1.026000000000000000e+05	2.986135180886333274e+02
1.026000000000000000e+05	2.965886606371030894e+02
1.035000000000000000e+05	2.965886606371030894e+02
1.035000000000000000e+05	2.996285242334740246e+02
1.044000000000000000e+05	2.996285242334740246e+02
1.044000000000000000e+05	2.952795575567719197e+02
1.053000000000000000e+05	2.952795575567719197e+02
1.053000000000000000e+05	2.940341021684869247e+02
1.062000000000000000e+05	2.940341021684869247e+02
1.062000000000000000e+05	2.949240580808100844e+02
1.071000000000000000e+05	2.949240580808100844e+02
1.071000000000000000e+05	2.949372621988761125e+02
1.080000000000000000e+05	2.949372621988761125e+02
1.080000000000000000e+05	2.928506417364409344e+02
1.089000000000000000e+05	2.928506417364409344e+02
1.089000000000000000e+05	2.923703629061122342e+02
1.098000000000000000e+05	2.923703629061122342e+02
1.098000000000000000e+05	2.911499999999999204e+02
1.107000000000000000e+05	2.911499999999999204e+02
1.107000000000000000e+05	2.936849097492246301e+02
1.116000000000000000e+05	2.936849097492246301e+02
1.116000000000000000e+05	2.961576501480199681e+02
1.125000000000000000e+05	2.961576501480199681e+02
1.125000000000000000e+05	3.018376845440362786e+02
1.134000000000000000e+05	3.018376845440362786e+02
1.134000000000000000e+05	3.051744425662446929e+02
1.143000000000000000e+05	3.051744425662446929e+02
1.143000000000000000e+05	3.074479005261297289e+02
1.152000000000000000e+05	3.074479005261297289e+02
1.152000000000000000e+05	3.045283913806446208e+02
1.161000000000000000e+05	3.045283913806446208e+02
1.161000000000000000e+05	3.070432807318453570e+02
1.170000000000000000e+05	3.070432807318453570e+02
1.170000000000000000e+05	3.071654137961522224e+02
1.179000000000000000e+05	3.071654137961522224e+02
1.179000000000000000e+05	3.077601376717495896e+02
1.188000000000000000e+05	3.077601376717495896e+02
1.188000000000000000e+05	3.075964477266555832e+02
1.197000000000000000e+05	3.075964477266555832e+02
1.197000000000000000e+05	3.023776047355382843e+02
1.206000000000000000e+05	3.023776047355382843e+02
1.206000000000000000e+05	3.019977916683765784e+02
1.215000000000000000e+05	3.019977916683765784e+02
1.215000000000000000e+05	3.008522912863474517e+02
1.224000000000000000e+05	3.008522912863474517e+02
1.224000000000000000e+05	2.983041476276569597e+02
1.233000000000000000e+05	2.983041476276569597e+02
1.233000000000000000e+05	3.031205394745293802e+02
1.242000000000000000e+05	3.031205394745293802e+02
1.242000000000000000e+05	3.040693477864194278e+02
1.251000000000000000e+05	3.040693477864194278e+02
1.251000000000000000e+05	3.026427921682100077e+02
1.260000000000000000e+05	3.026427921682100077e+02
1.260000000000000000e+05	3.031255816938962084e+02
1.269000000000000000e+05	3.031255816938962084e+02
1.269000000000000000e+05	3.014080964449997850e+02
1.278000000000000000e+05	3.014080964449997850e+02
1.278000000000000000e+05	3.071919906902801927e+02
1.287000000000000000e+05	3.071919906902801927e+02
1.287000000000000000e+05	3.033479815075224337e+02
1.296000000000000000e+05	3.033479815075224337e+02
1.296000000000000000e+05	2.978986944837313331e+02
1.305000000000000000e+05	2.978986944837313331e+02
1.305000000000000000e+05	2.963594899098714563e+02
1.314000000000000000e+05	2.963594899098714563e+02
1.314000000000000000e+05	2.963897148420954863e+02
1.323000000000000000e+05	2.963897148420954863e+02
1.323000000000000000e+05	2.960884289729345937e+02
1.332000000000000000e+05	2.960884289729345937e+02
1.332000000000000000e+05	2.958951700281086801e+02
1.341000000000000000e+05	2.958951700281086801e+02
1.341000000000000000e+05	2.984862731537266427e+02
1.350000000000000000e+05	2.984862731537266427e+02
1.350000000000000000e+05	2.952154352314005905e+02
1.359000000000000000e+05	2.952154352314005905e+02
1.359000000000000000e+05	2.969444763473531452e+02
1.368000000000000000e+05	2.969444763473531452e+02
1.368000000000000000e+05	2.945548339569604650e+02
1.377000000000000000e+05	2.945548339569604650e+02
1.377000000000000000e+05	2.999213778988276431e+02
1.386000000000000000e+05	2.999213778988276431e+02
1.386000000000000000e+05	2.958526500065385676e+02
1.395000000000000000e+05	2.958526500065385676e+02
1.395000000000000000e+05	2.949088850656598311e+02
1.404000000000000000e+05	2.949088850656598311e+02
1.404000000000000000e+05	2.968563163829414293e+02
1.413000000000000000e+05	2.968563163829414293e+02
1.413000000000000000e+05	2.956280107846147871e+02
1.422000000000000000e+05	2.956280107846147871e+02
1.422000000000000000e+05	2.984436354779220437e+02
1.431000000000000000e+05	2.984436354779220437e+02
1.431000000000000000e+05	2.974410926392535544e+02
1.440000000000000000e+05	2.974410926392535544e+02
1.440000000000000000e+05	2.954510767376114018e+02
1.449000000000000000e+05	2.954510767376114018e+02
1.449000000000000000e+05	2.947069069610363385e+02
1.458000000000000000e+05	2.947069069610363385e+02
1.458000000000000000e+05	2.990285542328426232e+02
1.467000000000000000e+05	2.990285542328426232e+02
1.467000000000000000e+05	2.982195953386167844e+02
1.476000000000000000e+05	2.982195953386167844e+02
1.476000000000000000e+05	2.954664428509576055e+02
1.485000000000000000e+05	2.954664428509576055e+02
1.485000000000000000e+05	2.998985989604428823e+02
1.494000000000000000e+05	2.998985989604428823e+02
1.494000000000000000e+05	2.985762920765255330e+02
1.503000000000000000e+05	2.985762920765255330e+02
1.503000000000000000e+05	2.971423312450881440e+02
1.512000000000000000e+05	2.971423312450881440e+02
1.512000000000000000e+05	2.939913509744731073e+02
1.521000000000000000e+05	2.939913509744731073e+02
1.521000000000000000e+05	3.000440499321834409e+02
1.530000000000000000e+05	3.000440499321834409e+02
1.530000000000000000e+05	2.955768499263534181e+02
1.539000000000000000e+05	2.955768499263534181e+02
1.539000000000000000e+05	2.972121376350799551e+02
1.548000000000000000e+05	2.972121376350799551e+02
1.548000000000000000e+05	2.967029056537004408e+02
1.557000000000000000e+05	2.967029056537004408e+02
1.557000000000000000e+05	2.955314882727573718e+02
1.566000000000000000e+05	2.955314882727573718e+02
1.566000000000000000e+05	2.994995338479802740e+02
1.575000000000000000e+05	2.994995338479802740e+02
1.575000000000000000e+05	2.973252271831225926e+02
1.584000000000000000e+05	2.973252271831225926e+02
1.584000000000000000e+05	2.956694232538546885e+02
1.593000000000000000e+05	2.956694232538546885e+02
1.593000000000000000e+05	2.947871581903822857e+02
1.602000000000000000e+05	2.947871581903822857e+02
1.602000000000000000e+05	2.930583072730699428e+02
1.611000000000000000e+05	2.930583072730699428e+02
1.611000000000000000e+05	2.922738610525047420e+02
1.620000000000000000e+05	2.922738610525047420e+02
1.620000000000000000e+05	2.936121205825380684e+02
1.629000000000000000e+05	2.936121205825380684e+02
1.629000000000000000e+05	2.933108531608758653e+02
1.638000000000000000e+05	2.933108531608758653e+02
1.638000000000000000e+05	2.918076196508421276e+02
1.647000000000000000e+05	2.918076196508421276e+02
1.647000000000000000e+05	2.912305058889055545e+02
1.656000000000000000e+05	2.912305058889055545e+02
1.656000000000000000e+05	2.928541268935487665e+02
1.665000000000000000e+05	2.928541268935487665e+02
1.665000000000000000e+05	2.927333037461992262e+02
1.674000000000000000e+05	2.927333037461992262e+02
1.674000000000000000e+05	2.940591124508242160e+02
1.683000000000000000e+05	2.940591124508242160e+02
1.683000000000000000e+05	2.944646620290516807e+02
1.692000000000000000e+05	2.944646620290516807e+02
1.692000000000000000e+05	2.926766226507810984e+02
1.701000000000000000e+05	2.926766226507810984e+02
1.701000000000000000e+05	2.926576846831815715e+02
1.710000000000000000e+05	2.926576846831815715e+02
1.710000000000000000e+05	2.938622478034068877e+02
1.719000000000000000e+05	2.938622478034068877e+02
1.719000000000000000e+05	2.942506021774056535e+02
1.728000000000000000e+05	2.942506021774056535e+02
1.728000000000000000e+05	2.925602242426592738e+02
1.737000000000000000e+05	2.925602242426592738e+02
1.737000000000000000e+05	2.925429287908124820e+02
1.746000000000000000e+05	2.925429287908124820e+02
1.746000000000000000e+05	2.937161202144250183e+02
1.755000000000000000e+05	2.937161202144250183e+02
1.755000000000000000e+05	2.940955113587695564e+02
1.764000000000000000e+05	2.940955113587695564e+02
1.764000000000000000e+05	2.924407150898716736e+02
1.773000000000000000e+05	2.924407150898716736e+02
1.773000000000000000e+05	2.924218714324888424e+02
1.782000000000000000e+05	2.924218714324888424e+02
1.782000000000000000e+05	2.935733735766780796e+02
1.791000000000000000e+05	2.935733735766780796e+02
1.791000000000000000e+05	2.939452862946279197e+02
1.800000000000000000e+05	2.939452862946279197e+02
1.800000000000000000e+05	2.923139449219460175e+02
1.809000000000000000e+05	2.923139449219460175e+02
1.809000000000000000e+05	2.923648098261492692e+02
1.818000000000000000e+05	2.923648098261492692e+02
1.818000000000000000e+05	2.934664569079325815e+02
1.827000000000000000e+05	2.934664569079325815e+02
1.827000000000000000e+05	2.923861243993182484e+02
1.836000000000000000e+05	2.923861243993182484e+02
1.836000000000000000e+05	2.933804897873396271e+02
1.845000000000000000e+05	2.933804897873396271e+02
1.845000000000000000e+05	2.932267270553158482e+02
1.854000000000000000e+05	2.932267270553158482e+02
1.854000000000000000e+05	2.939855996067211095e+02
1.863000000000000000e+05	2.939855996067211095e+02
1.863000000000000000e+05	2.941885211362236419e+02
1.872000000000000000e+05	2.941885211362236419e+02
1.872000000000000000e+05	2.929627272239566764e+02
1.881000000000000000e+05	2.929627272239566764e+02
1.881000000000000000e+05	2.987206882526811569e+02
1.890000000000000000e+05	2.987206882526811569e+02
1.890000000000000000e+05	2.958461954185329432e+02
1.899000000000000000e+05	2.958461954185329432e+02
1.899000000000000000e+05	2.953399768162506689e+02
1.908000000000000000e+05	2.953399768162506689e+02
1.908000000000000000e+05	2.968526189640095367e+02
1.917000000000000000e+05	2.968526189640095367e+02
1.917000000000000000e+05	2.959287032262776620e+02
1.926000000000000000e+05	2.959287032262776620e+02
1.926000000000000000e+05	2.953846026166160073e+02
1.935000000000000000e+05	2.953846026166160073e+02
1.935000000000000000e+05	2.950691833125746939e+02
1.944000000000000000e+05	2.950691833125746939e+02
1.944000000000000000e+05	2.945987200568374078e+02
1.953000000000000000e+05	2.945987200568374078e+02
1.953000000000000000e+05	2.943021540043254731e+02
1.962000000000000000e+05	2.943021540043254731e+02
1.962000000000000000e+05	2.938824485722362851e+02
1.971000000000000000e+05	2.938824485722362851e+02
1.971000000000000000e+05	2.936695917717399311e+02
1.980000000000000000e+05	2.936695917717399311e+02
1.980000000000000000e+05	2.935599276156343649e+02
1.989000000000000000e+05	2.935599276156343649e+02
1.989000000000000000e+05	2.998429957884864621e+02
1.998000000000000000e+05	2.998429957884864621e+02
1.998000000000000000e+05	3.038362750774791152e+02
2.007000000000000000e+05	3.038362750774791152e+02
2.007000000000000000e+05	3.064525730826644008e+02
2.016000000000000000e+05	3.064525730826644008e+02
2.016000000000000000e+05	3.052960844109067011e+02
2.025000000000000000e+05	3.052960844109067011e+02
2.025000000000000000e+05	3.082145326982242182e+02
2.034000000000000000e+05	3.082145326982242182e+02
2.034000000000000000e+05	3.076736337393109011e+02
2.043000000000000000e+05	3.076736337393109011e+02
2.043000000000000000e+05	3.081210719566189482e+02
2.052000000000000000e+05	3.081210719566189482e+02
2.052000000000000000e+05	3.031637797295697965e+02
2.061000000000000000e+05	3.031637797295697965e+02
2.061000000000000000e+05	3.055178383746242616e+02
2.070000000000000000e+05	3.055178383746242616e+02
2.070000000000000000e+05	3.037918982434919144e+02
2.079000000000000000e+05	3.037918982434919144e+02
2.079000000000000000e+05	3.030659259698621213e+02
2.088000000000000000e+05	3.030659259698621213e+02
2.088000000000000000e+05	3.029214713554830496e+02
2.097000000000000000e+05	3.029214713554830496e+02
2.097000000000000000e+05	2.995718005823379713e+02
2.106000000000000000e+05	2.995718005823379713e+02
2.106000000000000000e+05	2.971883599251343639e+02
2.115000000000000000e+05	2.971883599251343639e+02
2.115000000000000000e+05	3.003086965060743978e+02
2.124000000000000000e+05	3.003086965060743978e+02
2.124000000000000000e+05	2.993655438080729141e+02
2.133000000000000000e+05	2.993655438080729141e+02
2.133000000000000000e+05	3.013015619873503397e+02
2.142000000000000000e+05	3.013015619873503397e+02
2.142000000000000000e+05	2.981508359665436956e+02
2.151000000000000000e+05	2.981508359665436956e+02
2.151000000000000000e+05	2.961999639025382862e+02
2.160000000000000000e+05	2.961999639025382862e+02
2.160000000000000000e+05	2.963839090545039880e+02
2.169000000000000000e+05	2.963839090545039880e+02
2.169000000000000000e+05	3.001365604264137801e+02
2.178000000000000000e+05	3.001365604264137801e+02
2.178000000000000000e+05	2.960940563808687216e+02
2.187000000000000000e+05	2.960940563808687216e+02
2.187000000000000000e+05	2.984188868178777625e+02
2.196000000000000000e+05	2.984188868178777625e+02
2.196000000000000000e+05	2.981297348432377703e+02
2.205000000000000000e+05	2.981297348432377703e+02
2.205000000000000000e+05	2.998378748555946345e+02
2.214000000000000000e+05	2.998378748555946345e+02
2.214000000000000000e+05	2.971816606625730515e+02
2.223000000000000000e+05	2.971816606625730515e+02
2.223000000000000000e+05	2.993112024635352668e+02
2.232000000000000000e+05	2.993112024635352668e+02
2.232000000000000000e+05	2.988228198898206642e+02
2.241000000000000000e+05	2.988228198898206642e+02
2.241000000000000000e+05	2.997270739022345083e+02
2.250000000000000000e+05	2.997270739022345083e+02
2.250000000000000000e+05	2.990848139433934989e+02
2.259000000000000000e+05	2.990848139433934989e+02
2.259000000000000000e+05	3.004548016289594443e+02
2.268000000000000000e+05	3.004548016289594443e+02
2.268000000000000000e+05	3.004756515199512705e+02
2.277000000000000000e+05	3.004756515199512705e+02
2.277000000000000000e+05	2.991490658965666398e+02
2.286000000000000000e+05	2.991490658965666398e+02
2.286000000000000000e+05	2.985159217404649894e+02
2.295000000000000000e+05	2.985159217404649894e+02
2.295000000000000000e+05	2.974807621546035534e+02
2.304000000000000000e+05	2.974807621546035534e+02
2.304000000000000000e+05	2.965562278621304699e+02
2.313000000000000000e+05	2.965562278621304699e+02
2.313000000000000000e+05	2.988845953688723966e+02
2.322000000000000000e+05	2.988845953688723966e+02
2.322000000000000000e+05	2.981422463342531159e+02
2.331000000000000000e+05	2.981422463342531159e+02
2.331000000000000000e+05	2.973037098747915365e+02
2.340000000000000000e+05	2.973037098747915365e+02
2.340000000000000000e+05	2.961036067620377707e+02
2.349000000000000000e+05	2.961036067620377707e+02
2.349000000000000000e+05	2.988933450343596974e+02
2.358000000000000000e+05	2.988933450343596974e+02
2.358000000000000000e+05	3.005423571873508308e+02
2.367000000000000000e+05	3.005423571873508308e+02
2.367000000000000000e+05	2.990169032139581304e+02
2.376000000000000000e+05	2.990169032139581304e+02
2.376000000000000000e+05	2.960485120635140674e+02
2.385000000000000000e+05	2.960485120635140674e+02
2.385000000000000000e+05	2.950940935019727931e+02
2.394000000000000000e+05	2.950940935019727931e+02
2.394000000000000000e+05	2.933601180426321093e+02
2.403000000000000000e+05	2.933601180426321093e+02
2.403000000000000000e+05	2.925553792370442352e+02
2.412000000000000000e+05	2.925553792370442352e+02
2.412000000000000000e+05	2.938482840887617158e+02
2.421000000000000000e+05	2.938482840887617158e+02
2.421000000000000000e+05	2.999210403882601099e+02
2.430000000000000000e+05	2.999210403882601099e+02
2.430000000000000000e+05	2.954651545573841531e+02
2.439000000000000000e+05	2.954651545573841531e+02
2.439000000000000000e+05	3.002916460018901148e+02
2.448000000000000000e+05	3.002916460018901148e+02
2.448000000000000000e+05	2.970024661981984764e+02
2.457000000000000000e+05	2.970024661981984764e+02
2.457000000000000000e+05	2.957229988583641216e+02
2.466000000000000000e+05	2.957229988583641216e+02
2.466000000000000000e+05	2.938338208127917710e+02
2.475000000000000000e+05	2.938338208127917710e+02
2.475000000000000000e+05	2.929043406946042865e+02
2.484000000000000000e+05	2.929043406946042865e+02
2.484000000000000000e+05	2.940352100279770866e+02
2.493000000000000000e+05	2.940352100279770866e+02
2.493000000000000000e+05	2.936081715286966300e+02
2.502000000000000000e+05	2.936081715286966300e+02
2.502000000000000000e+05	2.920555232203267337e+02
2.511000000000000000e+05	2.920555232203267337e+02
2.511000000000000000e+05	2.914327286640876764e+02
2.520000000000000000e+05	2.914327286640876764e+02
2.520000000000000000e+05	2.929892525898447388e+02
2.529000000000000000e+05	2.929892525898447388e+02
2.529000000000000000e+05	2.928269609841706256e+02
2.538000000000000000e+05	2.928269609841706256e+02
2.538000000000000000e+05	2.941361437188349441e+02
2.547000000000000000e+05	2.941361437188349441e+02
2.547000000000000000e+05	2.945260615611578601e+02
2.556000000000000000e+05	2.945260615611578601e+02
2.556000000000000000e+05	2.927586037421656329e+02
2.565000000000000000e+05	2.927586037421656329e+02
2.565000000000000000e+05	2.927355564777070640e+02
2.574000000000000000e+05	2.927355564777070640e+02
2.574000000000000000e+05	2.938979086172698203e+02
2.583000000000000000e+05	2.938979086172698203e+02
2.583000000000000000e+05	2.942703210806353127e+02
2.592000000000000000e+05	2.942703210806353127e+02
2.592000000000000000e+05	2.926222848900290501e+02
2.601000000000000000e+05	2.926222848900290501e+02
2.601000000000000000e+05	2.926015966071105936e+02
2.610000000000000000e+05	2.926015966071105936e+02
2.610000000000000000e+05	2.937310971661568146e+02
2.619000000000000000e+05	2.937310971661568146e+02
2.619000000000000000e+05	2.940943300558138844e+02
2.628000000000000000e+05	2.940943300558138844e+02
2.628000000000000000e+05	2.924838826519492159e+02
2.637000000000000000e+05	2.924838826519492159e+02
2.637000000000000000e+05	2.967675716962551746e+02
2.646000000000000000e+05	2.967675716962551746e+02
2.646000000000000000e+05	2.958928782035969789e+02
2.655000000000000000e+05	2.958928782035969789e+02
2.655000000000000000e+05	2.955876241229299239e+02
2.664000000000000000e+05	2.955876241229299239e+02
2.664000000000000000e+05	2.954590569715965671e+02
2.673000000000000000e+05	2.954590569715965671e+02
2.673000000000000000e+05	2.952071556089802016e+02
2.682000000000000000e+05	2.952071556089802016e+02
2.682000000000000000e+05	2.951209645125312022e+02
2.691000000000000000e+05	2.951209645125312022e+02
2.691000000000000000e+05	2.950317263315973264e+02
2.700000000000000000e+05	2.950317263315973264e+02
2.700000000000000000e+05	2.947187075924988449e+02
2.709000000000000000e+05	2.947187075924988449e+02
2.709000000000000000e+05	2.945751319141879208e+02
2.718000000000000000e+05	2.945751319141879208e+02
2.718000000000000000e+05	2.946340735430225664e+02
2.727000000000000000e+05	2.946340735430225664e+02
2.727000000000000000e+05	2.946161932905446292e+02
2.736000000000000000e+05	2.946161932905446292e+02
2.736000000000000000e+05	2.942311691193025354e+02
2.745000000000000000e+05	2.942311691193025354e+02
2.745000000000000000e+05	2.941447426998369679e+02
2.754000000000000000e+05	2.941447426998369679e+02
2.754000000000000000e+05	2.942895327998796233e+02
2.763000000000000000e+05	2.942895327998796233e+02
2.763000000000000000e+05	2.943112591981786750e+02
2.772000000000000000e+05	2.943112591981786750e+02
2.772000000000000000e+05	2.929778578062058045e+02
2.781000000000000000e+05	2.929778578062058045e+02
2.781000000000000000e+05	2.924967069230160632e+02
2.790000000000000000e+05	2.924967069230160632e+02
2.790000000000000000e+05	2.911499999999999773e+02
2.799000000000000000e+05	2.911499999999999773e+02
2.799000000000000000e+05	2.911499999999999773e+02
2.808000000000000000e+05	2.911499999999999773e+02
2.808000000000000000e+05	2.922249861947236695e+02
2.817000000000000000e+05	2.922249861947236695e+02
2.817000000000000000e+05	2.918462803769573384e+02
2.826000000000000000e+05	2.918462803769573384e+02
2.826000000000000000e+05	2.915325155006379987e+02
2.835000000000000000e+05	2.915325155006379987e+02
2.835000000000000000e+05	2.928370122981993404e+02
2.844000000000000000e+05	2.928370122981993404e+02
2.844000000000000000e+05	2.960572769078960391e+02
2.853000000000000000e+05	2.960572769078960391e+02
2.853000000000000000e+05	3.017837365871930615e+02
2.862000000000000000e+05	3.017837365871930615e+02
2.862000000000000000e+05	3.050737446205846481e+02
2.871000000000000000e+05	3.050737446205846481e+02
2.871000000000000000e+05	3.073618888511890077e+02
2.880000000000000000e+05	3.073618888511890077e+02
2.880000000000000000e+05	3.045977767406735097e+02
2.889000000000000000e+05	3.045977767406735097e+02
2.889000000000000000e+05	3.071537913998234899e+02
2.898000000000000000e+05	3.071537913998234899e+02
2.898000000000000000e+05	3.072275509705613672e+02
2.907000000000000000e+05	3.072275509705613672e+02
2.907000000000000000e+05	3.014194176763562041e+02
2.916000000000000000e+05	3.014194176763562041e+02
2.916000000000000000e+05	3.026922007906482577e+02
2.925000000000000000e+05	3.026922007906482577e+02
2.925000000000000000e+05	3.056228057212007343e+02
2.934000000000000000e+05	3.056228057212007343e+02
2.934000000000000000e+05	3.057886030309667831e+02
2.943000000000000000e+05	3.057886030309667831e+02
2.943000000000000000e+05	3.048087386819588573e+02
2.952000000000000000e+05	3.048087386819588573e+02
2.952000000000000000e+05	3.052701881563241386e+02
2.961000000000000000e+05	3.052701881563241386e+02
2.961000000000000000e+05	3.010734246908811542e+02
2.970000000000000000e+05	3.010734246908811542e+02
2.970000000000000000e+05	2.991894794324775262e+02
2.979000000000000000e+05	2.991894794324775262e+02
2.979000000000000000e+05	3.011620911566345171e+02
2.988000000000000000e+05	3.011620911566345171e+02
2.988000000000000000e+05	3.000685163365019434e+02
2.997000000000000000e+05	3.000685163365019434e+02
2.997000000000000000e+05	3.008505786933831132e+02
3.006000000000000000e+05	3.008505786933831132e+02
3.006000000000000000e+05	3.006984516915255767e+02
3.015000000000000000e+05	3.006984516915255767e+02
3.015000000000000000e+05	3.019734149807450194e+02
3.024000000000000000e+05	3.019734149807450194e+02
3.024000000000000000e+05	2.987943640461448922e+02
3.033000000000000000e+05	2.987943640461448922e+02
3.033000000000000000e+05	2.969546530625162859e+02
3.042000000000000000e+05	2.969546530625162859e+02
3.042000000000000000e+05	2.954385455367287818e+02
3.051000000000000000e+05	2.954385455367287818e+02
3.051000000000000000e+05	2.939797411603145747e+02
3.060000000000000000e+05	2.939797411603145747e+02
3.060000000000000000e+05	2.962547084622327134e+02
3.069000000000000000e+05	2.962547084622327134e+02
3.069000000000000000e+05	2.990185662461200877e+02
3.078000000000000000e+05	2.990185662461200877e+02
3.078000000000000000e+05	2.990680948717040337e+02
3.087000000000000000e+05	2.990680948717040337e+02
3.087000000000000000e+05	3.014019262223024498e+02
3.096000000000000000e+05	3.014019262223024498e+02
3.096000000000000000e+05	2.984956405609713102e+02
3.105000000000000000e+05	2.984956405609713102e+02
3.105000000000000000e+05	2.969726306310485597e+02
3.114000000000000000e+05	2.969726306310485597e+02
3.114000000000000000e+05	2.969763600721481112e+02
3.123000000000000000e+05	2.969763600721481112e+02
3.123000000000000000e+05	2.955912237933678171e+02
3.132000000000000000e+05	2.955912237933678171e+02
3.132000000000000000e+05	2.975994563944332185e+02
3.141000000000000000e+05	2.975994563944332185e+02
3.141000000000000000e+05	2.963926009540445534e+02
3.150000000000000000e+05	2.963926009540445534e+02
3.150000000000000000e+05	2.962674731646962414e+02
3.159000000000000000e+05	2.962674731646962414e+02
3.159000000000000000e+05	2.953303766776347743e+02
3.168000000000000000e+05	2.953303766776347743e+02
3.168000000000000000e+05	2.956072613020602375e+02
3.177000000000000000e+05	2.956072613020602375e+02
3.177000000000000000e+05	2.987884560776583385e+02
3.186000000000000000e+05	2.987884560776583385e+02
3.186000000000000000e+05	2.979873184523218015e+02
3.195000000000000000e+05	2.979873184523218015e+02
3.195000000000000000e+05	2.973276527312251574e+02
3.204000000000000000e+05	2.973276527312251574e+02
3.204000000000000000e+05	2.940799191702501503e+02
3.213000000000000000e+05	2.940799191702501503e+02
3.213000000000000000e+05	2.937679953428079216e+02
3.222000000000000000e+05	2.937679953428079216e+02
3.222000000000000000e+05	2.965642839836452822e+02
3.231000000000000000e+05	2.965642839836452822e+02
3.231000000000000000e+05	2.940700255334024860e+02
3.240000000000000000e+05	2.940700255334024860e+02
3.240000000000000000e+05	2.943561600230427757e+02
3.249000000000000000e+05	2.943561600230427757e+02
3.249000000000000000e+05	3.002766617839027390e+02
3.258000000000000000e+05	3.002766617839027390e+02
3.258000000000000000e+05	2.957654395191154890e+02
3.267000000000000000e+05	2.957654395191154890e+02
3.267000000000000000e+05	2.941490284533348927e+02
3.276000000000000000e+05	2.941490284533348927e+02
3.276000000000000000e+05	2.937342970956025283e+02
3.285000000000000000e+05	2.937342970956025283e+02
3.285000000000000000e+05	2.998076840910371743e+02
3.294000000000000000e+05	2.998076840910371743e+02
3.294000000000000000e+05	3.015745714579688297e+02
3.303000000000000000e+05	3.015745714579688297e+02
3.303000000000000000e+05	2.972966785080663499e+02
3.312000000000000000e+05	2.972966785080663499e+02
3.312000000000000000e+05	2.997615173121446333e+02
3.321000000000000000e+05	2.997615173121446333e+02
3.321000000000000000e+05	2.976368620795660149e+02
3.330000000000000000e+05	2.976368620795660149e+02
3.330000000000000000e+05	2.953138036758751923e+02
3.339000000000000000e+05	2.953138036758751923e+02
3.339000000000000000e+05	2.940825498580858266e+02
3.348000000000000000e+05	2.940825498580858266e+02
3.348000000000000000e+05	2.948879453200190142e+02
3.357000000000000000e+05	2.948879453200190142e+02
3.357000000000000000e+05	2.942033395809746139e+02
3.366000000000000000e+05	2.942033395809746139e+02
3.366000000000000000e+05	2.925510243370049466e+02
3.375000000000000000e+05	2.925510243370049466e+02
3.375000000000000000e+05	2.918368494124048880e+02
3.384000000000000000e+05	2.918368494124048880e+02
3.384000000000000000e+05	2.932679715885794280e+02
3.393000000000000000e+05	2.932679715885794280e+02
3.393000000000000000e+05	2.930260946016603611e+02
3.402000000000000000e+05	2.930260946016603611e+02
3.402000000000000000e+05	2.943045317714948510e+02
3.411000000000000000e+05	2.943045317714948510e+02
3.411000000000000000e+05	2.946663501815741029e+02
3.420000000000000000e+05	2.946663501815741029e+02
3.420000000000000000e+05	2.929400971852061275e+02
3.429000000000000000e+05	2.929400971852061275e+02
3.429000000000000000e+05	2.929111059621515665e+02
3.438000000000000000e+05	2.929111059621515665e+02
3.438000000000000000e+05	2.940059056443919872e+02
3.447000000000000000e+05	2.940059056443919872e+02
3.447000000000000000e+05	2.943547122402929404e+02
3.456000000000000000e+05	2.943547122402929404e+02
3.456000000000000000e+05	2.927826341952256826e+02
3.465000000000000000e+05	2.927826341952256826e+02
3.465000000000000000e+05	2.927587492842682764e+02
3.474000000000000000e+05	2.927587492842682764e+02
3.474000000000000000e+05	2.938298342179898555e+02
3.483000000000000000e+05	2.938298342179898555e+02
3.483000000000000000e+05	2.941733958503362487e+02
3.492000000000000000e+05	2.941733958503362487e+02
3.492000000000000000e+05	2.926299884868474237e+02
3.501000000000000000e+05	2.926299884868474237e+02
3.501000000000000000e+05	2.926052172363795307e+02
3.510000000000000000e+05	2.926052172363795307e+02
3.510000000000000000e+05	2.936641218509070654e+02
3.519000000000000000e+05	2.936641218509070654e+02
3.519000000000000000e+05	2.940035327131070062e+02
3.528000000000000000e+05	2.940035327131070062e+02
3.528000000000000000e+05	2.924729966920941706e+02
3.537000000000000000e+05	2.924729966920941706e+02
3.537000000000000000e+05	2.924469999643499705e+02
3.546000000000000000e+05	2.924469999643499705e+02
3.546000000000000000e+05	2.934969985088263797e+02
3.555000000000000000e+05	2.934969985088263797e+02
3.555000000000000000e+05	2.937295081880800467e+02
3.564000000000000000e+05	2.937295081880800467e+02
3.564000000000000000e+05	2.920709730954519614e+02
3.573000000000000000e+05	2.920709730954519614e+02
3.573000000000000000e+05	2.919236319011478713e+02
3.582000000000000000e+05	2.919236319011478713e+02
3.582000000000000000e+05	2.932317578805982521e+02
3.591000000000000000e+05	2.932317578805982521e+02
3.591000000000000000e+05	2.936238640707476293e+02
3.600000000000000000e+05	2.936238640707476293e+02
3.600000000000000000e+05	2.918560038197315407e+02
3.609000000000000000e+05	2.918560038197315407e+02
3.609000000000000000e+05	2.961419329650822192e+02
3.618000000000000000e+05	2.961419329650822192e+02
3.618000000000000000e+05	2.953364783257680983e+02
3.627000000000000000e+05	2.953364783257680983e+02
3.627000000000000000e+05	2.950553336212497584e+02
3.636000000000000000e+05	2.950553336212497584e+02
3.636000000000000000e+05	2.941169921735029220e+02
3.645000000000000000e+05	2.941169921735029220e+02
3.645000000000000000e+05	2.933278838271328937e+02
3.654000000000000000e+05	2.933278838271328937e+02
3.654000000000000000e+05	2.919704174500303111e+02
3.663000000000000000e+05	2.919704174500303111e+02
3.663000000000000000e+05	2.915403189016501528e+02
3.672000000000000000e+05	2.915403189016501528e+02
3.672000000000000000e+05	2.922151475403832706e+02
3.681000000000000000e+05	2.922151475403832706e+02
3.681000000000000000e+05	2.919550747424309520e+02
3.690000000000000000e+05	2.919550747424309520e+02
3.690000000000000000e+05	2.911499999999999773e+02
3.699000000000000000e+05	2.911499999999999773e+02
3.699000000000000000e+05	2.911499999999999773e+02
3.708000000000000000e+05	2.911499999999999773e+02
3.708000000000000000e+05	2.952005646643578984e+02
3.717000000000000000e+05	2.952005646643578984e+02
3.717000000000000000e+05	3.010208923381842396e+02
3.726000000000000000e+05	3.010208923381842396e+02
3.726000000000000000e+05	3.046649772394608249e+02
3.735000000000000000e+05	3.046649772394608249e+02
3.735000000000000000e+05	3.070900954157735327e+02
3.744000000000000000e+05	3.070900954157735327e+02
3.744000000000000000e+05	3.041709602569689537e+02
3.753000000000000000e+05	3.041709602569689537e+02
3.753000000000000000e+05	3.068231284000227106e+02
3.762000000000000000e+05	3.068231284000227106e+02
3.762000000000000000e+05	3.070361830763555986e+02
3.771000000000000000e+05	3.070361830763555986e+02
3.771000000000000000e+05	3.057886030309668399e+02
3.780000000000000000e+05	3.057886030309668399e+02
3.780000000000000000e+05	3.063151545496363042e+02
3.789000000000000000e+05	3.063151545496363042e+02
3.789000000000000000e+05	3.016180925141522380e+02
3.798000000000000000e+05	3.016180925141522380e+02
3.798000000000000000e+05	3.034429122123892171e+02
3.807000000000000000e+05	3.034429122123892171e+02
3.807000000000000000e+05	3.026120001770198087e+02
3.816000000000000000e+05	3.026120001770198087e+02
3.816000000000000000e+05	3.026071056856479800e+02
3.825000000000000000e+05	3.026071056856479800e+02
3.825000000000000000e+05	2.992676913607709253e+02
3.834000000000000000e+05	2.992676913607709253e+02
3.834000000000000000e+05	3.002249893276561465e+02
3.843000000000000000e+05	3.002249893276561465e+02
3.843000000000000000e+05	3.006298480051997331e+02
3.852000000000000000e+05	3.006298480051997331e+02
3.852000000000000000e+05	3.004312073820039473e+02
3.861000000000000000e+05	3.004312073820039473e+02
3.861000000000000000e+05	2.978124164697508718e+02
3.870000000000000000e+05	2.978124164697508718e+02
3.870000000000000000e+05	2.971934429706127503e+02
3.879000000000000000e+05	2.971934429706127503e+02
3.879000000000000000e+05	2.980288286969818046e+02
3.888000000000000000e+05	2.980288286969818046e+02
3.888000000000000000e+05	2.974881972245030397e+02
3.897000000000000000e+05	2.974881972245030397e+02
3.897000000000000000e+05	2.996954254094027874e+02
3.906000000000000000e+05	2.996954254094027874e+02
3.906000000000000000e+05	3.000606133652365202e+02
3.915000000000000000e+05	3.000606133652365202e+02
3.915000000000000000e+05	3.020813245277230976e+02
3.924000000000000000e+05	3.020813245277230976e+02
3.924000000000000000e+05	3.026380305725219273e+02
3.933000000000000000e+05	3.026380305725219273e+02
3.933000000000000000e+05	3.005225216111613236e+02
3.942000000000000000e+05	3.005225216111613236e+02
3.942000000000000000e+05	2.997061308395981882e+02
3.951000000000000000e+05	2.997061308395981882e+02
3.951000000000000000e+05	2.986017946998760522e+02
3.960000000000000000e+05	2.986017946998760522e+02
3.960000000000000000e+05	2.969965380146399525e+02
3.969000000000000000e+05	2.969965380146399525e+02
3.969000000000000000e+05	2.957529309324335713e+02
3.978000000000000000e+05	2.957529309324335713e+02
3.978000000000000000e+05	2.982947279537739860e+02
3.987000000000000000e+05	2.982947279537739860e+02
3.987000000000000000e+05	3.007866505892457667e+02
3.996000000000000000e+05	3.007866505892457667e+02
3.996000000000000000e+05	2.965836409723160614e+02
4.005000000000000000e+05	2.965836409723160614e+02
4.005000000000000000e+05	2.954972082599073246e+02
4.014000000000000000e+05	2.954972082599073246e+02
4.014000000000000000e+05	2.944154612015669272e+02
4.023000000000000000e+05	2.944154612015669272e+02
4.023000000000000000e+05	2.974223786390933810e+02
4.032000000000000000e+05	2.974223786390933810e+02
4.032000000000000000e+05	2.969765357489829398e+02
4.041000000000000000e+05	2.969765357489829398e+02
4.041000000000000000e+05	2.956363618525203378e+02
4.050000000000000000e+05	2.956363618525203378e+02
4.050000000000000000e+05	2.951053815443708004e+02
4.059000000000000000e+05	2.951053815443708004e+02
4.059000000000000000e+05	3.001030775249121234e+02
4.068000000000000000e+05	3.001030775249121234e+02
4.068000000000000000e+05	2.967422890278832597e+02
4.077000000000000000e+05	2.967422890278832597e+02
4.077000000000000000e+05	2.957002490580641734e+02
4.086000000000000000e+05	2.957002490580641734e+02
4.086000000000000000e+05	2.996016989415065268e+02
4.095000000000000000e+05	2.996016989415065268e+02
4.095000000000000000e+05	2.979338632942659046e+02
4.104000000000000000e+05	2.979338632942659046e+02
4.104000000000000000e+05	2.993184899249150703e+02
4.113000000000000000e+05	2.993184899249150703e+02
4.113000000000000000e+05	2.977417754297010219e+02
4.122000000000000000e+05	2.977417754297010219e+02
4.122000000000000000e+05	2.966228999938693960e+02
4.131000000000000000e+05	2.966228999938693960e+02
4.131000000000000000e+05	2.950309224275294468e+02
4.140000000000000000e+05	2.950309224275294468e+02
4.140000000000000000e+05	2.958140279159328543e+02
4.149000000000000000e+05	2.958140279159328543e+02
4.149000000000000000e+05	2.991567379611078650e+02
4.158000000000000000e+05	2.991567379611078650e+02
4.158000000000000000e+05	2.954667042698218324e+02
4.167000000000000000e+05	2.954667042698218324e+02
4.167000000000000000e+05	2.982210622290014612e+02
4.176000000000000000e+05	2.982210622290014612e+02
4.176000000000000000e+05	2.946889034423339240e+02
4.185000000000000000e+05	2.946889034423339240e+02
4.185000000000000000e+05	2.994348071528191326e+02
4.194000000000000000e+05	2.994348071528191326e+02
4.194000000000000000e+05	2.953633460535219797e+02
4.203000000000000000e+05	2.953633460535219797e+02
4.203000000000000000e+05	2.938633222494669894e+02
4.212000000000000000e+05	2.938633222494669894e+02
4.212000000000000000e+05	2.935827762108219758e+02
4.221000000000000000e+05	2.935827762108219758e+02
4.221000000000000000e+05	2.932799162018378070e+02
4.230000000000000000e+05	2.932799162018378070e+02
4.230000000000000000e+05	2.917754348155521029e+02
4.239000000000000000e+05	2.917754348155521029e+02
4.239000000000000000e+05	2.911967804909138522e+02
4.248000000000000000e+05	2.911967804909138522e+02
4.248000000000000000e+05	2.928090976574047772e+02
4.257000000000000000e+05	2.928090976574047772e+02
4.257000000000000000e+05	2.926849688788242929e+02
4.266000000000000000e+05	2.926849688788242929e+02
4.266000000000000000e+05	2.940088281818584619e+02
4.275000000000000000e+05	2.940088281818584619e+02
4.275000000000000000e+05	2.944121196586956444e+02
4.284000000000000000e+05	2.944121196586956444e+02
4.284000000000000000e+05	2.926218040957470521e+02
4.293000000000000000e+05	2.926218040957470521e+02
4.293000000000000000e+05	2.926014817429591517e+02
4.302000000000000000e+05	2.926014817429591517e+02
4.302000000000000000e+05	2.937957209239215786e+02
4.311000000000000000e+05	2.937957209239215786e+02
4.311000000000000000e+05	2.941792595564459702e+02
4.320000000000000000e+05	2.941792595564459702e+02
4.320000000000000000e+05	2.924951012520990616e+02
4.329000000000000000e+05	2.924951012520990616e+02
4.329000000000000000e+05	2.924759328627342256e+02
4.338000000000000000e+05	2.924759328627342256e+02
4.338000000000000000e+05	2.955354762120803116e+02
4.347000000000000000e+05	2.955354762120803116e+02
4.347000000000000000e+05	2.951026087910532851e+02
4.356000000000000000e+05	2.951026087910532851e+02
4.356000000000000000e+05	2.956177983496518777e+02
4.365000000000000000e+05	2.956177983496518777e+02
4.365000000000000000e+05	2.951701720954246184e+02
4.374000000000000000e+05	2.951701720954246184e+02
4.374000000000000000e+05	2.952827773995257417e+02
4.383000000000000000e+05	2.952827773995257417e+02
4.383000000000000000e+05	2.952186641602556847e+02
4.392000000000000000e+05	2.952186641602556847e+02
4.392000000000000000e+05	2.986134613233346045e+02
4.401000000000000000e+05	2.986134613233346045e+02
4.401000000000000000e+05	2.971240271177808268e+02
4.410000000000000000e+05	2.971240271177808268e+02
4.410000000000000000e+05	2.964828047366054307e+02
4.419000000000000000e+05	2.964828047366054307e+02
4.419000000000000000e+05	2.960999932266138899e+02
4.428000000000000000e+05	2.960999932266138899e+02
4.428000000000000000e+05	2.966450332478378300e+02
4.437000000000000000e+05	2.966450332478378300e+02
4.437000000000000000e+05	2.958416287596305096e+02
4.446000000000000000e+05	2.958416287596305096e+02
4.446000000000000000e+05	2.955163316076684623e+02
4.455000000000000000e+05	2.955163316076684623e+02
4.455000000000000000e+05	2.953106938182502859e+02
4.464000000000000000e+05	2.953106938182502859e+02
4.464000000000000000e+05	2.951512434168927825e+02
4.473000000000000000e+05	2.951512434168927825e+02
4.473000000000000000e+05	2.978397595724964049e+02
4.482000000000000000e+05	2.978397595724964049e+02
4.482000000000000000e+05	3.004044689340099126e+02
4.491000000000000000e+05	3.004044689340099126e+02
4.491000000000000000e+05	2.980300655062085298e+02
4.500000000000000000e+05	2.980300655062085298e+02
4.500000000000000000e+05	2.950078997664559779e+02
4.509000000000000000e+05	2.950078997664559779e+02
4.509000000000000000e+05	2.978071546478794289e+02
4.518000000000000000e+05	2.978071546478794289e+02
4.518000000000000000e+05	2.961266688519239096e+02
4.527000000000000000e+05	2.961266688519239096e+02
4.527000000000000000e+05	2.948315238269086649e+02
4.536000000000000000e+05	2.948315238269086649e+02
4.536000000000000000e+05	2.927465178811596047e+02
4.545000000000000000e+05	2.927465178811596047e+02
4.545000000000000000e+05	2.922913999064836617e+02
4.554000000000000000e+05	2.922913999064836617e+02
4.554000000000000000e+05	2.921323567665023688e+02
4.563000000000000000e+05	2.921323567665023688e+02
4.563000000000000000e+05	2.928910652260374832e+02
4.572000000000000000e+05	2.928910652260374832e+02
4.572000000000000000e+05	2.970131789500670720e+02
4.581000000000000000e+05	2.970131789500670720e+02
4.581000000000000000e+05	3.024973116449504573e+02
4.590000000000000000e+05	3.024973116449504573e+02
4.590000000000000000e+05	3.055101028384817141e+02
4.599000000000000000e+05	3.055101028384817141e+02
4.599000000000000000e+05	3.076825994131015136e+02
4.608000000000000000e+05	3.076825994131015136e+02
4.608000000000000000e+05	3.050310279292231144e+02
4.617000000000000000e+05	3.050310279292231144e+02
4.617000000000000000e+05	3.075019752474140091e+02
4.626000000000000000e+05	3.075019752474140091e+02
4.626000000000000000e+05	3.074664449884003830e+02
4.635000000000000000e+05	3.074664449884003830e+02
4.635000000000000000e+05	3.079989019638465493e+02
4.644000000000000000e+05	3.079989019638465493e+02
4.644000000000000000e+05	3.078328020319635812e+02
4.653000000000000000e+05	3.078328020319635812e+02
4.653000000000000000e+05	3.025586835989164456e+02
4.662000000000000000e+05	3.025586835989164456e+02
4.662000000000000000e+05	3.045425393892015222e+02
4.671000000000000000e+05	3.045425393892015222e+02
4.671000000000000000e+05	3.038293911876989455e+02
4.680000000000000000e+05	3.038293911876989455e+02
4.680000000000000000e+05	3.036496434616260558e+02
4.689000000000000000e+05	3.036496434616260558e+02
4.689000000000000000e+05	2.999193459731922076e+02
4.698000000000000000e+05	2.999193459731922076e+02
4.698000000000000000e+05	3.016949011712172251e+02
4.707000000000000000e+05	3.016949011712172251e+02
4.707000000000000000e+05	3.011934854416180656e+02
4.716000000000000000e+05	3.011934854416180656e+02
4.716000000000000000e+05	3.011429960234304417e+02
4.725000000000000000e+05	3.011429960234304417e+02
4.725000000000000000e+05	2.983321364159448876e+02
4.734000000000000000e+05	2.983321364159448876e+02
4.734000000000000000e+05	3.002897383258381865e+02
4.743000000000000000e+05	3.002897383258381865e+02
4.743000000000000000e+05	2.975082668457861246e+02
4.752000000000000000e+05	2.975082668457861246e+02
4.752000000000000000e+05	2.989346706930077744e+02
4.761000000000000000e+05	2.989346706930077744e+02
4.761000000000000000e+05	2.969857683613685708e+02
4.770000000000000000e+05	2.969857683613685708e+02
4.770000000000000000e+05	2.988835276711461120e+02
4.779000000000000000e+05	2.988835276711461120e+02
4.779000000000000000e+05	2.977321502505603235e+02
4.788000000000000000e+05	2.977321502505603235e+02
4.788000000000000000e+05	2.978763744488419434e+02
4.797000000000000000e+05	2.978763744488419434e+02
4.797000000000000000e+05	2.999742853605838491e+02
4.806000000000000000e+05	2.999742853605838491e+02
4.806000000000000000e+05	2.994916810094618427e+02
4.815000000000000000e+05	2.994916810094618427e+02
4.815000000000000000e+05	3.010741289757053778e+02
4.824000000000000000e+05	3.010741289757053778e+02
4.824000000000000000e+05	3.012865321403953658e+02
4.833000000000000000e+05	3.012865321403953658e+02
4.833000000000000000e+05	2.989995774109558511e+02
4.842000000000000000e+05	2.989995774109558511e+02
4.842000000000000000e+05	3.027007165462183593e+02
4.851000000000000000e+05	3.027007165462183593e+02
4.851000000000000000e+05	3.006136013491775998e+02
4.860000000000000000e+05	3.006136013491775998e+02
4.860000000000000000e+05	2.965051940770701435e+02
4.869000000000000000e+05	2.965051940770701435e+02
4.869000000000000000e+05	2.982510393348917432e+02
4.878000000000000000e+05	2.982510393348917432e+02
4.878000000000000000e+05	2.990687596176296665e+02
4.887000000000000000e+05	2.990687596176296665e+02
4.887000000000000000e+05	2.978079237800915280e+02
4.896000000000000000e+05	2.978079237800915280e+02
4.896000000000000000e+05	2.955890161952862627e+02
4.905000000000000000e+05	2.955890161952862627e+02
4.905000000000000000e+05	2.987614766307495415e+02
4.914000000000000000e+05	2.987614766307495415e+02
4.914000000000000000e+05	3.006153156449525454e+02
4.923000000000000000e+05	3.006153156449525454e+02
4.923000000000000000e+05	2.994603289741025378e+02
4.932000000000000000e+05	2.994603289741025378e+02
4.932000000000000000e+05	2.958923586812958320e+02
4.941000000000000000e+05	2.958923586812958320e+02
4.941000000000000000e+05	2.950148064132375794e+02
4.950000000000000000e+05	2.950148064132375794e+02
4.950000000000000000e+05	2.932883441896431691e+02
4.959000000000000000e+05	2.932883441896431691e+02
4.959000000000000000e+05	2.989020031165351270e+02
4.968000000000000000e+05	2.989020031165351270e+02
4.968000000000000000e+05	2.964790649373807128e+02
4.977000000000000000e+05	2.964790649373807128e+02
4.977000000000000000e+05	2.954370505611682347e+02
4.986000000000000000e+05	2.954370505611682347e+02
4.986000000000000000e+05	2.950594455881358726e+02
4.995000000000000000e+05	2.950594455881358726e+02
4.995000000000000000e+05	2.939774198049676102e+02
5.004000000000000000e+05	2.939774198049676102e+02
5.004000000000000000e+05	2.941244335333575464e+02
5.013000000000000000e+05	2.941244335333575464e+02
5.013000000000000000e+05	2.993130448455631267e+02
5.022000000000000000e+05	2.993130448455631267e+02
5.022000000000000000e+05	2.988340717977982308e+02
5.031000000000000000e+05	2.988340717977982308e+02
5.031000000000000000e+05	2.971577958727145869e+02
5.040000000000000000e+05	2.971577958727145869e+02
5.040000000000000000e+05	2.980486631070849626e+02
5.049000000000000000e+05	2.980486631070849626e+02
5.049000000000000000e+05	2.962667321589669882e+02
5.058000000000000000e+05	2.962667321589669882e+02
5.058000000000000000e+05	2.943029696067112582e+02
5.067000000000000000e+05	2.943029696067112582e+02
5.067000000000000000e+05	2.932954289418268559e+02
5.076000000000000000e+05	2.932954289418268559e+02
5.076000000000000000e+05	2.943964937655296126e+02
5.085000000000000000e+05	2.943964937655296126e+02
5.085000000000000000e+05	2.938718810599767153e+02
5.094000000000000000e+05	2.938718810599767153e+02
5.094000000000000000e+05	2.922808438039883754e+02
5.103000000000000000e+05	2.922808438039883754e+02
5.103000000000000000e+05	2.916224853207604610e+02
5.112000000000000000e+05	2.916224853207604610e+02
5.112000000000000000e+05	2.931217126490482201e+02
5.121000000000000000e+05	2.931217126490482201e+02
5.121000000000000000e+05	2.929265897932104394e+02
5.130000000000000000e+05	2.929265897932104394e+02
5.130000000000000000e+05	2.942228334344289919e+02
5.139000000000000000e+05	2.942228334344289919e+02
5.139000000000000000e+05	2.946008215270000505e+02
5.148000000000000000e+05	2.946008215270000505e+02
5.148000000000000000e+05	2.928477890475932668e+02
5.157000000000000000e+05	2.928477890475932668e+02
5.157000000000000000e+05	2.928220294515388673e+02
5.166000000000000000e+05	2.928220294515388673e+02
5.166000000000000000e+05	2.939527800081471014e+02
5.175000000000000000e+05	2.939527800081471014e+02
5.175000000000000000e+05	2.943137252938375354e+02
5.184000000000000000e+05	2.943137252938375354e+02
5.184000000000000000e+05	2.926983053434740896e+02
5.193000000000000000e+05	2.926983053434740896e+02
5.193000000000000000e+05	2.969812319963823484e+02
5.202000000000000000e+05	2.969812319963823484e+02
5.202000000000000000e+05	2.960974234881466600e+02
5.211000000000000000e+05	2.960974234881466600e+02
5.211000000000000000e+05	2.957881947396351165e+02
5.220000000000000000e+05	2.957881947396351165e+02
5.220000000000000000e+05	2.954120335501204409e+02
5.229000000000000000e+05	2.954120335501204409e+02
5.229000000000000000e+05	2.951536562075140750e+02
5.238000000000000000e+05	2.951536562075140750e+02
5.238000000000000000e+05	2.951771740801231090e+02
5.247000000000000000e+05	2.951771740801231090e+02
5.247000000000000000e+05	2.951224918119558538e+02
5.256000000000000000e+05	2.951224918119558538e+02
5.256000000000000000e+05	2.947243052225122710e+02
5.265000000000000000e+05	2.947243052225122710e+02
5.265000000000000000e+05	2.945999378880833319e+02
5.274000000000000000e+05	2.945999378880833319e+02
5.274000000000000000e+05	2.940730026652272500e+02
5.283000000000000000e+05	2.940730026652272500e+02
5.283000000000000000e+05	2.935789608527647374e+02
5.292000000000000000e+05	2.935789608527647374e+02
5.292000000000000000e+05	2.980013709638075738e+02
5.301000000000000000e+05	2.980013709638075738e+02
5.301000000000000000e+05	2.966845395825379796e+02
5.310000000000000000e+05	2.966845395825379796e+02
5.310000000000000000e+05	2.989639743509267760e+02
5.319000000000000000e+05	2.989639743509267760e+02
5.319000000000000000e+05	2.973288318037125464e+02
5.328000000000000000e+05	2.973288318037125464e+02
5.328000000000000000e+05	2.967548378031099219e+02
5.337000000000000000e+05	2.967548378031099219e+02
5.337000000000000000e+05	2.987640507940870975e+02
5.346000000000000000e+05	2.987640507940870975e+02
5.346000000000000000e+05	2.972797588929800554e+02
5.355000000000000000e+05	2.972797588929800554e+02
5.355000000000000000e+05	2.994242310523739548e+02
5.364000000000000000e+05	2.994242310523739548e+02
5.364000000000000000e+05	2.981430871027673675e+02
5.373000000000000000e+05	2.981430871027673675e+02
5.373000000000000000e+05	2.967436366443222369e+02
5.382000000000000000e+05	2.967436366443222369e+02
5.382000000000000000e+05	2.965039113149532000e+02
5.391000000000000000e+05	2.965039113149532000e+02
5.391000000000000000e+05	2.951769926908660295e+02
5.400000000000000000e+05	2.951769926908660295e+02
5.400000000000000000e+05	2.941200272787241374e+02
5.409000000000000000e+05	2.941200272787241374e+02
5.409000000000000000e+05	2.975798413997049465e+02
5.418000000000000000e+05	2.975798413997049465e+02
5.418000000000000000e+05	2.966453035500178430e+02
5.427000000000000000e+05	2.966453035500178430e+02
5.427000000000000000e+05	2.961403327739714655e+02
5.436000000000000000e+05	2.961403327739714655e+02
5.436000000000000000e+05	2.958839767304190218e+02
5.445000000000000000e+05	2.958839767304190218e+02
5.445000000000000000e+05	3.017545922778626277e+02
5.454000000000000000e+05	3.017545922778626277e+02
5.454000000000000000e+05	3.050319976505546720e+02
5.463000000000000000e+05	3.050319976505546720e+02
5.463000000000000000e+05	3.073351325973550274e+02
5.472000000000000000e+05	3.073351325973550274e+02
5.472000000000000000e+05	3.063859825630424893e+02
5.481000000000000000e+05	3.063859825630424893e+02
5.481000000000000000e+05	3.090359053508305465e+02
5.490000000000000000e+05	3.090359053508305465e+02
5.490000000000000000e+05	3.082485575901285415e+02
5.499000000000000000e+05	3.082485575901285415e+02
5.499000000000000000e+05	3.085595788159680524e+02
5.508000000000000000e+05	3.085595788159680524e+02
5.508000000000000000e+05	3.035401712614987559e+02
5.517000000000000000e+05	3.035401712614987559e+02
5.517000000000000000e+05	3.064519525989622935e+02
5.526000000000000000e+05	3.064519525989622935e+02
5.526000000000000000e+05	3.044494976836704154e+02
5.535000000000000000e+05	3.044494976836704154e+02
5.535000000000000000e+05	3.038219705851377057e+02
5.544000000000000000e+05	3.038219705851377057e+02
5.544000000000000000e+05	3.038305547575979517e+02
5.553000000000000000e+05	3.038305547575979517e+02
5.553000000000000000e+05	3.001355384649023108e+02
5.562000000000000000e+05	3.001355384649023108e+02
5.562000000000000000e+05	3.008568802195791250e+02
5.571000000000000000e+05	3.008568802195791250e+02
5.571000000000000000e+05	3.009042572559729365e+02
5.580000000000000000e+05	3.009042572559729365e+02
5.580000000000000000e+05	3.007023687672310643e+02
5.589000000000000000e+05	3.007023687672310643e+02
5.589000000000000000e+05	2.979941727202293009e+02
5.598000000000000000e+05	2.979941727202293009e+02
5.598000000000000000e+05	2.957088654745998042e+02
5.607000000000000000e+05	2.957088654745998042e+02
5.607000000000000000e+05	3.006580940920415514e+02
5.616000000000000000e+05	3.006580940920415514e+02
5.616000000000000000e+05	2.995560971353149284e+02
5.625000000000000000e+05	2.995560971353149284e+02
5.625000000000000000e+05	2.971474566518776896e+02
5.634000000000000000e+05	2.971474566518776896e+02
5.634000000000000000e+05	2.984529866440296360e+02
5.643000000000000000e+05	2.984529866440296360e+02
5.643000000000000000e+05	2.985574724256451873e+02
5.652000000000000000e+05	2.985574724256451873e+02
5.652000000000000000e+05	2.984483013026309663e+02
5.661000000000000000e+05	2.984483013026309663e+02
5.661000000000000000e+05	3.019891661545838701e+02
5.670000000000000000e+05	3.019891661545838701e+02
5.670000000000000000e+05	2.989068035429199881e+02
5.679000000000000000e+05	2.989068035429199881e+02
5.679000000000000000e+05	2.970288578463423619e+02
5.688000000000000000e+05	2.970288578463423619e+02
5.688000000000000000e+05	2.966924074849187605e+02
5.697000000000000000e+05	2.966924074849187605e+02
5.697000000000000000e+05	3.013390061632671859e+02
5.706000000000000000e+05	3.013390061632671859e+02
5.706000000000000000e+05	3.006386245555133314e+02
5.715000000000000000e+05	3.006386245555133314e+02
5.715000000000000000e+05	2.990866226781105865e+02
5.724000000000000000e+05	2.990866226781105865e+02
5.724000000000000000e+05	2.962707404102891928e+02
5.733000000000000000e+05	2.962707404102891928e+02
5.733000000000000000e+05	3.007749808408843819e+02
5.742000000000000000e+05	3.007749808408843819e+02
5.742000000000000000e+05	2.999069074705408866e+02
5.751000000000000000e+05	2.999069074705408866e+02
5.751000000000000000e+05	3.022192854182632686e+02
5.760000000000000000e+05	3.022192854182632686e+02
5.760000000000000000e+05	2.989430932834096666e+02
5.769000000000000000e+05	2.989430932834096666e+02
5.769000000000000000e+05	3.012546068115916569e+02
5.778000000000000000e+05	3.012546068115916569e+02
5.778000000000000000e+05	2.998929882467951984e+02
5.787000000000000000e+05	2.998929882467951984e+02
5.787000000000000000e+05	2.984771061866410378e+02
5.796000000000000000e+05	2.984771061866410378e+02
5.796000000000000000e+05	2.953200171623657297e+02
5.805000000000000000e+05	2.953200171623657297e+02
5.805000000000000000e+05	2.990133683840336971e+02
5.814000000000000000e+05	2.990133683840336971e+02
5.814000000000000000e+05	2.990642633246574178e+02
5.823000000000000000e+05	2.990642633246574178e+02
5.823000000000000000e+05	3.032407135978267547e+02
5.832000000000000000e+05	3.032407135978267547e+02
5.832000000000000000e+05	2.981750602763281108e+02
5.841000000000000000e+05	2.981750602763281108e+02
5.841000000000000000e+05	2.965374724770870785e+02
5.850000000000000000e+05	2.965374724770870785e+02
5.850000000000000000e+05	2.968847579772078689e+02
5.859000000000000000e+05	2.968847579772078689e+02
5.859000000000000000e+05	2.954024683864706162e+02
5.868000000000000000e+05	2.954024683864706162e+02
5.868000000000000000e+05	2.948074536281440032e+02
5.877000000000000000e+05	2.948074536281440032e+02
5.877000000000000000e+05	2.989524751021817792e+02
5.886000000000000000e+05	2.989524751021817792e+02
5.886000000000000000e+05	2.961563693756623366e+02
5.895000000000000000e+05	2.961563693756623366e+02
5.895000000000000000e+05	2.981937970765996511e+02
5.904000000000000000e+05	2.981937970765996511e+02
5.904000000000000000e+05	2.979915531072958856e+02
5.913000000000000000e+05	2.979915531072958856e+02
5.913000000000000000e+05	2.962454440162882747e+02
5.922000000000000000e+05	2.962454440162882747e+02
5.922000000000000000e+05	2.942834539678913757e+02
5.931000000000000000e+05	2.942834539678913757e+02
5.931000000000000000e+05	2.932829305622679499e+02
5.940000000000000000e+05	2.932829305622679499e+02
5.940000000000000000e+05	2.943895680757888726e+02
5.949000000000000000e+05	2.943895680757888726e+02
5.949000000000000000e+05	2.938678430177558880e+02
5.958000000000000000e+05	2.938678430177558880e+02
5.958000000000000000e+05	2.922764905515057876e+02
5.967000000000000000e+05	2.922764905515057876e+02
5.967000000000000000e+05	2.916169067827531194e+02
5.976000000000000000e+05	2.916169067827531194e+02
5.976000000000000000e+05	2.931024468101458069e+02
5.985000000000000000e+05	2.931024468101458069e+02
5.985000000000000000e+05	2.929028447370051254e+02
5.994000000000000000e+05	2.929028447370051254e+02
5.994000000000000000e+05	2.941959123279543178e+02
6.003000000000000000e+05	2.941959123279543178e+02
6.003000000000000000e+05	2.945700748802137809e+02
6.012000000000000000e+05	2.945700748802137809e+02
6.012000000000000000e+05	2.928130966605704657e+02
6.021000000000000000e+05	2.928130966605704657e+02
6.021000000000000000e+05	2.970908691893797595e+02
6.030000000000000000e+05	2.970908691893797595e+02
6.030000000000000000e+05	2.962235045722660516e+02
6.039000000000000000e+05	2.962235045722660516e+02
6.039000000000000000e+05	2.959157169725593803e+02
6.048000000000000000e+05	2.959157169725593803e+02
