# #1
# double T_supply_HP_heat(176, 2)
0.000000000000000000e+00	2.982734423443418450e+02
9.000000000000000000e+02	2.982734423443418450e+02
9.000000000000000000e+02	2.981499999999999204e+02
1.800000000000000000e+03	2.981499999999999204e+02
1.800000000000000000e+03	2.981499999999999773e+02
2.700000000000000000e+03	2.981499999999999773e+02
2.700000000000000000e+03	2.981499999999999773e+02
3.600000000000000000e+03	2.981499999999999773e+02
3.600000000000000000e+03	2.981499999999999773e+02
4.500000000000000000e+03	2.981499999999999773e+02
4.500000000000000000e+03	2.981499999999999773e+02
5.400000000000000000e+03	2.981499999999999773e+02
5.400000000000000000e+03	2.981499999999999773e+02
6.300000000000000000e+03	2.981499999999999773e+02
6.300000000000000000e+03	2.981499999999999773e+02
7.200000000000000000e+03	2.981499999999999773e+02
7.200000000000000000e+03	2.981499999999999773e+02
8.100000000000000000e+03	2.981499999999999773e+02
8.100000000000000000e+03	2.981499999999999773e+02
9.000000000000000000e+03	2.981499999999999773e+02
9.000000000000000000e+03	2.981499999999999773e+02
9.900000000000000000e+03	2.981499999999999773e+02
9.900000000000000000e+03	2.981499999999999773e+02
1.080000000000000000e+04	2.981499999999999773e+02
1.080000000000000000e+04	2.981499999999999773e+02
1.170000000000000000e+04	2.981499999999999773e+02
1.170000000000000000e+04	2.981499999999999773e+02
1.260000000000000000e+04	2.981499999999999773e+02
1.260000000000000000e+04	2.981499999999999773e+02
1.350000000000000000e+04	2.981499999999999773e+02
1.350000000000000000e+04	2.981499999999999773e+02
1.440000000000000000e+04	2.981499999999999773e+02
1.440000000000000000e+04	2.981499999999999773e+02
1.530000000000000000e+04	2.981499999999999773e+02
1.530000000000000000e+04	2.981499999999999773e+02
1.620000000000000000e+04	2.981499999999999773e+02
1.620000000000000000e+04	2.981499999999999773e+02
1.710000000000000000e+04	2.981499999999999773e+02
1.710000000000000000e+04	2.981499999999999773e+02
1.800000000000000000e+04	2.981499999999999773e+02
1.800000000000000000e+04	2.981499999999999773e+02
1.890000000000000000e+04	2.981499999999999773e+02
1.890000000000000000e+04	2.981499999999999773e+02
1.980000000000000000e+04	2.981499999999999773e+02
1.980000000000000000e+04	2.981499999999999773e+02
2.070000000000000000e+04	2.981499999999999773e+02
2.070000000000000000e+04	2.981499999999999773e+02
2.160000000000000000e+04	2.981499999999999773e+02
2.160000000000000000e+04	2.981499999999999773e+02
2.250000000000000000e+04	2.981499999999999773e+02
2.250000000000000000e+04	2.981499999999999773e+02
2.340000000000000000e+04	2.981499999999999773e+02
2.340000000000000000e+04	2.981499999999999773e+02
2.430000000000000000e+04	2.981499999999999773e+02
2.430000000000000000e+04	2.981499999999999773e+02
2.520000000000000000e+04	2.981499999999999773e+02
2.520000000000000000e+04	2.981499999999999773e+02
2.610000000000000000e+04	2.981499999999999773e+02
2.610000000000000000e+04	2.981499999999999773e+02
2.700000000000000000e+04	2.981499999999999773e+02
2.700000000000000000e+04	2.981499999999999773e+02
2.790000000000000000e+04	2.981499999999999773e+02
2.790000000000000000e+04	3.022565508993492926e+02
2.880000000000000000e+04	3.022565508993492926e+02
2.880000000000000000e+04	2.981499999999999773e+02
2.970000000000000000e+04	2.981499999999999773e+02
2.970000000000000000e+04	3.108756805795422338e+02
3.060000000000000000e+04	3.108756805795422338e+02
3.060000000000000000e+04	3.125943019563253529e+02
3.150000000000000000e+04	3.125943019563253529e+02
3.150000000000000000e+04	3.093988001877565921e+02
3.240000000000000000e+04	3.093988001877565921e+02
3.240000000000000000e+04	3.005005599324815648e+02
3.330000000000000000e+04	3.005005599324815648e+02
3.330000000000000000e+04	3.022688386643324634e+02
3.420000000000000000e+04	3.022688386643324634e+02
3.420000000000000000e+04	3.059928314690082516e+02
3.510000000000000000e+04	3.059928314690082516e+02
3.510000000000000000e+04	3.049049062207359952e+02
3.600000000000000000e+04	3.049049062207359952e+02
3.600000000000000000e+04	2.986443593005581647e+02
3.690000000000000000e+04	2.986443593005581647e+02
3.690000000000000000e+04	2.991248413026930848e+02
3.780000000000000000e+04	2.991248413026930848e+02
3.780000000000000000e+04	3.018240911084590721e+02
3.870000000000000000e+04	3.018240911084590721e+02
3.870000000000000000e+04	3.010869344543457373e+02
3.960000000000000000e+04	3.010869344543457373e+02
3.960000000000000000e+04	2.981499999999999773e+02
4.050000000000000000e+04	2.981499999999999773e+02
4.050000000000000000e+04	2.981499999999999773e+02
4.140000000000000000e+04	2.981499999999999773e+02
4.140000000000000000e+04	2.981499999999999773e+02
4.230000000000000000e+04	2.981499999999999773e+02
4.230000000000000000e+04	2.981499999999999773e+02
4.320000000000000000e+04	2.981499999999999773e+02
4.320000000000000000e+04	2.981499999999999773e+02
4.410000000000000000e+04	2.981499999999999773e+02
4.410000000000000000e+04	2.981499999999999204e+02
4.500000000000000000e+04	2.981499999999999204e+02
4.500000000000000000e+04	2.981499999999999773e+02
4.590000000000000000e+04	2.981499999999999773e+02
4.590000000000000000e+04	2.981499999999999773e+02
4.680000000000000000e+04	2.981499999999999773e+02
4.680000000000000000e+04	2.981499999999999773e+02
4.770000000000000000e+04	2.981499999999999773e+02
4.770000000000000000e+04	2.981499999999999204e+02
4.860000000000000000e+04	2.981499999999999204e+02
4.860000000000000000e+04	2.981499999999999773e+02
4.950000000000000000e+04	2.981499999999999773e+02
4.950000000000000000e+04	2.981499999999999773e+02
5.040000000000000000e+04	2.981499999999999773e+02
5.040000000000000000e+04	2.981499999999999773e+02
5.130000000000000000e+04	2.981499999999999773e+02
5.130000000000000000e+04	2.981499999999999204e+02
5.220000000000000000e+04	2.981499999999999204e+02
5.220000000000000000e+04	2.981499999999999773e+02
5.310000000000000000e+04	2.981499999999999773e+02
5.310000000000000000e+04	2.981499999999999773e+02
5.400000000000000000e+04	2.981499999999999773e+02
5.400000000000000000e+04	2.981499999999999773e+02
5.490000000000000000e+04	2.981499999999999773e+02
5.490000000000000000e+04	2.981499999999999204e+02
5.580000000000000000e+04	2.981499999999999204e+02
5.580000000000000000e+04	2.981499999999999773e+02
5.670000000000000000e+04	2.981499999999999773e+02
5.670000000000000000e+04	2.981499999999999773e+02
5.760000000000000000e+04	2.981499999999999773e+02
5.760000000000000000e+04	2.981499999999999773e+02
5.850000000000000000e+04	2.981499999999999773e+02
5.850000000000000000e+04	2.981499999999999773e+02
5.940000000000000000e+04	2.981499999999999773e+02
5.940000000000000000e+04	2.981499999999999773e+02
6.030000000000000000e+04	2.981499999999999773e+02
6.030000000000000000e+04	2.981499999999999773e+02
6.120000000000000000e+04	2.981499999999999773e+02
6.120000000000000000e+04	2.981499999999999773e+02
6.210000000000000000e+04	2.981499999999999773e+02
6.210000000000000000e+04	2.981499999999999773e+02
6.300000000000000000e+04	2.981499999999999773e+02
6.300000000000000000e+04	2.981499999999999773e+02
6.390000000000000000e+04	2.981499999999999773e+02
6.390000000000000000e+04	2.981499999999999773e+02
6.480000000000000000e+04	2.981499999999999773e+02
6.480000000000000000e+04	2.981499999999999773e+02
6.570000000000000000e+04	2.981499999999999773e+02
6.570000000000000000e+04	2.981500000000000341e+02
6.660000000000000000e+04	2.981500000000000341e+02
6.660000000000000000e+04	2.981499999999999773e+02
6.750000000000000000e+04	2.981499999999999773e+02
6.750000000000000000e+04	2.981499999999999773e+02
6.840000000000000000e+04	2.981499999999999773e+02
6.840000000000000000e+04	2.981499999999999773e+02
6.930000000000000000e+04	2.981499999999999773e+02
6.930000000000000000e+04	2.981499999999999773e+02
7.020000000000000000e+04	2.981499999999999773e+02
7.020000000000000000e+04	2.981499999999999773e+02
7.110000000000000000e+04	2.981499999999999773e+02
7.110000000000000000e+04	2.981499999999999773e+02
7.200000000000000000e+04	2.981499999999999773e+02
7.200000000000000000e+04	2.981499999999999773e+02
7.290000000000000000e+04	2.981499999999999773e+02
7.290000000000000000e+04	2.981499999999999204e+02
7.380000000000000000e+04	2.981499999999999204e+02
7.380000000000000000e+04	2.981499999999999773e+02
7.470000000000000000e+04	2.981499999999999773e+02
7.470000000000000000e+04	2.981499999999999773e+02
7.560000000000000000e+04	2.981499999999999773e+02
7.560000000000000000e+04	2.981499999999999773e+02
7.650000000000000000e+04	2.981499999999999773e+02
7.650000000000000000e+04	2.981499999999999773e+02
7.740000000000000000e+04	2.981499999999999773e+02
7.740000000000000000e+04	2.981499999999999773e+02
7.830000000000000000e+04	2.981499999999999773e+02
7.830000000000000000e+04	2.981499999999999773e+02
7.920000000000000000e+04	2.981499999999999773e+02
