# #1
# double ts_gains_light(176, 2)
0.000000000000000000e+00	0.000000000000000000e+00
9.000000000000000000e+02	0.000000000000000000e+00
9.000000000000000000e+02	0.000000000000000000e+00
1.800000000000000000e+03	0.000000000000000000e+00
1.800000000000000000e+03	0.000000000000000000e+00
2.700000000000000000e+03	0.000000000000000000e+00
2.700000000000000000e+03	0.000000000000000000e+00
3.600000000000000000e+03	0.000000000000000000e+00
3.600000000000000000e+03	0.000000000000000000e+00
4.500000000000000000e+03	0.000000000000000000e+00
4.500000000000000000e+03	0.000000000000000000e+00
5.400000000000000000e+03	0.000000000000000000e+00
5.400000000000000000e+03	0.000000000000000000e+00
6.300000000000000000e+03	0.000000000000000000e+00
6.300000000000000000e+03	0.000000000000000000e+00
7.200000000000000000e+03	0.000000000000000000e+00
7.200000000000000000e+03	0.000000000000000000e+00
8.100000000000000000e+03	0.000000000000000000e+00
8.100000000000000000e+03	0.000000000000000000e+00
9.000000000000000000e+03	0.000000000000000000e+00
9.000000000000000000e+03	0.000000000000000000e+00
9.900000000000000000e+03	0.000000000000000000e+00
9.900000000000000000e+03	0.000000000000000000e+00
1.080000000000000000e+04	0.000000000000000000e+00
1.080000000000000000e+04	0.000000000000000000e+00
1.170000000000000000e+04	0.000000000000000000e+00
1.170000000000000000e+04	0.000000000000000000e+00
1.260000000000000000e+04	0.000000000000000000e+00
1.260000000000000000e+04	0.000000000000000000e+00
1.350000000000000000e+04	0.000000000000000000e+00
1.350000000000000000e+04	0.000000000000000000e+00
1.440000000000000000e+04	0.000000000000000000e+00
1.440000000000000000e+04	0.000000000000000000e+00
1.530000000000000000e+04	0.000000000000000000e+00
1.530000000000000000e+04	0.000000000000000000e+00
1.620000000000000000e+04	0.000000000000000000e+00
1.620000000000000000e+04	0.000000000000000000e+00
1.710000000000000000e+04	0.000000000000000000e+00
1.710000000000000000e+04	0.000000000000000000e+00
1.800000000000000000e+04	0.000000000000000000e+00
1.800000000000000000e+04	0.000000000000000000e+00
1.890000000000000000e+04	0.000000000000000000e+00
1.890000000000000000e+04	2.500000000000000000e-01
1.980000000000000000e+04	2.500000000000000000e-01
1.980000000000000000e+04	5.000000000000000000e-01
2.070000000000000000e+04	5.000000000000000000e-01
2.070000000000000000e+04	7.500000000000000000e-01
2.160000000000000000e+04	7.500000000000000000e-01
2.160000000000000000e+04	1.000000000000000000e+00
2.250000000000000000e+04	1.000000000000000000e+00
2.250000000000000000e+04	1.000000000000000000e+00
2.340000000000000000e+04	1.000000000000000000e+00
2.340000000000000000e+04	1.000000000000000000e+00
2.430000000000000000e+04	1.000000000000000000e+00
2.430000000000000000e+04	1.000000000000000000e+00
2.520000000000000000e+04	1.000000000000000000e+00
2.520000000000000000e+04	1.000000000000000000e+00
2.610000000000000000e+04	1.000000000000000000e+00
2.610000000000000000e+04	1.000000000000000000e+00
2.700000000000000000e+04	1.000000000000000000e+00
2.700000000000000000e+04	1.000000000000000000e+00
2.790000000000000000e+04	1.000000000000000000e+00
2.790000000000000000e+04	1.000000000000000000e+00
2.880000000000000000e+04	1.000000000000000000e+00
2.880000000000000000e+04	1.000000000000000000e+00
2.970000000000000000e+04	1.000000000000000000e+00
2.970000000000000000e+04	1.000000000000000000e+00
3.060000000000000000e+04	1.000000000000000000e+00
3.060000000000000000e+04	1.000000000000000000e+00
3.150000000000000000e+04	1.000000000000000000e+00
3.150000000000000000e+04	1.000000000000000000e+00
3.240000000000000000e+04	1.000000000000000000e+00
3.240000000000000000e+04	1.000000000000000000e+00
3.330000000000000000e+04	1.000000000000000000e+00
3.330000000000000000e+04	1.000000000000000000e+00
3.420000000000000000e+04	1.000000000000000000e+00
3.420000000000000000e+04	1.000000000000000000e+00
3.510000000000000000e+04	1.000000000000000000e+00
3.510000000000000000e+04	1.000000000000000000e+00
3.600000000000000000e+04	1.000000000000000000e+00
3.600000000000000000e+04	1.000000000000000000e+00
3.690000000000000000e+04	1.000000000000000000e+00
3.690000000000000000e+04	1.000000000000000000e+00
3.780000000000000000e+04	1.000000000000000000e+00
3.780000000000000000e+04	1.000000000000000000e+00
3.870000000000000000e+04	1.000000000000000000e+00
3.870000000000000000e+04	1.000000000000000000e+00
3.960000000000000000e+04	1.000000000000000000e+00
3.960000000000000000e+04	1.000000000000000000e+00
4.050000000000000000e+04	1.000000000000000000e+00
4.050000000000000000e+04	1.000000000000000000e+00
4.140000000000000000e+04	1.000000000000000000e+00
4.140000000000000000e+04	1.000000000000000000e+00
4.230000000000000000e+04	1.000000000000000000e+00
4.230000000000000000e+04	1.000000000000000000e+00
4.320000000000000000e+04	1.000000000000000000e+00
4.320000000000000000e+04	1.000000000000000000e+00
4.410000000000000000e+04	1.000000000000000000e+00
4.410000000000000000e+04	1.000000000000000000e+00
4.500000000000000000e+04	1.000000000000000000e+00
4.500000000000000000e+04	1.000000000000000000e+00
4.590000000000000000e+04	1.000000000000000000e+00
4.590000000000000000e+04	1.000000000000000000e+00
4.680000000000000000e+04	1.000000000000000000e+00
4.680000000000000000e+04	1.000000000000000000e+00
4.770000000000000000e+04	1.000000000000000000e+00
4.770000000000000000e+04	1.000000000000000000e+00
4.860000000000000000e+04	1.000000000000000000e+00
4.860000000000000000e+04	1.000000000000000000e+00
4.950000000000000000e+04	1.000000000000000000e+00
4.950000000000000000e+04	1.000000000000000000e+00
5.040000000000000000e+04	1.000000000000000000e+00
5.040000000000000000e+04	1.000000000000000000e+00
5.130000000000000000e+04	1.000000000000000000e+00
5.130000000000000000e+04	1.000000000000000000e+00
5.220000000000000000e+04	1.000000000000000000e+00
5.220000000000000000e+04	1.000000000000000000e+00
5.310000000000000000e+04	1.000000000000000000e+00
5.310000000000000000e+04	1.000000000000000000e+00
5.400000000000000000e+04	1.000000000000000000e+00
5.400000000000000000e+04	1.000000000000000000e+00
5.490000000000000000e+04	1.000000000000000000e+00
5.490000000000000000e+04	1.000000000000000000e+00
5.580000000000000000e+04	1.000000000000000000e+00
5.580000000000000000e+04	1.000000000000000000e+00
5.670000000000000000e+04	1.000000000000000000e+00
5.670000000000000000e+04	1.000000000000000000e+00
5.760000000000000000e+04	1.000000000000000000e+00
5.760000000000000000e+04	1.000000000000000000e+00
5.850000000000000000e+04	1.000000000000000000e+00
5.850000000000000000e+04	1.000000000000000000e+00
5.940000000000000000e+04	1.000000000000000000e+00
5.940000000000000000e+04	1.000000000000000000e+00
6.030000000000000000e+04	1.000000000000000000e+00
6.030000000000000000e+04	1.000000000000000000e+00
6.120000000000000000e+04	1.000000000000000000e+00
6.120000000000000000e+04	1.000000000000000000e+00
6.210000000000000000e+04	1.000000000000000000e+00
6.210000000000000000e+04	7.500000000000000000e-01
6.300000000000000000e+04	7.500000000000000000e-01
6.300000000000000000e+04	5.000000000000000000e-01
6.390000000000000000e+04	5.000000000000000000e-01
6.390000000000000000e+04	2.500000000000000000e-01
6.480000000000000000e+04	2.500000000000000000e-01
6.480000000000000000e+04	0.000000000000000000e+00
6.570000000000000000e+04	0.000000000000000000e+00
6.570000000000000000e+04	0.000000000000000000e+00
6.660000000000000000e+04	0.000000000000000000e+00
6.660000000000000000e+04	0.000000000000000000e+00
6.750000000000000000e+04	0.000000000000000000e+00
6.750000000000000000e+04	0.000000000000000000e+00
6.840000000000000000e+04	0.000000000000000000e+00
6.840000000000000000e+04	0.000000000000000000e+00
6.930000000000000000e+04	0.000000000000000000e+00
6.930000000000000000e+04	0.000000000000000000e+00
7.020000000000000000e+04	0.000000000000000000e+00
7.020000000000000000e+04	0.000000000000000000e+00
7.110000000000000000e+04	0.000000000000000000e+00
7.110000000000000000e+04	0.000000000000000000e+00
7.200000000000000000e+04	0.000000000000000000e+00
7.200000000000000000e+04	0.000000000000000000e+00
7.290000000000000000e+04	0.000000000000000000e+00
7.290000000000000000e+04	0.000000000000000000e+00
7.380000000000000000e+04	0.000000000000000000e+00
7.380000000000000000e+04	0.000000000000000000e+00
7.470000000000000000e+04	0.000000000000000000e+00
7.470000000000000000e+04	0.000000000000000000e+00
7.560000000000000000e+04	0.000000000000000000e+00
7.560000000000000000e+04	0.000000000000000000e+00
7.650000000000000000e+04	0.000000000000000000e+00
7.650000000000000000e+04	0.000000000000000000e+00
7.740000000000000000e+04	0.000000000000000000e+00
7.740000000000000000e+04	0.000000000000000000e+00
7.830000000000000000e+04	0.000000000000000000e+00
7.830000000000000000e+04	0.000000000000000000e+00
7.920000000000000000e+04	0.000000000000000000e+00
