# #1
# double dch_TES(1344, 2)
0.000000000000000000e+00	4.678808666574934250e+03
9.000000000000000000e+02	4.678808666574934250e+03
9.000000000000000000e+02	7.046778794040951652e+02
1.800000000000000000e+03	7.046778794040951652e+02
1.800000000000000000e+03	1.584013952109031379e+03
2.700000000000000000e+03	1.584013952109031379e+03
2.700000000000000000e+03	2.846691845613822807e+03
3.600000000000000000e+03	2.846691845613822807e+03
3.600000000000000000e+03	2.686509082967319955e+03
4.500000000000000000e+03	2.686509082967319955e+03
4.500000000000000000e+03	2.915526704216702001e+03
5.400000000000000000e+03	2.915526704216702001e+03
5.400000000000000000e+03	1.613205017242173199e+03
6.300000000000000000e+03	1.613205017242173199e+03
6.300000000000000000e+03	2.606513754489307757e+03
7.200000000000000000e+03	2.606513754489307757e+03
7.200000000000000000e+03	1.076296139519439748e+03
8.100000000000000000e+03	1.076296139519439748e+03
8.100000000000000000e+03	6.074163910307223887e+03
9.000000000000000000e+03	6.074163910307223887e+03
9.000000000000000000e+03	1.952743175009265542e+03
9.900000000000000000e+03	1.952743175009265542e+03
9.900000000000000000e+03	2.580339925932465121e+03
1.080000000000000000e+04	2.580339925932465121e+03
1.080000000000000000e+04	1.603134464609604947e+03
1.170000000000000000e+04	1.603134464609604947e+03
1.170000000000000000e+04	2.565122904044345887e+03
1.260000000000000000e+04	2.565122904044345887e+03
1.260000000000000000e+04	1.235649124477989972e+03
1.350000000000000000e+04	1.235649124477989972e+03
1.350000000000000000e+04	3.602704122729657684e+03
1.440000000000000000e+04	3.602704122729657684e+03
1.440000000000000000e+04	1.515643241954395307e+03
1.530000000000000000e+04	1.515643241954395307e+03
1.530000000000000000e+04	4.760648763913709445e+03
1.620000000000000000e+04	4.760648763913709445e+03
1.620000000000000000e+04	2.196356947552994825e+03
1.710000000000000000e+04	2.196356947552994825e+03
1.710000000000000000e+04	2.573051417986804154e+03
1.800000000000000000e+04	2.573051417986804154e+03
1.800000000000000000e+04	2.459795116550617422e+03
1.890000000000000000e+04	2.459795116550617422e+03
1.890000000000000000e+04	7.464025165922357701e+02
1.980000000000000000e+04	7.464025165922357701e+02
1.980000000000000000e+04	1.355680502615578007e+03
2.070000000000000000e+04	1.355680502615578007e+03
2.070000000000000000e+04	9.023834937493083999e+02
2.160000000000000000e+04	9.023834937493083999e+02
2.160000000000000000e+04	8.709152914782780499e+02
2.250000000000000000e+04	8.709152914782780499e+02
2.250000000000000000e+04	1.724708423662740415e+03
2.340000000000000000e+04	1.724708423662740415e+03
2.340000000000000000e+04	5.109352639290154912e+02
2.430000000000000000e+04	5.109352639290154912e+02
2.430000000000000000e+04	-2.627386451065132860e+03
2.520000000000000000e+04	-2.627386451065132860e+03
2.520000000000000000e+04	4.612263798789012981e+02
2.610000000000000000e+04	4.612263798789012981e+02
2.610000000000000000e+04	1.849479684655695564e+03
2.700000000000000000e+04	1.849479684655695564e+03
2.700000000000000000e+04	7.219276376304333098e+02
2.790000000000000000e+04	7.219276376304333098e+02
2.790000000000000000e+04	4.410573204701649956e+02
2.880000000000000000e+04	4.410573204701649956e+02
2.880000000000000000e+04	5.622036726197497956e+02
2.970000000000000000e+04	5.622036726197497956e+02
2.970000000000000000e+04	6.473758058722684837e+03
3.060000000000000000e+04	6.473758058722684837e+03
3.060000000000000000e+04	6.384791049441846553e+03
3.150000000000000000e+04	6.384791049441846553e+03
3.150000000000000000e+04	6.758844615984940901e+03
3.240000000000000000e+04	6.758844615984940901e+03
3.240000000000000000e+04	5.467638875365491913e+03
3.330000000000000000e+04	5.467638875365491913e+03
3.330000000000000000e+04	7.802577571792361596e+03
3.420000000000000000e+04	7.802577571792361596e+03
3.420000000000000000e+04	7.744994503234047443e+03
3.510000000000000000e+04	7.744994503234047443e+03
3.510000000000000000e+04	7.905932141460536513e+03
3.600000000000000000e+04	7.905932141460536513e+03
3.600000000000000000e+04	6.470835729740956594e+03
3.690000000000000000e+04	6.470835729740956594e+03
3.690000000000000000e+04	4.149320469490015967e+03
3.780000000000000000e+04	4.149320469490015967e+03
3.780000000000000000e+04	5.854910846873943228e+03
3.870000000000000000e+04	5.854910846873943228e+03
3.870000000000000000e+04	4.887427049989579245e+03
3.960000000000000000e+04	4.887427049989579245e+03
3.960000000000000000e+04	4.470897955825768804e+03
4.050000000000000000e+04	4.470897955825768804e+03
4.050000000000000000e+04	3.581715072219718422e+03
4.140000000000000000e+04	3.581715072219718422e+03
4.140000000000000000e+04	3.695828847102529835e+03
4.230000000000000000e+04	3.695828847102529835e+03
4.230000000000000000e+04	3.617577450730139390e+03
4.320000000000000000e+04	3.617577450730139390e+03
4.320000000000000000e+04	2.818362277144618929e+03
4.410000000000000000e+04	2.818362277144618929e+03
4.410000000000000000e+04	2.897706749909604241e+03
4.500000000000000000e+04	2.897706749909604241e+03
4.500000000000000000e+04	3.728461974122852553e+03
4.590000000000000000e+04	3.728461974122852553e+03
4.590000000000000000e+04	2.644706474876380526e+03
4.680000000000000000e+04	2.644706474876380526e+03
4.680000000000000000e+04	1.599120500060496852e+03
4.770000000000000000e+04	1.599120500060496852e+03
4.770000000000000000e+04	2.943208859664949614e+03
4.860000000000000000e+04	2.943208859664949614e+03
4.860000000000000000e+04	1.669785632288432680e+03
4.950000000000000000e+04	1.669785632288432680e+03
4.950000000000000000e+04	1.820157856799196452e+03
5.040000000000000000e+04	1.820157856799196452e+03
5.040000000000000000e+04	1.314326687762855727e+03
5.130000000000000000e+04	1.314326687762855727e+03
5.130000000000000000e+04	-1.655495456471784621e+01
5.220000000000000000e+04	-1.655495456471784621e+01
5.220000000000000000e+04	1.307209992973133922e+03
5.310000000000000000e+04	1.307209992973133922e+03
5.310000000000000000e+04	1.155072796827415004e+03
5.400000000000000000e+04	1.155072796827415004e+03
5.400000000000000000e+04	8.524593119673354522e+02
5.490000000000000000e+04	8.524593119673354522e+02
5.490000000000000000e+04	5.467479780353439764e+02
5.580000000000000000e+04	5.467479780353439764e+02
5.580000000000000000e+04	8.211938089803443290e+02
5.670000000000000000e+04	8.211938089803443290e+02
5.670000000000000000e+04	6.872861198836471885e+02
5.760000000000000000e+04	6.872861198836471885e+02
5.760000000000000000e+04	3.833136434879743319e+02
5.850000000000000000e+04	3.833136434879743319e+02
5.850000000000000000e+04	9.911725199128700297e+02
5.940000000000000000e+04	9.911725199128700297e+02
5.940000000000000000e+04	4.220148422248894349e+02
6.030000000000000000e+04	4.220148422248894349e+02
6.030000000000000000e+04	2.732303915267693810e+02
6.120000000000000000e+04	2.732303915267693810e+02
6.120000000000000000e+04	3.644653213666961165e+02
6.210000000000000000e+04	3.644653213666961165e+02
6.210000000000000000e+04	2.261601708188100019e+03
6.300000000000000000e+04	2.261601708188100019e+03
6.300000000000000000e+04	3.465042497374583036e+03
6.390000000000000000e+04	3.465042497374583036e+03
6.390000000000000000e+04	2.278008794202702120e+03
6.480000000000000000e+04	2.278008794202702120e+03
6.480000000000000000e+04	1.340516641755400997e+03
6.570000000000000000e+04	1.340516641755400997e+03
6.570000000000000000e+04	4.432347610621205604e+03
6.660000000000000000e+04	4.432347610621205604e+03
6.660000000000000000e+04	2.149664918998547364e+03
6.750000000000000000e+04	2.149664918998547364e+03
6.750000000000000000e+04	2.395156345198396593e+03
6.840000000000000000e+04	2.395156345198396593e+03
6.840000000000000000e+04	9.620165635591547471e+02
6.930000000000000000e+04	9.620165635591547471e+02
6.930000000000000000e+04	6.405791634779831838e+03
7.020000000000000000e+04	6.405791634779831838e+03
7.020000000000000000e+04	3.480044396424840670e+03
7.110000000000000000e+04	3.480044396424840670e+03
7.110000000000000000e+04	2.835181495589844417e+03
7.200000000000000000e+04	2.835181495589844417e+03
7.200000000000000000e+04	2.166371224035005071e+03
7.290000000000000000e+04	2.166371224035005071e+03
7.290000000000000000e+04	2.765389401008091681e+03
7.380000000000000000e+04	2.765389401008091681e+03
7.380000000000000000e+04	1.429064547161280643e+03
7.470000000000000000e+04	1.429064547161280643e+03
7.470000000000000000e+04	1.006208963515295181e+03
7.560000000000000000e+04	1.006208963515295181e+03
7.560000000000000000e+04	7.140206980043185467e+02
7.650000000000000000e+04	7.140206980043185467e+02
7.650000000000000000e+04	2.210256336489485420e+03
7.740000000000000000e+04	2.210256336489485420e+03
7.740000000000000000e+04	9.128208846109919250e+02
7.830000000000000000e+04	9.128208846109919250e+02
7.830000000000000000e+04	5.782863594805239700e+02
7.920000000000000000e+04	5.782863594805239700e+02
7.920000000000000000e+04	2.703947460302433683e+02
8.010000000000000000e+04	2.703947460302433683e+02
8.010000000000000000e+04	-1.805585984686355459e+03
8.100000000000000000e+04	-1.805585984686355459e+03
8.100000000000000000e+04	-5.260883117308258079e+02
8.190000000000000000e+04	-5.260883117308258079e+02
8.190000000000000000e+04	-2.430798003363306634e+02
8.280000000000000000e+04	-2.430798003363306634e+02
8.280000000000000000e+04	3.671368966101726983e+01
8.370000000000000000e+04	3.671368966101726983e+01
8.370000000000000000e+04	1.192730037066113027e+03
8.460000000000000000e+04	1.192730037066113027e+03
8.460000000000000000e+04	4.201078127900254913e+02
8.550000000000000000e+04	4.201078127900254913e+02
8.550000000000000000e+04	2.419667823021882214e+02
8.640000000000000000e+04	2.419667823021882214e+02
8.640000000000000000e+04	3.583085702943653814e+02
8.730000000000000000e+04	3.583085702943653814e+02
8.730000000000000000e+04	-1.229440568395224091e+03
8.820000000000000000e+04	-1.229440568395224091e+03
8.820000000000000000e+04	-3.215742864062776789e+02
8.910000000000000000e+04	-3.215742864062776789e+02
8.910000000000000000e+04	-1.282534035825519823e+02
9.000000000000000000e+04	-1.282534035825519823e+02
9.000000000000000000e+04	7.127543800870262203e+01
9.090000000000000000e+04	7.127543800870262203e+01
9.090000000000000000e+04	-1.109680522646177224e+03
9.180000000000000000e+04	-1.109680522646177224e+03
9.180000000000000000e+04	-3.403850104275625199e+02
9.270000000000000000e+04	-3.403850104275625199e+02
9.270000000000000000e+04	-1.649121726739103906e+02
9.360000000000000000e+04	-1.649121726739103906e+02
9.360000000000000000e+04	6.056036904148822941e+01
9.450000000000000000e+04	6.056036904148822941e+01
9.450000000000000000e+04	-1.119704858690605306e+03
9.540000000000000000e+04	-1.119704858690605306e+03
9.540000000000000000e+04	-3.475048485453589819e+02
9.630000000000000000e+04	-3.475048485453589819e+02
9.630000000000000000e+04	-1.709604603651678190e+02
9.720000000000000000e+04	-1.709604603651678190e+02
9.720000000000000000e+04	5.886643558356172434e+01
9.810000000000000000e+04	5.886643558356172434e+01
9.810000000000000000e+04	2.076920466447001672e+03
9.900000000000000000e+04	2.076920466447001672e+03
9.900000000000000000e+04	0.000000000000000000e+00
9.990000000000000000e+04	0.000000000000000000e+00
9.990000000000000000e+04	0.000000000000000000e+00
1.008000000000000000e+05	0.000000000000000000e+00
1.008000000000000000e+05	1.003113910027094789e+03
1.017000000000000000e+05	1.003113910027094789e+03
1.017000000000000000e+05	6.197036498630977803e+03
1.026000000000000000e+05	6.197036498630977803e+03
1.026000000000000000e+05	2.080028982297808398e+03
1.035000000000000000e+05	2.080028982297808398e+03
1.035000000000000000e+05	1.133657123518933076e+03
1.044000000000000000e+05	1.133657123518933076e+03
1.044000000000000000e+05	1.382544416025813916e+03
1.053000000000000000e+05	1.382544416025813916e+03
1.053000000000000000e+05	6.460186960007446942e+03
1.062000000000000000e+05	6.460186960007446942e+03
1.062000000000000000e+05	1.429408066894335207e+03
1.071000000000000000e+05	1.429408066894335207e+03
1.071000000000000000e+05	1.444840414317033719e+03
1.080000000000000000e+05	1.444840414317033719e+03
1.080000000000000000e+05	1.015472787329317725e+03
1.089000000000000000e+05	1.015472787329317725e+03
1.089000000000000000e+05	2.316732842531085225e+03
1.098000000000000000e+05	2.316732842531085225e+03
1.098000000000000000e+05	1.003264436456316616e+03
1.107000000000000000e+05	1.003264436456316616e+03
1.107000000000000000e+05	-7.380834531954023987e+02
1.116000000000000000e+05	-7.380834531954023987e+02
1.116000000000000000e+05	9.687633284103867481e+02
1.125000000000000000e+05	9.687633284103867481e+02
1.125000000000000000e+05	4.183133763841237851e+03
1.134000000000000000e+05	4.183133763841237851e+03
1.134000000000000000e+05	5.706114970615948550e+03
1.143000000000000000e+05	5.706114970615948550e+03
1.143000000000000000e+05	6.432536917728779372e+03
1.152000000000000000e+05	6.432536917728779372e+03
1.152000000000000000e+05	5.376049314483221679e+03
1.161000000000000000e+05	5.376049314483221679e+03
1.161000000000000000e+05	8.715456326652047210e+03
1.170000000000000000e+05	8.715456326652047210e+03
1.170000000000000000e+05	8.062838495626696385e+03
1.179000000000000000e+05	8.062838495626696385e+03
1.179000000000000000e+05	8.085555354589363560e+03
1.188000000000000000e+05	8.085555354589363560e+03
1.188000000000000000e+05	7.252111796532466542e+03
1.197000000000000000e+05	7.252111796532466542e+03
1.197000000000000000e+05	4.364494970547191770e+03
1.206000000000000000e+05	4.364494970547191770e+03
1.206000000000000000e+05	6.968003168802300934e+03
1.215000000000000000e+05	6.968003168802300934e+03
1.215000000000000000e+05	5.885663222708331887e+03
1.224000000000000000e+05	5.885663222708331887e+03
1.224000000000000000e+05	5.355751174003380584e+03
1.233000000000000000e+05	5.355751174003380584e+03
1.233000000000000000e+05	3.434588328210238160e+03
1.242000000000000000e+05	3.434588328210238160e+03
1.242000000000000000e+05	2.566941557605110575e+03
1.251000000000000000e+05	2.566941557605110575e+03
1.251000000000000000e+05	5.072885551506245974e+03
1.260000000000000000e+05	5.072885551506245974e+03
1.260000000000000000e+05	2.304910070976053248e+03
1.269000000000000000e+05	2.304910070976053248e+03
1.269000000000000000e+05	4.662126224914336490e+03
1.278000000000000000e+05	4.662126224914336490e+03
1.278000000000000000e+05	2.462349047142721247e+03
1.287000000000000000e+05	2.462349047142721247e+03
1.287000000000000000e+05	3.207664017354138196e+03
1.296000000000000000e+05	3.207664017354138196e+03
1.296000000000000000e+05	9.811581282775996442e+02
1.305000000000000000e+05	9.811581282775996442e+02
1.305000000000000000e+05	6.403434216411208581e+03
1.314000000000000000e+05	6.403434216411208581e+03
1.314000000000000000e+05	2.361290908151946496e+03
1.323000000000000000e+05	2.361290908151946496e+03
1.323000000000000000e+05	3.300301710513769649e+03
1.332000000000000000e+05	3.300301710513769649e+03
1.332000000000000000e+05	1.914956524342585908e+03
1.341000000000000000e+05	1.914956524342585908e+03
1.341000000000000000e+05	2.608503955427496749e+03
1.350000000000000000e+05	2.608503955427496749e+03
1.350000000000000000e+05	1.263523530658450909e+03
1.359000000000000000e+05	1.263523530658450909e+03
1.359000000000000000e+05	8.625648685857304372e+02
1.368000000000000000e+05	8.625648685857304372e+02
1.368000000000000000e+05	1.667103055835594205e+03
1.377000000000000000e+05	1.667103055835594205e+03
1.377000000000000000e+05	2.923327173029937967e+03
1.386000000000000000e+05	2.923327173029937967e+03
1.386000000000000000e+05	1.311547740156413056e+03
1.395000000000000000e+05	1.311547740156413056e+03
1.395000000000000000e+05	2.266222459926211741e+03
1.404000000000000000e+05	2.266222459926211741e+03
1.404000000000000000e+05	1.324847903399861025e+03
1.413000000000000000e+05	1.324847903399861025e+03
1.413000000000000000e+05	-1.403395501243395756e+03
1.422000000000000000e+05	-1.403395501243395756e+03
1.422000000000000000e+05	-1.759848310176748782e+02
1.431000000000000000e+05	-1.759848310176748782e+02
1.431000000000000000e+05	3.825915537163382396e+01
1.440000000000000000e+05	3.825915537163382396e+01
1.440000000000000000e+05	1.419393731494947133e+02
1.449000000000000000e+05	1.419393731494947133e+02
1.449000000000000000e+05	5.890330060964545737e+03
1.458000000000000000e+05	5.890330060964545737e+03
1.458000000000000000e+05	6.945027269442216493e+02
1.467000000000000000e+05	6.945027269442216493e+02
1.467000000000000000e+05	1.532534576486912556e+03
1.476000000000000000e+05	1.532534576486912556e+03
1.476000000000000000e+05	1.740375421799497417e+03
1.485000000000000000e+05	1.740375421799497417e+03
1.485000000000000000e+05	9.314596025056528106e+02
1.494000000000000000e+05	9.314596025056528106e+02
1.494000000000000000e+05	1.544911822126829065e+03
1.503000000000000000e+05	1.544911822126829065e+03
1.503000000000000000e+05	2.533890242804773152e+03
1.512000000000000000e+05	2.533890242804773152e+03
1.512000000000000000e+05	1.356727873054634983e+03
1.521000000000000000e+05	1.356727873054634983e+03
1.521000000000000000e+05	2.413894341923061802e+03
1.530000000000000000e+05	2.413894341923061802e+03
1.530000000000000000e+05	1.134028085245168768e+03
1.539000000000000000e+05	1.134028085245168768e+03
1.539000000000000000e+05	3.467286209740152117e+03
1.548000000000000000e+05	3.467286209740152117e+03
1.548000000000000000e+05	1.297177797322858169e+03
1.557000000000000000e+05	1.297177797322858169e+03
1.557000000000000000e+05	3.962433716942799492e+03
1.566000000000000000e+05	3.962433716942799492e+03
1.566000000000000000e+05	1.900176132637832779e+03
1.575000000000000000e+05	1.900176132637832779e+03
1.575000000000000000e+05	2.398328175352653489e+03
1.584000000000000000e+05	2.398328175352653489e+03
1.584000000000000000e+05	6.824518481130062355e+02
1.593000000000000000e+05	6.824518481130062355e+02
1.593000000000000000e+05	4.917477828041201974e+03
1.602000000000000000e+05	4.917477828041201974e+03
1.602000000000000000e+05	1.805719708609161898e+03
1.611000000000000000e+05	1.805719708609161898e+03
1.611000000000000000e+05	1.053917659339960665e+03
1.620000000000000000e+05	1.053917659339960665e+03
1.620000000000000000e+05	6.969886020300245946e+02
1.629000000000000000e+05	6.969886020300245946e+02
1.629000000000000000e+05	2.201330304418597279e+03
1.638000000000000000e+05	2.201330304418597279e+03
1.638000000000000000e+05	9.028574220795417204e+02
1.647000000000000000e+05	9.028574220795417204e+02
1.647000000000000000e+05	5.447069322814350016e+02
1.656000000000000000e+05	5.447069322814350016e+02
1.656000000000000000e+05	2.544609855225571664e+02
1.665000000000000000e+05	2.544609855225571664e+02
1.665000000000000000e+05	-1.814296387078880798e+03
1.674000000000000000e+05	-1.814296387078880798e+03
1.674000000000000000e+05	-5.355100441390532069e+02
1.683000000000000000e+05	-5.355100441390532069e+02
1.683000000000000000e+05	-2.522103030317230150e+02
1.692000000000000000e+05	-2.522103030317230150e+02
1.692000000000000000e+05	3.233679161441887118e+01
1.701000000000000000e+05	3.233679161441887118e+01
1.701000000000000000e+05	-1.602182879524730424e+03
1.710000000000000000e+05	-1.602182879524730424e+03
1.710000000000000000e+05	-5.152437036077026278e+02
1.719000000000000000e+05	-5.152437036077026278e+02
1.719000000000000000e+05	-2.654585229858639650e+02
1.728000000000000000e+05	-2.654585229858639650e+02
1.728000000000000000e+05	2.746301182344541303e+01
1.737000000000000000e+05	2.746301182344541303e+01
1.737000000000000000e+05	-1.567042549568378718e+03
1.746000000000000000e+05	-1.567042549568378718e+03
1.746000000000000000e+05	-5.063239111211150885e+02
1.755000000000000000e+05	-5.063239111211150885e+02
1.755000000000000000e+05	-2.619293792092357762e+02
1.764000000000000000e+05	-2.619293792092357762e+02
1.764000000000000000e+05	2.925186398649748298e+01
1.773000000000000000e+05	2.925186398649748298e+01
1.773000000000000000e+05	-1.545645715174671523e+03
1.782000000000000000e+05	-1.545645715174671523e+03
1.782000000000000000e+05	-4.988950227649183944e+02
1.791000000000000000e+05	-4.988950227649183944e+02
1.791000000000000000e+05	-2.578420944726094604e+02
1.800000000000000000e+05	-2.578420944726094604e+02
1.800000000000000000e+05	3.085336716586607508e+01
1.809000000000000000e+05	3.085336716586607508e+01
1.809000000000000000e+05	-1.529647372315907205e+03
1.818000000000000000e+05	-1.529647372315907205e+03
1.818000000000000000e+05	1.351512233906425536e+03
1.827000000000000000e+05	1.351512233906425536e+03
1.827000000000000000e+05	7.388584110786905512e+01
1.836000000000000000e+05	7.388584110786905512e+01
1.836000000000000000e+05	1.422725306888887644e+02
1.845000000000000000e+05	1.422725306888887644e+02
1.845000000000000000e+05	9.340125829359478757e+02
1.854000000000000000e+05	9.340125829359478757e+02
1.854000000000000000e+05	3.525749211253132671e+02
1.863000000000000000e+05	3.525749211253132671e+02
1.863000000000000000e+05	2.126028308303211816e+02
1.872000000000000000e+05	2.126028308303211816e+02
1.872000000000000000e+05	3.118224004898738713e+02
1.881000000000000000e+05	3.118224004898738713e+02
1.881000000000000000e+05	-4.134776463407126812e+02
1.890000000000000000e+05	-4.134776463407126812e+02
1.890000000000000000e+05	-6.369836792990099639e+01
1.899000000000000000e+05	-6.369836792990099639e+01
1.899000000000000000e+05	3.122387100651394576e+00
1.908000000000000000e+05	3.122387100651394576e+00
1.908000000000000000e+05	1.043347142070078917e+02
1.917000000000000000e+05	1.043347142070078917e+02
1.917000000000000000e+05	-4.543475711342935028e+02
1.926000000000000000e+05	-4.543475711342935028e+02
1.926000000000000000e+05	-1.309389311948907562e+02
1.935000000000000000e+05	-1.309389311948907562e+02
1.935000000000000000e+05	-6.615672460239147767e+01
1.944000000000000000e+05	-6.615672460239147767e+01
1.944000000000000000e+05	7.487153997970835917e+01
1.953000000000000000e+05	7.487153997970835917e+01
1.953000000000000000e+05	3.151632424226147123e+03
1.962000000000000000e+05	3.151632424226147123e+03
1.962000000000000000e+05	0.000000000000000000e+00
1.971000000000000000e+05	0.000000000000000000e+00
1.971000000000000000e+05	-2.488005451660836115e+03
1.980000000000000000e+05	-2.488005451660836115e+03
1.980000000000000000e+05	7.185903372948869219e+02
1.989000000000000000e+05	7.185903372948869219e+02
1.989000000000000000e+05	3.856762210403588142e+03
1.998000000000000000e+05	3.856762210403588142e+03
1.998000000000000000e+05	5.540805129287065938e+03
2.007000000000000000e+05	5.540805129287065938e+03
2.007000000000000000e+05	6.317520176809572149e+03
2.016000000000000000e+05	6.317520176809572149e+03
2.016000000000000000e+05	5.227818359508004505e+03
2.025000000000000000e+05	5.227818359508004505e+03
2.025000000000000000e+05	8.595159609537226061e+03
2.034000000000000000e+05	8.595159609537226061e+03
2.034000000000000000e+05	7.988930179157468956e+03
2.043000000000000000e+05	7.988930179157468956e+03
2.043000000000000000e+05	6.824979664334328845e+03
2.052000000000000000e+05	6.824979664334328845e+03
2.052000000000000000e+05	6.548415596924081910e+03
2.061000000000000000e+05	6.548415596924081910e+03
2.061000000000000000e+05	4.860074363413052197e+03
2.070000000000000000e+05	4.860074363413052197e+03
2.070000000000000000e+05	5.251520694579288829e+03
2.079000000000000000e+05	5.251520694579288829e+03
2.079000000000000000e+05	5.293165338463848457e+03
2.088000000000000000e+05	5.293165338463848457e+03
2.088000000000000000e+05	4.544492874732342898e+03
2.097000000000000000e+05	4.544492874732342898e+03
2.097000000000000000e+05	3.541598381561499082e+03
2.106000000000000000e+05	3.541598381561499082e+03
2.106000000000000000e+05	3.936660409382602666e+03
2.115000000000000000e+05	3.936660409382602666e+03
2.115000000000000000e+05	3.638130643496231642e+03
2.124000000000000000e+05	3.638130643496231642e+03
2.124000000000000000e+05	3.403032620594314722e+03
2.133000000000000000e+05	3.403032620594314722e+03
2.133000000000000000e+05	3.020545584342458824e+03
2.142000000000000000e+05	3.020545584342458824e+03
2.142000000000000000e+05	1.652769794761319645e+03
2.151000000000000000e+05	1.652769794761319645e+03
2.151000000000000000e+05	1.185988401751499623e+03
2.160000000000000000e+05	1.185988401751499623e+03
2.160000000000000000e+05	2.087387914060611365e+03
2.169000000000000000e+05	2.087387914060611365e+03
2.169000000000000000e+05	4.375971365411505758e+03
2.178000000000000000e+05	4.375971365411505758e+03
2.178000000000000000e+05	2.262405336738505866e+03
2.187000000000000000e+05	2.262405336738505866e+03
2.187000000000000000e+05	2.841154044871276710e+03
2.196000000000000000e+05	2.841154044871276710e+03
2.196000000000000000e+05	9.528426299671536981e+02
2.205000000000000000e+05	9.528426299671536981e+02
2.205000000000000000e+05	6.223196982930106060e+03
2.214000000000000000e+05	6.223196982930106060e+03
2.214000000000000000e+05	2.441406987954920623e+03
2.223000000000000000e+05	2.441406987954920623e+03
2.223000000000000000e+05	2.444977004904882051e+03
2.232000000000000000e+05	2.444977004904882051e+03
2.232000000000000000e+05	2.612045907825269751e+03
2.241000000000000000e+05	2.612045907825269751e+03
2.241000000000000000e+05	9.624977429824930368e+02
2.250000000000000000e+05	9.624977429824930368e+02
2.250000000000000000e+05	2.655131620135973208e+03
2.259000000000000000e+05	2.655131620135973208e+03
2.259000000000000000e+05	1.563609682205191348e+03
2.268000000000000000e+05	1.563609682205191348e+03
2.268000000000000000e+05	1.583240959125116206e+03
2.277000000000000000e+05	1.583240959125116206e+03
2.277000000000000000e+05	1.879038053231947288e+03
2.286000000000000000e+05	1.879038053231947288e+03
2.286000000000000000e+05	1.452221201058826409e+03
2.295000000000000000e+05	1.452221201058826409e+03
2.295000000000000000e+05	1.430696478187688626e+03
2.304000000000000000e+05	1.430696478187688626e+03
2.304000000000000000e+05	7.557738597099078106e+02
2.313000000000000000e+05	7.557738597099078106e+02
2.313000000000000000e+05	2.218647968520933318e+03
2.322000000000000000e+05	2.218647968520933318e+03
2.322000000000000000e+05	9.164337377997580916e+02
2.331000000000000000e+05	9.164337377997580916e+02
2.331000000000000000e+05	5.775177172797848471e+02
2.340000000000000000e+05	5.775177172797848471e+02
2.340000000000000000e+05	1.105533117675247922e+03
2.349000000000000000e+05	1.105533117675247922e+03
2.349000000000000000e+05	2.486942184728326083e+03
2.358000000000000000e+05	2.486942184728326083e+03
2.358000000000000000e+05	2.826099432432267349e+03
2.367000000000000000e+05	2.826099432432267349e+03
2.367000000000000000e+05	2.556055892657837830e+03
2.376000000000000000e+05	2.556055892657837830e+03
2.376000000000000000e+05	1.400951528690899067e+03
2.385000000000000000e+05	1.400951528690899067e+03
2.385000000000000000e+05	4.748107752503232405e+03
2.394000000000000000e+05	4.748107752503232405e+03
2.394000000000000000e+05	2.140586683732748497e+03
2.403000000000000000e+05	2.140586683732748497e+03
2.403000000000000000e+05	2.416900384150154423e+03
2.412000000000000000e+05	2.416900384150154423e+03
2.412000000000000000e+05	1.318471306485573223e+03
2.421000000000000000e+05	1.318471306485573223e+03
2.421000000000000000e+05	5.627901593421033795e+03
2.430000000000000000e+05	5.627901593421033795e+03
2.430000000000000000e+05	2.128183575698640198e+03
2.439000000000000000e+05	2.128183575698640198e+03
2.439000000000000000e+05	2.729166668341204058e+03
2.448000000000000000e+05	2.729166668341204058e+03
2.448000000000000000e+05	9.275076286886378512e+02
2.457000000000000000e+05	9.275076286886378512e+02
2.457000000000000000e+05	5.532607098513653909e+03
2.466000000000000000e+05	5.532607098513653909e+03
2.466000000000000000e+05	2.067251736366946716e+03
2.475000000000000000e+05	2.067251736366946716e+03
2.475000000000000000e+05	1.221088384581438731e+03
2.484000000000000000e+05	1.221088384581438731e+03
2.484000000000000000e+05	4.211564779640939378e+02
2.493000000000000000e+05	4.211564779640939378e+02
2.493000000000000000e+05	2.095198809724227885e+03
2.502000000000000000e+05	2.095198809724227885e+03
2.502000000000000000e+05	8.058091865601018071e+02
2.511000000000000000e+05	8.058091865601018071e+02
2.511000000000000000e+05	5.590557533607352525e+00
2.520000000000000000e+05	5.590557533607352525e+00
2.520000000000000000e+05	1.707372272346892714e+02
2.529000000000000000e+05	1.707372272346892714e+02
2.529000000000000000e+05	-1.846242219683857456e+03
2.538000000000000000e+05	-1.846242219683857456e+03
2.538000000000000000e+05	-5.644172676679445431e+02
2.547000000000000000e+05	-5.644172676679445431e+02
2.547000000000000000e+05	-2.756927690551965497e+02
2.556000000000000000e+05	-2.756927690551965497e+02
2.556000000000000000e+05	2.694439881132439041e+01
2.565000000000000000e+05	2.694439881132439041e+01
2.565000000000000000e+05	-1.669574571437285840e+03
2.574000000000000000e+05	-1.669574571437285840e+03
2.574000000000000000e+05	-5.378803111662855372e+02
2.583000000000000000e+05	-5.378803111662855372e+02
2.583000000000000000e+05	-2.771576636846293695e+02
2.592000000000000000e+05	-2.771576636846293695e+02
2.592000000000000000e+05	2.535498145767542155e+01
2.601000000000000000e+05	2.535498145767542155e+01
2.601000000000000000e+05	-1.618801123988075915e+03
2.610000000000000000e+05	-1.618801123988075915e+03
2.610000000000000000e+05	-5.228617531495401636e+02
2.619000000000000000e+05	-5.228617531495401636e+02
2.619000000000000000e+05	-2.701121109905652702e+02
2.628000000000000000e+05	-2.701121109905652702e+02
2.628000000000000000e+05	2.766407769325633126e+01
2.637000000000000000e+05	2.766407769325633126e+01
2.637000000000000000e+05	-1.582627454218262528e+03
2.646000000000000000e+05	-1.582627454218262528e+03
2.646000000000000000e+05	-5.104728976273327135e+02
2.655000000000000000e+05	-5.104728976273327135e+02
2.655000000000000000e+05	-2.632513629953609779e+02
2.664000000000000000e+05	-2.632513629953609779e+02
2.664000000000000000e+05	3.003348032495432562e+01
2.673000000000000000e+05	3.003348032495432562e+01
2.673000000000000000e+05	-1.553250157313773116e+03
2.682000000000000000e+05	-1.553250157313773116e+03
2.682000000000000000e+05	-5.002651347118080594e+02
2.691000000000000000e+05	-5.002651347118080594e+02
2.691000000000000000e+05	-2.576504961464670487e+02
2.700000000000000000e+05	-2.576504961464670487e+02
2.700000000000000000e+05	3.182456196077419008e+01
2.709000000000000000e+05	3.182456196077419008e+01
2.709000000000000000e+05	2.315663385474014831e+03
2.718000000000000000e+05	2.315663385474014831e+03
2.718000000000000000e+05	3.550259568393637892e+03
2.727000000000000000e+05	3.550259568393637892e+03
2.727000000000000000e+05	1.264181727684801444e+03
2.736000000000000000e+05	1.264181727684801444e+03
2.736000000000000000e+05	1.029395059934862729e+03
2.745000000000000000e+05	1.029395059934862729e+03
2.745000000000000000e+05	-1.520597002083254210e+03
2.754000000000000000e+05	-1.520597002083254210e+03
2.754000000000000000e+05	6.117881494390137959e+03
2.763000000000000000e+05	6.117881494390137959e+03
2.763000000000000000e+05	1.192390568080067169e+03
2.772000000000000000e+05	1.192390568080067169e+03
2.772000000000000000e+05	1.241624373849175754e+03
2.781000000000000000e+05	1.241624373849175754e+03
2.781000000000000000e+05	2.387897020964825970e+03
2.790000000000000000e+05	2.387897020964825970e+03
2.790000000000000000e+05	5.655265838677878492e+02
2.799000000000000000e+05	5.655265838677878492e+02
2.799000000000000000e+05	0.000000000000000000e+00
2.808000000000000000e+05	0.000000000000000000e+00
2.808000000000000000e+05	6.118917181268761851e+02
2.817000000000000000e+05	6.118917181268761851e+02
2.817000000000000000e+05	1.249331311980786268e+03
2.826000000000000000e+05	1.249331311980786268e+03
2.826000000000000000e+05	-2.273362755518930499e+03
2.835000000000000000e+05	-2.273362755518930499e+03
2.835000000000000000e+05	-6.665545518536237068e+02
2.844000000000000000e+05	-6.665545518536237068e+02
2.844000000000000000e+05	9.228435553567442184e+02
2.853000000000000000e+05	9.228435553567442184e+02
2.853000000000000000e+05	2.084754442109882007e+02
2.862000000000000000e+05	2.084754442109882007e+02
2.862000000000000000e+05	4.349362875604769215e+03
2.871000000000000000e+05	4.349362875604769215e+03
2.871000000000000000e+05	5.685825048016966321e+03
2.880000000000000000e+05	5.685825048016966321e+03
2.880000000000000000e+05	4.292095061742991675e+03
2.889000000000000000e+05	4.292095061742991675e+03
2.889000000000000000e+05	9.824669033256142939e+03
2.898000000000000000e+05	9.824669033256142939e+03
2.898000000000000000e+05	8.226810755184560549e+03
2.907000000000000000e+05	8.226810755184560549e+03
2.907000000000000000e+05	3.982248396482784301e+03
2.916000000000000000e+05	3.982248396482784301e+03
2.916000000000000000e+05	4.764491808793445671e+03
2.925000000000000000e+05	4.764491808793445671e+03
2.925000000000000000e+05	7.764985315014364460e+03
2.934000000000000000e+05	7.764985315014364460e+03
2.934000000000000000e+05	7.668569020074151922e+03
2.943000000000000000e+05	7.668569020074151922e+03
2.943000000000000000e+05	6.927329213374527171e+03
2.952000000000000000e+05	6.927329213374527171e+03
2.952000000000000000e+05	6.430002823283008183e+03
2.961000000000000000e+05	6.430002823283008183e+03
2.961000000000000000e+05	2.636998289847412252e+03
2.970000000000000000e+05	2.636998289847412252e+03
2.970000000000000000e+05	4.595168470737931784e+03
2.979000000000000000e+05	4.595168470737931784e+03
2.979000000000000000e+05	4.306117605387698859e+03
2.988000000000000000e+05	4.306117605387698859e+03
2.988000000000000000e+05	3.848696190369730175e+03
2.997000000000000000e+05	3.848696190369730175e+03
2.997000000000000000e+05	-6.568449946006443270e+02
3.006000000000000000e+05	-6.568449946006443270e+02
3.006000000000000000e+05	5.179315201013232581e+02
3.015000000000000000e+05	5.179315201013232581e+02
3.015000000000000000e+05	6.142815744160325266e+02
3.024000000000000000e+05	6.142815744160325266e+02
3.024000000000000000e+05	9.658966268380172551e+02
3.033000000000000000e+05	9.658966268380172551e+02
3.033000000000000000e+05	7.417435816010467533e+03
3.042000000000000000e+05	7.417435816010467533e+03
3.042000000000000000e+05	4.540278689445927739e+03
3.051000000000000000e+05	4.540278689445927739e+03
3.051000000000000000e+05	2.974531824967358261e+03
3.060000000000000000e+05	2.974531824967358261e+03
3.060000000000000000e+05	2.379659175458868049e+03
3.069000000000000000e+05	2.379659175458868049e+03
3.069000000000000000e+05	2.604822499199244703e+03
3.078000000000000000e+05	2.604822499199244703e+03
3.078000000000000000e+05	2.483301689172105398e+03
3.087000000000000000e+05	2.483301689172105398e+03
3.087000000000000000e+05	2.277382143121038098e+03
3.096000000000000000e+05	2.277382143121038098e+03
3.096000000000000000e+05	2.922474712891424133e+03
3.105000000000000000e+05	2.922474712891424133e+03
3.105000000000000000e+05	-1.031511522540013601e+02
3.114000000000000000e+05	-1.031511522540013601e+02
3.114000000000000000e+05	1.172536729447310790e+03
3.123000000000000000e+05	1.172536729447310790e+03
3.123000000000000000e+05	1.849776317012670916e+03
3.132000000000000000e+05	1.849776317012670916e+03
3.132000000000000000e+05	1.338044092112235376e+03
3.141000000000000000e+05	1.338044092112235376e+03
3.141000000000000000e+05	1.311166549734824002e+03
3.150000000000000000e+05	1.311166549734824002e+03
3.150000000000000000e+05	1.245537770436087158e+03
3.159000000000000000e+05	1.245537770436087158e+03
3.159000000000000000e+05	1.163625364441017155e+03
3.168000000000000000e+05	1.163625364441017155e+03
3.168000000000000000e+05	1.325319492161206654e+03
3.177000000000000000e+05	1.325319492161206654e+03
3.177000000000000000e+05	6.451160191260424881e+02
3.186000000000000000e+05	6.451160191260424881e+02
3.186000000000000000e+05	1.098407160158036277e+03
3.195000000000000000e+05	1.098407160158036277e+03
3.195000000000000000e+05	1.153806907504680566e+03
3.204000000000000000e+05	1.153806907504680566e+03
3.204000000000000000e+05	5.507201577036557865e+02
3.213000000000000000e+05	5.507201577036557865e+02
3.213000000000000000e+05	1.061701259510688715e+03
3.222000000000000000e+05	1.061701259510688715e+03
3.222000000000000000e+05	4.960739051692071371e+02
3.231000000000000000e+05	4.960739051692071371e+02
3.231000000000000000e+05	3.429922188337659463e+02
3.240000000000000000e+05	3.429922188337659463e+02
3.240000000000000000e+05	4.559328593245572847e+02
3.249000000000000000e+05	4.559328593245572847e+02
3.249000000000000000e+05	6.355880856397559910e+03
3.258000000000000000e+05	6.355880856397559910e+03
3.258000000000000000e+05	3.680665499038237613e+03
3.267000000000000000e+05	3.680665499038237613e+03
3.267000000000000000e+05	2.279657413895125501e+03
3.276000000000000000e+05	2.279657413895125501e+03
3.276000000000000000e+05	2.037881540850541569e+03
3.285000000000000000e+05	2.037881540850541569e+03
3.285000000000000000e+05	2.685807392093214730e+03
3.294000000000000000e+05	2.685807392093214730e+03
3.294000000000000000e+05	3.042937438852619380e+03
3.303000000000000000e+05	3.042937438852619380e+03
3.303000000000000000e+05	2.750715072443708777e+03
3.312000000000000000e+05	2.750715072443708777e+03
3.312000000000000000e+05	1.219574256019892346e+03
3.321000000000000000e+05	1.219574256019892346e+03
3.321000000000000000e+05	4.253187844697824403e+03
3.330000000000000000e+05	4.253187844697824403e+03
3.330000000000000000e+05	1.707204755725630093e+03
3.339000000000000000e+05	1.707204755725630093e+03
3.339000000000000000e+05	1.056837356297532097e+03
3.348000000000000000e+05	1.056837356297532097e+03
3.348000000000000000e+05	5.380873836637620116e+02
3.357000000000000000e+05	5.380873836637620116e+02
3.357000000000000000e+05	2.140294582176536096e+03
3.366000000000000000e+05	2.140294582176536096e+03
3.366000000000000000e+05	8.470427053765160963e+02
3.375000000000000000e+05	8.470427053765160963e+02
3.375000000000000000e+05	2.339059063926106319e+02
3.384000000000000000e+05	2.339059063926106319e+02
3.384000000000000000e+05	2.068531383214931338e+02
3.393000000000000000e+05	2.068531383214931338e+02
3.393000000000000000e+05	-1.832533363939149922e+03
3.402000000000000000e+05	-1.832533363939149922e+03
3.402000000000000000e+05	-5.520403332717251033e+02
3.411000000000000000e+05	-5.520403332717251033e+02
3.411000000000000000e+05	-2.656791752396384254e+02
3.420000000000000000e+05	-2.656791752396384254e+02
3.420000000000000000e+05	2.929321479995451227e+01
3.429000000000000000e+05	2.929321479995451227e+01
3.429000000000000000e+05	-1.639233940545226915e+03
3.438000000000000000e+05	-1.639233940545226915e+03
3.438000000000000000e+05	-5.277644318079692312e+02
3.447000000000000000e+05	-5.277644318079692312e+02
3.447000000000000000e+05	-2.719835295338416472e+02
3.456000000000000000e+05	-2.719835295338416472e+02
3.456000000000000000e+05	2.630825653170086298e+01
3.465000000000000000e+05	2.630825653170086298e+01
3.465000000000000000e+05	1.164389818943819137e+03
3.474000000000000000e+05	1.164389818943819137e+03
3.474000000000000000e+05	4.043200797075405717e+02
3.483000000000000000e+05	4.043200797075405717e+02
3.483000000000000000e+05	2.294856687161955051e+02
3.492000000000000000e+05	2.294856687161955051e+02
3.492000000000000000e+05	3.238862311885350209e+02
3.501000000000000000e+05	3.238862311885350209e+02
3.501000000000000000e+05	-1.534563155222100704e+03
3.510000000000000000e+05	-1.534563155222100704e+03
3.510000000000000000e+05	-4.318135096562909894e+02
3.519000000000000000e+05	-4.318135096562909894e+02
3.519000000000000000e+05	-1.925977110165986232e+02
3.528000000000000000e+05	-1.925977110165986232e+02
3.528000000000000000e+05	5.018104886364562844e+01
3.537000000000000000e+05	5.018104886364562844e+01
3.537000000000000000e+05	1.379638833044380817e+03
3.546000000000000000e+05	1.379638833044380817e+03
3.546000000000000000e+05	4.820734537773532793e+02
3.555000000000000000e+05	4.820734537773532793e+02
3.555000000000000000e+05	2.742270933477557264e+02
3.564000000000000000e+05	2.742270933477557264e+02
3.564000000000000000e+05	3.903868026614709379e+02
3.573000000000000000e+05	3.903868026614709379e+02
3.573000000000000000e+05	-3.617671120412742312e+02
3.582000000000000000e+05	-3.617671120412742312e+02
3.582000000000000000e+05	-2.942780135717475787e+01
3.591000000000000000e+05	-2.942780135717475787e+01
3.591000000000000000e+05	2.928352121385978535e+01
3.600000000000000000e+05	2.928352121385978535e+01
3.600000000000000000e+05	1.137582473830825620e+02
3.609000000000000000e+05	1.137582473830825620e+02
3.609000000000000000e+05	3.465512736364707052e+03
3.618000000000000000e+05	3.465512736364707052e+03
3.618000000000000000e+05	2.485157345659739804e+03
3.627000000000000000e+05	2.485157345659739804e+03
3.627000000000000000e+05	1.366433710854384117e+03
3.636000000000000000e+05	1.366433710854384117e+03
3.636000000000000000e+05	1.180660282767337776e+03
3.645000000000000000e+05	1.180660282767337776e+03
3.645000000000000000e+05	-1.445303884411104264e+03
3.654000000000000000e+05	-1.445303884411104264e+03
3.654000000000000000e+05	-2.238076265987474471e+02
3.663000000000000000e+05	-2.238076265987474471e+02
3.663000000000000000e+05	-8.813059152394998819e+00
3.672000000000000000e+05	-8.813059152394998819e+00
3.672000000000000000e+05	8.333296824786975776e+01
3.681000000000000000e+05	8.333296824786975776e+01
3.681000000000000000e+05	2.527224278952693567e+03
3.690000000000000000e+05	2.527224278952693567e+03
3.690000000000000000e+05	7.789762340367306024e+02
3.699000000000000000e+05	7.789762340367306024e+02
3.699000000000000000e+05	-2.581365078475442715e+03
3.708000000000000000e+05	-2.581365078475442715e+03
3.708000000000000000e+05	5.861054083190347228e+02
3.717000000000000000e+05	5.861054083190347228e+02
3.717000000000000000e+05	3.495014482333713659e+03
3.726000000000000000e+05	3.495014482333713659e+03
3.726000000000000000e+05	5.405513714818633161e+03
3.735000000000000000e+05	5.405513714818633161e+03
3.735000000000000000e+05	6.237541252585418988e+03
3.744000000000000000e+05	6.237541252585418988e+03
3.744000000000000000e+05	5.135158525902719703e+03
3.753000000000000000e+05	5.135158525902719703e+03
3.753000000000000000e+05	8.469951321062031639e+03
3.762000000000000000e+05	8.469951321062031639e+03
3.762000000000000000e+05	7.925555122789053712e+03
3.771000000000000000e+05	7.925555122789053712e+03
3.771000000000000000e+05	7.986112791284802370e+03
3.780000000000000000e+05	7.986112791284802370e+03
3.780000000000000000e+05	7.117934550103324000e+03
3.789000000000000000e+05	7.117934550103324000e+03
3.789000000000000000e+05	4.310002480410276803e+03
3.798000000000000000e+05	4.310002480410276803e+03
3.798000000000000000e+05	2.821558327341044787e+03
3.807000000000000000e+05	2.821558327341044787e+03
3.807000000000000000e+05	6.249275923128006980e+03
3.816000000000000000e+05	6.249275923128006980e+03
3.816000000000000000e+05	4.486274806765575704e+03
3.825000000000000000e+05	4.486274806765575704e+03
3.825000000000000000e+05	5.317451504470210239e+03
3.834000000000000000e+05	5.317451504470210239e+03
3.834000000000000000e+05	3.461094218119338620e+03
3.843000000000000000e+05	3.461094218119338620e+03
3.843000000000000000e+05	3.771740661772899330e+03
3.852000000000000000e+05	3.771740661772899330e+03
3.852000000000000000e+05	4.023388317315118911e+03
3.861000000000000000e+05	4.023388317315118911e+03
3.861000000000000000e+05	1.119931863424221092e+03
3.870000000000000000e+05	1.119931863424221092e+03
3.870000000000000000e+05	3.122088154951110482e+03
3.879000000000000000e+05	3.122088154951110482e+03
3.879000000000000000e+05	2.874837049167370424e+03
3.888000000000000000e+05	2.874837049167370424e+03
3.888000000000000000e+05	1.914144142942710459e+03
3.897000000000000000e+05	1.914144142942710459e+03
3.897000000000000000e+05	3.329182683752591402e+03
3.906000000000000000e+05	3.329182683752591402e+03
3.906000000000000000e+05	2.480390529821859673e+03
3.915000000000000000e+05	2.480390529821859673e+03
3.915000000000000000e+05	2.654042678725032602e+03
3.924000000000000000e+05	2.654042678725032602e+03
3.924000000000000000e+05	2.860913486678735353e+03
3.933000000000000000e+05	2.860913486678735353e+03
3.933000000000000000e+05	2.935791688313891541e+02
3.942000000000000000e+05	2.935791688313891541e+02
3.942000000000000000e+05	2.377539368063211441e+03
3.951000000000000000e+05	2.377539368063211441e+03
3.951000000000000000e+05	2.095078892553283367e+03
3.960000000000000000e+05	2.095078892553283367e+03
3.960000000000000000e+05	1.539124741163886938e+03
3.969000000000000000e+05	1.539124741163886938e+03
3.969000000000000000e+05	2.159060704041390636e+03
3.978000000000000000e+05	2.159060704041390636e+03
3.978000000000000000e+05	1.770834553788241465e+03
3.987000000000000000e+05	1.770834553788241465e+03
3.987000000000000000e+05	1.820084373578662053e+03
3.996000000000000000e+05	1.820084373578662053e+03
3.996000000000000000e+05	2.342277967546164291e+03
4.005000000000000000e+05	2.342277967546164291e+03
4.005000000000000000e+05	5.077779423184949792e+01
4.014000000000000000e+05	5.077779423184949792e+01
4.014000000000000000e+05	4.832436024452326819e+02
4.023000000000000000e+05	4.832436024452326819e+02
4.023000000000000000e+05	1.167532291130919475e+03
4.032000000000000000e+05	1.167532291130919475e+03
4.032000000000000000e+05	1.114299626742915279e+03
4.041000000000000000e+05	1.114299626742915279e+03
4.041000000000000000e+05	1.754843948248905008e+03
4.050000000000000000e+05	1.754843948248905008e+03
4.050000000000000000e+05	4.687548806056729518e+02
4.059000000000000000e+05	4.687548806056729518e+02
4.059000000000000000e+05	3.141909245382063091e+03
4.068000000000000000e+05	3.141909245382063091e+03
4.068000000000000000e+05	1.752762138276035330e+03
4.077000000000000000e+05	1.752762138276035330e+03
4.077000000000000000e+05	-1.182914656205450683e+03
4.086000000000000000e+05	-1.182914656205450683e+03
4.086000000000000000e+05	2.572029905125033110e+03
4.095000000000000000e+05	2.572029905125033110e+03
4.095000000000000000e+05	2.165648185611004010e+03
4.104000000000000000e+05	2.165648185611004010e+03
4.104000000000000000e+05	6.251418453515761939e+02
4.113000000000000000e+05	6.251418453515761939e+02
4.113000000000000000e+05	6.278394271069600109e+03
4.122000000000000000e+05	6.278394271069600109e+03
4.122000000000000000e+05	2.207556923353113234e+03
4.131000000000000000e+05	2.207556923353113234e+03
4.131000000000000000e+05	1.322352975296729710e+03
4.140000000000000000e+05	1.322352975296729710e+03
4.140000000000000000e+05	7.670877731759001108e+02
4.149000000000000000e+05	7.670877731759001108e+02
4.149000000000000000e+05	6.317406799076100469e+03
4.158000000000000000e+05	6.317406799076100469e+03
4.158000000000000000e+05	4.382645739947038237e+03
4.167000000000000000e+05	4.382645739947038237e+03
4.167000000000000000e+05	2.798982602858741302e+03
4.176000000000000000e+05	2.798982602858741302e+03
4.176000000000000000e+05	2.170702307504112468e+03
4.185000000000000000e+05	2.170702307504112468e+03
4.185000000000000000e+05	2.772795259478129992e+03
4.194000000000000000e+05	2.772795259478129992e+03
4.194000000000000000e+05	1.429805201537208632e+03
4.203000000000000000e+05	1.429805201537208632e+03
4.203000000000000000e+05	1.005208226160029881e+03
4.212000000000000000e+05	1.005208226160029881e+03
4.212000000000000000e+05	7.117304424172834842e+02
4.221000000000000000e+05	7.117304424172834842e+02
4.221000000000000000e+05	2.208040650657063907e+03
4.230000000000000000e+05	2.208040650657063907e+03
4.230000000000000000e+05	9.097197879226296209e+02
4.239000000000000000e+05	9.097197879226296209e+02
4.239000000000000000e+05	5.745529916810919531e+02
4.248000000000000000e+05	5.745529916810919531e+02
4.248000000000000000e+05	2.637104382235611411e+02
4.257000000000000000e+05	2.637104382235611411e+02
4.257000000000000000e+05	-1.809636770226039289e+03
4.266000000000000000e+05	-1.809636770226039289e+03
4.266000000000000000e+05	-5.304889146839268506e+02
4.275000000000000000e+05	-5.304889146839268506e+02
4.275000000000000000e+05	-2.473052803823957220e+02
4.284000000000000000e+05	-2.473052803823957220e+02
4.284000000000000000e+05	3.478009040098095284e+01
4.293000000000000000e+05	3.478009040098095284e+01
4.293000000000000000e+05	-1.582751357203068892e+03
4.302000000000000000e+05	-1.582751357203068892e+03
4.302000000000000000e+05	-5.065323292465182021e+02
4.311000000000000000e+05	-5.065323292465182021e+02
4.311000000000000000e+05	-2.589647859222604893e+02
4.320000000000000000e+05	-2.589647859222604893e+02
4.320000000000000000e+05	3.046645218067351379e+01
4.329000000000000000e+05	3.046645218067351379e+01
4.329000000000000000e+05	-1.537788775499087706e+03
4.338000000000000000e+05	-1.537788775499087706e+03
4.338000000000000000e+05	-4.943737736527109519e+02
4.347000000000000000e+05	-4.943737736527109519e+02
4.347000000000000000e+05	-2.539278292963281274e+02
4.356000000000000000e+05	-2.539278292963281274e+02
4.356000000000000000e+05	3.237310612318378844e+01
4.365000000000000000e+05	3.237310612318378844e+01
4.365000000000000000e+05	-2.889316998943123735e+02
4.374000000000000000e+05	-2.889316998943123735e+02
4.374000000000000000e+05	-7.787025254493346438e+01
4.383000000000000000e+05	-7.787025254493346438e+01
4.383000000000000000e+05	-2.908636216493323445e+01
4.392000000000000000e+05	-2.908636216493323445e+01
4.392000000000000000e+05	1.405562265240741908e+02
4.401000000000000000e+05	1.405562265240741908e+02
4.401000000000000000e+05	1.082672669678158172e+03
4.410000000000000000e+05	1.082672669678158172e+03
4.410000000000000000e+05	6.800864293370977975e+02
4.419000000000000000e+05	6.800864293370977975e+02
4.419000000000000000e+05	7.531364778261049651e+02
4.428000000000000000e+05	7.531364778261049651e+02
4.428000000000000000e+05	6.670496061021849528e+02
4.437000000000000000e+05	6.670496061021849528e+02
4.437000000000000000e+05	-1.120036656702688788e+03
4.446000000000000000e+05	-1.120036656702688788e+03
4.446000000000000000e+05	3.723139776852214709e+03
4.455000000000000000e+05	3.723139776852214709e+03
4.455000000000000000e+05	7.964625897023943253e+02
4.464000000000000000e+05	7.964625897023943253e+02
4.464000000000000000e+05	1.011550406821203069e+03
4.473000000000000000e+05	1.011550406821203069e+03
4.473000000000000000e+05	-4.720614985105124362e+01
4.482000000000000000e+05	-4.720614985105124362e+01
4.482000000000000000e+05	3.225011218065279536e+03
4.491000000000000000e+05	3.225011218065279536e+03
4.491000000000000000e+05	1.270972161409561522e+03
4.500000000000000000e+05	1.270972161409561522e+03
4.500000000000000000e+05	8.564393699329330047e+02
4.509000000000000000e+05	8.564393699329330047e+02
4.509000000000000000e+05	3.937763183875040340e+03
4.518000000000000000e+05	3.937763183875040340e+03
4.518000000000000000e+05	1.576609028863138519e+03
4.527000000000000000e+05	1.576609028863138519e+03
4.527000000000000000e+05	1.959806093531777151e+03
4.536000000000000000e+05	1.959806093531777151e+03
4.536000000000000000e+05	1.020385610509736580e+03
4.545000000000000000e+05	1.020385610509736580e+03
4.545000000000000000e+05	2.327862143349479993e+03
4.554000000000000000e+05	2.327862143349479993e+03
4.554000000000000000e+05	1.775616542915231548e+02
4.563000000000000000e+05	1.775616542915231548e+02
4.563000000000000000e+05	-2.631463304057251662e+03
4.572000000000000000e+05	-2.631463304057251662e+03
4.572000000000000000e+05	6.946892724616109263e+02
4.581000000000000000e+05	6.946892724616109263e+02
4.581000000000000000e+05	3.580867055544975756e+03
4.590000000000000000e+05	3.580867055544975756e+03
4.590000000000000000e+05	5.424963613442843780e+03
4.599000000000000000e+05	5.424963613442843780e+03
4.599000000000000000e+05	6.239884767172450665e+03
4.608000000000000000e+05	6.239884767172450665e+03
4.608000000000000000e+05	5.122726461543912592e+03
4.617000000000000000e+05	5.122726461543912592e+03
4.617000000000000000e+05	8.590715343804913573e+03
4.626000000000000000e+05	8.590715343804913573e+03
4.626000000000000000e+05	7.965205594605766237e+03
4.635000000000000000e+05	7.965205594605766237e+03
4.635000000000000000e+05	8.008005287909181789e+03
4.644000000000000000e+05	8.008005287909181789e+03
4.644000000000000000e+05	7.150599212644221552e+03
4.653000000000000000e+05	7.150599212644221552e+03
4.653000000000000000e+05	6.376481842321178192e+03
4.662000000000000000e+05	6.376481842321178192e+03
4.662000000000000000e+05	5.888119896823423915e+03
4.671000000000000000e+05	5.888119896823423915e+03
4.671000000000000000e+05	5.963796545250632335e+03
4.680000000000000000e+05	5.963796545250632335e+03
4.680000000000000000e+05	5.320582333508631564e+03
4.689000000000000000e+05	5.320582333508631564e+03
4.689000000000000000e+05	3.767921683641468462e+03
4.698000000000000000e+05	3.767921683641468462e+03
4.698000000000000000e+05	5.242973463880771305e+03
4.707000000000000000e+05	5.242973463880771305e+03
4.707000000000000000e+05	4.255486396386288106e+03
4.716000000000000000e+05	4.255486396386288106e+03
4.716000000000000000e+05	4.413510996673185218e+03
4.725000000000000000e+05	4.413510996673185218e+03
4.725000000000000000e+05	2.833928591012466313e+03
4.734000000000000000e+05	2.833928591012466313e+03
4.734000000000000000e+05	3.507021129022352397e+03
4.743000000000000000e+05	3.507021129022352397e+03
4.743000000000000000e+05	3.514774706880387384e+03
4.752000000000000000e+05	3.514774706880387384e+03
4.752000000000000000e+05	2.194112819627152930e+03
4.761000000000000000e+05	2.194112819627152930e+03
4.761000000000000000e+05	2.779351234789879527e+03
4.770000000000000000e+05	2.779351234789879527e+03
4.770000000000000000e+05	5.383634974148182664e+03
4.779000000000000000e+05	5.383634974148182664e+03
4.779000000000000000e+05	2.474288021031825338e+03
4.788000000000000000e+05	2.474288021031825338e+03
4.788000000000000000e+05	2.627246056271605994e+03
4.797000000000000000e+05	2.627246056271605994e+03
4.797000000000000000e+05	3.984878987485468770e+03
4.806000000000000000e+05	3.984878987485468770e+03
4.806000000000000000e+05	2.769520360764348879e+03
4.815000000000000000e+05	2.769520360764348879e+03
4.815000000000000000e+05	2.727539099217974581e+03
4.824000000000000000e+05	2.727539099217974581e+03
4.824000000000000000e+05	3.693930804509418522e+03
4.833000000000000000e+05	3.693930804509418522e+03
4.833000000000000000e+05	1.799038007567062550e+03
4.842000000000000000e+05	1.799038007567062550e+03
4.842000000000000000e+05	1.969641200308862608e+03
4.851000000000000000e+05	1.969641200308862608e+03
4.851000000000000000e+05	2.586819911063939799e+03
4.860000000000000000e+05	2.586819911063939799e+03
4.860000000000000000e+05	2.527219269515459018e+03
4.869000000000000000e+05	2.527219269515459018e+03
4.869000000000000000e+05	9.257941510808892644e+02
4.878000000000000000e+05	9.257941510808892644e+02
4.878000000000000000e+05	1.919227459266548976e+03
4.887000000000000000e+05	1.919227459266548976e+03
4.887000000000000000e+05	1.964488937866583001e+03
4.896000000000000000e+05	1.964488937866583001e+03
4.896000000000000000e+05	1.657455280956539355e+03
4.905000000000000000e+05	1.657455280956539355e+03
4.905000000000000000e+05	1.450691271491371026e+03
4.914000000000000000e+05	1.450691271491371026e+03
4.914000000000000000e+05	1.760532196969434153e+03
4.923000000000000000e+05	1.760532196969434153e+03
4.923000000000000000e+05	1.419536518942215480e+03
4.932000000000000000e+05	1.419536518942215480e+03
4.932000000000000000e+05	7.519774295668266859e+02
4.941000000000000000e+05	7.519774295668266859e+02
4.941000000000000000e+05	2.218961962343060350e+03
4.950000000000000000e+05	2.218961962343060350e+03
4.950000000000000000e+05	9.175948535325005651e+02
4.959000000000000000e+05	9.175948535325005651e+02
4.959000000000000000e+05	3.105581992601102684e+03
4.968000000000000000e+05	3.105581992601102684e+03
4.968000000000000000e+05	1.226010808456980158e+03
4.977000000000000000e+05	1.226010808456980158e+03
4.977000000000000000e+05	1.780245737015063241e+03
4.986000000000000000e+05	1.780245737015063241e+03
4.986000000000000000e+05	1.629934206025965977e+03
4.995000000000000000e+05	1.629934206025965977e+03
4.995000000000000000e+05	1.299155958936491515e+03
5.004000000000000000e+05	1.299155958936491515e+03
5.004000000000000000e+05	6.985424931640791328e+02
5.013000000000000000e+05	6.985424931640791328e+02
5.013000000000000000e+05	6.301815437676333431e+02
5.022000000000000000e+05	6.301815437676333431e+02
5.022000000000000000e+05	1.930726735133270267e+03
5.031000000000000000e+05	1.930726735133270267e+03
5.031000000000000000e+05	2.216096114946936723e+03
5.040000000000000000e+05	2.216096114946936723e+03
5.040000000000000000e+05	1.117907685309681256e+03
5.049000000000000000e+05	1.117907685309681256e+03
5.049000000000000000e+05	5.327237907519061082e+03
5.058000000000000000e+05	5.327237907519061082e+03
5.058000000000000000e+05	2.051201058111095335e+03
5.067000000000000000e+05	2.051201058111095335e+03
5.067000000000000000e+05	1.236989211745094508e+03
5.076000000000000000e+05	1.236989211745094508e+03
5.076000000000000000e+05	7.681904022780518062e+02
5.085000000000000000e+05	7.681904022780518062e+02
5.085000000000000000e+05	2.230442155670280954e+03
5.094000000000000000e+05	2.230442155670280954e+03
5.094000000000000000e+05	9.304177736546262167e+02
5.103000000000000000e+05	9.304177736546262167e+02
5.103000000000000000e+05	5.917669808401260525e+02
5.112000000000000000e+05	5.917669808401260525e+02
5.112000000000000000e+05	2.824750621287130343e+02
5.121000000000000000e+05	2.824750621287130343e+02
5.121000000000000000e+05	-1.802574428791782339e+03
5.130000000000000000e+05	-1.802574428791782339e+03
5.130000000000000000e+05	-5.242291332244058140e+02
5.139000000000000000e+05	-5.242291332244058140e+02
5.139000000000000000e+05	-2.423710135502624325e+02
5.148000000000000000e+05	-2.423710135502624325e+02
5.148000000000000000e+05	3.581627686770389118e+01
5.157000000000000000e+05	3.581627686770389118e+01
5.157000000000000000e+05	-1.567098976217675045e+03
5.166000000000000000e+05	-1.567098976217675045e+03
5.166000000000000000e+05	-5.011526766229071654e+02
5.175000000000000000e+05	-5.011526766229071654e+02
5.175000000000000000e+05	-2.558911560447304510e+02
5.184000000000000000e+05	-2.558911560447304510e+02
5.184000000000000000e+05	3.148043554236210184e+01
5.193000000000000000e+05	3.148043554236210184e+01
5.193000000000000000e+05	-1.523209311752596705e+03
5.202000000000000000e+05	-1.523209311752596705e+03
5.202000000000000000e+05	-4.888159013077965938e+02
5.211000000000000000e+05	-4.888159013077965938e+02
5.211000000000000000e+05	-2.503095313542289659e+02
5.220000000000000000e+05	-2.503095313542289659e+02
5.220000000000000000e+05	3.379108477650061104e+01
5.229000000000000000e+05	3.379108477650061104e+01
5.229000000000000000e+05	-7.539697081623994563e+02
5.238000000000000000e+05	-7.539697081623994563e+02
5.238000000000000000e+05	4.425523232532432303e+02
5.247000000000000000e+05	4.425523232532432303e+02
5.247000000000000000e+05	2.646869947559898719e+02
5.256000000000000000e+05	2.646869947559898719e+02
5.256000000000000000e+05	1.737652649013743940e+02
5.265000000000000000e+05	1.737652649013743940e+02
5.265000000000000000e+05	1.244090030427811143e+03
5.274000000000000000e+05	1.244090030427811143e+03
5.274000000000000000e+05	-1.164153218269348145e-10
5.283000000000000000e+05	-1.164153218269348145e-10
5.283000000000000000e+05	0.000000000000000000e+00
5.292000000000000000e+05	0.000000000000000000e+00
5.292000000000000000e+05	4.827266182573384867e+02
5.301000000000000000e+05	4.827266182573384867e+02
5.301000000000000000e+05	5.199853273160409117e+03
5.310000000000000000e+05	5.199853273160409117e+03
5.310000000000000000e+05	1.181571432162716519e+03
5.319000000000000000e+05	1.181571432162716519e+03
5.319000000000000000e+05	1.634202294735761825e+03
5.328000000000000000e+05	1.634202294735761825e+03
5.328000000000000000e+05	1.565324616462519771e+03
5.337000000000000000e+05	1.565324616462519771e+03
5.337000000000000000e+05	1.971144732430469958e+03
5.346000000000000000e+05	1.971144732430469958e+03
5.346000000000000000e+05	1.890184911837743130e+03
5.355000000000000000e+05	1.890184911837743130e+03
5.355000000000000000e+05	1.911015107291983441e+03
5.364000000000000000e+05	1.911015107291983441e+03
5.364000000000000000e+05	2.056843870640997920e+03
5.373000000000000000e+05	2.056843870640997920e+03
5.373000000000000000e+05	2.014886791580825957e+03
5.382000000000000000e+05	2.014886791580825957e+03
5.382000000000000000e+05	2.033909774965315592e+03
5.391000000000000000e+05	2.033909774965315592e+03
5.391000000000000000e+05	2.078931221140432172e+03
5.400000000000000000e+05	2.078931221140432172e+03
5.400000000000000000e+05	7.732495325438594591e+02
5.409000000000000000e+05	7.732495325438594591e+02
5.409000000000000000e+05	5.936382233341099891e+03
5.418000000000000000e+05	5.936382233341099891e+03
5.418000000000000000e+05	1.311252908182097599e+03
5.427000000000000000e+05	1.311252908182097599e+03
5.427000000000000000e+05	-2.030421626370400190e+03
5.436000000000000000e+05	-2.030421626370400190e+03
5.436000000000000000e+05	1.102386246943628066e+03
5.445000000000000000e+05	1.102386246943628066e+03
5.445000000000000000e+05	4.558727176122508354e+03
5.454000000000000000e+05	4.558727176122508354e+03
5.454000000000000000e+05	5.866387800904863980e+03
5.463000000000000000e+05	5.866387800904863980e+03
5.463000000000000000e+05	6.530338875112181995e+03
5.472000000000000000e+05	6.530338875112181995e+03
5.472000000000000000e+05	5.507895084210274945e+03
5.481000000000000000e+05	5.507895084210274945e+03
5.481000000000000000e+05	8.731266868546252226e+03
5.490000000000000000e+05	8.731266868546252226e+03
5.490000000000000000e+05	8.091365828549198341e+03
5.499000000000000000e+05	8.091365828549198341e+03
5.499000000000000000e+05	8.111648193611239549e+03
5.508000000000000000e+05	8.111648193611239549e+03
5.508000000000000000e+05	7.291704457913026999e+03
5.517000000000000000e+05	7.291704457913026999e+03
5.517000000000000000e+05	4.824319405995246598e+03
5.526000000000000000e+05	4.824319405995246598e+03
5.526000000000000000e+05	5.347709559154813178e+03
5.535000000000000000e+05	5.347709559154813178e+03
5.535000000000000000e+05	6.016762450595328119e+03
5.544000000000000000e+05	6.016762450595328119e+03
5.544000000000000000e+05	5.057832938300525711e+03
5.553000000000000000e+05	5.057832938300525711e+03
5.553000000000000000e+05	5.381683576261119015e+03
5.562000000000000000e+05	5.381683576261119015e+03
5.562000000000000000e+05	4.022971540885686409e+03
5.571000000000000000e+05	4.022971540885686409e+03
5.571000000000000000e+05	4.241524918274604715e+03
5.580000000000000000e+05	4.241524918274604715e+03
5.580000000000000000e+05	4.190844569531582238e+03
5.589000000000000000e+05	4.190844569531582238e+03
5.589000000000000000e+05	2.477287369633884737e+03
5.598000000000000000e+05	2.477287369633884737e+03
5.598000000000000000e+05	3.401652070996700786e+03
5.607000000000000000e+05	3.401652070996700786e+03
5.607000000000000000e+05	3.318475455819978379e+03
5.616000000000000000e+05	3.318475455819978379e+03
5.616000000000000000e+05	3.744851614309869547e+03
5.625000000000000000e+05	3.744851614309869547e+03
5.625000000000000000e+05	9.752386131355101497e+02
5.634000000000000000e+05	9.752386131355101497e+02
5.634000000000000000e+05	3.174480606480268762e+03
5.643000000000000000e+05	3.174480606480268762e+03
5.643000000000000000e+05	3.008831959354516584e+03
5.652000000000000000e+05	3.008831959354516584e+03
5.652000000000000000e+05	1.953128831591830021e+03
5.661000000000000000e+05	1.953128831591830021e+03
5.661000000000000000e+05	2.686148352288757451e+03
5.670000000000000000e+05	2.686148352288757451e+03
5.670000000000000000e+05	1.352503529531648383e+03
5.679000000000000000e+05	1.352503529531648383e+03
5.679000000000000000e+05	4.422676936830917839e+03
5.688000000000000000e+05	4.422676936830917839e+03
5.688000000000000000e+05	1.027641939184961302e+03
5.697000000000000000e+05	1.027641939184961302e+03
5.697000000000000000e+05	6.426910080128307527e+03
5.706000000000000000e+05	6.426910080128307527e+03
5.706000000000000000e+05	2.622228632869489957e+03
5.715000000000000000e+05	2.622228632869489957e+03
5.715000000000000000e+05	2.648938155470590573e+03
5.724000000000000000e+05	2.648938155470590573e+03
5.724000000000000000e+05	2.582973700392974933e+03
5.733000000000000000e+05	2.582973700392974933e+03
5.733000000000000000e+05	2.769866906937427302e+03
5.742000000000000000e+05	2.769866906937427302e+03
5.742000000000000000e+05	2.301673325278854463e+03
5.751000000000000000e+05	2.301673325278854463e+03
5.751000000000000000e+05	2.211567976141290274e+03
5.760000000000000000e+05	2.211567976141290274e+03
5.760000000000000000e+05	1.502292013012807729e+03
5.769000000000000000e+05	1.502292013012807729e+03
5.769000000000000000e+05	2.510939738061536445e+03
5.778000000000000000e+05	2.510939738061536445e+03
5.778000000000000000e+05	2.673533430111245252e+03
5.787000000000000000e+05	2.673533430111245252e+03
5.787000000000000000e+05	1.933485254635103047e+03
5.796000000000000000e+05	1.933485254635103047e+03
5.796000000000000000e+05	1.294739263658419077e+03
5.805000000000000000e+05	1.294739263658419077e+03
5.805000000000000000e+05	3.814749607442536671e+03
5.814000000000000000e+05	3.814749607442536671e+03
5.814000000000000000e+05	1.274796315227576997e+03
5.823000000000000000e+05	1.274796315227576997e+03
5.823000000000000000e+05	3.245130659746297169e+03
5.832000000000000000e+05	3.245130659746297169e+03
5.832000000000000000e+05	2.507906797239424122e+03
5.841000000000000000e+05	2.507906797239424122e+03
5.841000000000000000e+05	-8.365664977281545589e+02
5.850000000000000000e+05	-8.365664977281545589e+02
5.850000000000000000e+05	1.418203154853370506e+03
5.859000000000000000e+05	1.418203154853370506e+03
5.859000000000000000e+05	1.566948757610633038e+03
5.868000000000000000e+05	1.566948757610633038e+03
5.868000000000000000e+05	9.320875689591612172e+02
5.877000000000000000e+05	9.320875689591612172e+02
5.877000000000000000e+05	3.406145848082061093e+03
5.886000000000000000e+05	3.406145848082061093e+03
5.886000000000000000e+05	2.509889319921494462e+03
5.895000000000000000e+05	2.509889319921494462e+03
5.895000000000000000e+05	3.041587442715186626e+03
5.904000000000000000e+05	3.041587442715186626e+03
5.904000000000000000e+05	2.404721764643700226e+03
5.913000000000000000e+05	2.404721764643700226e+03
5.913000000000000000e+05	2.732182481757880851e+03
5.922000000000000000e+05	2.732182481757880851e+03
5.922000000000000000e+05	1.391644095888419542e+03
5.931000000000000000e+05	1.391644095888419542e+03
5.931000000000000000e+05	9.752063527161371894e+02
5.940000000000000000e+05	9.752063527161371894e+02
5.940000000000000000e+05	7.226019491881461363e+02
5.949000000000000000e+05	7.226019491881461363e+02
5.949000000000000000e+05	2.214831366813457862e+03
5.958000000000000000e+05	2.214831366813457862e+03
5.958000000000000000e+05	9.175061403092113324e+02
5.967000000000000000e+05	9.175061403092113324e+02
5.967000000000000000e+05	5.825049479758599773e+02
5.976000000000000000e+05	5.825049479758599773e+02
5.976000000000000000e+05	2.763878255637037000e+02
5.985000000000000000e+05	2.763878255637037000e+02
5.985000000000000000e+05	-1.802847936106320503e+03
5.994000000000000000e+05	-1.802847936106320503e+03
5.994000000000000000e+05	-5.231412282480159774e+02
6.003000000000000000e+05	-5.231412282480159774e+02
6.003000000000000000e+05	-2.401354989269166254e+02
6.012000000000000000e+05	-2.401354989269166254e+02
6.012000000000000000e+05	3.814143772566058033e+01
6.021000000000000000e+05	3.814143772566058033e+01
6.021000000000000000e+05	-1.554316103978666206e+03
6.030000000000000000e+05	-1.554316103978666206e+03
6.030000000000000000e+05	-4.936161372414208017e+02
6.039000000000000000e+05	-4.936161372414208017e+02
6.039000000000000000e+05	-2.491633612273726612e+02
6.048000000000000000e+05	-2.491633612273726612e+02
