# #1
# double t_DHW(1344, 2)
0.000000000000000000e+00	3.231499999999999773e+02
9.000000000000000000e+02	3.231499999999999773e+02
9.000000000000000000e+02	3.231380000000000337e+02
1.800000000000000000e+03	3.231380000000000337e+02
1.800000000000000000e+03	3.231260045000000218e+02
2.700000000000000000e+03	3.231260045000000218e+02
2.700000000000000000e+03	3.231140134983125449e+02
3.600000000000000000e+03	3.231140134983125449e+02
3.600000000000000000e+03	3.230506284580426382e+02
4.500000000000000000e+03	3.230506284580426382e+02
4.500000000000000000e+03	3.230386657223708653e+02
5.400000000000000000e+03	3.230386657223708653e+02
5.400000000000000000e+03	3.230267074727249792e+02
6.300000000000000000e+03	3.230267074727249792e+02
6.300000000000000000e+03	3.230147537074227557e+02
7.200000000000000000e+03	3.230147537074227557e+02
7.200000000000000000e+03	3.225884651477094849e+02
8.100000000000000000e+03	3.225884651477094849e+02
8.100000000000000000e+03	3.225766757232790951e+02
9.000000000000000000e+03	3.225766757232790951e+02
9.000000000000000000e+03	3.225648907198828397e+02
9.900000000000000000e+03	3.225648907198828397e+02
9.900000000000000000e+03	3.225531101358628803e+02
1.080000000000000000e+04	3.225531101358628803e+02
1.080000000000000000e+04	3.225546519540495183e+02
1.170000000000000000e+04	3.225546519540495183e+02
1.170000000000000000e+04	3.226139278411456530e+02
1.260000000000000000e+04	3.226139278411456530e+02
1.260000000000000000e+04	3.226731814997838796e+02
1.350000000000000000e+04	3.226731814997838796e+02
1.350000000000000000e+04	3.226613603067209510e+02
1.440000000000000000e+04	3.226613603067209510e+02
1.440000000000000000e+04	3.232069127020400856e+02
1.530000000000000000e+04	3.232069127020400856e+02
1.530000000000000000e+04	3.231948913597768183e+02
1.620000000000000000e+04	3.231948913597768183e+02
1.620000000000000000e+04	3.231828745255167519e+02
1.710000000000000000e+04	3.231828745255167519e+02
1.710000000000000000e+04	3.231708621975695337e+02
1.800000000000000000e+04	3.231708621975695337e+02
1.800000000000000000e+04	3.231073800635031148e+02
1.890000000000000000e+04	3.231073800635031148e+02
1.890000000000000000e+04	3.230953960459793279e+02
1.980000000000000000e+04	3.230953960459793279e+02
1.980000000000000000e+04	3.230834165224620733e+02
2.070000000000000000e+04	3.230834165224620733e+02
2.070000000000000000e+04	3.230714414912661709e+02
2.160000000000000000e+04	3.230714414912661709e+02
2.160000000000000000e+04	3.230081660707952551e+02
2.250000000000000000e+04	3.230081660707952551e+02
2.250000000000000000e+04	3.229962192585186926e+02
2.340000000000000000e+04	3.229962192585186926e+02
2.340000000000000000e+04	3.229842769262967863e+02
2.430000000000000000e+04	3.229842769262967863e+02
2.430000000000000000e+04	3.229723390724494152e+02
2.520000000000000000e+04	3.229723390724494152e+02
2.520000000000000000e+04	3.229092695584683383e+02
2.610000000000000000e+04	3.229092695584683383e+02
2.610000000000000000e+04	3.152473597873838571e+02
2.700000000000000000e+04	3.152473597873838571e+02
2.700000000000000000e+04	3.153093759090425010e+02
2.790000000000000000e+04	3.153093759090425010e+02
2.790000000000000000e+04	3.152813687746552205e+02
2.880000000000000000e+04	3.152813687746552205e+02
2.880000000000000000e+04	3.158475973577030231e+02
2.970000000000000000e+04	3.158475973577030231e+02
2.970000000000000000e+04	3.157483357586938268e+02
3.060000000000000000e+04	3.157483357586938268e+02
3.060000000000000000e+04	3.156491113827842696e+02
3.150000000000000000e+04	3.156491113827842696e+02
3.150000000000000000e+04	3.155499242160154267e+02
3.240000000000000000e+04	3.155499242160154267e+02
3.240000000000000000e+04	3.154208705631111798e+02
3.330000000000000000e+04	3.154208705631111798e+02
3.330000000000000000e+04	3.153217689866499995e+02
3.420000000000000000e+04	3.153217689866499995e+02
3.420000000000000000e+04	3.153127045732800298e+02
3.510000000000000000e+04	3.153127045732800298e+02
3.510000000000000000e+04	3.152136435590647920e+02
3.600000000000000000e+04	3.152136435590647920e+02
3.600000000000000000e+04	3.151675950416429259e+02
3.690000000000000000e+04	3.151675950416429259e+02
3.690000000000000000e+04	3.151585884435023104e+02
3.780000000000000000e+04	3.151585884435023104e+02
3.780000000000000000e+04	3.151495852228359809e+02
3.870000000000000000e+04	3.151495852228359809e+02
3.870000000000000000e+04	3.151205853803774062e+02
3.960000000000000000e+04	3.151205853803774062e+02
3.960000000000000000e+04	3.150724159300663700e+02
4.050000000000000000e+04	3.150724159300663700e+02
4.050000000000000000e+04	3.150634450240926299e+02
4.140000000000000000e+04	3.150634450240926299e+02
4.140000000000000000e+04	3.151255301137875335e+02
4.230000000000000000e+04	3.151255301137875335e+02
4.230000000000000000e+04	3.150265392899946164e+02
4.320000000000000000e+04	3.150265392899946164e+02
4.320000000000000000e+04	3.150822142234899275e+02
4.410000000000000000e+04	3.150822142234899275e+02
4.410000000000000000e+04	3.151442922747348234e+02
4.500000000000000000e+04	3.151442922747348234e+02
4.500000000000000000e+04	3.151352944151317956e+02
4.590000000000000000e+04	3.151352944151317956e+02
4.590000000000000000e+04	3.151262999297255192e+02
4.680000000000000000e+04	3.151262999297255192e+02
4.680000000000000000e+04	3.147279173029294270e+02
4.770000000000000000e+04	3.147279173029294270e+02
4.770000000000000000e+04	3.147190755839408212e+02
4.860000000000000000e+04	3.147190755839408212e+02
4.860000000000000000e+04	3.147102371805968346e+02
4.950000000000000000e+04	3.147102371805968346e+02
4.950000000000000000e+04	3.147014020916541313e+02
5.040000000000000000e+04	3.147014020916541313e+02
5.040000000000000000e+04	3.146551026476773245e+02
5.130000000000000000e+04	3.146551026476773245e+02
5.130000000000000000e+04	3.146462882341844534e+02
5.220000000000000000e+04	3.146462882341844534e+02
5.220000000000000000e+04	3.146374771260966554e+02
5.310000000000000000e+04	3.146374771260966554e+02
5.310000000000000000e+04	3.145386693221743144e+02
5.400000000000000000e+04	3.145386693221743144e+02
5.400000000000000000e+04	3.144927735583672188e+02
5.490000000000000000e+04	3.144927735583672188e+02
5.490000000000000000e+04	3.144840200182828198e+02
5.580000000000000000e+04	3.144840200182828198e+02
5.580000000000000000e+04	3.144752697607759728e+02
5.670000000000000000e+04	3.144752697607759728e+02
5.670000000000000000e+04	3.143765227846156449e+02
5.760000000000000000e+04	3.143765227846156449e+02
5.760000000000000000e+04	3.143308914074451081e+02
5.850000000000000000e+04	3.143308914074451081e+02
5.850000000000000000e+04	3.143221985731673271e+02
5.940000000000000000e+04	3.143221985731673271e+02
5.940000000000000000e+04	3.143845616302813255e+02
6.030000000000000000e+04	3.143845616302813255e+02
6.030000000000000000e+04	3.143569013012485129e+02
6.120000000000000000e+04	3.143569013012485129e+02
6.120000000000000000e+04	3.153716311911908861e+02
6.210000000000000000e+04	3.153716311911908861e+02
6.210000000000000000e+04	3.176914552578845132e+02
6.300000000000000000e+04	3.176914552578845132e+02
6.300000000000000000e+04	3.176815022121627976e+02
6.390000000000000000e+04	3.176815022121627976e+02
6.390000000000000000e+04	3.176715528988332835e+02
6.480000000000000000e+04	3.176715528988332835e+02
6.480000000000000000e+04	3.155261917320991643e+02
6.570000000000000000e+04	3.155261917320991643e+02
6.570000000000000000e+04	3.152515506601996549e+02
6.660000000000000000e+04	3.152515506601996549e+02
6.660000000000000000e+04	3.152225125807020731e+02
6.750000000000000000e+04	3.152225125807020731e+02
6.750000000000000000e+04	3.151934853904843408e+02
6.840000000000000000e+04	3.151934853904843408e+02
6.840000000000000000e+04	3.153531938092137352e+02
6.930000000000000000e+04	3.153531938092137352e+02
6.930000000000000000e+04	3.152541176115352641e+02
7.020000000000000000e+04	3.152541176115352641e+02
7.020000000000000000e+04	3.152450785674309373e+02
7.110000000000000000e+04	3.152450785674309373e+02
7.110000000000000000e+04	3.152360429129681734e+02
7.200000000000000000e+04	3.152360429129681734e+02
7.200000000000000000e+04	3.152355220142226244e+02
7.290000000000000000e+04	3.152355220142226244e+02
7.290000000000000000e+04	3.152264899434672429e+02
7.380000000000000000e+04	3.152264899434672429e+02
7.380000000000000000e+04	3.152174612597384566e+02
7.470000000000000000e+04	3.152174612597384566e+02
7.470000000000000000e+04	3.145684359177660667e+02
7.560000000000000000e+04	3.145684359177660667e+02
7.560000000000000000e+04	3.145289077745394479e+02
7.650000000000000000e+04	3.145289077745394479e+02
7.650000000000000000e+04	3.145201406841239873e+02
7.740000000000000000e+04	3.145201406841239873e+02
7.740000000000000000e+04	3.144213768813673937e+02
7.830000000000000000e+04	3.144213768813673937e+02
7.830000000000000000e+04	3.124526501010369088e+02
7.920000000000000000e+04	3.124526501010369088e+02
7.920000000000000000e+04	3.124328514391675640e+02
8.010000000000000000e+04	3.124328514391675640e+02
8.010000000000000000e+04	3.124248703698778513e+02
8.100000000000000000e+04	3.124248703698778513e+02
8.100000000000000000e+04	3.124168922934891270e+02
8.190000000000000000e+04	3.124168922934891270e+02
8.190000000000000000e+04	3.124089172088791315e+02
8.280000000000000000e+04	3.124089172088791315e+02
8.280000000000000000e+04	3.123678497127159517e+02
8.370000000000000000e+04	3.123678497127159517e+02
8.370000000000000000e+04	3.123598930190736951e+02
8.460000000000000000e+04	3.123598930190736951e+02
8.460000000000000000e+04	3.124229919407704870e+02
8.550000000000000000e+04	3.124229919407704870e+02
8.550000000000000000e+04	3.124860672003716218e+02
8.640000000000000000e+04	3.124860672003716218e+02
8.640000000000000000e+04	3.133723221242741488e+02
8.730000000000000000e+04	3.133723221242741488e+02
8.730000000000000000e+04	3.133639887534775994e+02
8.820000000000000000e+04	3.133639887534775994e+02
8.820000000000000000e+04	3.133556585076950682e+02
8.910000000000000000e+04	3.133556585076950682e+02
8.910000000000000000e+04	3.133473313857546145e+02
9.000000000000000000e+04	3.133473313857546145e+02
9.000000000000000000e+04	3.133090624851968755e+02
9.090000000000000000e+04	3.133090624851968755e+02
9.090000000000000000e+04	3.133007528367648433e+02
9.180000000000000000e+04	3.133007528367648433e+02
9.180000000000000000e+04	3.132924463044510617e+02
9.270000000000000000e+04	3.132924463044510617e+02
9.270000000000000000e+04	3.132841428870868299e+02
9.360000000000000000e+04	3.132841428870868299e+02
9.360000000000000000e+04	3.132404983484113927e+02
9.450000000000000000e+04	3.132404983484113927e+02
9.450000000000000000e+04	3.132322144115307196e+02
9.540000000000000000e+04	3.132322144115307196e+02
9.540000000000000000e+04	3.132239335811264027e+02
9.630000000000000000e+04	3.132239335811264027e+02
9.630000000000000000e+04	3.132156558560334361e+02
9.720000000000000000e+04	3.132156558560334361e+02
9.720000000000000000e+04	3.131721469340538420e+02
9.810000000000000000e+04	3.131721469340538420e+02
9.810000000000000000e+04	3.132349412605324801e+02
9.900000000000000000e+04	3.132349412605324801e+02
9.900000000000000000e+04	3.132266594075597936e+02
9.990000000000000000e+04	3.132266594075597936e+02
9.990000000000000000e+04	3.132183806602818663e+02
1.008000000000000000e+05	3.132183806602818663e+02
1.008000000000000000e+05	3.135612100578653099e+02
1.017000000000000000e+05	3.135612100578653099e+02
1.017000000000000000e+05	3.135528058540936058e+02
1.026000000000000000e+05	3.135528058540936058e+02
1.026000000000000000e+05	3.135444048018983381e+02
1.035000000000000000e+05	3.135444048018983381e+02
1.035000000000000000e+05	3.135360069000976182e+02
1.044000000000000000e+05	3.135360069000976182e+02
1.044000000000000000e+05	3.134973377667053001e+02
1.053000000000000000e+05	3.134973377667053001e+02
1.053000000000000000e+05	3.134889575150427845e+02
1.062000000000000000e+05	3.134889575150427845e+02
1.062000000000000000e+05	3.134805804059746492e+02
1.071000000000000000e+05	3.134805804059746492e+02
1.071000000000000000e+05	3.134722064383223596e+02
1.080000000000000000e+05	3.134722064383223596e+02
1.080000000000000000e+05	3.144417502504036293e+02
1.089000000000000000e+05	3.144417502504036293e+02
1.089000000000000000e+05	3.204729328234224681e+02
1.098000000000000000e+05	3.204729328234224681e+02
1.098000000000000000e+05	3.256254050537165767e+02
1.107000000000000000e+05	3.256254050537165767e+02
1.107000000000000000e+05	3.256124767768214952e+02
1.116000000000000000e+05	3.256124767768214952e+02
1.116000000000000000e+05	3.197053155139717546e+02
1.125000000000000000e+05	3.197053155139717546e+02
1.125000000000000000e+05	3.168046072536540123e+02
1.134000000000000000e+05	3.168046072536540123e+02
1.134000000000000000e+05	3.167949867759339213e+02
1.143000000000000000e+05	3.167949867759339213e+02
1.143000000000000000e+05	3.166953699058929033e+02
1.152000000000000000e+05	3.166953699058929033e+02
1.152000000000000000e+05	3.166962761743150736e+02
1.161000000000000000e+05	3.166962761743150736e+02
1.161000000000000000e+05	3.165966963207496860e+02
1.170000000000000000e+05	3.165966963207496860e+02
1.170000000000000000e+05	3.164971538096293671e+02
1.179000000000000000e+05	3.164971538096293671e+02
1.179000000000000000e+05	3.163976486269507973e+02
1.188000000000000000e+05	3.163976486269507973e+02
1.188000000000000000e+05	3.162595300187332441e+02
1.197000000000000000e+05	3.162595300187332441e+02
1.197000000000000000e+05	3.201589132665228590e+02
1.206000000000000000e+05	3.201589132665228590e+02
1.206000000000000000e+05	3.201480349240479200e+02
1.215000000000000000e+05	3.201480349240479200e+02
1.215000000000000000e+05	3.200471606609514197e+02
1.224000000000000000e+05	3.200471606609514197e+02
1.224000000000000000e+05	3.167410427201189691e+02
1.233000000000000000e+05	3.167410427201189691e+02
1.233000000000000000e+05	3.205147748217420940e+02
1.242000000000000000e+05	3.205147748217420940e+02
1.242000000000000000e+05	3.205037630311839507e+02
1.251000000000000000e+05	3.205037630311839507e+02
1.251000000000000000e+05	3.204727553720472315e+02
1.260000000000000000e+05	3.204727553720472315e+02
1.260000000000000000e+05	3.173585463473397681e+02
1.269000000000000000e+05	3.173585463473397681e+02
1.269000000000000000e+05	3.173487181424595178e+02
1.278000000000000000e+05	3.173487181424595178e+02
1.278000000000000000e+05	3.173388936231560820e+02
1.287000000000000000e+05	3.173388936231560820e+02
1.287000000000000000e+05	3.180583147224709819e+02
1.296000000000000000e+05	3.180583147224709819e+02
1.296000000000000000e+05	3.169370791225721860e+02
1.305000000000000000e+05	3.169370791225721860e+02
1.305000000000000000e+05	3.169274089679012150e+02
1.314000000000000000e+05	3.169274089679012150e+02
1.314000000000000000e+05	3.201998218621322394e+02
1.323000000000000000e+05	3.201998218621322394e+02
1.323000000000000000e+05	3.201889281789339634e+02
1.332000000000000000e+05	3.201889281789339634e+02
1.332000000000000000e+05	3.167559372931020789e+02
1.341000000000000000e+05	3.167559372931020789e+02
1.341000000000000000e+05	3.167463350666171777e+02
1.350000000000000000e+05	3.167463350666171777e+02
1.350000000000000000e+05	3.178212858854215028e+02
1.359000000000000000e+05	3.178212858854215028e+02
1.359000000000000000e+05	3.178112841532145012e+02
1.368000000000000000e+05	3.178112841532145012e+02
1.368000000000000000e+05	3.164705554161883470e+02
1.377000000000000000e+05	3.164705554161883470e+02
1.377000000000000000e+05	3.164610602079072805e+02
1.386000000000000000e+05	3.164610602079072805e+02
1.386000000000000000e+05	3.193363054024345615e+02
1.395000000000000000e+05	3.193363054024345615e+02
1.395000000000000000e+05	3.186702355379086384e+02
1.404000000000000000e+05	3.186702355379086384e+02
1.404000000000000000e+05	3.155224478517192779e+02
1.413000000000000000e+05	3.155224478517192779e+02
1.413000000000000000e+05	3.183980450258801511e+02
1.422000000000000000e+05	3.183980450258801511e+02
1.422000000000000000e+05	3.212725638511006991e+02
1.431000000000000000e+05	3.212725638511006991e+02
1.431000000000000000e+05	3.218237132532647138e+02
1.440000000000000000e+05	3.218237132532647138e+02
1.440000000000000000e+05	3.238204050362061821e+02
1.449000000000000000e+05	3.238204050362061821e+02
1.449000000000000000e+05	3.238081536343176481e+02
1.458000000000000000e+05	3.238081536343176481e+02
1.458000000000000000e+05	3.237959068267048224e+02
1.467000000000000000e+05	3.237959068267048224e+02
1.467000000000000000e+05	3.237647172432237426e+02
1.476000000000000000e+05	3.237647172432237426e+02
1.476000000000000000e+05	3.248064728057324828e+02
1.485000000000000000e+05	3.248064728057324828e+02
1.485000000000000000e+05	3.247938516284302750e+02
1.494000000000000000e+05	3.247938516284302750e+02
1.494000000000000000e+05	3.247812351840696010e+02
1.503000000000000000e+05	3.247812351840696010e+02
1.503000000000000000e+05	3.247686234708755819e+02
1.512000000000000000e+05	3.247686234708755819e+02
1.512000000000000000e+05	3.247020525217633349e+02
1.521000000000000000e+05	3.247020525217633349e+02
1.521000000000000000e+05	3.268472356158175671e+02
1.530000000000000000e+05	3.268472356158175671e+02
1.530000000000000000e+05	3.268138491544616500e+02
1.539000000000000000e+05	3.268138491544616500e+02
1.539000000000000000e+05	3.267804752130287511e+02
1.548000000000000000e+05	3.267804752130287511e+02
1.548000000000000000e+05	3.242968851522323916e+02
1.557000000000000000e+05	3.242968851522323916e+02
1.557000000000000000e+05	3.241944550703002506e+02
1.566000000000000000e+05	3.241944550703002506e+02
1.566000000000000000e+05	3.242808426585737038e+02
1.575000000000000000e+05	3.242808426585737038e+02
1.575000000000000000e+05	3.244210777903074927e+02
1.584000000000000000e+05	3.244210777903074927e+02
1.584000000000000000e+05	3.258412121847520666e+02
1.593000000000000000e+05	3.258412121847520666e+02
1.593000000000000000e+05	3.258282029801827662e+02
1.602000000000000000e+05	3.258282029801827662e+02
1.602000000000000000e+05	3.258151986540651137e+02
1.611000000000000000e+05	3.258151986540651137e+02
1.611000000000000000e+05	3.251621991605696280e+02
1.620000000000000000e+05	3.251621991605696280e+02
1.620000000000000000e+05	3.251113874925782170e+02
1.629000000000000000e+05	3.251113874925782170e+02
1.629000000000000000e+05	3.250986519722685557e+02
1.638000000000000000e+05	3.250986519722685557e+02
1.638000000000000000e+05	3.249959212277789788e+02
1.647000000000000000e+05	3.249959212277789788e+02
1.647000000000000000e+05	3.186832289623185375e+02
1.656000000000000000e+05	3.186832289623185375e+02
1.656000000000000000e+05	3.189961855575874665e+02
1.665000000000000000e+05	3.189961855575874665e+02
1.665000000000000000e+05	3.189857432380034084e+02
1.674000000000000000e+05	3.189857432380034084e+02
1.674000000000000000e+05	3.189753048342891475e+02
1.683000000000000000e+05	3.189753048342891475e+02
1.683000000000000000e+05	3.189648703449760205e+02
1.692000000000000000e+05	3.189648703449760205e+02
1.692000000000000000e+05	3.189115146055075911e+02
1.701000000000000000e+05	3.189115146055075911e+02
1.701000000000000000e+05	3.189011040375305015e+02
1.710000000000000000e+05	3.189011040375305015e+02
1.710000000000000000e+05	3.188906973735164456e+02
1.719000000000000000e+05	3.188906973735164456e+02
1.719000000000000000e+05	3.188802946120013644e+02
1.728000000000000000e+05	3.188802946120013644e+02
1.728000000000000000e+05	3.188270876011962400e+02
1.737000000000000000e+05	3.188270876011962400e+02
1.737000000000000000e+05	3.188167086933457881e+02
1.746000000000000000e+05	3.188167086933457881e+02
1.746000000000000000e+05	3.188063336775857692e+02
1.755000000000000000e+05	3.188063336775857692e+02
1.755000000000000000e+05	3.187959625524564444e+02
1.764000000000000000e+05	3.187959625524564444e+02
1.764000000000000000e+05	3.187429040665579123e+02
1.773000000000000000e+05	3.187429040665579123e+02
1.773000000000000000e+05	3.188036093591118743e+02
1.782000000000000000e+05	3.188036093591118743e+02
1.782000000000000000e+05	3.187932392556022023e+02
1.791000000000000000e+05	3.187932392556022023e+02
1.791000000000000000e+05	3.187828730408813271e+02
1.800000000000000000e+05	3.187828730408813271e+02
1.800000000000000000e+05	3.183181737013056818e+02
1.809000000000000000e+05	3.183181737013056818e+02
1.809000000000000000e+05	3.183790382677465800e+02
1.818000000000000000e+05	3.183790382677465800e+02
1.818000000000000000e+05	3.183688273783961904e+02
1.827000000000000000e+05	3.183688273783961904e+02
1.827000000000000000e+05	3.183586203181292831e+02
1.836000000000000000e+05	3.183586203181292831e+02
1.836000000000000000e+05	3.188483569416688965e+02
1.845000000000000000e+05	3.188483569416688965e+02
1.845000000000000000e+05	3.188379700578157667e+02
1.854000000000000000e+05	3.188379700578157667e+02
1.854000000000000000e+05	3.188275870690441138e+02
1.863000000000000000e+05	3.188275870690441138e+02
1.863000000000000000e+05	3.231229974475774043e+02
1.872000000000000000e+05	3.231229974475774043e+02
1.872000000000000000e+05	3.192601353826215131e+02
1.881000000000000000e+05	3.192601353826215131e+02
1.881000000000000000e+05	3.220462643709280997e+02
1.890000000000000000e+05	3.220462643709280997e+02
1.890000000000000000e+05	3.272626308152200636e+02
1.899000000000000000e+05	3.272626308152200636e+02
1.899000000000000000e+05	3.272490885786643844e+02
1.908000000000000000e+05	3.272490885786643844e+02
1.908000000000000000e+05	3.229547757683945974e+02
1.917000000000000000e+05	3.229547757683945974e+02
1.917000000000000000e+05	3.252234921005808701e+02
1.926000000000000000e+05	3.252234921005808701e+02
1.926000000000000000e+05	3.252107145410431599e+02
1.935000000000000000e+05	3.252107145410431599e+02
1.935000000000000000e+05	3.251979417730902924e+02
1.944000000000000000e+05	3.251979417730902924e+02
1.944000000000000000e+05	3.233634615192903539e+02
1.953000000000000000e+05	3.233634615192903539e+02
1.953000000000000000e+05	3.263367455216393296e+02
1.962000000000000000e+05	3.263367455216393296e+02
1.962000000000000000e+05	3.263235504920687049e+02
1.971000000000000000e+05	3.263235504920687049e+02
1.971000000000000000e+05	3.263103604106341891e+02
1.980000000000000000e+05	3.263103604106341891e+02
1.980000000000000000e+05	3.234977349295328963e+02
1.989000000000000000e+05	3.234977349295328963e+02
1.989000000000000000e+05	3.205956045119343116e+02
1.998000000000000000e+05	3.205956045119343116e+02
1.998000000000000000e+05	3.205845624102423699e+02
2.007000000000000000e+05	3.205845624102423699e+02
2.007000000000000000e+05	3.204835244493385176e+02
2.016000000000000000e+05	3.204835244493385176e+02
2.016000000000000000e+05	3.204775781761027247e+02
2.025000000000000000e+05	3.204775781761027247e+02
2.025000000000000000e+05	3.203765803342866434e+02
2.034000000000000000e+05	3.203765803342866434e+02
2.034000000000000000e+05	3.202756203666612578e+02
2.043000000000000000e+05	3.202756203666612578e+02
2.043000000000000000e+05	3.201746982590237849e+02
2.052000000000000000e+05	3.201746982590237849e+02
2.052000000000000000e+05	3.200295666841579987e+02
2.061000000000000000e+05	3.200295666841579987e+02
2.061000000000000000e+05	3.199287368466514181e+02
2.070000000000000000e+05	3.199287368466514181e+02
2.070000000000000000e+05	3.199179448203339007e+02
2.079000000000000000e+05	3.199179448203339007e+02
2.079000000000000000e+05	3.198171568410263035e+02
2.088000000000000000e+05	3.198171568410263035e+02
2.088000000000000000e+05	3.197603932062752392e+02
2.097000000000000000e+05	3.197603932062752392e+02
2.097000000000000000e+05	3.197496643088228439e+02
2.106000000000000000e+05	3.197496643088228439e+02
2.106000000000000000e+05	3.197389394347070493e+02
2.115000000000000000e+05	3.197389394347070493e+02
2.115000000000000000e+05	3.197082185844190008e+02
2.124000000000000000e+05	3.197082185844190008e+02
2.124000000000000000e+05	3.196498430537473041e+02
2.133000000000000000e+05	3.196498430537473041e+02
2.133000000000000000e+05	3.225238924547074362e+02
2.142000000000000000e+05	3.225238924547074362e+02
2.142000000000000000e+05	3.225121272450369361e+02
2.151000000000000000e+05	3.225121272450369361e+02
2.151000000000000000e+05	3.224103664473200297e+02
2.160000000000000000e+05	3.224103664473200297e+02
2.160000000000000000e+05	3.192810588513633547e+02
2.169000000000000000e+05	3.192810588513633547e+02
2.169000000000000000e+05	3.192705097042941134e+02
2.178000000000000000e+05	3.192705097042941134e+02
2.178000000000000000e+05	3.192599645131550119e+02
2.187000000000000000e+05	3.192599645131550119e+02
2.187000000000000000e+05	3.221499999999998067e+02
2.196000000000000000e+05	3.221499999999998067e+02
2.196000000000000000e+05	3.179655514746465315e+02
2.205000000000000000e+05	3.179655514746465315e+02
2.205000000000000000e+05	3.179554956428435730e+02
2.214000000000000000e+05	3.179554956428435730e+02
2.214000000000000000e+05	3.179454435819774858e+02
2.223000000000000000e+05	3.179454435819774858e+02
2.223000000000000000e+05	3.179353952906342897e+02
2.232000000000000000e+05	3.179353952906342897e+02
2.232000000000000000e+05	3.178835422257019445e+02
2.241000000000000000e+05	3.178835422257019445e+02
2.241000000000000000e+05	3.178735171473672949e+02
2.250000000000000000e+05	3.178735171473672949e+02
2.250000000000000000e+05	3.178634958284370100e+02
2.259000000000000000e+05	3.178634958284370100e+02
2.259000000000000000e+05	3.177634782675013980e+02
2.268000000000000000e+05	3.177634782675013980e+02
2.268000000000000000e+05	3.177101928644240161e+02
2.277000000000000000e+05	3.177101928644240161e+02
2.277000000000000000e+05	3.177002327920998255e+02
2.286000000000000000e+05	3.177002327920998255e+02
2.286000000000000000e+05	3.176902764548028131e+02
2.295000000000000000e+05	3.176902764548028131e+02
2.295000000000000000e+05	3.175903238511322115e+02
2.304000000000000000e+05	3.175903238511322115e+02
2.304000000000000000e+05	3.175373330025719270e+02
2.313000000000000000e+05	3.175373330025719270e+02
2.313000000000000000e+05	3.175274377526959597e+02
2.322000000000000000e+05	3.175274377526959597e+02
2.322000000000000000e+05	3.224381974271158242e+02
2.331000000000000000e+05	3.224381974271158242e+02
2.331000000000000000e+05	3.223364643530806575e+02
2.340000000000000000e+05	3.223364643530806575e+02
2.340000000000000000e+05	3.170425089397590455e+02
2.349000000000000000e+05	3.170425089397590455e+02
2.349000000000000000e+05	3.170327992489066560e+02
2.358000000000000000e+05	3.170327992489066560e+02
2.358000000000000000e+05	3.170230931991883381e+02
2.367000000000000000e+05	3.170230931991883381e+02
2.367000000000000000e+05	3.170133907892385992e+02
2.376000000000000000e+05	3.170133907892385992e+02
2.376000000000000000e+05	3.169626549165627125e+02
2.385000000000000000e+05	3.169626549165627125e+02
2.385000000000000000e+05	3.168629751709690368e+02
2.394000000000000000e+05	3.168629751709690368e+02
2.394000000000000000e+05	3.168333328072799304e+02
2.403000000000000000e+05	3.168333328072799304e+02
2.403000000000000000e+05	3.164737015924771981e+02
2.412000000000000000e+05	3.164737015924771981e+02
2.412000000000000000e+05	3.164283524993661558e+02
2.421000000000000000e+05	3.164283524993661558e+02
2.421000000000000000e+05	3.163288731171788868e+02
2.430000000000000000e+05	3.163288731171788868e+02
2.430000000000000000e+05	3.163194310397599338e+02
2.439000000000000000e+05	3.163194310397599338e+02
2.439000000000000000e+05	3.163099925031200428e+02
2.448000000000000000e+05	3.163099925031200428e+02
2.448000000000000000e+05	3.162604235726326465e+02
2.457000000000000000e+05	3.162604235726326465e+02
2.457000000000000000e+05	3.162510071637929059e+02
2.466000000000000000e+05	3.162510071637929059e+02
2.466000000000000000e+05	3.221499999999999773e+02
2.475000000000000000e+05	3.221499999999999773e+02
2.475000000000000000e+05	3.197383748350000019e+02
2.484000000000000000e+05	3.197383748350000019e+02
2.484000000000000000e+05	3.184124205726449759e+02
2.493000000000000000e+05	3.184124205726449759e+02
2.493000000000000000e+05	3.184021971649302145e+02
2.502000000000000000e+05	3.184021971649302145e+02
2.502000000000000000e+05	3.238352271829049869e+02
2.511000000000000000e+05	3.238352271829049869e+02
2.511000000000000000e+05	3.218629702087114879e+02
2.520000000000000000e+05	3.218629702087114879e+02
2.520000000000000000e+05	3.181824171883213239e+02
2.529000000000000000e+05	3.181824171883213239e+02
2.529000000000000000e+05	3.181722800318756867e+02
2.538000000000000000e+05	3.181722800318756867e+02
2.538000000000000000e+05	3.181621466768637561e+02
2.547000000000000000e+05	3.181621466768637561e+02
2.547000000000000000e+05	3.181520171218598989e+02
2.556000000000000000e+05	3.181520171218598989e+02
2.556000000000000000e+05	3.186428862138130285e+02
2.565000000000000000e+05	3.186428862138130285e+02
2.565000000000000000e+05	3.235030637940942597e+02
2.574000000000000000e+05	3.235030637940942597e+02
2.574000000000000000e+05	3.271494022900487835e+02
2.583000000000000000e+05	3.271494022900487835e+02
2.583000000000000000e+05	3.271359025141900361e+02
2.592000000000000000e+05	3.271359025141900361e+02
2.592000000000000000e+05	3.228600792384306146e+02
2.601000000000000000e+05	3.228600792384306146e+02
2.601000000000000000e+05	3.228481879587162098e+02
2.610000000000000000e+05	3.228481879587162098e+02
2.610000000000000000e+05	3.228363011382317040e+02
2.619000000000000000e+05	3.228363011382317040e+02
2.619000000000000000e+05	3.228244187753048777e+02
2.628000000000000000e+05	3.228244187753048777e+02
2.628000000000000000e+05	3.227618336708504216e+02
2.637000000000000000e+05	3.227618336708504216e+02
2.637000000000000000e+05	3.227499792332238826e+02
2.646000000000000000e+05	3.227499792332238826e+02
2.646000000000000000e+05	3.227381292410114497e+02
2.655000000000000000e+05	3.227381292410114497e+02
2.655000000000000000e+05	3.227262836925460761e+02
2.664000000000000000e+05	3.227262836925460761e+02
2.664000000000000000e+05	3.226638994453933265e+02
2.673000000000000000e+05	3.226638994453933265e+02
2.673000000000000000e+05	3.226520817330985551e+02
2.682000000000000000e+05	3.226520817330985551e+02
2.682000000000000000e+05	3.226402684524487086e+02
2.691000000000000000e+05	3.226402684524487086e+02
2.691000000000000000e+05	3.226284596017790705e+02
2.700000000000000000e+05	3.226284596017790705e+02
2.700000000000000000e+05	3.239335063902041725e+02
2.709000000000000000e+05	3.239335063902041725e+02
2.709000000000000000e+05	3.239212125753078340e+02
2.718000000000000000e+05	3.239212125753078340e+02
2.718000000000000000e+05	3.239089233705920492e+02
2.727000000000000000e+05	3.239089233705920492e+02
2.727000000000000000e+05	3.238966387743280961e+02
2.736000000000000000e+05	3.238966387743280961e+02
2.736000000000000000e+05	3.235305860687259951e+02
2.745000000000000000e+05	3.235305860687259951e+02
2.745000000000000000e+05	3.268937703850605203e+02
2.754000000000000000e+05	3.268937703850605203e+02
2.754000000000000000e+05	3.268803664711660986e+02
2.763000000000000000e+05	3.268803664711660986e+02
2.763000000000000000e+05	3.268669675837394379e+02
2.772000000000000000e+05	3.268669675837394379e+02
2.772000000000000000e+05	3.247335587516189435e+02
2.781000000000000000e+05	3.247335587516189435e+02
2.781000000000000000e+05	3.268401848807502574e+02
2.790000000000000000e+05	3.268401848807502574e+02
2.790000000000000000e+05	3.268268010614200421e+02
2.799000000000000000e+05	3.268268010614200421e+02
2.799000000000000000e+05	3.268134222610220263e+02
2.808000000000000000e+05	3.268134222610220263e+02
2.808000000000000000e+05	3.243828661213390205e+02
2.817000000000000000e+05	3.243828661213390205e+02
2.817000000000000000e+05	3.267866797094951039e+02
2.826000000000000000e+05	3.267866797094951039e+02
2.826000000000000000e+05	3.267733159546040724e+02
2.835000000000000000e+05	3.267733159546040724e+02
2.835000000000000000e+05	3.267599572111211046e+02
2.844000000000000000e+05	3.267599572111211046e+02
2.844000000000000000e+05	3.251660282690351096e+02
2.853000000000000000e+05	3.251660282690351096e+02
2.853000000000000000e+05	3.238432547338630911e+02
2.862000000000000000e+05	3.238432547338630911e+02
2.862000000000000000e+05	3.238309947633379124e+02
2.871000000000000000e+05	3.238309947633379124e+02
2.871000000000000000e+05	3.237287393903016550e+02
2.880000000000000000e+05	3.237287393903016550e+02
2.880000000000000000e+05	3.231589471375899620e+02
2.889000000000000000e+05	3.231589471375899620e+02
2.889000000000000000e+05	3.230569437824133843e+02
2.898000000000000000e+05	3.230569437824133843e+02
2.898000000000000000e+05	3.229549786784949674e+02
2.907000000000000000e+05	3.229549786784949674e+02
2.907000000000000000e+05	3.221499999999999773e+02
2.916000000000000000e+05	3.221499999999999773e+02
2.916000000000000000e+05	3.223321827558182804e+02
2.925000000000000000e+05	3.223321827558182804e+02
2.925000000000000000e+05	3.222304894372848594e+02
2.934000000000000000e+05	3.222304894372848594e+02
2.934000000000000000e+05	3.222188342537457402e+02
2.943000000000000000e+05	3.222188342537457402e+02
2.943000000000000000e+05	3.221171834409004759e+02
2.952000000000000000e+05	3.221171834409004759e+02
2.952000000000000000e+05	3.220559609858953536e+02
2.961000000000000000e+05	3.220559609858953536e+02
2.961000000000000000e+05	3.220443712505256713e+02
2.970000000000000000e+05	3.220443712505256713e+02
2.970000000000000000e+05	3.220327858613067065e+02
2.979000000000000000e+05	3.220327858613067065e+02
2.979000000000000000e+05	3.220012048186086986e+02
2.988000000000000000e+05	3.220012048186086986e+02
2.988000000000000000e+05	3.219380381882093616e+02
2.997000000000000000e+05	3.219380381882093616e+02
2.997000000000000000e+05	3.219264926738887880e+02
3.006000000000000000e+05	3.219264926738887880e+02
3.006000000000000000e+05	3.219149514891359445e+02
3.015000000000000000e+05	3.219149514891359445e+02
3.015000000000000000e+05	3.218134146323274081e+02
3.024000000000000000e+05	3.218134146323274081e+02
3.024000000000000000e+05	3.216616698987676841e+02
3.033000000000000000e+05	3.216616698987676841e+02
3.033000000000000000e+05	3.216502280225556092e+02
3.042000000000000000e+05	3.216502280225556092e+02
3.042000000000000000e+05	3.216387904370471347e+02
3.051000000000000000e+05	3.216387904370471347e+02
3.051000000000000000e+05	3.216273571406333076e+02
3.060000000000000000e+05	3.216273571406333076e+02
3.060000000000000000e+05	3.214057480612937638e+02
3.069000000000000000e+05	3.214057480612937638e+02
3.069000000000000000e+05	3.213944021557708197e+02
3.078000000000000000e+05	3.213944021557708197e+02
3.078000000000000000e+05	3.213830605049624296e+02
3.087000000000000000e+05	3.213830605049624296e+02
3.087000000000000000e+05	3.213717231072730556e+02
3.096000000000000000e+05	3.213717231072730556e+02
3.096000000000000000e+05	3.213132300622436901e+02
3.105000000000000000e+05	3.213132300622436901e+02
3.105000000000000000e+05	3.213019188509703667e+02
3.114000000000000000e+05	3.213019188509703667e+02
3.114000000000000000e+05	3.212906118814012757e+02
3.123000000000000000e+05	3.212906118814012757e+02
3.123000000000000000e+05	3.211893091519457357e+02
3.132000000000000000e+05	3.211893091519457357e+02
3.132000000000000000e+05	3.214921568952131565e+02
3.141000000000000000e+05	3.214921568952131565e+02
3.141000000000000000e+05	3.214807785863774257e+02
3.150000000000000000e+05	3.214807785863774257e+02
3.150000000000000000e+05	3.214694045444075527e+02
3.159000000000000000e+05	3.214694045444075527e+02
3.159000000000000000e+05	3.203480347677033819e+02
3.168000000000000000e+05	3.203480347677033819e+02
3.168000000000000000e+05	3.203241114058083099e+02
3.177000000000000000e+05	3.203241114058083099e+02
3.177000000000000000e+05	3.203131711140310927e+02
3.186000000000000000e+05	3.203131711140310927e+02
3.186000000000000000e+05	3.203022349248633418e+02
3.195000000000000000e+05	3.203022349248633418e+02
3.195000000000000000e+05	3.202013028367665015e+02
3.204000000000000000e+05	3.202013028367665015e+02
3.204000000000000000e+05	3.201422319836289034e+02
3.213000000000000000e+05	3.201422319836289034e+02
3.213000000000000000e+05	3.201313598966350469e+02
3.222000000000000000e+05	3.201313598966350469e+02
3.222000000000000000e+05	3.201915445182527264e+02
3.231000000000000000e+05	3.201915445182527264e+02
3.231000000000000000e+05	3.202517065706373387e+02
3.240000000000000000e+05	3.202517065706373387e+02
3.240000000000000000e+05	3.214145409342303310e+02
3.249000000000000000e+05	3.214145409342303310e+02
3.249000000000000000e+05	3.213131917313799590e+02
3.258000000000000000e+05	3.213131917313799590e+02
3.258000000000000000e+05	3.212818805364806849e+02
3.267000000000000000e+05	3.212818805364806849e+02
3.267000000000000000e+05	3.212505810832795419e+02
3.276000000000000000e+05	3.212505810832795419e+02
3.276000000000000000e+05	3.211979795558377759e+02
3.285000000000000000e+05	3.211979795558377759e+02
3.285000000000000000e+05	3.210967115635043001e+02
3.294000000000000000e+05	3.210967115635043001e+02
3.294000000000000000e+05	3.210854815466680066e+02
3.303000000000000000e+05	3.210854815466680066e+02
3.303000000000000000e+05	3.210742557410879954e+02
3.312000000000000000e+05	3.210742557410879954e+02
3.312000000000000000e+05	3.210159250873834935e+02
3.321000000000000000e+05	3.210159250873834935e+02
3.321000000000000000e+05	3.210047253654756787e+02
3.330000000000000000e+05	3.210047253654756787e+02
3.330000000000000000e+05	3.209935298434636479e+02
3.339000000000000000e+05	3.209935298434636479e+02
3.339000000000000000e+05	3.203423384757723511e+02
3.348000000000000000e+05	3.203423384757723511e+02
3.348000000000000000e+05	3.202910827494388286e+02
3.357000000000000000e+05	3.202910827494388286e+02
3.357000000000000000e+05	3.202801548434077290e+02
3.366000000000000000e+05	3.202801548434077290e+02
3.366000000000000000e+05	3.201792310353414450e+02
3.375000000000000000e+05	3.201792310353414450e+02
3.375000000000000000e+05	3.182083450597032197e+02
3.384000000000000000e+05	3.182083450597032197e+02
3.384000000000000000e+05	3.181768488860503794e+02
3.393000000000000000e+05	3.181768488860503794e+02
3.393000000000000000e+05	3.181667138177181187e+02
3.402000000000000000e+05	3.181667138177181187e+02
3.402000000000000000e+05	3.181565825500364895e+02
3.411000000000000000e+05	3.181565825500364895e+02
3.411000000000000000e+05	3.181464550815801999e+02
3.420000000000000000e+05	3.181464550815801999e+02
3.420000000000000000e+05	3.180941883176180340e+02
3.429000000000000000e+05	3.180941883176180340e+02
3.429000000000000000e+05	3.180840842469988274e+02
3.438000000000000000e+05	3.180840842469988274e+02
3.438000000000000000e+05	3.180739839654062280e+02
3.447000000000000000e+05	3.180739839654062280e+02
3.447000000000000000e+05	3.180638874714192070e+02
3.456000000000000000e+05	3.180638874714192070e+02
3.456000000000000000e+05	3.180117733674925375e+02
3.465000000000000000e+05	3.180117733674925375e+02
3.465000000000000000e+05	3.180017002024796966e+02
3.474000000000000000e+05	3.180017002024796966e+02
3.474000000000000000e+05	3.180626834464827084e+02
3.483000000000000000e+05	3.180626834464827084e+02
3.483000000000000000e+05	3.181236438217692353e+02
3.492000000000000000e+05	3.181236438217692353e+02
3.492000000000000000e+05	3.192652416815216156e+02
3.501000000000000000e+05	3.192652416815216156e+02
3.501000000000000000e+05	3.192546984658910105e+02
3.510000000000000000e+05	3.192546984658910105e+02
3.510000000000000000e+05	3.192441592039663192e+02
3.519000000000000000e+05	3.192441592039663192e+02
3.519000000000000000e+05	3.192336238942648379e+02
3.528000000000000000e+05	3.192336238942648379e+02
3.528000000000000000e+05	3.191837271234028321e+02
3.537000000000000000e+05	3.191837271234028321e+02
3.537000000000000000e+05	3.191732144757315837e+02
3.546000000000000000e+05	3.191732144757315837e+02
3.546000000000000000e+05	3.192337584018821417e+02
3.555000000000000000e+05	3.192337584018821417e+02
3.555000000000000000e+05	3.192942796240603798e+02
3.564000000000000000e+05	3.192942796240603798e+02
3.564000000000000000e+05	3.204900432881143502e+02
3.573000000000000000e+05	3.204900432881143502e+02
3.573000000000000000e+05	3.233637776139864854e+02
3.582000000000000000e+05	3.233637776139864854e+02
3.582000000000000000e+05	3.233516974473812411e+02
3.591000000000000000e+05	3.233516974473812411e+02
3.591000000000000000e+05	3.233396218108384801e+02
3.600000000000000000e+05	3.233396218108384801e+02
3.600000000000000000e+05	3.206307049934249562e+02
3.609000000000000000e+05	3.206307049934249562e+02
3.609000000000000000e+05	3.261493043678423192e+02
3.618000000000000000e+05	3.261493043678423192e+02
3.618000000000000000e+05	3.261361796287044399e+02
3.627000000000000000e+05	3.261361796287044399e+02
3.627000000000000000e+05	3.261230598113436940e+02
3.636000000000000000e+05	3.261230598113436940e+02
3.636000000000000000e+05	3.214625511346567919e+02
3.645000000000000000e+05	3.214625511346567919e+02
3.645000000000000000e+05	3.239459839279812741e+02
3.654000000000000000e+05	3.239459839279812741e+02
3.654000000000000000e+05	3.239336854340082823e+02
3.663000000000000000e+05	3.239336854340082823e+02
3.663000000000000000e+05	3.239213915519705438e+02
3.672000000000000000e+05	3.239213915519705438e+02
3.672000000000000000e+05	3.210098079542287337e+02
3.681000000000000000e+05	3.210098079542287337e+02
3.681000000000000000e+05	3.260444441611910520e+02
3.690000000000000000e+05	3.260444441611910520e+02
3.690000000000000000e+05	3.260313587446306087e+02
3.699000000000000000e+05	3.260313587446306087e+02
3.699000000000000000e+05	3.260182782351014339e+02
3.708000000000000000e+05	3.260182782351014339e+02
3.708000000000000000e+05	3.221185611958144364e+02
3.717000000000000000e+05	3.221185611958144364e+02
3.717000000000000000e+05	3.192169479683660143e+02
3.726000000000000000e+05	3.192169479683660143e+02
3.726000000000000000e+05	3.192064228628779006e+02
3.735000000000000000e+05	3.192064228628779006e+02
3.735000000000000000e+05	3.191059017043043013e+02
3.744000000000000000e+05	3.191059017043043013e+02
3.744000000000000000e+05	3.191026962994204723e+02
3.753000000000000000e+05	3.191026962994204723e+02
3.753000000000000000e+05	3.190022140383081819e+02
3.762000000000000000e+05	3.190022140383081819e+02
3.762000000000000000e+05	3.189017694580437592e+02
3.771000000000000000e+05	3.189017694580437592e+02
3.771000000000000000e+05	3.188013625444970671e+02
3.780000000000000000e+05	3.188013625444970671e+02
3.780000000000000000e+05	3.186589675240344945e+02
3.789000000000000000e+05	3.186589675240344945e+02
3.789000000000000000e+05	3.185586516612129344e+02
3.798000000000000000e+05	3.185586516612129344e+02
3.798000000000000000e+05	3.204518233727660572e+02
3.807000000000000000e+05	3.204518233727660572e+02
3.807000000000000000e+05	3.203508351890012591e+02
3.816000000000000000e+05	3.203508351890012591e+02
3.816000000000000000e+05	3.189016499089552781e+02
3.825000000000000000e+05	3.189016499089552781e+02
3.825000000000000000e+05	3.188912430402394307e+02
3.834000000000000000e+05	3.188912430402394307e+02
3.834000000000000000e+05	3.188808400740993534e+02
3.843000000000000000e+05	3.188808400740993534e+02
3.843000000000000000e+05	3.188504410110715526e+02
3.852000000000000000e+05	3.188504410110715526e+02
3.852000000000000000e+05	3.187946841046550617e+02
3.861000000000000000e+05	3.187946841046550617e+02
3.861000000000000000e+05	3.222633306226548484e+02
3.870000000000000000e+05	3.222633306226548484e+02
3.870000000000000000e+05	3.222516631236713351e+02
3.879000000000000000e+05	3.222516631236713351e+02
3.879000000000000000e+05	3.221499999999999773e+02
3.888000000000000000e+05	3.221499999999999773e+02
3.888000000000000000e+05	3.195777069691982319e+02
3.897000000000000000e+05	3.195777069691982319e+02
3.897000000000000000e+05	3.195670465790847743e+02
3.906000000000000000e+05	3.195670465790847743e+02
3.906000000000000000e+05	3.195563901866175911e+02
3.915000000000000000e+05	3.195563901866175911e+02
3.915000000000000000e+05	3.195457377902976646e+02
3.924000000000000000e+05	3.195457377902976646e+02
3.924000000000000000e+05	3.194413231162474744e+02
3.933000000000000000e+05	3.194413231162474744e+02
3.933000000000000000e+05	3.194307138700788187e+02
3.942000000000000000e+05	3.194307138700788187e+02
3.942000000000000000e+05	3.194201086023775247e+02
3.951000000000000000e+05	3.194201086023775247e+02
3.951000000000000000e+05	3.194095073116516232e+02
3.960000000000000000e+05	3.194095073116516232e+02
3.960000000000000000e+05	3.193542225741828133e+02
3.969000000000000000e+05	3.193542225741828133e+02
3.969000000000000000e+05	3.193436459907175049e+02
3.978000000000000000e+05	3.193436459907175049e+02
3.978000000000000000e+05	3.193330733734709952e+02
3.987000000000000000e+05	3.193330733734709952e+02
3.987000000000000000e+05	3.192325047209559443e+02
3.996000000000000000e+05	3.192325047209559443e+02
3.996000000000000000e+05	3.191762969864184356e+02
4.005000000000000000e+05	3.191762969864184356e+02
4.005000000000000000e+05	3.191657871250484959e+02
4.014000000000000000e+05	3.191657871250484959e+02
4.014000000000000000e+05	3.191552812048765873e+02
4.023000000000000000e+05	3.191552812048765873e+02
4.023000000000000000e+05	3.190547792244247489e+02
4.032000000000000000e+05	3.190547792244247489e+02
4.032000000000000000e+05	3.189988777125069532e+02
4.041000000000000000e+05	3.189988777125069532e+02
4.041000000000000000e+05	3.189884343833635967e+02
4.050000000000000000e+05	3.189884343833635967e+02
4.050000000000000000e+05	3.189779949704698652e+02
4.059000000000000000e+05	3.189779949704698652e+02
4.059000000000000000e+05	3.188775594723559834e+02
4.068000000000000000e+05	3.188775594723559834e+02
4.068000000000000000e+05	3.188219632403642549e+02
4.077000000000000000e+05	3.188219632403642549e+02
4.077000000000000000e+05	3.188115862541491197e+02
4.086000000000000000e+05	3.188115862541491197e+02
4.086000000000000000e+05	3.188012131593038134e+02
4.095000000000000000e+05	3.188012131593038134e+02
4.095000000000000000e+05	3.187908439543691088e+02
4.104000000000000000e+05	3.187908439543691088e+02
4.104000000000000000e+05	3.187368066602855947e+02
4.113000000000000000e+05	3.187368066602855947e+02
4.113000000000000000e+05	3.186364616077879646e+02
4.122000000000000000e+05	3.186364616077879646e+02
4.122000000000000000e+05	3.186061541866850462e+02
4.131000000000000000e+05	3.186061541866850462e+02
4.131000000000000000e+05	3.185758581308650150e+02
4.140000000000000000e+05	3.185758581308650150e+02
4.140000000000000000e+05	3.185218714234216577e+02
4.149000000000000000e+05	3.185218714234216577e+02
4.149000000000000000e+05	3.184216069716378570e+02
4.158000000000000000e+05	3.184216069716378570e+02
4.158000000000000000e+05	3.184113801190234767e+02
4.167000000000000000e+05	3.184113801190234767e+02
4.167000000000000000e+05	3.184011571014788728e+02
4.176000000000000000e+05	3.184011571014788728e+02
4.176000000000000000e+05	3.183469677272325953e+02
4.185000000000000000e+05	3.183469677272325953e+02
4.185000000000000000e+05	3.183367688643348288e+02
4.194000000000000000e+05	3.183367688643348288e+02
4.194000000000000000e+05	3.183265738260107014e+02
4.203000000000000000e+05	3.183265738260107014e+02
4.203000000000000000e+05	3.176763825668259642e+02
4.212000000000000000e+05	3.176763825668259642e+02
4.212000000000000000e+05	3.176292487753898399e+02
4.221000000000000000e+05	3.176292487753898399e+02
4.221000000000000000e+05	3.219251085307832909e+02
4.230000000000000000e+05	3.219251085307832909e+02
4.230000000000000000e+05	3.218235678650842146e+02
4.239000000000000000e+05	3.218235678650842146e+02
4.239000000000000000e+05	3.198520652631348185e+02
4.248000000000000000e+05	3.198520652631348185e+02
4.248000000000000000e+05	3.162378663937730039e+02
4.257000000000000000e+05	3.162378663937730039e+02
4.257000000000000000e+05	3.162284584438753541e+02
4.266000000000000000e+05	3.162284584438753541e+02
4.266000000000000000e+05	3.162190540219589252e+02
4.275000000000000000e+05	3.162190540219589252e+02
4.275000000000000000e+05	3.162096531267006299e+02
4.284000000000000000e+05	3.162096531267006299e+02
4.284000000000000000e+05	3.161611687348469104e+02
4.293000000000000000e+05	3.161611687348469104e+02
4.293000000000000000e+05	3.186465895465713061e+02
4.302000000000000000e+05	3.186465895465713061e+02
4.302000000000000000e+05	3.218561832766179123e+02
4.311000000000000000e+05	3.218561832766179123e+02
4.311000000000000000e+05	3.218446684578892132e+02
4.320000000000000000e+05	3.218446684578892132e+02
4.320000000000000000e+05	3.225214545879458115e+02
4.329000000000000000e+05	3.225214545879458115e+02
4.329000000000000000e+05	3.250981321854642374e+02
4.338000000000000000e+05	3.250981321854642374e+02
4.338000000000000000e+05	3.277439203385134192e+02
4.347000000000000000e+05	3.277439203385134192e+02
4.347000000000000000e+05	3.277301976183864554e+02
4.356000000000000000e+05	3.277301976183864554e+02
4.356000000000000000e+05	3.256345533111686450e+02
4.365000000000000000e+05	3.256345533111686450e+02
4.365000000000000000e+05	3.256216216036769424e+02
4.374000000000000000e+05	3.256216216036769424e+02
4.374000000000000000e+05	3.256086947455755762e+02
4.383000000000000000e+05	3.256086947455755762e+02
4.383000000000000000e+05	3.255957727350460118e+02
4.392000000000000000e+05	3.255957727350460118e+02
4.392000000000000000e+05	3.255275809016394533e+02
4.401000000000000000e+05	3.255275809016394533e+02
4.401000000000000000e+05	3.255146893088013940e+02
4.410000000000000000e+05	3.255146893088013940e+02
4.410000000000000000e+05	3.255018025503105719e+02
4.419000000000000000e+05	3.255018025503105719e+02
4.419000000000000000e+05	3.254889206243542503e+02
4.428000000000000000e+05	3.254889206243542503e+02
4.428000000000000000e+05	3.253642520515909382e+02
4.437000000000000000e+05	3.253642520515909382e+02
4.437000000000000000e+05	3.278462217070716065e+02
4.446000000000000000e+05	3.278462217070716065e+02
4.446000000000000000e+05	3.278324606239314676e+02
4.455000000000000000e+05	3.278324606239314676e+02
4.455000000000000000e+05	3.278187047011974755e+02
4.464000000000000000e+05	3.278187047011974755e+02
4.464000000000000000e+05	3.267692215213890563e+02
4.473000000000000000e+05	3.267692215213890563e+02
4.473000000000000000e+05	3.267558643133185114e+02
4.482000000000000000e+05	3.267558643133185114e+02
4.482000000000000000e+05	3.267425121142010198e+02
4.491000000000000000e+05	3.267425121142010198e+02
4.491000000000000000e+05	3.267291649221582475e+02
4.500000000000000000e+05	3.267291649221582475e+02
4.500000000000000000e+05	3.266586784053700399e+02
4.509000000000000000e+05	3.266586784053700399e+02
4.509000000000000000e+05	3.266453626509680817e+02
4.518000000000000000e+05	3.266453626509680817e+02
4.518000000000000000e+05	3.266320518899739795e+02
4.527000000000000000e+05	3.266320518899739795e+02
4.527000000000000000e+05	3.266187461205152545e+02
4.536000000000000000e+05	3.266187461205152545e+02
4.536000000000000000e+05	3.265484884261497882e+02
4.545000000000000000e+05	3.265484884261497882e+02
4.545000000000000000e+05	3.265352139929900090e+02
4.554000000000000000e+05	3.265352139929900090e+02
4.554000000000000000e+05	3.265219445377426837e+02
4.563000000000000000e+05	3.265219445377426837e+02
4.563000000000000000e+05	3.265086800585410174e+02
4.572000000000000000e+05	3.265086800585410174e+02
4.572000000000000000e+05	3.264386503029011237e+02
4.581000000000000000e+05	3.264386503029011237e+02
4.581000000000000000e+05	3.235354170420375226e+02
4.590000000000000000e+05	3.235354170420375226e+02
4.590000000000000000e+05	3.235232725106466205e+02
4.599000000000000000e+05	3.235232725106466205e+02
4.599000000000000000e+05	3.234211325334551361e+02
4.608000000000000000e+05	3.234211325334551361e+02
4.608000000000000000e+05	3.234091983213462527e+02
4.617000000000000000e+05	3.234091983213462527e+02
4.617000000000000000e+05	3.233071011219757338e+02
4.626000000000000000e+05	3.233071011219757338e+02
4.626000000000000000e+05	3.232050422090549660e+02
4.635000000000000000e+05	3.232050422090549660e+02
4.635000000000000000e+05	3.231030215682265521e+02
4.644000000000000000e+05	3.231030215682265521e+02
4.644000000000000000e+05	3.229519333568505886e+02
4.653000000000000000e+05	3.229519333568505886e+02
4.653000000000000000e+05	3.228500076318417200e+02
4.662000000000000000e+05	3.228500076318417200e+02
4.662000000000000000e+05	3.228381201289797673e+02
4.671000000000000000e+05	3.228381201289797673e+02
4.671000000000000000e+05	3.227362370839313712e+02
4.680000000000000000e+05	3.227362370839313712e+02
4.680000000000000000e+05	3.226735362878865772e+02
4.689000000000000000e+05	3.226735362878865772e+02
4.689000000000000000e+05	3.226617149617786140e+02
4.698000000000000000e+05	3.226617149617786140e+02
4.698000000000000000e+05	3.226498980686679943e+02
4.707000000000000000e+05	3.226498980686679943e+02
4.707000000000000000e+05	3.226180856088922155e+02
4.716000000000000000e+05	3.226180856088922155e+02
4.716000000000000000e+05	3.225539168460701376e+02
4.725000000000000000e+05	3.225539168460701376e+02
4.725000000000000000e+05	3.246795238162422947e+02
4.734000000000000000e+05	3.246795238162422947e+02
4.734000000000000000e+05	3.246669502448112326e+02
4.743000000000000000e+05	3.246669502448112326e+02
4.743000000000000000e+05	3.245643813884694282e+02
4.752000000000000000e+05	3.245643813884694282e+02
4.752000000000000000e+05	3.210467422510566280e+02
4.761000000000000000e+05	3.210467422510566280e+02
4.761000000000000000e+05	3.221499999999999773e+02
4.770000000000000000e+05	3.221499999999999773e+02
4.770000000000000000e+05	3.221383749999999964e+02
4.779000000000000000e+05	3.221383749999999964e+02
4.779000000000000000e+05	3.221978069909539499e+02
4.788000000000000000e+05	3.221978069909539499e+02
4.788000000000000000e+05	3.218849176753222991e+02
4.797000000000000000e+05	3.218849176753222991e+02
4.797000000000000000e+05	3.218733920811940266e+02
4.806000000000000000e+05	3.218733920811940266e+02
4.806000000000000000e+05	3.218618708091635767e+02
4.815000000000000000e+05	3.218618708091635767e+02
4.815000000000000000e+05	3.218503538576101732e+02
4.824000000000000000e+05	3.218503538576101732e+02
4.824000000000000000e+05	3.217900208878338617e+02
4.833000000000000000e+05	3.217900208878338617e+02
4.833000000000000000e+05	3.217785308800008579e+02
4.842000000000000000e+05	3.217785308800008579e+02
4.842000000000000000e+05	3.217670451809208885e+02
4.851000000000000000e+05	3.217670451809208885e+02
4.851000000000000000e+05	3.217366164205569703e+02
4.860000000000000000e+05	3.217366164205569703e+02
4.860000000000000000e+05	3.216146296324229183e+02
4.869000000000000000e+05	3.216146296324229183e+02
4.869000000000000000e+05	3.216032053963106705e+02
4.878000000000000000e+05	3.216032053963106705e+02
4.878000000000000000e+05	3.215917854442870407e+02
4.887000000000000000e+05	3.215917854442870407e+02
4.887000000000000000e+05	3.214903697747454316e+02
4.896000000000000000e+05	3.214903697747454316e+02
4.896000000000000000e+05	3.214306134199828193e+02
4.905000000000000000e+05	3.214306134199828193e+02
4.905000000000000000e+05	3.214192581899503125e+02
4.914000000000000000e+05	3.214192581899503125e+02
4.914000000000000000e+05	3.214079072181290826e+02
4.923000000000000000e+05	3.214079072181290826e+02
4.923000000000000000e+05	3.213065605029223093e+02
4.932000000000000000e+05	3.213065605029223093e+02
4.932000000000000000e+05	3.212471144452844101e+02
4.941000000000000000e+05	3.212471144452844101e+02
4.941000000000000000e+05	3.213068806589462838e+02
4.950000000000000000e+05	3.213068806589462838e+02
4.950000000000000000e+05	3.212955718286991669e+02
4.959000000000000000e+05	3.212955718286991669e+02
4.959000000000000000e+05	3.212842672392634427e+02
4.968000000000000000e+05	3.212842672392634427e+02
4.968000000000000000e+05	3.207567452513146691e+02
4.977000000000000000e+05	3.207567452513146691e+02
4.977000000000000000e+05	3.206556427218454246e+02
4.986000000000000000e+05	3.206556427218454246e+02
4.986000000000000000e+05	3.206245781078247319e+02
4.995000000000000000e+05	3.206245781078247319e+02
4.995000000000000000e+05	3.205935251430342987e+02
5.004000000000000000e+05	3.205935251430342987e+02
5.004000000000000000e+05	3.201937099263998334e+02
5.013000000000000000e+05	3.201937099263998334e+02
5.013000000000000000e+05	3.201638711667562802e+02
5.022000000000000000e+05	3.201638711667562802e+02
5.022000000000000000e+05	3.201529909650687387e+02
5.031000000000000000e+05	3.201529909650687387e+02
5.031000000000000000e+05	3.202131674750357888e+02
5.040000000000000000e+05	3.202131674750357888e+02
5.040000000000000000e+05	3.208792321521731878e+02
5.049000000000000000e+05	3.208792321521731878e+02
5.049000000000000000e+05	3.208680836901161229e+02
5.058000000000000000e+05	3.208680836901161229e+02
5.058000000000000000e+05	3.221499999999998636e+02
5.067000000000000000e+05	3.221499999999998636e+02
5.067000000000000000e+05	3.197383748349998882e+02
5.076000000000000000e+05	3.197383748349998882e+02
5.076000000000000000e+05	3.185048262552841152e+02
5.085000000000000000e+05	3.185048262552841152e+02
5.085000000000000000e+05	3.184945681954383190e+02
5.094000000000000000e+05	3.184945681954383190e+02
5.094000000000000000e+05	3.183943139823650199e+02
5.103000000000000000e+05	3.183943139823650199e+02
5.103000000000000000e+05	3.164240973506216505e+02
5.112000000000000000e+05	3.164240973506216505e+02
5.112000000000000000e+05	3.163955944311590542e+02
5.121000000000000000e+05	3.163955944311590542e+02
5.121000000000000000e+05	3.163861273332474298e+02
5.130000000000000000e+05	3.163861273332474298e+02
5.130000000000000000e+05	3.163766637854974419e+02
5.139000000000000000e+05	3.163766637854974419e+02
5.139000000000000000e+05	3.163672037865778748e+02
5.148000000000000000e+05	3.163672037865778748e+02
5.148000000000000000e+05	3.163185580105174495e+02
5.157000000000000000e+05	3.163185580105174495e+02
5.157000000000000000e+05	3.163091198012634209e+02
5.166000000000000000e+05	3.163091198012634209e+02
5.166000000000000000e+05	3.162996851313379238e+02
5.175000000000000000e+05	3.162996851313379238e+02
5.175000000000000000e+05	3.162902539994137214e+02
5.184000000000000000e+05	3.162902539994137214e+02
5.184000000000000000e+05	3.162417477857378572e+02
5.193000000000000000e+05	3.162417477857378572e+02
5.193000000000000000e+05	3.162323383803181969e+02
5.202000000000000000e+05	3.162323383803181969e+02
5.202000000000000000e+05	3.162229325034255680e+02
5.211000000000000000e+05	3.162229325034255680e+02
5.211000000000000000e+05	3.162135301537368264e+02
5.220000000000000000e+05	3.162135301537368264e+02
5.220000000000000000e+05	3.161651632279778141e+02
5.229000000000000000e+05	3.161651632279778141e+02
5.229000000000000000e+05	3.161557825417672234e+02
5.238000000000000000e+05	3.161557825417672234e+02
5.238000000000000000e+05	3.161464053733140531e+02
5.247000000000000000e+05	3.161464053733140531e+02
5.247000000000000000e+05	3.161370317212990813e+02
5.256000000000000000e+05	3.161370317212990813e+02
5.256000000000000000e+05	3.160888038042501194e+02
5.265000000000000000e+05	3.160888038042501194e+02
5.265000000000000000e+05	3.183736000512186024e+02
5.274000000000000000e+05	3.183736000512186024e+02
5.274000000000000000e+05	3.183633912011994198e+02
5.283000000000000000e+05	3.183633912011994198e+02
5.283000000000000000e+05	3.183531861794989481e+02
5.292000000000000000e+05	3.183531861794989481e+02
5.292000000000000000e+05	3.172212513297002374e+02
5.301000000000000000e+05	3.172212513297002374e+02
5.301000000000000000e+05	3.172114746104516030e+02
5.310000000000000000e+05	3.172114746104516030e+02
5.310000000000000000e+05	3.172017015574726884e+02
5.319000000000000000e+05	3.172017015574726884e+02
5.319000000000000000e+05	3.171919321693886218e+02
5.328000000000000000e+05	3.171919321693886218e+02
5.328000000000000000e+05	3.181071294424209555e+02
5.337000000000000000e+05	3.181071294424209555e+02
5.337000000000000000e+05	3.209817573609852843e+02
5.346000000000000000e+05	3.209817573609852843e+02
5.346000000000000000e+05	3.209705704519749361e+02
5.355000000000000000e+05	3.209705704519749361e+02
5.355000000000000000e+05	3.209593877380554545e+02
5.364000000000000000e+05	3.209593877380554545e+02
5.364000000000000000e+05	3.186296977369127035e+02
5.373000000000000000e+05	3.186296977369127035e+02
5.373000000000000000e+05	3.186193928502613630e+02
5.382000000000000000e+05	3.186193928502613630e+02
5.382000000000000000e+05	3.234806357809987389e+02
5.391000000000000000e+05	3.234806357809987389e+02
5.391000000000000000e+05	3.262084420890315641e+02
5.400000000000000000e+05	3.262084420890315641e+02
5.400000000000000000e+05	3.222049377127405023e+02
5.409000000000000000e+05	3.222049377127405023e+02
5.409000000000000000e+05	3.221932921110982306e+02
5.418000000000000000e+05	3.221932921110982306e+02
5.418000000000000000e+05	3.241499999999999773e+02
5.427000000000000000e+05	3.241499999999999773e+02
5.427000000000000000e+05	3.261558839990642014e+02
5.436000000000000000e+05	3.261558839990642014e+02
5.436000000000000000e+05	3.252234445022915565e+02
5.445000000000000000e+05	3.252234445022915565e+02
5.445000000000000000e+05	3.223206669436031575e+02
5.454000000000000000e+05	3.223206669436031575e+02
5.454000000000000000e+05	3.223089779434993147e+02
5.463000000000000000e+05	3.223089779434993147e+02
5.463000000000000000e+05	3.222072933267705253e+02
5.472000000000000000e+05	3.222072933267705253e+02
5.472000000000000000e+05	3.221973723390722739e+02
5.481000000000000000e+05	3.221973723390722739e+02
5.481000000000000000e+05	3.220957295744451017e+02
5.490000000000000000e+05	3.220957295744451017e+02
5.490000000000000000e+05	3.219941249258546918e+02
5.499000000000000000e+05	3.219941249258546918e+02
5.499000000000000000e+05	3.218925583790074825e+02
5.508000000000000000e+05	3.218925583790074825e+02
5.508000000000000000e+05	3.217435660741759875e+02
5.517000000000000000e+05	3.217435660741759875e+02
5.517000000000000000e+05	3.216420934868981476e+02
5.526000000000000000e+05	3.216420934868981476e+02
5.526000000000000000e+05	3.216306589518405872e+02
5.535000000000000000e+05	3.216306589518405872e+02
5.535000000000000000e+05	3.215292287047336117e+02
5.544000000000000000e+05	3.215292287047336117e+02
5.544000000000000000e+05	3.214686291775931295e+02
5.553000000000000000e+05	3.214686291775931295e+02
5.553000000000000000e+05	3.214572596916515295e+02
5.562000000000000000e+05	3.214572596916515295e+02
5.562000000000000000e+05	3.214458944692671594e+02
5.571000000000000000e+05	3.214458944692671594e+02
5.571000000000000000e+05	3.214145335108412382e+02
5.580000000000000000e+05	3.214145335108412382e+02
5.580000000000000000e+05	3.213524685191674735e+02
5.589000000000000000e+05	3.213524685191674735e+02
5.589000000000000000e+05	3.213411425934727959e+02
5.598000000000000000e+05	3.213411425934727959e+02
5.598000000000000000e+05	3.213298209150002549e+02
5.607000000000000000e+05	3.213298209150002549e+02
5.607000000000000000e+05	3.212285034821571799e+02
5.616000000000000000e+05	3.212285034821571799e+02
5.616000000000000000e+05	3.210778824159825149e+02
5.625000000000000000e+05	3.210778824159825149e+02
5.625000000000000000e+05	3.210666594600765507e+02
5.634000000000000000e+05	3.210666594600765507e+02
5.634000000000000000e+05	3.231083295372009729e+02
5.643000000000000000e+05	3.231083295372009729e+02
5.643000000000000000e+05	3.230963451636245054e+02
5.652000000000000000e+05	3.230963451636245054e+02
5.652000000000000000e+05	3.199230316160798111e+02
5.661000000000000000e+05	3.199230316160798111e+02
5.661000000000000000e+05	3.199122417292238083e+02
5.670000000000000000e+05	3.199122417292238083e+02
5.670000000000000000e+05	3.199014558885753559e+02
5.679000000000000000e+05	3.199014558885753559e+02
5.679000000000000000e+05	3.198906740926171324e+02
5.688000000000000000e+05	3.198906740926171324e+02
5.688000000000000000e+05	3.198352416932373217e+02
5.697000000000000000e+05	3.198352416932373217e+02
5.697000000000000000e+05	3.198244847276023393e+02
5.706000000000000000e+05	3.198244847276023393e+02
5.706000000000000000e+05	3.198137317958294830e+02
5.715000000000000000e+05	3.198137317958294830e+02
5.715000000000000000e+05	3.197129828964060607e+02
5.724000000000000000e+05	3.197129828964060607e+02
5.724000000000000000e+05	3.196550200610376464e+02
5.733000000000000000e+05	3.196550200610376464e+02
5.733000000000000000e+05	3.196443306785147911e+02
5.742000000000000000e+05	3.196443306785147911e+02
5.742000000000000000e+05	3.196336453045103667e+02
5.751000000000000000e+05	3.196336453045103667e+02
5.751000000000000000e+05	3.195329639375211741e+02
5.760000000000000000e+05	3.195329639375211741e+02
5.760000000000000000e+05	3.194753157843243230e+02
5.769000000000000000e+05	3.194753157843243230e+02
5.769000000000000000e+05	3.194646937909051871e+02
5.778000000000000000e+05	3.194646937909051871e+02
5.778000000000000000e+05	3.194540757807336036e+02
5.787000000000000000e+05	3.194540757807336036e+02
5.787000000000000000e+05	3.193534617523158090e+02
5.796000000000000000e+05	3.193534617523158090e+02
5.796000000000000000e+05	3.192961273825309263e+02
5.805000000000000000e+05	3.192961273825309263e+02
5.805000000000000000e+05	3.192855725847624626e+02
5.814000000000000000e+05	3.192855725847624626e+02
5.814000000000000000e+05	3.192750217450432046e+02
5.823000000000000000e+05	3.192750217450432046e+02
5.823000000000000000e+05	3.192644748618888002e+02
5.832000000000000000e+05	3.192644748618888002e+02
5.832000000000000000e+05	3.192098775946915339e+02
5.841000000000000000e+05	3.192098775946915339e+02
5.841000000000000000e+05	3.188438551405935186e+02
5.850000000000000000e+05	3.188438551405935186e+02
5.850000000000000000e+05	3.188134699469158022e+02
5.859000000000000000e+05	3.188134699469158022e+02
5.859000000000000000e+05	3.187830961476856828e+02
5.868000000000000000e+05	3.187830961476856828e+02
5.868000000000000000e+05	3.187325973092844151e+02
5.877000000000000000e+05	3.187325973092844151e+02
5.877000000000000000e+05	3.186322538352933975e+02
5.886000000000000000e+05	3.186322538352933975e+02
5.886000000000000000e+05	3.186219479901051841e+02
5.895000000000000000e+05	3.186219479901051841e+02
5.895000000000000000e+05	3.186116460096089327e+02
5.904000000000000000e+05	3.186116460096089327e+02
5.904000000000000000e+05	3.185560759779720570e+02
5.913000000000000000e+05	3.185560759779720570e+02
5.913000000000000000e+05	3.185457986994803150e+02
5.922000000000000000e+05	3.185457986994803150e+02
5.922000000000000000e+05	3.185355252749679948e+02
5.931000000000000000e+05	3.185355252749679948e+02
5.931000000000000000e+05	3.178852556589899336e+02
5.940000000000000000e+05	3.178852556589899336e+02
5.940000000000000000e+05	3.178367326120643952e+02
5.949000000000000000e+05	3.178367326120643952e+02
5.949000000000000000e+05	3.178267250873348644e+02
5.958000000000000000e+05	3.178267250873348644e+02
5.958000000000000000e+05	3.177267213154270848e+02
5.967000000000000000e+05	3.177267213154270848e+02
5.967000000000000000e+05	3.157567550309338458e+02
5.976000000000000000e+05	3.157567550309338458e+02
5.976000000000000000e+05	3.157279751802051919e+02
5.985000000000000000e+05	3.157279751802051919e+02
5.985000000000000000e+05	3.157187584395126123e+02
5.994000000000000000e+05	3.157187584395126123e+02
5.994000000000000000e+05	3.157095451550977714e+02
6.003000000000000000e+05	3.157095451550977714e+02
6.003000000000000000e+05	3.157003353256645823e+02
6.012000000000000000e+05	3.157003353256645823e+02
6.012000000000000000e+05	3.156532247973731273e+02
6.021000000000000000e+05	3.156532247973731273e+02
6.021000000000000000e+05	3.156440360880740172e+02
6.030000000000000000e+05	3.156440360880740172e+02
6.030000000000000000e+05	3.196073795680755438e+02
6.039000000000000000e+05	3.196073795680755438e+02
6.039000000000000000e+05	3.195967080507376181e+02
6.048000000000000000e+05	3.195967080507376181e+02
