# #1
# double T_supply_HP_heat(1344, 2)
0.000000000000000000e+00	3.281499999999999773e+02
9.000000000000000000e+02	3.281499999999999773e+02
9.000000000000000000e+02	3.281499999999999773e+02
1.800000000000000000e+03	3.281499999999999773e+02
1.800000000000000000e+03	2.981499999999999773e+02
2.700000000000000000e+03	2.981499999999999773e+02
2.700000000000000000e+03	3.031386142996607873e+02
3.600000000000000000e+03	3.031386142996607873e+02
3.600000000000000000e+03	3.044629096130942685e+02
4.500000000000000000e+03	3.044629096130942685e+02
4.500000000000000000e+03	3.093054342499152085e+02
5.400000000000000000e+03	3.093054342499152085e+02
5.400000000000000000e+03	3.281499999999999773e+02
6.300000000000000000e+03	3.281499999999999773e+02
6.300000000000000000e+03	3.281499999999999773e+02
7.200000000000000000e+03	3.281499999999999773e+02
7.200000000000000000e+03	3.007050941452800430e+02
8.100000000000000000e+03	3.007050941452800430e+02
8.100000000000000000e+03	3.037665909873903729e+02
9.000000000000000000e+03	3.037665909873903729e+02
9.000000000000000000e+03	3.093054342499152085e+02
9.900000000000000000e+03	3.093054342499152085e+02
9.900000000000000000e+03	3.281499999999999773e+02
1.080000000000000000e+04	3.281499999999999773e+02
1.080000000000000000e+04	3.281499999999999773e+02
1.170000000000000000e+04	3.281499999999999773e+02
1.170000000000000000e+04	3.266139278411457099e+02
1.260000000000000000e+04	3.266139278411457099e+02
1.260000000000000000e+04	2.981499999999999773e+02
1.350000000000000000e+04	2.981499999999999773e+02
1.350000000000000000e+04	3.281499999999999773e+02
1.440000000000000000e+04	3.281499999999999773e+02
1.440000000000000000e+04	3.002692437460149790e+02
1.530000000000000000e+04	3.002692437460149790e+02
1.530000000000000000e+04	3.042565054970939400e+02
1.620000000000000000e+04	3.042565054970939400e+02
1.620000000000000000e+04	3.040131839221274390e+02
1.710000000000000000e+04	3.040131839221274390e+02
1.710000000000000000e+04	3.281499999999999773e+02
1.800000000000000000e+04	3.281499999999999773e+02
1.800000000000000000e+04	3.281499999999999773e+02
1.890000000000000000e+04	3.281499999999999773e+02
1.890000000000000000e+04	3.281499999999999773e+02
1.980000000000000000e+04	3.281499999999999773e+02
1.980000000000000000e+04	2.981499999999999773e+02
2.070000000000000000e+04	2.981499999999999773e+02
2.070000000000000000e+04	2.981499999999999773e+02
2.160000000000000000e+04	2.981499999999999773e+02
2.160000000000000000e+04	2.981499999999999773e+02
2.250000000000000000e+04	2.981499999999999773e+02
2.250000000000000000e+04	3.093054342499152085e+02
2.340000000000000000e+04	3.093054342499152085e+02
2.340000000000000000e+04	3.281499999999999773e+02
2.430000000000000000e+04	3.281499999999999773e+02
2.430000000000000000e+04	2.981499999999999773e+02
2.520000000000000000e+04	2.981499999999999773e+02
2.520000000000000000e+04	2.981499999999999773e+02
2.610000000000000000e+04	2.981499999999999773e+02
2.610000000000000000e+04	3.192473597873838571e+02
2.700000000000000000e+04	3.192473597873838571e+02
2.700000000000000000e+04	3.193093759090425010e+02
2.790000000000000000e+04	3.193093759090425010e+02
2.790000000000000000e+04	3.192813687746552205e+02
2.880000000000000000e+04	3.192813687746552205e+02
2.880000000000000000e+04	2.999392643331955242e+02
2.970000000000000000e+04	2.999392643331955242e+02
2.970000000000000000e+04	3.059298251729796334e+02
3.060000000000000000e+04	3.059298251729796334e+02
3.060000000000000000e+04	3.093054342499152085e+02
3.150000000000000000e+04	3.093054342499152085e+02
3.150000000000000000e+04	3.094841664982149041e+02
3.240000000000000000e+04	3.094841664982149041e+02
3.240000000000000000e+04	3.101351255176888913e+02
3.330000000000000000e+04	3.101351255176888913e+02
3.330000000000000000e+04	3.126012156348311350e+02
3.420000000000000000e+04	3.126012156348311350e+02
3.420000000000000000e+04	3.133905876453850397e+02
3.510000000000000000e+04	3.133905876453850397e+02
3.510000000000000000e+04	3.130171228432294015e+02
3.600000000000000000e+04	3.130171228432294015e+02
3.600000000000000000e+04	3.093054342499172549e+02
3.690000000000000000e+04	3.093054342499172549e+02
3.690000000000000000e+04	3.085165282550021857e+02
3.780000000000000000e+04	3.085165282550021857e+02
3.780000000000000000e+04	3.085390349742025933e+02
3.870000000000000000e+04	3.085390349742025933e+02
3.870000000000000000e+04	3.072515704743025822e+02
3.960000000000000000e+04	3.072515704743025822e+02
3.960000000000000000e+04	3.093042411284519630e+02
4.050000000000000000e+04	3.093042411284519630e+02
4.050000000000000000e+04	3.281499999999999773e+02
4.140000000000000000e+04	3.281499999999999773e+02
4.140000000000000000e+04	3.281499999999999773e+02
4.230000000000000000e+04	3.281499999999999773e+02
4.230000000000000000e+04	3.039414437638383788e+02
4.320000000000000000e+04	3.039414437638383788e+02
4.320000000000000000e+04	3.281499999999999773e+02
4.410000000000000000e+04	3.281499999999999773e+02
4.410000000000000000e+04	3.019701867498438332e+02
4.500000000000000000e+04	3.019701867498438332e+02
4.500000000000000000e+04	3.048663861396530024e+02
4.590000000000000000e+04	3.048663861396530024e+02
4.590000000000000000e+04	3.281499999999999773e+02
4.680000000000000000e+04	3.281499999999999773e+02
4.680000000000000000e+04	3.030933611134295234e+02
4.770000000000000000e+04	3.030933611134295234e+02
4.770000000000000000e+04	3.042575341961047002e+02
4.860000000000000000e+04	3.042575341961047002e+02
4.860000000000000000e+04	2.981499999999999773e+02
4.950000000000000000e+04	2.981499999999999773e+02
4.950000000000000000e+04	2.981499999999999773e+02
5.040000000000000000e+04	2.981499999999999773e+02
5.040000000000000000e+04	3.093054342499152085e+02
5.130000000000000000e+04	3.093054342499152085e+02
5.130000000000000000e+04	3.281499999999999773e+02
5.220000000000000000e+04	3.281499999999999773e+02
5.220000000000000000e+04	3.017326255185052446e+02
5.310000000000000000e+04	3.017326255185052446e+02
5.310000000000000000e+04	3.281499999999999773e+02
5.400000000000000000e+04	3.281499999999999773e+02
5.400000000000000000e+04	3.060388088079262161e+02
5.490000000000000000e+04	3.060388088079262161e+02
5.490000000000000000e+04	3.281499999999999773e+02
5.580000000000000000e+04	3.281499999999999773e+02
5.580000000000000000e+04	2.981499999999999773e+02
5.670000000000000000e+04	2.981499999999999773e+02
5.670000000000000000e+04	2.981499999999999773e+02
5.760000000000000000e+04	2.981499999999999773e+02
5.760000000000000000e+04	2.981499999999999773e+02
5.850000000000000000e+04	2.981499999999999773e+02
5.850000000000000000e+04	3.183221985731673271e+02
5.940000000000000000e+04	3.183221985731673271e+02
5.940000000000000000e+04	3.183845616302813255e+02
6.030000000000000000e+04	3.183845616302813255e+02
6.030000000000000000e+04	3.183569013012485129e+02
6.120000000000000000e+04	3.183569013012485129e+02
6.120000000000000000e+04	3.193716311911908861e+02
6.210000000000000000e+04	3.193716311911908861e+02
6.210000000000000000e+04	3.009623492797750259e+02
6.300000000000000000e+04	3.009623492797750259e+02
6.300000000000000000e+04	3.027134366871828774e+02
6.390000000000000000e+04	3.027134366871828774e+02
6.390000000000000000e+04	3.281499999999999773e+02
6.480000000000000000e+04	3.281499999999999773e+02
6.480000000000000000e+04	3.093054342499152085e+02
6.570000000000000000e+04	3.093054342499152085e+02
6.570000000000000000e+04	3.281499999999999773e+02
6.660000000000000000e+04	3.281499999999999773e+02
6.660000000000000000e+04	3.281499999999999773e+02
6.750000000000000000e+04	3.281499999999999773e+02
6.750000000000000000e+04	3.281499999999999773e+02
6.840000000000000000e+04	3.281499999999999773e+02
6.840000000000000000e+04	3.020895917467994423e+02
6.930000000000000000e+04	3.020895917467994423e+02
6.930000000000000000e+04	3.093054342499152085e+02
7.020000000000000000e+04	3.093054342499152085e+02
7.020000000000000000e+04	3.093054342499152085e+02
7.110000000000000000e+04	3.093054342499152085e+02
7.110000000000000000e+04	3.281499999999999773e+02
7.200000000000000000e+04	3.281499999999999773e+02
7.200000000000000000e+04	2.981499999999998636e+02
7.290000000000000000e+04	2.981499999999998636e+02
7.290000000000000000e+04	3.281499999999999773e+02
7.380000000000000000e+04	3.281499999999999773e+02
7.380000000000000000e+04	3.281499999999999773e+02
7.470000000000000000e+04	3.281499999999999773e+02
7.470000000000000000e+04	2.981499999999999773e+02
7.560000000000000000e+04	2.981499999999999773e+02
7.560000000000000000e+04	3.281499999999999773e+02
7.650000000000000000e+04	3.281499999999999773e+02
7.650000000000000000e+04	3.281499999999999773e+02
7.740000000000000000e+04	3.281499999999999773e+02
7.740000000000000000e+04	3.281499999999999773e+02
7.830000000000000000e+04	3.281499999999999773e+02
7.830000000000000000e+04	3.281499999999999773e+02
7.920000000000000000e+04	3.281499999999999773e+02
7.920000000000000000e+04	3.281499999999999773e+02
8.010000000000000000e+04	3.281499999999999773e+02
8.010000000000000000e+04	3.281499999999999773e+02
8.100000000000000000e+04	3.281499999999999773e+02
8.100000000000000000e+04	3.281499999999999773e+02
8.190000000000000000e+04	3.281499999999999773e+02
8.190000000000000000e+04	3.281499999999999773e+02
8.280000000000000000e+04	3.281499999999999773e+02
8.280000000000000000e+04	2.981499999999999773e+02
8.370000000000000000e+04	2.981499999999999773e+02
8.370000000000000000e+04	3.163598930190736951e+02
8.460000000000000000e+04	3.163598930190736951e+02
8.460000000000000000e+04	3.164229919407704870e+02
8.550000000000000000e+04	3.164229919407704870e+02
8.550000000000000000e+04	3.164860672003716218e+02
8.640000000000000000e+04	3.164860672003716218e+02
8.640000000000000000e+04	3.281499999999999773e+02
8.730000000000000000e+04	3.281499999999999773e+02
8.730000000000000000e+04	3.281499999999999773e+02
8.820000000000000000e+04	3.281499999999999773e+02
8.820000000000000000e+04	3.281499999999999773e+02
8.910000000000000000e+04	3.281499999999999773e+02
8.910000000000000000e+04	3.281499999999999773e+02
9.000000000000000000e+04	3.281499999999999773e+02
9.000000000000000000e+04	3.093054342499152085e+02
9.090000000000000000e+04	3.093054342499152085e+02
9.090000000000000000e+04	3.281499999999999773e+02
9.180000000000000000e+04	3.281499999999999773e+02
9.180000000000000000e+04	3.281499999999999773e+02
9.270000000000000000e+04	3.281499999999999773e+02
9.270000000000000000e+04	3.281499999999999773e+02
9.360000000000000000e+04	3.281499999999999773e+02
9.360000000000000000e+04	2.981499999999999773e+02
9.450000000000000000e+04	2.981499999999999773e+02
9.450000000000000000e+04	3.281499999999999773e+02
9.540000000000000000e+04	3.281499999999999773e+02
9.540000000000000000e+04	3.281499999999999773e+02
9.630000000000000000e+04	3.281499999999999773e+02
9.630000000000000000e+04	3.281499999999999773e+02
9.720000000000000000e+04	3.281499999999999773e+02
9.720000000000000000e+04	3.281499999999999773e+02
9.810000000000000000e+04	3.281499999999999773e+02
9.810000000000000000e+04	2.981499999999999773e+02
9.900000000000000000e+04	2.981499999999999773e+02
9.900000000000000000e+04	3.281499999999999773e+02
9.990000000000000000e+04	3.281499999999999773e+02
9.990000000000000000e+04	3.172183806602818663e+02
1.008000000000000000e+05	3.172183806602818663e+02
1.008000000000000000e+05	2.991264048486614229e+02
1.017000000000000000e+05	2.991264048486614229e+02
1.017000000000000000e+05	3.281499999999999773e+02
1.026000000000000000e+05	3.281499999999999773e+02
1.026000000000000000e+05	2.981499999999999773e+02
1.035000000000000000e+05	2.981499999999999773e+02
1.035000000000000000e+05	2.988570116807226213e+02
1.044000000000000000e+05	2.988570116807226213e+02
1.044000000000000000e+05	3.009152306648470585e+02
1.053000000000000000e+05	3.009152306648470585e+02
1.053000000000000000e+05	3.281499999999999773e+02
1.062000000000000000e+05	3.281499999999999773e+02
1.062000000000000000e+05	3.010567674439374173e+02
1.071000000000000000e+05	3.010567674439374173e+02
1.071000000000000000e+05	3.214466880970145439e+02
1.080000000000000000e+05	3.214466880970145439e+02
1.080000000000000000e+05	3.224162319090958135e+02
1.089000000000000000e+05	3.224162319090958135e+02
1.089000000000000000e+05	3.281499999999999773e+02
1.098000000000000000e+05	3.281499999999999773e+02
1.098000000000000000e+05	3.093054342499152085e+02
1.107000000000000000e+05	3.093054342499152085e+02
1.107000000000000000e+05	3.012639842716278054e+02
1.116000000000000000e+05	3.012639842716278054e+02
1.116000000000000000e+05	3.029477332415791011e+02
1.125000000000000000e+05	3.029477332415791011e+02
1.125000000000000000e+05	3.093054342499152085e+02
1.134000000000000000e+05	3.093054342499152085e+02
1.134000000000000000e+05	3.120339190725468370e+02
1.143000000000000000e+05	3.120339190725468370e+02
1.143000000000000000e+05	3.143281420498210537e+02
1.152000000000000000e+05	3.143281420498210537e+02
1.152000000000000000e+05	3.161129932772509505e+02
1.161000000000000000e+05	3.161129932772509505e+02
1.161000000000000000e+05	3.161129932772509505e+02
1.170000000000000000e+05	3.161129932772509505e+02
1.170000000000000000e+05	3.161129932772509505e+02
1.179000000000000000e+05	3.161129932772509505e+02
1.179000000000000000e+05	3.161129932772509505e+02
1.188000000000000000e+05	3.161129932772509505e+02
1.188000000000000000e+05	3.226709446756943862e+02
1.197000000000000000e+05	3.226709446756943862e+02
1.197000000000000000e+05	3.093054342499152085e+02
1.206000000000000000e+05	3.093054342499152085e+02
1.206000000000000000e+05	3.093054342499152085e+02
1.215000000000000000e+05	3.093054342499152085e+02
1.215000000000000000e+05	3.093054342499152085e+02
1.224000000000000000e+05	3.093054342499152085e+02
1.224000000000000000e+05	3.281499999999999773e+02
1.233000000000000000e+05	3.281499999999999773e+02
1.233000000000000000e+05	3.281499999999999773e+02
1.242000000000000000e+05	3.281499999999999773e+02
1.242000000000000000e+05	3.047795813768302082e+02
1.251000000000000000e+05	3.047795813768302082e+02
1.251000000000000000e+05	3.281499999999999773e+02
1.260000000000000000e+05	3.281499999999999773e+02
1.260000000000000000e+05	3.051045580171585243e+02
1.269000000000000000e+05	3.051045580171585243e+02
1.269000000000000000e+05	3.093054342499152085e+02
1.278000000000000000e+05	3.093054342499152085e+02
1.278000000000000000e+05	3.281499999999999773e+02
1.287000000000000000e+05	3.281499999999999773e+02
1.287000000000000000e+05	2.981499999999999773e+02
1.296000000000000000e+05	2.981499999999999773e+02
1.296000000000000000e+05	3.020475297537074084e+02
1.305000000000000000e+05	3.020475297537074084e+02
1.305000000000000000e+05	3.281499999999999773e+02
1.314000000000000000e+05	3.281499999999999773e+02
1.314000000000000000e+05	3.281499999999999773e+02
1.323000000000000000e+05	3.281499999999999773e+02
1.323000000000000000e+05	3.281499999999999773e+02
1.332000000000000000e+05	3.281499999999999773e+02
1.332000000000000000e+05	2.981500000000003183e+02
1.341000000000000000e+05	2.981500000000003183e+02
1.341000000000000000e+05	3.281499999999999773e+02
1.350000000000000000e+05	3.281499999999999773e+02
1.350000000000000000e+05	2.981499999999999773e+02
1.359000000000000000e+05	2.981499999999999773e+02
1.359000000000000000e+05	2.981499999999999773e+02
1.368000000000000000e+05	2.981499999999999773e+02
1.368000000000000000e+05	2.981499999999999773e+02
1.377000000000000000e+05	2.981499999999999773e+02
1.377000000000000000e+05	3.281499999999999773e+02
1.386000000000000000e+05	3.281499999999999773e+02
1.386000000000000000e+05	3.281499999999999773e+02
1.395000000000000000e+05	3.281499999999999773e+02
1.395000000000000000e+05	3.001931590480191971e+02
1.404000000000000000e+05	3.001931590480191971e+02
1.404000000000000000e+05	3.201476472137607630e+02
1.413000000000000000e+05	3.201476472137607630e+02
1.413000000000000000e+05	3.281499999999999773e+02
1.422000000000000000e+05	3.281499999999999773e+02
1.422000000000000000e+05	3.281499999999999773e+02
1.431000000000000000e+05	3.281499999999999773e+02
1.431000000000000000e+05	3.281499999999999773e+02
1.440000000000000000e+05	3.281499999999999773e+02
1.440000000000000000e+05	3.011095255961205339e+02
1.449000000000000000e+05	3.011095255961205339e+02
1.449000000000000000e+05	3.042723751631565392e+02
1.458000000000000000e+05	3.042723751631565392e+02
1.458000000000000000e+05	3.281499999999999773e+02
1.467000000000000000e+05	3.281499999999999773e+02
1.467000000000000000e+05	3.281499999999999773e+02
1.476000000000000000e+05	3.281499999999999773e+02
1.476000000000000000e+05	3.281499999999999773e+02
1.485000000000000000e+05	3.281499999999999773e+02
1.485000000000000000e+05	3.281499999999999773e+02
1.494000000000000000e+05	3.281499999999999773e+02
1.494000000000000000e+05	3.281499999999999773e+02
1.503000000000000000e+05	3.281499999999999773e+02
1.503000000000000000e+05	3.281499999999999773e+02
1.512000000000000000e+05	3.281499999999999773e+02
1.512000000000000000e+05	3.281499999999999773e+02
1.521000000000000000e+05	3.281499999999999773e+02
1.521000000000000000e+05	3.281499999999999773e+02
1.530000000000000000e+05	3.281499999999999773e+02
1.530000000000000000e+05	3.003660144075158200e+02
1.539000000000000000e+05	3.003660144075158200e+02
1.539000000000000000e+05	3.281499999999999773e+02
1.548000000000000000e+05	3.281499999999999773e+02
1.548000000000000000e+05	3.029205373829211112e+02
1.557000000000000000e+05	3.029205373829211112e+02
1.557000000000000000e+05	3.281499999999999773e+02
1.566000000000000000e+05	3.281499999999999773e+02
1.566000000000000000e+05	3.281499999999999773e+02
1.575000000000000000e+05	3.281499999999999773e+02
1.575000000000000000e+05	3.281499999999999773e+02
1.584000000000000000e+05	3.281499999999999773e+02
1.584000000000000000e+05	3.001478820429632606e+02
1.593000000000000000e+05	3.001478820429632606e+02
1.593000000000000000e+05	3.281499999999999773e+02
1.602000000000000000e+05	3.281499999999999773e+02
1.602000000000000000e+05	3.281499999999999773e+02
1.611000000000000000e+05	3.281499999999999773e+02
1.611000000000000000e+05	3.281499999999999773e+02
1.620000000000000000e+05	3.281499999999999773e+02
1.620000000000000000e+05	2.981499999999999773e+02
1.629000000000000000e+05	2.981499999999999773e+02
1.629000000000000000e+05	2.981499999999999773e+02
1.638000000000000000e+05	2.981499999999999773e+02
1.638000000000000000e+05	3.281499999999999773e+02
1.647000000000000000e+05	3.281499999999999773e+02
1.647000000000000000e+05	3.281499999999999773e+02
1.656000000000000000e+05	3.281499999999999773e+02
1.656000000000000000e+05	3.281499999999999773e+02
1.665000000000000000e+05	3.281499999999999773e+02
1.665000000000000000e+05	3.281499999999999773e+02
1.674000000000000000e+05	3.281499999999999773e+02
1.674000000000000000e+05	3.281499999999999773e+02
1.683000000000000000e+05	3.281499999999999773e+02
1.683000000000000000e+05	3.281499999999999773e+02
1.692000000000000000e+05	3.281499999999999773e+02
1.692000000000000000e+05	3.281499999999999773e+02
1.701000000000000000e+05	3.281499999999999773e+02
1.701000000000000000e+05	3.281499999999999773e+02
1.710000000000000000e+05	3.281499999999999773e+02
1.710000000000000000e+05	3.281499999999999773e+02
1.719000000000000000e+05	3.281499999999999773e+02
1.719000000000000000e+05	3.281499999999999773e+02
1.728000000000000000e+05	3.281499999999999773e+02
1.728000000000000000e+05	3.281499999999999773e+02
1.737000000000000000e+05	3.281499999999999773e+02
1.737000000000000000e+05	3.281499999999999773e+02
1.746000000000000000e+05	3.281499999999999773e+02
1.746000000000000000e+05	3.281499999999999773e+02
1.755000000000000000e+05	3.281499999999999773e+02
1.755000000000000000e+05	3.281499999999999773e+02
1.764000000000000000e+05	3.281499999999999773e+02
1.764000000000000000e+05	3.227429040665579123e+02
1.773000000000000000e+05	3.227429040665579123e+02
1.773000000000000000e+05	3.281499999999999773e+02
1.782000000000000000e+05	3.281499999999999773e+02
1.782000000000000000e+05	3.281499999999999773e+02
1.791000000000000000e+05	3.281499999999999773e+02
1.791000000000000000e+05	3.281499999999999773e+02
1.800000000000000000e+05	3.281499999999999773e+02
1.800000000000000000e+05	3.281499999999999773e+02
1.809000000000000000e+05	3.281499999999999773e+02
1.809000000000000000e+05	3.281499999999999773e+02
1.818000000000000000e+05	3.281499999999999773e+02
1.818000000000000000e+05	3.281499999999999773e+02
1.827000000000000000e+05	3.281499999999999773e+02
1.827000000000000000e+05	3.281499999999999773e+02
1.836000000000000000e+05	3.281499999999999773e+02
1.836000000000000000e+05	3.281499999999999773e+02
1.845000000000000000e+05	3.281499999999999773e+02
1.845000000000000000e+05	3.281499999999999773e+02
1.854000000000000000e+05	3.281499999999999773e+02
1.854000000000000000e+05	3.281499999999999773e+02
1.863000000000000000e+05	3.281499999999999773e+02
1.863000000000000000e+05	3.281499999999999773e+02
1.872000000000000000e+05	3.281499999999999773e+02
1.872000000000000000e+05	3.281499999999999773e+02
1.881000000000000000e+05	3.281499999999999773e+02
1.881000000000000000e+05	3.281499999999999773e+02
1.890000000000000000e+05	3.281499999999999773e+02
1.890000000000000000e+05	3.281499999999999773e+02
1.899000000000000000e+05	3.281499999999999773e+02
1.899000000000000000e+05	3.281499999999999773e+02
1.908000000000000000e+05	3.281499999999999773e+02
1.908000000000000000e+05	3.269547757683945974e+02
1.917000000000000000e+05	3.269547757683945974e+02
1.917000000000000000e+05	2.981499999999999773e+02
1.926000000000000000e+05	2.981499999999999773e+02
1.926000000000000000e+05	2.981499999999999773e+02
1.935000000000000000e+05	2.981499999999999773e+02
1.935000000000000000e+05	3.281499999999999773e+02
1.944000000000000000e+05	3.281499999999999773e+02
1.944000000000000000e+05	3.281500000000000909e+02
1.953000000000000000e+05	3.281500000000000909e+02
1.953000000000000000e+05	3.281499999999999773e+02
1.962000000000000000e+05	3.281499999999999773e+02
1.962000000000000000e+05	3.281499999999999773e+02
1.971000000000000000e+05	3.281499999999999773e+02
1.971000000000000000e+05	3.093054342499152085e+02
1.980000000000000000e+05	3.093054342499152085e+02
1.980000000000000000e+05	3.021673037084971156e+02
1.989000000000000000e+05	3.021673037084971156e+02
1.989000000000000000e+05	3.161129932772509505e+02
1.998000000000000000e+05	3.161129932772509505e+02
1.998000000000000000e+05	3.161129932772509505e+02
2.007000000000000000e+05	3.161129932772509505e+02
2.007000000000000000e+05	3.161129932772509505e+02
2.016000000000000000e+05	3.161129932772509505e+02
2.016000000000000000e+05	3.111302411194999422e+02
2.025000000000000000e+05	3.111302411194999422e+02
2.025000000000000000e+05	3.137680780557490152e+02
2.034000000000000000e+05	3.137680780557490152e+02
2.034000000000000000e+05	3.132529571956600876e+02
2.043000000000000000e+05	3.132529571956600876e+02
2.043000000000000000e+05	3.093054342499152085e+02
2.052000000000000000e+05	3.093054342499152085e+02
2.052000000000000000e+05	3.117428477464428056e+02
2.061000000000000000e+05	3.117428477464428056e+02
2.061000000000000000e+05	3.093054342499153790e+02
2.070000000000000000e+05	3.093054342499153790e+02
2.070000000000000000e+05	3.086291902969616672e+02
2.079000000000000000e+05	3.086291902969616672e+02
2.079000000000000000e+05	3.077626907737335387e+02
2.088000000000000000e+05	3.077626907737335387e+02
2.088000000000000000e+05	3.281499999999999773e+02
2.097000000000000000e+05	3.281499999999999773e+02
2.097000000000000000e+05	3.090138839527362506e+02
2.106000000000000000e+05	3.090138839527362506e+02
2.106000000000000000e+05	3.046095153679380019e+02
2.115000000000000000e+05	3.046095153679380019e+02
2.115000000000000000e+05	3.052257484972903399e+02
2.124000000000000000e+05	3.052257484972903399e+02
2.124000000000000000e+05	3.281499999999999773e+02
2.133000000000000000e+05	3.281499999999999773e+02
2.133000000000000000e+05	3.281499999999999773e+02
2.142000000000000000e+05	3.281499999999999773e+02
2.142000000000000000e+05	3.093054342499152085e+02
2.151000000000000000e+05	3.093054342499152085e+02
2.151000000000000000e+05	3.010228846575426473e+02
2.160000000000000000e+05	3.010228846575426473e+02
2.160000000000000000e+05	3.050436020341048220e+02
2.169000000000000000e+05	3.050436020341048220e+02
2.169000000000000000e+05	3.093054342499152085e+02
2.178000000000000000e+05	3.093054342499152085e+02
2.178000000000000000e+05	3.239105605104889491e+02
2.187000000000000000e+05	3.239105605104889491e+02
2.187000000000000000e+05	2.981499999999999773e+02
2.196000000000000000e+05	2.981499999999999773e+02
2.196000000000000000e+05	3.020888570695360045e+02
2.205000000000000000e+05	3.020888570695360045e+02
2.205000000000000000e+05	3.093054342499152085e+02
2.214000000000000000e+05	3.093054342499152085e+02
2.214000000000000000e+05	3.093054342499152085e+02
2.223000000000000000e+05	3.093054342499152085e+02
2.223000000000000000e+05	3.093054342499152085e+02
2.232000000000000000e+05	3.093054342499152085e+02
2.232000000000000000e+05	3.281499999999999773e+02
2.241000000000000000e+05	3.281499999999999773e+02
2.241000000000000000e+05	3.093054342499153222e+02
2.250000000000000000e+05	3.093054342499153222e+02
2.250000000000000000e+05	3.281499999999999773e+02
2.259000000000000000e+05	3.281499999999999773e+02
2.259000000000000000e+05	2.981499999999999773e+02
2.268000000000000000e+05	2.981499999999999773e+02
2.268000000000000000e+05	3.281499999999999773e+02
2.277000000000000000e+05	3.281499999999999773e+02
2.277000000000000000e+05	3.281499999999999773e+02
2.286000000000000000e+05	3.281499999999999773e+02
2.286000000000000000e+05	3.005817245850496988e+02
2.295000000000000000e+05	3.005817245850496988e+02
2.295000000000000000e+05	3.281499999999999773e+02
2.304000000000000000e+05	3.281499999999999773e+02
2.304000000000000000e+05	2.981499999999999773e+02
2.313000000000000000e+05	2.981499999999999773e+02
2.313000000000000000e+05	3.254168897545832806e+02
2.322000000000000000e+05	3.254168897545832806e+02
2.322000000000000000e+05	2.981499999999999773e+02
2.331000000000000000e+05	2.981499999999999773e+02
2.331000000000000000e+05	2.981499999999999773e+02
2.340000000000000000e+05	2.981499999999999773e+02
2.340000000000000000e+05	3.093054342499152085e+02
2.349000000000000000e+05	3.093054342499152085e+02
2.349000000000000000e+05	3.018843810274360067e+02
2.358000000000000000e+05	3.018843810274360067e+02
2.358000000000000000e+05	3.053284315495484975e+02
2.367000000000000000e+05	3.053284315495484975e+02
2.367000000000000000e+05	2.981499999999999773e+02
2.376000000000000000e+05	2.981499999999999773e+02
2.376000000000000000e+05	3.016006032034099462e+02
2.385000000000000000e+05	3.016006032034099462e+02
2.385000000000000000e+05	3.041932290736037885e+02
2.394000000000000000e+05	3.041932290736037885e+02
2.394000000000000000e+05	2.981499999999999773e+02
2.403000000000000000e+05	2.981499999999999773e+02
2.403000000000000000e+05	2.981499999999999773e+02
2.412000000000000000e+05	2.981499999999999773e+02
2.412000000000000000e+05	3.029050487292379330e+02
2.421000000000000000e+05	3.029050487292379330e+02
2.421000000000000000e+05	3.093054342499152085e+02
2.430000000000000000e+05	3.093054342499152085e+02
2.430000000000000000e+05	3.024487275791502725e+02
2.439000000000000000e+05	3.024487275791502725e+02
2.439000000000000000e+05	3.093054342499152085e+02
2.448000000000000000e+05	3.093054342499152085e+02
2.448000000000000000e+05	3.018734475861110695e+02
2.457000000000000000e+05	3.018734475861110695e+02
2.457000000000000000e+05	3.242254888224850902e+02
2.466000000000000000e+05	3.242254888224850902e+02
2.466000000000000000e+05	2.981499999999999773e+02
2.475000000000000000e+05	2.981499999999999773e+02
2.475000000000000000e+05	3.281499999999999773e+02
2.484000000000000000e+05	3.281499999999999773e+02
2.484000000000000000e+05	3.281499999999999773e+02
2.493000000000000000e+05	3.281499999999999773e+02
2.493000000000000000e+05	3.262285746681358773e+02
2.502000000000000000e+05	3.262285746681358773e+02
2.502000000000000000e+05	3.281499999999999773e+02
2.511000000000000000e+05	3.281499999999999773e+02
2.511000000000000000e+05	3.281499999999999773e+02
2.520000000000000000e+05	3.281499999999999773e+02
2.520000000000000000e+05	3.281499999999999773e+02
2.529000000000000000e+05	3.281499999999999773e+02
2.529000000000000000e+05	3.281499999999999773e+02
2.538000000000000000e+05	3.281499999999999773e+02
2.538000000000000000e+05	3.281499999999999773e+02
2.547000000000000000e+05	3.281499999999999773e+02
2.547000000000000000e+05	3.281499999999999773e+02
2.556000000000000000e+05	3.281499999999999773e+02
2.556000000000000000e+05	3.264519088410560244e+02
2.565000000000000000e+05	3.264519088410560244e+02
2.565000000000000000e+05	3.281499999999999773e+02
2.574000000000000000e+05	3.281499999999999773e+02
2.574000000000000000e+05	3.281499999999999773e+02
2.583000000000000000e+05	3.281499999999999773e+02
2.583000000000000000e+05	3.281499999999999773e+02
2.592000000000000000e+05	3.281499999999999773e+02
2.592000000000000000e+05	3.281499999999999773e+02
2.601000000000000000e+05	3.281499999999999773e+02
2.601000000000000000e+05	3.281499999999999773e+02
2.610000000000000000e+05	3.281499999999999773e+02
2.610000000000000000e+05	3.281499999999999773e+02
2.619000000000000000e+05	3.281499999999999773e+02
2.619000000000000000e+05	3.281499999999999773e+02
2.628000000000000000e+05	3.281499999999999773e+02
2.628000000000000000e+05	3.281499999999999773e+02
2.637000000000000000e+05	3.281499999999999773e+02
2.637000000000000000e+05	3.281499999999999773e+02
2.646000000000000000e+05	3.281499999999999773e+02
2.646000000000000000e+05	3.281499999999999773e+02
2.655000000000000000e+05	3.281499999999999773e+02
2.655000000000000000e+05	2.981499999999999773e+02
2.664000000000000000e+05	2.981499999999999773e+02
2.664000000000000000e+05	2.981499999999956003e+02
2.673000000000000000e+05	2.981499999999956003e+02
2.673000000000000000e+05	3.281499999999999773e+02
2.682000000000000000e+05	3.281499999999999773e+02
2.682000000000000000e+05	2.981499999999999773e+02
2.691000000000000000e+05	2.981499999999999773e+02
2.691000000000000000e+05	3.281499999999999773e+02
2.700000000000000000e+05	3.281499999999999773e+02
2.700000000000000000e+05	3.281499999999999773e+02
2.709000000000000000e+05	3.281499999999999773e+02
2.709000000000000000e+05	3.281499999999999773e+02
2.718000000000000000e+05	3.281499999999999773e+02
2.718000000000000000e+05	2.996763504216142451e+02
2.727000000000000000e+05	2.996763504216142451e+02
2.727000000000000000e+05	3.281499999999999773e+02
2.736000000000000000e+05	3.281499999999999773e+02
2.736000000000000000e+05	3.281499999999999773e+02
2.745000000000000000e+05	3.281499999999999773e+02
2.745000000000000000e+05	3.281499999999999773e+02
2.754000000000000000e+05	3.281499999999999773e+02
2.754000000000000000e+05	3.281499999999999773e+02
2.763000000000000000e+05	3.281499999999999773e+02
2.763000000000000000e+05	3.281499999999999773e+02
2.772000000000000000e+05	3.281499999999999773e+02
2.772000000000000000e+05	3.281499999999999773e+02
2.781000000000000000e+05	3.281499999999999773e+02
2.781000000000000000e+05	3.281499999999999773e+02
2.790000000000000000e+05	3.281499999999999773e+02
2.790000000000000000e+05	3.281499999999999773e+02
2.799000000000000000e+05	3.281499999999999773e+02
2.799000000000000000e+05	3.281499999999999773e+02
2.808000000000000000e+05	3.281499999999999773e+02
2.808000000000000000e+05	3.281499999999999773e+02
2.817000000000000000e+05	3.281499999999999773e+02
2.817000000000000000e+05	2.981499999999999773e+02
2.826000000000000000e+05	2.981499999999999773e+02
2.826000000000000000e+05	3.281499999999999773e+02
2.835000000000000000e+05	3.281499999999999773e+02
2.835000000000000000e+05	2.997560817224617153e+02
2.844000000000000000e+05	2.997560817224617153e+02
2.844000000000000000e+05	3.281499999999999773e+02
2.853000000000000000e+05	3.281499999999999773e+02
2.853000000000000000e+05	3.023992709944467947e+02
2.862000000000000000e+05	3.023992709944467947e+02
2.862000000000000000e+05	3.093054342499152085e+02
2.871000000000000000e+05	3.093054342499152085e+02
2.871000000000000000e+05	3.119120214426847610e+02
2.880000000000000000e+05	3.119120214426847610e+02
2.880000000000000000e+05	3.161129932772509505e+02
2.889000000000000000e+05	3.161129932772509505e+02
2.889000000000000000e+05	3.161129932772509505e+02
2.898000000000000000e+05	3.161129932772509505e+02
2.898000000000000000e+05	3.281499999999999773e+02
2.907000000000000000e+05	3.281499999999999773e+02
2.907000000000000000e+05	3.161129932772509505e+02
2.916000000000000000e+05	3.161129932772509505e+02
2.916000000000000000e+05	3.095105063874081566e+02
2.925000000000000000e+05	3.095105063874081566e+02
2.925000000000000000e+05	3.124814817414410300e+02
2.934000000000000000e+05	3.124814817414410300e+02
2.934000000000000000e+05	3.161129932772509505e+02
2.943000000000000000e+05	3.161129932772509505e+02
2.943000000000000000e+05	3.093054342499152085e+02
2.952000000000000000e+05	3.093054342499152085e+02
2.952000000000000000e+05	2.981500000000002615e+02
2.961000000000000000e+05	2.981500000000002615e+02
2.961000000000000000e+05	3.063840797712836093e+02
2.970000000000000000e+05	3.063840797712836093e+02
2.970000000000000000e+05	3.061359767612882479e+02
2.979000000000000000e+05	3.061359767612882479e+02
2.979000000000000000e+05	3.078655749117063465e+02
2.988000000000000000e+05	3.078655749117063465e+02
2.988000000000000000e+05	2.981499999999999773e+02
2.997000000000000000e+05	2.981499999999999773e+02
2.997000000000000000e+05	2.981499999999999773e+02
3.006000000000000000e+05	2.981499999999999773e+02
3.006000000000000000e+05	2.981499999999999773e+02
3.015000000000000000e+05	2.981499999999999773e+02
3.015000000000000000e+05	2.981499999999999773e+02
3.024000000000000000e+05	2.981499999999999773e+02
3.024000000000000000e+05	3.034170725340957802e+02
3.033000000000000000e+05	3.034170725340957802e+02
3.033000000000000000e+05	3.071421157517884808e+02
3.042000000000000000e+05	3.071421157517884808e+02
3.042000000000000000e+05	3.049205537946173763e+02
3.051000000000000000e+05	3.049205537946173763e+02
3.051000000000000000e+05	2.981499999999999773e+02
3.060000000000000000e+05	2.981499999999999773e+02
3.060000000000000000e+05	3.281499999999999773e+02
3.069000000000000000e+05	3.281499999999999773e+02
3.069000000000000000e+05	3.018789217182972493e+02
3.078000000000000000e+05	3.018789217182972493e+02
3.078000000000000000e+05	3.055885756189540530e+02
3.087000000000000000e+05	3.055885756189540530e+02
3.087000000000000000e+05	3.062920745974055876e+02
3.096000000000000000e+05	3.062920745974055876e+02
3.096000000000000000e+05	3.281499999999999773e+02
3.105000000000000000e+05	3.281499999999999773e+02
3.105000000000000000e+05	3.281499999999999773e+02
3.114000000000000000e+05	3.281499999999999773e+02
3.114000000000000000e+05	2.981499999999999773e+02
3.123000000000000000e+05	2.981499999999999773e+02
3.123000000000000000e+05	3.281499999999999773e+02
3.132000000000000000e+05	3.281499999999999773e+02
3.132000000000000000e+05	3.281499999999999773e+02
3.141000000000000000e+05	3.281499999999999773e+02
3.141000000000000000e+05	2.981499999999999773e+02
3.150000000000000000e+05	2.981499999999999773e+02
3.150000000000000000e+05	2.981499999999999773e+02
3.159000000000000000e+05	2.981499999999999773e+02
3.159000000000000000e+05	2.990793645716904052e+02
3.168000000000000000e+05	2.990793645716904052e+02
3.168000000000000000e+05	2.981499999999999773e+02
3.177000000000000000e+05	2.981499999999999773e+02
3.177000000000000000e+05	3.281499999999999773e+02
3.186000000000000000e+05	3.281499999999999773e+02
3.186000000000000000e+05	3.017012622809842810e+02
3.195000000000000000e+05	3.017012622809842810e+02
3.195000000000000000e+05	2.981499999999999773e+02
3.204000000000000000e+05	2.981499999999999773e+02
3.204000000000000000e+05	2.981499999999999773e+02
3.213000000000000000e+05	2.981499999999999773e+02
3.213000000000000000e+05	3.241313598966350469e+02
3.222000000000000000e+05	3.241313598966350469e+02
3.222000000000000000e+05	3.241915445182527264e+02
3.231000000000000000e+05	3.241915445182527264e+02
3.231000000000000000e+05	3.242517065706373387e+02
3.240000000000000000e+05	3.242517065706373387e+02
3.240000000000000000e+05	3.010905997424988527e+02
3.249000000000000000e+05	3.010905997424988527e+02
3.249000000000000000e+05	3.093054342499152085e+02
3.258000000000000000e+05	3.093054342499152085e+02
3.258000000000000000e+05	3.034342749021580516e+02
3.267000000000000000e+05	3.034342749021580516e+02
3.267000000000000000e+05	3.281499999999999773e+02
3.276000000000000000e+05	3.281499999999999773e+02
3.276000000000000000e+05	3.281499999999999773e+02
3.285000000000000000e+05	3.281499999999999773e+02
3.285000000000000000e+05	3.281499999999999773e+02
3.294000000000000000e+05	3.281499999999999773e+02
3.294000000000000000e+05	3.021862576646473144e+02
3.303000000000000000e+05	3.021862576646473144e+02
3.303000000000000000e+05	2.981499999999999773e+02
3.312000000000000000e+05	2.981499999999999773e+02
3.312000000000000000e+05	3.088319166948078305e+02
3.321000000000000000e+05	3.088319166948078305e+02
3.321000000000000000e+05	3.281499999999999773e+02
3.330000000000000000e+05	3.281499999999999773e+02
3.330000000000000000e+05	3.281499999999999773e+02
3.339000000000000000e+05	3.281499999999999773e+02
3.339000000000000000e+05	3.281499999999999773e+02
3.348000000000000000e+05	3.281499999999999773e+02
3.348000000000000000e+05	2.981499999999999773e+02
3.357000000000000000e+05	2.981499999999999773e+02
3.357000000000000000e+05	3.281499999999999773e+02
3.366000000000000000e+05	3.281499999999999773e+02
3.366000000000000000e+05	3.281499999999999773e+02
3.375000000000000000e+05	3.281499999999999773e+02
3.375000000000000000e+05	3.281499999999999773e+02
3.384000000000000000e+05	3.281499999999999773e+02
3.384000000000000000e+05	3.281499999999999773e+02
3.393000000000000000e+05	3.281499999999999773e+02
3.393000000000000000e+05	3.281499999999999773e+02
3.402000000000000000e+05	3.281499999999999773e+02
3.402000000000000000e+05	3.281499999999999773e+02
3.411000000000000000e+05	3.281499999999999773e+02
3.411000000000000000e+05	3.281499999999999773e+02
3.420000000000000000e+05	3.281499999999999773e+02
3.420000000000000000e+05	3.281499999999999773e+02
3.429000000000000000e+05	3.281499999999999773e+02
3.429000000000000000e+05	3.281499999999999773e+02
3.438000000000000000e+05	3.281499999999999773e+02
3.438000000000000000e+05	3.281499999999999773e+02
3.447000000000000000e+05	3.281499999999999773e+02
3.447000000000000000e+05	3.281499999999999773e+02
3.456000000000000000e+05	3.281499999999999773e+02
3.456000000000000000e+05	2.981499999999999773e+02
3.465000000000000000e+05	2.981499999999999773e+02
3.465000000000000000e+05	3.220017002024796966e+02
3.474000000000000000e+05	3.220017002024796966e+02
3.474000000000000000e+05	3.220626834464827084e+02
3.483000000000000000e+05	3.220626834464827084e+02
3.483000000000000000e+05	3.221236438217691784e+02
3.492000000000000000e+05	3.221236438217691784e+02
3.492000000000000000e+05	3.281499999999999773e+02
3.501000000000000000e+05	3.281499999999999773e+02
3.501000000000000000e+05	3.281499999999999773e+02
3.510000000000000000e+05	3.281499999999999773e+02
3.510000000000000000e+05	3.281499999999999773e+02
3.519000000000000000e+05	3.281499999999999773e+02
3.519000000000000000e+05	3.281499999999999773e+02
3.528000000000000000e+05	3.281499999999999773e+02
3.528000000000000000e+05	2.981499999999999773e+02
3.537000000000000000e+05	2.981499999999999773e+02
3.537000000000000000e+05	3.231732144757315837e+02
3.546000000000000000e+05	3.231732144757315837e+02
3.546000000000000000e+05	3.232337584018821417e+02
3.555000000000000000e+05	3.232337584018821417e+02
3.555000000000000000e+05	3.232942796240603798e+02
3.564000000000000000e+05	3.232942796240603798e+02
3.564000000000000000e+05	3.281499999999999773e+02
3.573000000000000000e+05	3.281499999999999773e+02
3.573000000000000000e+05	3.093054342499152085e+02
3.582000000000000000e+05	3.093054342499152085e+02
3.582000000000000000e+05	3.281499999999999773e+02
3.591000000000000000e+05	3.281499999999999773e+02
3.591000000000000000e+05	2.981499999999999773e+02
3.600000000000000000e+05	2.981499999999999773e+02
3.600000000000000000e+05	3.281500000000071395e+02
3.609000000000000000e+05	3.281500000000071395e+02
3.609000000000000000e+05	3.281499999999999773e+02
3.618000000000000000e+05	3.281499999999999773e+02
3.618000000000000000e+05	3.281499999999999773e+02
3.627000000000000000e+05	3.281499999999999773e+02
3.627000000000000000e+05	3.281499999999999773e+02
3.636000000000000000e+05	3.281499999999999773e+02
3.636000000000000000e+05	3.254625511346567919e+02
3.645000000000000000e+05	3.254625511346567919e+02
3.645000000000000000e+05	3.281499999999999773e+02
3.654000000000000000e+05	3.281499999999999773e+02
3.654000000000000000e+05	3.281499999999999773e+02
3.663000000000000000e+05	3.281499999999999773e+02
3.663000000000000000e+05	3.281499999999999773e+02
3.672000000000000000e+05	3.281499999999999773e+02
3.672000000000000000e+05	3.281500000000082764e+02
3.681000000000000000e+05	3.281500000000082764e+02
3.681000000000000000e+05	3.281499999999999773e+02
3.690000000000000000e+05	3.281499999999999773e+02
3.690000000000000000e+05	3.281499999999999773e+02
3.699000000000000000e+05	3.281499999999999773e+02
3.699000000000000000e+05	3.027046053171927156e+02
3.708000000000000000e+05	3.027046053171927156e+02
3.708000000000000000e+05	3.014637910188509409e+02
3.717000000000000000e+05	3.014637910188509409e+02
3.717000000000000000e+05	3.074366258053631213e+02
3.726000000000000000e+05	3.074366258053631213e+02
3.726000000000000000e+05	3.161129932772509505e+02
3.735000000000000000e+05	3.161129932772509505e+02
3.735000000000000000e+05	3.161129932772509505e+02
3.744000000000000000e+05	3.161129932772509505e+02
3.744000000000000000e+05	3.161129932772510074e+02
3.753000000000000000e+05	3.161129932772510074e+02
3.753000000000000000e+05	3.161129932772509505e+02
3.762000000000000000e+05	3.161129932772509505e+02
3.762000000000000000e+05	3.161129932772509505e+02
3.771000000000000000e+05	3.161129932772509505e+02
3.771000000000000000e+05	3.161129932772509505e+02
3.780000000000000000e+05	3.161129932772509505e+02
3.780000000000000000e+05	3.093054342499152085e+02
3.789000000000000000e+05	3.093054342499152085e+02
3.789000000000000000e+05	3.281499999999999773e+02
3.798000000000000000e+05	3.281499999999999773e+02
3.798000000000000000e+05	3.061694100022291423e+02
3.807000000000000000e+05	3.061694100022291423e+02
3.807000000000000000e+05	3.087012156722216218e+02
3.816000000000000000e+05	3.087012156722216218e+02
3.816000000000000000e+05	3.069215669441049954e+02
3.825000000000000000e+05	3.069215669441049954e+02
3.825000000000000000e+05	3.068332854575000397e+02
3.834000000000000000e+05	3.068332854575000397e+02
3.834000000000000000e+05	3.061603045394202240e+02
3.843000000000000000e+05	3.061603045394202240e+02
3.843000000000000000e+05	3.069098866510470884e+02
3.852000000000000000e+05	3.069098866510470884e+02
3.852000000000000000e+05	3.281499999999999773e+02
3.861000000000000000e+05	3.281499999999999773e+02
3.861000000000000000e+05	3.281499999999999773e+02
3.870000000000000000e+05	3.281499999999999773e+02
3.870000000000000000e+05	3.040058717003068409e+02
3.879000000000000000e+05	3.040058717003068409e+02
3.879000000000000000e+05	3.281499999999999773e+02
3.888000000000000000e+05	3.281499999999999773e+02
3.888000000000000000e+05	3.093054342499152085e+02
3.897000000000000000e+05	3.093054342499152085e+02
3.897000000000000000e+05	3.093054342499152085e+02
3.906000000000000000e+05	3.093054342499152085e+02
3.906000000000000000e+05	3.072767871086062996e+02
3.915000000000000000e+05	3.072767871086062996e+02
3.915000000000000000e+05	3.093054342499152085e+02
3.924000000000000000e+05	3.093054342499152085e+02
3.924000000000000000e+05	3.093054342499152085e+02
3.933000000000000000e+05	3.093054342499152085e+02
3.933000000000000000e+05	3.093054342499152085e+02
3.942000000000000000e+05	3.093054342499152085e+02
3.942000000000000000e+05	2.981499999999999773e+02
3.951000000000000000e+05	2.981499999999999773e+02
3.951000000000000000e+05	2.981499999999999773e+02
3.960000000000000000e+05	2.981499999999999773e+02
3.960000000000000000e+05	3.017583495095304329e+02
3.969000000000000000e+05	3.017583495095304329e+02
3.969000000000000000e+05	3.281499999999999773e+02
3.978000000000000000e+05	3.281499999999999773e+02
3.978000000000000000e+05	3.027906392235880162e+02
3.987000000000000000e+05	3.027906392235880162e+02
3.987000000000000000e+05	3.052594150936005235e+02
3.996000000000000000e+05	3.052594150936005235e+02
3.996000000000000000e+05	3.093054342499152085e+02
4.005000000000000000e+05	3.093054342499152085e+02
4.005000000000000000e+05	2.981499999999999773e+02
4.014000000000000000e+05	2.981499999999999773e+02
4.014000000000000000e+05	3.281499999999999773e+02
4.023000000000000000e+05	3.281499999999999773e+02
4.023000000000000000e+05	3.281499999999999773e+02
4.032000000000000000e+05	3.281499999999999773e+02
4.032000000000000000e+05	2.981499999999999773e+02
4.041000000000000000e+05	2.981499999999999773e+02
4.041000000000000000e+05	3.037640598538190488e+02
4.050000000000000000e+05	3.037640598538190488e+02
4.050000000000000000e+05	3.281499999999999773e+02
4.059000000000000000e+05	3.281499999999999773e+02
4.059000000000000000e+05	2.981499999999999773e+02
4.068000000000000000e+05	2.981499999999999773e+02
4.068000000000000000e+05	3.281499999999999773e+02
4.077000000000000000e+05	3.281499999999999773e+02
4.077000000000000000e+05	3.281499999999999773e+02
4.086000000000000000e+05	3.281499999999999773e+02
4.086000000000000000e+05	3.093054342499152085e+02
4.095000000000000000e+05	3.093054342499152085e+02
4.095000000000000000e+05	2.981499999999999773e+02
4.104000000000000000e+05	2.981499999999999773e+02
4.104000000000000000e+05	3.014124662744928287e+02
4.113000000000000000e+05	3.014124662744928287e+02
4.113000000000000000e+05	3.281499999999999773e+02
4.122000000000000000e+05	3.281499999999999773e+02
4.122000000000000000e+05	3.281499999999999773e+02
4.131000000000000000e+05	3.281499999999999773e+02
4.131000000000000000e+05	3.093054342499152085e+02
4.140000000000000000e+05	3.093054342499152085e+02
4.140000000000000000e+05	3.015097177379294635e+02
4.149000000000000000e+05	3.015097177379294635e+02
4.149000000000000000e+05	3.093054342499152085e+02
4.158000000000000000e+05	3.093054342499152085e+02
4.158000000000000000e+05	3.046826477777744344e+02
4.167000000000000000e+05	3.046826477777744344e+02
4.167000000000000000e+05	2.981499999999999773e+02
4.176000000000000000e+05	2.981499999999999773e+02
4.176000000000000000e+05	3.093054342499152085e+02
4.185000000000000000e+05	3.093054342499152085e+02
4.185000000000000000e+05	3.281499999999999773e+02
4.194000000000000000e+05	3.281499999999999773e+02
4.194000000000000000e+05	3.281499999999999773e+02
4.203000000000000000e+05	3.281499999999999773e+02
4.203000000000000000e+05	2.981499999999999773e+02
4.212000000000000000e+05	2.981499999999999773e+02
4.212000000000000000e+05	3.281499999999999773e+02
4.221000000000000000e+05	3.281499999999999773e+02
4.221000000000000000e+05	3.281499999999999773e+02
4.230000000000000000e+05	3.281499999999999773e+02
4.230000000000000000e+05	3.281499999999999773e+02
4.239000000000000000e+05	3.281499999999999773e+02
4.239000000000000000e+05	3.281499999999999773e+02
4.248000000000000000e+05	3.281499999999999773e+02
4.248000000000000000e+05	3.281499999999999773e+02
4.257000000000000000e+05	3.281499999999999773e+02
4.257000000000000000e+05	3.281499999999999773e+02
4.266000000000000000e+05	3.281499999999999773e+02
4.266000000000000000e+05	3.281499999999999773e+02
4.275000000000000000e+05	3.281499999999999773e+02
4.275000000000000000e+05	3.281499999999999773e+02
4.284000000000000000e+05	3.281499999999999773e+02
4.284000000000000000e+05	3.201611687348469104e+02
4.293000000000000000e+05	3.201611687348469104e+02
4.293000000000000000e+05	3.238091756474637464e+02
4.302000000000000000e+05	3.238091756474637464e+02
4.302000000000000000e+05	3.281499999999999773e+02
4.311000000000000000e+05	3.281499999999999773e+02
4.311000000000000000e+05	3.281499999999999773e+02
4.320000000000000000e+05	3.281499999999999773e+02
4.320000000000000000e+05	3.266715939065105658e+02
4.329000000000000000e+05	3.266715939065105658e+02
4.329000000000000000e+05	3.281499999999999773e+02
4.338000000000000000e+05	3.281499999999999773e+02
4.338000000000000000e+05	3.281499999999999773e+02
4.347000000000000000e+05	3.281499999999999773e+02
4.347000000000000000e+05	3.281499999999999773e+02
4.356000000000000000e+05	3.281499999999999773e+02
4.356000000000000000e+05	3.281499999999999773e+02
4.365000000000000000e+05	3.281499999999999773e+02
4.365000000000000000e+05	3.281499999999999773e+02
4.374000000000000000e+05	3.281499999999999773e+02
4.374000000000000000e+05	3.281499999999999773e+02
4.383000000000000000e+05	3.281499999999999773e+02
4.383000000000000000e+05	3.281499999999999773e+02
4.392000000000000000e+05	3.281499999999999773e+02
4.392000000000000000e+05	3.281499999999999773e+02
4.401000000000000000e+05	3.281499999999999773e+02
4.401000000000000000e+05	3.281499999999999773e+02
4.410000000000000000e+05	3.281499999999999773e+02
4.410000000000000000e+05	3.281499999999999773e+02
4.419000000000000000e+05	3.281499999999999773e+02
4.419000000000000000e+05	3.281499999999999773e+02
4.428000000000000000e+05	3.281499999999999773e+02
4.428000000000000000e+05	3.281499999999999773e+02
4.437000000000000000e+05	3.281499999999999773e+02
4.437000000000000000e+05	3.281499999999999773e+02
4.446000000000000000e+05	3.281499999999999773e+02
4.446000000000000000e+05	3.281499999999999773e+02
4.455000000000000000e+05	3.281499999999999773e+02
4.455000000000000000e+05	2.981499999999999773e+02
4.464000000000000000e+05	2.981499999999999773e+02
4.464000000000000000e+05	3.281499999999999773e+02
4.473000000000000000e+05	3.281499999999999773e+02
4.473000000000000000e+05	3.281499999999999773e+02
4.482000000000000000e+05	3.281499999999999773e+02
4.482000000000000000e+05	3.093054342499152085e+02
4.491000000000000000e+05	3.093054342499152085e+02
4.491000000000000000e+05	3.281499999999999773e+02
4.500000000000000000e+05	3.281499999999999773e+02
4.500000000000000000e+05	2.990858919577978554e+02
4.509000000000000000e+05	2.990858919577978554e+02
4.509000000000000000e+05	3.019463795610167836e+02
4.518000000000000000e+05	3.019463795610167836e+02
4.518000000000000000e+05	3.281499999999999773e+02
4.527000000000000000e+05	3.281499999999999773e+02
4.527000000000000000e+05	3.281499999999999773e+02
4.536000000000000000e+05	3.281499999999999773e+02
4.536000000000000000e+05	3.281499999999999773e+02
4.545000000000000000e+05	3.281499999999999773e+02
4.545000000000000000e+05	2.981499999999999773e+02
4.554000000000000000e+05	2.981499999999999773e+02
4.554000000000000000e+05	3.281499999999999773e+02
4.563000000000000000e+05	3.281499999999999773e+02
4.563000000000000000e+05	2.981499999999999773e+02
4.572000000000000000e+05	2.981499999999999773e+02
4.572000000000000000e+05	3.014659921146831607e+02
4.581000000000000000e+05	3.014659921146831607e+02
4.581000000000000000e+05	3.073608950728112745e+02
4.590000000000000000e+05	3.073608950728112745e+02
4.590000000000000000e+05	3.161129932772509505e+02
4.599000000000000000e+05	3.161129932772509505e+02
4.599000000000000000e+05	3.161129932772509505e+02
4.608000000000000000e+05	3.161129932772509505e+02
4.608000000000000000e+05	3.161129932772508937e+02
4.617000000000000000e+05	3.161129932772508937e+02
4.617000000000000000e+05	3.161129932772509505e+02
4.626000000000000000e+05	3.161129932772509505e+02
4.626000000000000000e+05	3.161129932772509505e+02
4.635000000000000000e+05	3.161129932772509505e+02
4.635000000000000000e+05	3.161129932772509505e+02
4.644000000000000000e+05	3.161129932772509505e+02
4.644000000000000000e+05	3.123258860508473731e+02
4.653000000000000000e+05	3.123258860508473731e+02
4.653000000000000000e+05	3.093054342499152085e+02
4.662000000000000000e+05	3.093054342499152085e+02
4.662000000000000000e+05	3.093054342499152085e+02
4.671000000000000000e+05	3.093054342499152085e+02
4.671000000000000000e+05	3.093054342499152085e+02
4.680000000000000000e+05	3.093054342499152085e+02
4.680000000000000000e+05	3.281499999999999773e+02
4.689000000000000000e+05	3.281499999999999773e+02
4.689000000000000000e+05	3.064626274848331491e+02
4.698000000000000000e+05	3.064626274848331491e+02
4.698000000000000000e+05	3.070016279809358934e+02
4.707000000000000000e+05	3.070016279809358934e+02
4.707000000000000000e+05	3.087513842805574313e+02
4.716000000000000000e+05	3.087513842805574313e+02
4.716000000000000000e+05	3.265539168460701376e+02
4.725000000000000000e+05	3.265539168460701376e+02
4.725000000000000000e+05	3.038932795323221399e+02
4.734000000000000000e+05	3.038932795323221399e+02
4.734000000000000000e+05	3.065074064697344056e+02
4.743000000000000000e+05	3.065074064697344056e+02
4.743000000000000000e+05	2.981499999999999773e+02
4.752000000000000000e+05	2.981499999999999773e+02
4.752000000000000000e+05	3.281500000000000341e+02
4.761000000000000000e+05	3.281500000000000341e+02
4.761000000000000000e+05	3.033731440508934156e+02
4.770000000000000000e+05	3.033731440508934156e+02
4.770000000000000000e+05	3.281499999999999773e+02
4.779000000000000000e+05	3.281499999999999773e+02
4.779000000000000000e+05	3.020097376835282148e+02
4.788000000000000000e+05	3.020097376835282148e+02
4.788000000000000000e+05	3.037854507467563963e+02
4.797000000000000000e+05	3.037854507467563963e+02
4.797000000000000000e+05	3.054519650046342463e+02
4.806000000000000000e+05	3.054519650046342463e+02
4.806000000000000000e+05	3.061707912103930767e+02
4.815000000000000000e+05	3.061707912103930767e+02
4.815000000000000000e+05	3.065467387369045582e+02
4.824000000000000000e+05	3.065467387369045582e+02
4.824000000000000000e+05	3.281499999999999773e+02
4.833000000000000000e+05	3.281499999999999773e+02
4.833000000000000000e+05	3.281499999999999773e+02
4.842000000000000000e+05	3.281499999999999773e+02
4.842000000000000000e+05	3.281499999999999773e+02
4.851000000000000000e+05	3.281499999999999773e+02
4.851000000000000000e+05	3.281499999999999773e+02
4.860000000000000000e+05	3.281499999999999773e+02
4.860000000000000000e+05	3.281499999999999773e+02
4.869000000000000000e+05	3.281499999999999773e+02
4.869000000000000000e+05	3.281499999999999773e+02
4.878000000000000000e+05	3.281499999999999773e+02
4.878000000000000000e+05	3.036030645752824739e+02
4.887000000000000000e+05	3.036030645752824739e+02
4.887000000000000000e+05	3.281499999999999773e+02
4.896000000000000000e+05	3.281499999999999773e+02
4.896000000000000000e+05	2.981499999999999204e+02
4.905000000000000000e+05	2.981499999999999204e+02
4.905000000000000000e+05	3.027771077785536704e+02
4.914000000000000000e+05	3.027771077785536704e+02
4.914000000000000000e+05	2.981499999999999773e+02
4.923000000000000000e+05	2.981499999999999773e+02
4.923000000000000000e+05	2.981499999999999773e+02
4.932000000000000000e+05	2.981499999999999773e+02
4.932000000000000000e+05	3.281499999999999773e+02
4.941000000000000000e+05	3.281499999999999773e+02
4.941000000000000000e+05	3.281499999999999773e+02
4.950000000000000000e+05	3.281499999999999773e+02
4.950000000000000000e+05	2.981499999999999773e+02
4.959000000000000000e+05	2.981499999999999773e+02
4.959000000000000000e+05	2.981499999999999773e+02
4.968000000000000000e+05	2.981499999999999773e+02
4.968000000000000000e+05	3.281499999999999773e+02
4.977000000000000000e+05	3.281499999999999773e+02
4.977000000000000000e+05	3.020535512256275297e+02
4.986000000000000000e+05	3.020535512256275297e+02
4.986000000000000000e+05	2.981499999999999773e+02
4.995000000000000000e+05	2.981499999999999773e+02
4.995000000000000000e+05	3.245935251430342987e+02
5.004000000000000000e+05	3.245935251430342987e+02
5.004000000000000000e+05	3.241937099263998334e+02
5.013000000000000000e+05	3.241937099263998334e+02
5.013000000000000000e+05	2.981499999999999773e+02
5.022000000000000000e+05	2.981499999999999773e+02
5.022000000000000000e+05	3.241529909650687387e+02
5.031000000000000000e+05	3.241529909650687387e+02
5.031000000000000000e+05	3.242131674750357888e+02
5.040000000000000000e+05	3.242131674750357888e+02
5.040000000000000000e+05	3.018790607420813217e+02
5.049000000000000000e+05	3.018790607420813217e+02
5.049000000000000000e+05	3.281499999999999773e+02
5.058000000000000000e+05	3.281499999999999773e+02
5.058000000000000000e+05	3.281499999999999773e+02
5.067000000000000000e+05	3.281499999999999773e+02
5.067000000000000000e+05	3.281499999999999773e+02
5.076000000000000000e+05	3.281499999999999773e+02
5.076000000000000000e+05	2.981499999999999773e+02
5.085000000000000000e+05	2.981499999999999773e+02
5.085000000000000000e+05	3.281499999999999773e+02
5.094000000000000000e+05	3.281499999999999773e+02
5.094000000000000000e+05	3.281499999999999773e+02
5.103000000000000000e+05	3.281499999999999773e+02
5.103000000000000000e+05	3.281499999999999773e+02
5.112000000000000000e+05	3.281499999999999773e+02
5.112000000000000000e+05	3.281499999999999773e+02
5.121000000000000000e+05	3.281499999999999773e+02
5.121000000000000000e+05	3.281499999999999773e+02
5.130000000000000000e+05	3.281499999999999773e+02
5.130000000000000000e+05	3.281499999999999773e+02
5.139000000000000000e+05	3.281499999999999773e+02
5.139000000000000000e+05	3.281499999999999773e+02
5.148000000000000000e+05	3.281499999999999773e+02
5.148000000000000000e+05	3.281499999999999773e+02
5.157000000000000000e+05	3.281499999999999773e+02
5.157000000000000000e+05	3.281499999999999773e+02
5.166000000000000000e+05	3.281499999999999773e+02
5.166000000000000000e+05	3.281499999999999773e+02
5.175000000000000000e+05	3.281499999999999773e+02
5.175000000000000000e+05	3.281499999999999773e+02
5.184000000000000000e+05	3.281499999999999773e+02
5.184000000000000000e+05	3.281499999999999773e+02
5.193000000000000000e+05	3.281499999999999773e+02
5.193000000000000000e+05	3.281499999999999773e+02
5.202000000000000000e+05	3.281499999999999773e+02
5.202000000000000000e+05	3.281499999999999773e+02
5.211000000000000000e+05	3.281499999999999773e+02
5.211000000000000000e+05	3.281499999999999773e+02
5.220000000000000000e+05	3.281499999999999773e+02
5.220000000000000000e+05	3.281499999999999773e+02
5.229000000000000000e+05	3.281499999999999773e+02
5.229000000000000000e+05	3.281499999999999773e+02
5.238000000000000000e+05	3.281499999999999773e+02
5.238000000000000000e+05	3.281499999999999773e+02
5.247000000000000000e+05	3.281499999999999773e+02
5.247000000000000000e+05	3.281499999999999773e+02
5.256000000000000000e+05	3.281499999999999773e+02
5.256000000000000000e+05	3.200888038042501194e+02
5.265000000000000000e+05	3.200888038042501194e+02
5.265000000000000000e+05	3.281499999999999773e+02
5.274000000000000000e+05	3.281499999999999773e+02
5.274000000000000000e+05	3.281499999999999773e+02
5.283000000000000000e+05	3.281499999999999773e+02
5.283000000000000000e+05	3.093054342499152085e+02
5.292000000000000000e+05	3.093054342499152085e+02
5.292000000000000000e+05	2.988729271195539923e+02
5.301000000000000000e+05	2.988729271195539923e+02
5.301000000000000000e+05	3.093054342499152085e+02
5.310000000000000000e+05	3.093054342499152085e+02
5.310000000000000000e+05	3.093054342499152085e+02
5.319000000000000000e+05	3.093054342499152085e+02
5.319000000000000000e+05	3.251055757903383210e+02
5.328000000000000000e+05	3.251055757903383210e+02
5.328000000000000000e+05	3.281499999999999773e+02
5.337000000000000000e+05	3.281499999999999773e+02
5.337000000000000000e+05	3.281499999999999773e+02
5.346000000000000000e+05	3.281499999999999773e+02
5.346000000000000000e+05	2.988233260526153572e+02
5.355000000000000000e+05	2.988233260526153572e+02
5.355000000000000000e+05	3.070602934106642579e+02
5.364000000000000000e+05	3.070602934106642579e+02
5.364000000000000000e+05	3.025761183130014160e+02
5.373000000000000000e+05	3.025761183130014160e+02
5.373000000000000000e+05	3.264301094657114390e+02
5.382000000000000000e+05	3.264301094657114390e+02
5.382000000000000000e+05	3.278736617493339054e+02
5.391000000000000000e+05	3.278736617493339054e+02
5.391000000000000000e+05	3.281499999999999773e+02
5.400000000000000000e+05	3.281499999999999773e+02
5.400000000000000000e+05	3.000247175250291889e+02
5.409000000000000000e+05	3.000247175250291889e+02
5.409000000000000000e+05	3.268109492147023616e+02
5.418000000000000000e+05	3.268109492147023616e+02
5.418000000000000000e+05	3.281499999999999773e+02
5.427000000000000000e+05	3.281499999999999773e+02
5.427000000000000000e+05	2.991173605335839056e+02
5.436000000000000000e+05	2.991173605335839056e+02
5.436000000000000000e+05	3.038471317437339962e+02
5.445000000000000000e+05	3.038471317437339962e+02
5.445000000000000000e+05	3.161129932772509505e+02
5.454000000000000000e+05	3.161129932772509505e+02
5.454000000000000000e+05	3.161129932772509505e+02
5.463000000000000000e+05	3.161129932772509505e+02
5.463000000000000000e+05	3.161129932772509505e+02
5.472000000000000000e+05	3.161129932772509505e+02
5.472000000000000000e+05	3.117397871662665807e+02
5.481000000000000000e+05	3.117397871662665807e+02
5.481000000000000000e+05	3.141763835193733030e+02
5.490000000000000000e+05	3.141763835193733030e+02
5.490000000000000000e+05	3.142986414232476022e+02
5.499000000000000000e+05	3.142986414232476022e+02
5.499000000000000000e+05	3.148801126000232102e+02
5.508000000000000000e+05	3.148801126000232102e+02
5.508000000000000000e+05	3.281499999999999773e+02
5.517000000000000000e+05	3.281499999999999773e+02
5.517000000000000000e+05	3.093054342499152085e+02
5.526000000000000000e+05	3.093054342499152085e+02
5.526000000000000000e+05	3.093054342499152085e+02
5.535000000000000000e+05	3.093054342499152085e+02
5.535000000000000000e+05	3.091935659359220949e+02
5.544000000000000000e+05	3.091935659359220949e+02
5.544000000000000000e+05	3.081860760211276329e+02
5.553000000000000000e+05	3.081860760211276329e+02
5.553000000000000000e+05	3.075180100846873188e+02
5.562000000000000000e+05	3.075180100846873188e+02
5.562000000000000000e+05	3.067071055316365573e+02
5.571000000000000000e+05	3.067071055316365573e+02
5.571000000000000000e+05	3.069800984058027211e+02
5.580000000000000000e+05	3.069800984058027211e+02
5.580000000000000000e+05	3.281499999999999773e+02
5.589000000000000000e+05	3.281499999999999773e+02
5.589000000000000000e+05	3.037319911408953885e+02
5.598000000000000000e+05	3.037319911408953885e+02
5.598000000000000000e+05	3.055133003779326373e+02
5.607000000000000000e+05	3.055133003779326373e+02
5.607000000000000000e+05	3.069115936324824929e+02
5.616000000000000000e+05	3.069115936324824929e+02
5.616000000000000000e+05	3.281499999999999773e+02
5.625000000000000000e+05	3.281499999999999773e+02
5.625000000000000000e+05	3.250666594600765507e+02
5.634000000000000000e+05	3.250666594600765507e+02
5.634000000000000000e+05	3.050342839304885842e+02
5.643000000000000000e+05	3.050342839304885842e+02
5.643000000000000000e+05	2.981499999999999773e+02
5.652000000000000000e+05	2.981499999999999773e+02
5.652000000000000000e+05	3.093054342499177665e+02
5.661000000000000000e+05	3.093054342499177665e+02
5.661000000000000000e+05	3.281499999999999773e+02
5.670000000000000000e+05	3.281499999999999773e+02
5.670000000000000000e+05	3.012394349902500608e+02
5.679000000000000000e+05	3.012394349902500608e+02
5.679000000000000000e+05	2.981499999999999773e+02
5.688000000000000000e+05	2.981499999999999773e+02
5.688000000000000000e+05	3.023150448783561615e+02
5.697000000000000000e+05	3.023150448783561615e+02
5.697000000000000000e+05	3.281499999999999773e+02
5.706000000000000000e+05	3.281499999999999773e+02
5.706000000000000000e+05	3.018618354415183376e+02
5.715000000000000000e+05	3.018618354415183376e+02
5.715000000000000000e+05	3.036777178861137827e+02
5.724000000000000000e+05	3.036777178861137827e+02
5.724000000000000000e+05	3.281499999999999773e+02
5.733000000000000000e+05	3.281499999999999773e+02
5.733000000000000000e+05	3.016831852749859308e+02
5.742000000000000000e+05	3.016831852749859308e+02
5.742000000000000000e+05	3.033787745342792164e+02
5.751000000000000000e+05	3.033787745342792164e+02
5.751000000000000000e+05	2.981499999999999773e+02
5.760000000000000000e+05	2.981499999999999773e+02
5.760000000000000000e+05	3.281499999999999773e+02
5.769000000000000000e+05	3.281499999999999773e+02
5.769000000000000000e+05	3.008045619543050861e+02
5.778000000000000000e+05	3.008045619543050861e+02
5.778000000000000000e+05	3.030144959109607612e+02
5.787000000000000000e+05	3.030144959109607612e+02
5.787000000000000000e+05	2.981499999999999773e+02
5.796000000000000000e+05	2.981499999999999773e+02
5.796000000000000000e+05	3.012942668700119953e+02
5.805000000000000000e+05	3.012942668700119953e+02
5.805000000000000000e+05	3.040173581295836698e+02
5.814000000000000000e+05	3.040173581295836698e+02
5.814000000000000000e+05	3.050187493003498389e+02
5.823000000000000000e+05	3.050187493003498389e+02
5.823000000000000000e+05	2.981499999999999773e+02
5.832000000000000000e+05	2.981499999999999773e+02
5.832000000000000000e+05	2.981499999999999773e+02
5.841000000000000000e+05	2.981499999999999773e+02
5.841000000000000000e+05	3.281499999999999773e+02
5.850000000000000000e+05	3.281499999999999773e+02
5.850000000000000000e+05	2.981499999999999773e+02
5.859000000000000000e+05	2.981499999999999773e+02
5.859000000000000000e+05	3.281499999999999773e+02
5.868000000000000000e+05	3.281499999999999773e+02
5.868000000000000000e+05	3.006137457847855785e+02
5.877000000000000000e+05	3.006137457847855785e+02
5.877000000000000000e+05	3.035425167023959148e+02
5.886000000000000000e+05	3.035425167023959148e+02
5.886000000000000000e+05	3.013814367354656838e+02
5.895000000000000000e+05	3.013814367354656838e+02
5.895000000000000000e+05	3.093054342499152085e+02
5.904000000000000000e+05	3.093054342499152085e+02
5.904000000000000000e+05	3.281499999999999773e+02
5.913000000000000000e+05	3.281499999999999773e+02
5.913000000000000000e+05	3.281499999999999773e+02
5.922000000000000000e+05	3.281499999999999773e+02
5.922000000000000000e+05	3.281499999999999773e+02
5.931000000000000000e+05	3.281499999999999773e+02
5.931000000000000000e+05	2.981499999999999773e+02
5.940000000000000000e+05	2.981499999999999773e+02
5.940000000000000000e+05	3.281499999999999773e+02
5.949000000000000000e+05	3.281499999999999773e+02
5.949000000000000000e+05	3.281499999999999773e+02
5.958000000000000000e+05	3.281499999999999773e+02
5.958000000000000000e+05	3.281499999999999773e+02
5.967000000000000000e+05	3.281499999999999773e+02
5.967000000000000000e+05	3.281499999999999773e+02
5.976000000000000000e+05	3.281499999999999773e+02
5.976000000000000000e+05	3.281499999999999773e+02
5.985000000000000000e+05	3.281499999999999773e+02
5.985000000000000000e+05	3.281499999999999773e+02
5.994000000000000000e+05	3.281499999999999773e+02
5.994000000000000000e+05	3.281499999999999773e+02
6.003000000000000000e+05	3.281499999999999773e+02
6.003000000000000000e+05	3.281499999999999773e+02
6.012000000000000000e+05	3.281499999999999773e+02
6.012000000000000000e+05	3.093054342499152085e+02
6.021000000000000000e+05	3.093054342499152085e+02
6.021000000000000000e+05	3.281499999999999773e+02
6.030000000000000000e+05	3.281499999999999773e+02
6.030000000000000000e+05	3.281499999999999773e+02
6.039000000000000000e+05	3.281499999999999773e+02
6.039000000000000000e+05	3.281499999999999773e+02
6.048000000000000000e+05	3.281499999999999773e+02
