# #1
# double t_TES(1344, 2)
0.000000000000000000e+00	3.031499999999999773e+02
9.000000000000000000e+02	3.031499999999999773e+02
9.000000000000000000e+02	2.997875033493480714e+02
1.800000000000000000e+03	2.997875033493480714e+02
1.800000000000000000e+03	2.992785146113785686e+02
2.700000000000000000e+03	2.992785146113785686e+02
2.700000000000000000e+03	2.981386142996607873e+02
3.600000000000000000e+03	2.981386142996607873e+02
3.600000000000000000e+03	2.974884279544020842e+02
4.500000000000000000e+03	2.974884279544020842e+02
4.500000000000000000e+03	3.011800723119522445e+02
5.400000000000000000e+03	3.011800723119522445e+02
5.400000000000000000e+03	2.990838277542969763e+02
6.300000000000000000e+03	2.990838277542969763e+02
6.300000000000000000e+03	2.979230499249262607e+02
7.200000000000000000e+03	2.979230499249262607e+02
7.200000000000000000e+03	2.937306124865878587e+02
8.100000000000000000e+03	2.937306124865878587e+02
8.100000000000000000e+03	2.987665909873903729e+02
9.000000000000000000e+03	2.987665909873903729e+02
9.000000000000000000e+03	2.981464869832529416e+02
9.900000000000000000e+03	2.981464869832529416e+02
9.900000000000000000e+03	2.967423729836419284e+02
1.080000000000000000e+04	2.967423729836419284e+02
1.080000000000000000e+04	2.950363029571439029e+02
1.170000000000000000e+04	2.950363029571439029e+02
1.170000000000000000e+04	2.938842706189348064e+02
1.260000000000000000e+04	2.938842706189348064e+02
1.260000000000000000e+04	2.920422479678993000e+02
1.350000000000000000e+04	2.920422479678993000e+02
1.350000000000000000e+04	2.954608733334200110e+02
1.440000000000000000e+04	2.954608733334200110e+02
1.440000000000000000e+04	2.948155345738086339e+02
1.530000000000000000e+04	2.948155345738086339e+02
1.530000000000000000e+04	2.977515561779808309e+02
1.620000000000000000e+04	2.977515561779808309e+02
1.620000000000000000e+04	2.990131839221274390e+02
1.710000000000000000e+04	2.990131839221274390e+02
1.710000000000000000e+04	3.003186393327836754e+02
1.800000000000000000e+04	3.003186393327836754e+02
1.800000000000000000e+04	2.973812240072354030e+02
1.890000000000000000e+04	2.973812240072354030e+02
1.890000000000000000e+04	2.956134841045360417e+02
1.980000000000000000e+04	2.956134841045360417e+02
1.980000000000000000e+04	2.950761147119258681e+02
2.070000000000000000e+04	2.950761147119258681e+02
2.070000000000000000e+04	2.941016659816249899e+02
2.160000000000000000e+04	2.941016659816249899e+02
2.160000000000000000e+04	2.933811640102815090e+02
2.250000000000000000e+04	2.933811640102815090e+02
2.250000000000000000e+04	2.927552685021425418e+02
2.340000000000000000e+04	2.927552685021425418e+02
2.340000000000000000e+04	2.915168375142561104e+02
2.430000000000000000e+04	2.915168375142561104e+02
2.430000000000000000e+04	2.911499999999999773e+02
2.520000000000000000e+04	2.911499999999999773e+02
2.520000000000000000e+04	2.937043087966735015e+02
2.610000000000000000e+04	2.937043087966735015e+02
2.610000000000000000e+04	2.976781166869425306e+02
2.700000000000000000e+04	2.976781166869425306e+02
2.700000000000000000e+04	2.963482908790780357e+02
2.790000000000000000e+04	2.963482908790780357e+02
2.790000000000000000e+04	2.958282116365315346e+02
2.880000000000000000e+04	2.958282116365315346e+02
2.880000000000000000e+04	2.929647826745031125e+02
2.970000000000000000e+04	2.929647826745031125e+02
2.970000000000000000e+04	2.989553435142873923e+02
3.060000000000000000e+04	2.989553435142873923e+02
3.060000000000000000e+04	3.007009155113863130e+02
3.150000000000000000e+04	3.007009155113863130e+02
3.150000000000000000e+04	3.025096848395227198e+02
3.240000000000000000e+04	3.025096848395227198e+02
3.240000000000000000e+04	3.031606438589967070e+02
3.330000000000000000e+04	3.031606438589967070e+02
3.330000000000000000e+04	3.056267339761389508e+02
3.420000000000000000e+04	3.056267339761389508e+02
3.420000000000000000e+04	3.064161059866928554e+02
3.510000000000000000e+04	3.064161059866928554e+02
3.510000000000000000e+04	3.072465095439090987e+02
3.600000000000000000e+04	3.072465095439090987e+02
3.600000000000000000e+04	3.061918277576097580e+02
3.690000000000000000e+04	3.061918277576097580e+02
3.690000000000000000e+04	3.015420465963100014e+02
3.780000000000000000e+04	3.015420465963100014e+02
3.780000000000000000e+04	3.035390349742025933e+02
3.870000000000000000e+04	3.035390349742025933e+02
3.870000000000000000e+04	3.022515704743025822e+02
3.960000000000000000e+04	3.022515704743025822e+02
3.960000000000000000e+04	3.023297594697597788e+02
4.050000000000000000e+04	3.023297594697597788e+02
4.050000000000000000e+04	3.041733631218770597e+02
4.140000000000000000e+04	3.041733631218770597e+02
4.140000000000000000e+04	3.015978704571994058e+02
4.230000000000000000e+04	3.015978704571994058e+02
4.230000000000000000e+04	2.989414437638383788e+02
4.320000000000000000e+04	2.989414437638383788e+02
4.320000000000000000e+04	2.989068366773629464e+02
4.410000000000000000e+04	2.989068366773629464e+02
4.410000000000000000e+04	2.968811798178113577e+02
4.500000000000000000e+04	2.968811798178113577e+02
4.500000000000000000e+04	2.985970504092402962e+02
4.590000000000000000e+04	2.985970504092402962e+02
4.590000000000000000e+04	3.004522128138955850e+02
4.680000000000000000e+04	3.004522128138955850e+02
4.680000000000000000e+04	2.967598189687322474e+02
4.770000000000000000e+04	2.967598189687322474e+02
4.770000000000000000e+04	2.992575341961047002e+02
4.860000000000000000e+04	2.992575341961047002e+02
4.860000000000000000e+04	3.006339727848572920e+02
4.950000000000000000e+04	3.006339727848572920e+02
4.950000000000000000e+04	2.994320055541861052e+02
5.040000000000000000e+04	2.994320055541861052e+02
5.040000000000000000e+04	2.962520759825471259e+02
5.130000000000000000e+04	2.962520759825471259e+02
5.130000000000000000e+04	2.953068660381951531e+02
5.220000000000000000e+04	2.953068660381951531e+02
5.220000000000000000e+04	2.953171887597691239e+02
5.310000000000000000e+04	2.953171887597691239e+02
5.310000000000000000e+04	2.990024449802358504e+02
5.400000000000000000e+04	2.990024449802358504e+02
5.400000000000000000e+04	2.953131414119857823e+02
5.490000000000000000e+04	2.953131414119857823e+02
5.490000000000000000e+04	2.979533896773937158e+02
5.580000000000000000e+04	2.979533896773937158e+02
5.580000000000000000e+04	2.975584355512153820e+02
5.670000000000000000e+04	2.975584355512153820e+02
5.670000000000000000e+04	2.969666588407686163e+02
5.760000000000000000e+04	2.969666588407686163e+02
5.760000000000000000e+04	2.941057930250458980e+02
5.850000000000000000e+04	2.941057930250458980e+02
5.850000000000000000e+04	2.981353685905887119e+02
5.940000000000000000e+04	2.981353685905887119e+02
5.940000000000000000e+04	2.974213812401092127e+02
6.030000000000000000e+04	2.974213812401092127e+02
6.030000000000000000e+04	2.971161480064324678e+02
6.120000000000000000e+04	2.971161480064324678e+02
6.120000000000000000e+04	2.942506083310490794e+02
6.210000000000000000e+04	2.942506083310490794e+02
6.210000000000000000e+04	2.939878676210828417e+02
6.300000000000000000e+04	2.939878676210828417e+02
6.300000000000000000e+04	2.977134366871828774e+02
6.390000000000000000e+04	2.977134366871828774e+02
6.390000000000000000e+04	2.989224226161058482e+02
6.480000000000000000e+04	2.989224226161058482e+02
6.480000000000000000e+04	2.961650357801968880e+02
6.570000000000000000e+04	2.961650357801968880e+02
6.570000000000000000e+04	2.993777706387905937e+02
6.660000000000000000e+04	2.993777706387905937e+02
6.660000000000000000e+04	2.961935744994747779e+02
6.750000000000000000e+04	2.961935744994747779e+02
6.750000000000000000e+04	2.975335982889428124e+02
6.840000000000000000e+04	2.975335982889428124e+02
6.840000000000000000e+04	2.951151100881072580e+02
6.930000000000000000e+04	2.951151100881072580e+02
6.930000000000000000e+04	3.008179175041979647e+02
7.020000000000000000e+04	3.008179175041979647e+02
7.020000000000000000e+04	2.990336149073204410e+02
7.110000000000000000e+04	2.990336149073204410e+02
7.110000000000000000e+04	3.005980637195966096e+02
7.200000000000000000e+04	3.005980637195966096e+02
7.200000000000000000e+04	2.979536887743141733e+02
7.290000000000000000e+04	2.979536887743141733e+02
7.290000000000000000e+04	2.963963255077451322e+02
7.380000000000000000e+04	2.963963255077451322e+02
7.380000000000000000e+04	2.944096289005065046e+02
7.470000000000000000e+04	2.944096289005065046e+02
7.470000000000000000e+04	2.933827621278305742e+02
7.560000000000000000e+04	2.933827621278305742e+02
7.560000000000000000e+04	2.943592410743772803e+02
7.650000000000000000e+04	2.943592410743772803e+02
7.650000000000000000e+04	2.938455825625597981e+02
7.740000000000000000e+04	2.938455825625597981e+02
7.740000000000000000e+04	2.922582633436279025e+02
7.830000000000000000e+04	2.922582633436279025e+02
7.830000000000000000e+04	2.916027131386940141e+02
7.920000000000000000e+04	2.916027131386940141e+02
7.920000000000000000e+04	2.931021778584015465e+02
8.010000000000000000e+04	2.931021778584015465e+02
8.010000000000000000e+04	2.929073825768504094e+02
8.100000000000000000e+04	2.929073825768504094e+02
8.100000000000000000e+04	2.942025986670106477e+02
8.190000000000000000e+04	2.942025986670106477e+02
8.190000000000000000e+04	2.945790292858580415e+02
8.280000000000000000e+04	2.945790292858580415e+02
8.280000000000000000e+04	2.928228209757624541e+02
8.370000000000000000e+04	2.928228209757624541e+02
8.370000000000000000e+04	2.971016336035465883e+02
8.460000000000000000e+04	2.971016336035465883e+02
8.460000000000000000e+04	2.962433753985533258e+02
8.550000000000000000e+04	2.962433753985533258e+02
8.550000000000000000e+04	2.959399525984797492e+02
8.640000000000000000e+04	2.959399525984797492e+02
8.640000000000000000e+04	2.936961786645406391e+02
8.730000000000000000e+04	2.936961786645406391e+02
8.730000000000000000e+04	2.934380645865646215e+02
8.820000000000000000e+04	2.934380645865646215e+02
8.820000000000000000e+04	2.943195801760254540e+02
8.910000000000000000e+04	2.943195801760254540e+02
8.910000000000000000e+04	2.945491865258563848e+02
9.000000000000000000e+04	2.945491865258563848e+02
9.000000000000000000e+04	2.931861734368296766e+02
9.090000000000000000e+04	2.931861734368296766e+02
9.090000000000000000e+04	2.931342552512104476e+02
9.180000000000000000e+04	2.931342552512104476e+02
9.180000000000000000e+04	2.939299325832277532e+02
9.270000000000000000e+04	2.939299325832277532e+02
9.270000000000000000e+04	2.941731855705384078e+02
9.360000000000000000e+04	2.941731855705384078e+02
9.360000000000000000e+04	2.929275212165861717e+02
9.450000000000000000e+04	2.929275212165861717e+02
9.450000000000000000e+04	2.928833902664350717e+02
9.540000000000000000e+04	2.928833902664350717e+02
9.540000000000000000e+04	2.936863561723750990e+02
9.630000000000000000e+04	2.936863561723750990e+02
9.630000000000000000e+04	2.939348104325032978e+02
9.720000000000000000e+04	2.939348104325032978e+02
9.720000000000000000e+04	2.926839958508712698e+02
9.810000000000000000e+04	2.926839958508712698e+02
9.810000000000000000e+04	2.926411719644485743e+02
9.900000000000000000e+04	2.926411719644485743e+02
9.900000000000000000e+04	2.911499999999999204e+02
9.990000000000000000e+04	2.911499999999999204e+02
9.990000000000000000e+04	2.911499999999999773e+02
1.008000000000000000e+05	2.911499999999999773e+02
1.008000000000000000e+05	2.921519231899692386e+02
1.017000000000000000e+05	2.921519231899692386e+02
1.017000000000000000e+05	2.978263460979401316e+02
1.026000000000000000e+05	2.978263460979401316e+02
1.026000000000000000e+05	2.933762086174613728e+02
1.035000000000000000e+05	2.933762086174613728e+02
1.035000000000000000e+05	2.918825300220304371e+02
1.044000000000000000e+05	2.918825300220304371e+02
1.044000000000000000e+05	2.939407490061548742e+02
1.053000000000000000e+05	2.939407490061548742e+02
1.053000000000000000e+05	2.993421825594695633e+02
1.062000000000000000e+05	2.993421825594695633e+02
1.062000000000000000e+05	2.947026126728225677e+02
1.071000000000000000e+05	2.947026126728225677e+02
1.071000000000000000e+05	2.975952534270200545e+02
1.080000000000000000e+05	2.975952534270200545e+02
1.080000000000000000e+05	2.935645406451632198e+02
1.089000000000000000e+05	2.935645406451632198e+02
1.089000000000000000e+05	2.928348269718499637e+02
1.098000000000000000e+05	2.928348269718499637e+02
1.098000000000000000e+05	2.911714682412586512e+02
1.107000000000000000e+05	2.911714682412586512e+02
1.107000000000000000e+05	2.942895026129356211e+02
1.116000000000000000e+05	2.942895026129356211e+02
1.116000000000000000e+05	2.959732515828870874e+02
1.125000000000000000e+05	2.959732515828870874e+02
1.125000000000000000e+05	3.016708950201866628e+02
1.134000000000000000e+05	3.016708950201866628e+02
1.134000000000000000e+05	3.050594374138546527e+02
1.143000000000000000e+05	3.050594374138546527e+02
1.143000000000000000e+05	3.073536603911288694e+02
1.152000000000000000e+05	3.073536603911288694e+02
1.152000000000000000e+05	3.044308139501714550e+02
1.161000000000000000e+05	3.044308139501714550e+02
1.161000000000000000e+05	3.069621618881340055e+02
1.170000000000000000e+05	3.069621618881340055e+02
1.170000000000000000e+05	3.070958569733695072e+02
1.179000000000000000e+05	3.070958569733695072e+02
1.179000000000000000e+05	3.076978879260763051e+02
1.188000000000000000e+05	3.076978879260763051e+02
1.188000000000000000e+05	3.075378195024626393e+02
1.197000000000000000e+05	3.075378195024626393e+02
1.197000000000000000e+05	3.023268091444082302e+02
1.206000000000000000e+05	3.023268091444082302e+02
1.206000000000000000e+05	3.055849420247968737e+02
1.215000000000000000e+05	3.055849420247968737e+02
1.215000000000000000e+05	3.043054342499152085e+02
1.224000000000000000e+05	3.043054342499152085e+02
1.224000000000000000e+05	3.041222417370781272e+02
1.233000000000000000e+05	3.041222417370781272e+02
1.233000000000000000e+05	3.002735365909219354e+02
1.242000000000000000e+05	3.002735365909219354e+02
1.242000000000000000e+05	2.978050997181380239e+02
1.251000000000000000e+05	2.978050997181380239e+02
1.251000000000000000e+05	3.023550383445439138e+02
1.260000000000000000e+05	3.023550383445439138e+02
1.260000000000000000e+05	2.981300763584663400e+02
1.269000000000000000e+05	2.981300763584663400e+02
1.269000000000000000e+05	3.028679539942031624e+02
1.278000000000000000e+05	3.028679539942031624e+02
1.278000000000000000e+05	2.995175361550574848e+02
1.287000000000000000e+05	2.995175361550574848e+02
1.287000000000000000e+05	2.977471621707629765e+02
1.296000000000000000e+05	2.977471621707629765e+02
1.296000000000000000e+05	2.950730480950152241e+02
1.305000000000000000e+05	2.950730480950152241e+02
1.305000000000000000e+05	3.007621333192445263e+02
1.314000000000000000e+05	3.007621333192445263e+02
1.314000000000000000e+05	2.961627625852225947e+02
1.323000000000000000e+05	2.961627625852225947e+02
1.323000000000000000e+05	2.974642709135531504e+02
1.332000000000000000e+05	2.974642709135531504e+02
1.332000000000000000e+05	2.971293694737420878e+02
1.341000000000000000e+05	2.971293694737420878e+02
1.341000000000000000e+05	2.957527564989387088e+02
1.350000000000000000e+05	2.957527564989387088e+02
1.350000000000000000e+05	2.938788984398252069e+02
1.359000000000000000e+05	2.938788984398252069e+02
1.359000000000000000e+05	2.929710400330597508e+02
1.368000000000000000e+05	2.929710400330597508e+02
1.368000000000000000e+05	2.972447956909500135e+02
1.377000000000000000e+05	2.972447956909500135e+02
1.377000000000000000e+05	2.960460246957939603e+02
1.386000000000000000e+05	2.960460246957939603e+02
1.386000000000000000e+05	2.939461069834014779e+02
1.395000000000000000e+05	2.939461069834014779e+02
1.395000000000000000e+05	2.951931590480191971e+02
1.404000000000000000e+05	2.951931590480191971e+02
1.404000000000000000e+05	2.960936975483983247e+02
1.413000000000000000e+05	2.960936975483983247e+02
1.413000000000000000e+05	2.951409958842579613e+02
1.422000000000000000e+05	2.951409958842579613e+02
1.422000000000000000e+05	2.961467209124114675e+02
1.431000000000000000e+05	2.961467209124114675e+02
1.431000000000000000e+05	2.962711520447136309e+02
1.440000000000000000e+05	2.962711520447136309e+02
1.440000000000000000e+05	2.948443257627467347e+02
1.449000000000000000e+05	2.948443257627467347e+02
1.449000000000000000e+05	2.992723751631565392e+02
1.458000000000000000e+05	2.992723751631565392e+02
1.458000000000000000e+05	2.987840196593379005e+02
1.467000000000000000e+05	2.987840196593379005e+02
1.467000000000000000e+05	2.982827099687521013e+02
1.476000000000000000e+05	2.982827099687521013e+02
1.476000000000000000e+05	3.003052290663254098e+02
1.485000000000000000e+05	3.003052290663254098e+02
1.485000000000000000e+05	2.990527225861914644e+02
1.494000000000000000e+05	2.990527225861914644e+02
1.494000000000000000e+05	2.983812473887821852e+02
1.503000000000000000e+05	2.983812473887821852e+02
1.503000000000000000e+05	2.972697472819252198e+02
1.512000000000000000e+05	2.972697472819252198e+02
1.512000000000000000e+05	2.961010683983942045e+02
1.521000000000000000e+05	2.961010683983942045e+02
1.521000000000000000e+05	2.951254836091888478e+02
1.530000000000000000e+05	2.951254836091888478e+02
1.530000000000000000e+05	2.933915327488236358e+02
1.539000000000000000e+05	2.933915327488236358e+02
1.539000000000000000e+05	2.976949740015492125e+02
1.548000000000000000e+05	2.976949740015492125e+02
1.548000000000000000e+05	2.959460557242289269e+02
1.557000000000000000e+05	2.959460557242289269e+02
1.557000000000000000e+05	3.014080051956843818e+02
1.566000000000000000e+05	3.014080051956843818e+02
1.566000000000000000e+05	2.985603064937770910e+02
1.575000000000000000e+05	2.985603064937770910e+02
1.575000000000000000e+05	2.971937648542215697e+02
1.584000000000000000e+05	2.971937648542215697e+02
1.584000000000000000e+05	2.943413745372216681e+02
1.593000000000000000e+05	2.943413745372216681e+02
1.593000000000000000e+05	2.980955985259866452e+02
1.602000000000000000e+05	2.980955985259866452e+02
1.602000000000000000e+05	2.945637036193327845e+02
1.611000000000000000e+05	2.945637036193327845e+02
1.611000000000000000e+05	2.932664523977417161e+02
1.620000000000000000e+05	2.932664523977417161e+02
1.620000000000000000e+05	2.942717447083454658e+02
1.629000000000000000e+05	2.942717447083454658e+02
1.629000000000000000e+05	2.937703429999913283e+02
1.638000000000000000e+05	2.937703429999913283e+02
1.638000000000000000e+05	2.921894582390085020e+02
1.647000000000000000e+05	2.921894582390085020e+02
1.647000000000000000e+05	2.915410846464180281e+02
1.656000000000000000e+05	2.915410846464180281e+02
1.656000000000000000e+05	2.930700493759799201e+02
1.665000000000000000e+05	2.930700493759799201e+02
1.665000000000000000e+05	2.928867018558927384e+02
1.674000000000000000e+05	2.928867018558927384e+02
1.674000000000000000e+05	2.941881771862940695e+02
1.683000000000000000e+05	2.941881771862940695e+02
1.683000000000000000e+05	2.945713752221021764e+02
1.692000000000000000e+05	2.945713752221021764e+02
1.692000000000000000e+05	2.928183834031301558e+02
1.701000000000000000e+05	2.928183834031301558e+02
1.701000000000000000e+05	2.927945495357072332e+02
1.710000000000000000e+05	2.927945495357072332e+02
1.710000000000000000e+05	2.939438248484290170e+02
1.719000000000000000e+05	2.939438248484290170e+02
1.719000000000000000e+05	2.943125692958867603e+02
1.728000000000000000e+05	2.943125692958867603e+02
1.728000000000000000e+05	2.926829609138821979e+02
1.737000000000000000e+05	2.926829609138821979e+02
1.737000000000000000e+05	2.926626757579724085e+02
1.746000000000000000e+05	2.926626757579724085e+02
1.746000000000000000e+05	2.937867801908562910e+02
1.755000000000000000e+05	2.937867801908562910e+02
1.755000000000000000e+05	2.941491817651180440e+02
1.764000000000000000e+05	2.941491817651180440e+02
1.764000000000000000e+05	2.925487775063407412e+02
1.773000000000000000e+05	2.925487775063407412e+02
1.773000000000000000e+05	2.925272588040200503e+02
1.782000000000000000e+05	2.925272588040200503e+02
1.782000000000000000e+05	2.936360574385532232e+02
1.791000000000000000e+05	2.936360574385532232e+02
1.791000000000000000e+05	2.939931837957923904e+02
1.800000000000000000e+05	2.939931837957923904e+02
1.800000000000000000e+05	2.924090436274228750e+02
1.809000000000000000e+05	2.924090436274228750e+02
1.809000000000000000e+05	2.923864279211109647e+02
1.818000000000000000e+05	2.923864279211109647e+02
1.818000000000000000e+05	2.934837973029725617e+02
1.827000000000000000e+05	2.934837973029725617e+02
1.827000000000000000e+05	2.925129372721132768e+02
1.836000000000000000e+05	2.925129372721132768e+02
1.836000000000000000e+05	2.919949861936521529e+02
1.845000000000000000e+05	2.919949861936521529e+02
1.845000000000000000e+05	2.961983493257274631e+02
1.854000000000000000e+05	2.961983493257274631e+02
1.854000000000000000e+05	2.955261122356853321e+02
1.863000000000000000e+05	2.955261122356853321e+02
1.863000000000000000e+05	2.952714269918324135e+02
1.872000000000000000e+05	2.952714269918324135e+02
1.872000000000000000e+05	2.943423056417314001e+02
1.881000000000000000e+05	2.943423056417314001e+02
1.881000000000000000e+05	2.941173125459029052e+02
1.890000000000000000e+05	2.941173125459029052e+02
1.890000000000000000e+05	2.944129540953302921e+02
1.899000000000000000e+05	2.944129540953302921e+02
1.899000000000000000e+05	2.944574470195516369e+02
1.908000000000000000e+05	2.944574470195516369e+02
1.908000000000000000e+05	2.937906287536487753e+02
1.917000000000000000e+05	2.937906287536487753e+02
1.917000000000000000e+05	2.937147571440333991e+02
1.926000000000000000e+05	2.937147571440333991e+02
1.926000000000000000e+05	2.940398821336457331e+02
1.935000000000000000e+05	2.940398821336457331e+02
1.935000000000000000e+05	2.941327737373156879e+02
1.944000000000000000e+05	2.941327737373156879e+02
1.944000000000000000e+05	2.934673902675676800e+02
1.953000000000000000e+05	2.934673902675676800e+02
1.953000000000000000e+05	2.934127856912079437e+02
1.962000000000000000e+05	2.934127856912079437e+02
1.962000000000000000e+05	2.911499999999999773e+02
1.971000000000000000e+05	2.911499999999999773e+02
1.971000000000000000e+05	2.911499999999999773e+02
1.980000000000000000e+05	2.911499999999999773e+02
1.980000000000000000e+05	2.951928220498049313e+02
1.989000000000000000e+05	2.951928220498049313e+02
1.989000000000000000e+05	3.010703081418030251e+02
1.998000000000000000e+05	3.010703081418030251e+02
1.998000000000000000e+05	3.046933137125631106e+02
2.007000000000000000e+05	3.046933137125631106e+02
2.007000000000000000e+05	3.071063174130163134e+02
2.016000000000000000e+05	3.071063174130163134e+02
2.016000000000000000e+05	3.041557594608077579e+02
2.025000000000000000e+05	3.041557594608077579e+02
2.025000000000000000e+05	3.067935963970568309e+02
2.034000000000000000e+05	3.067935963970568309e+02
2.034000000000000000e+05	3.070136920511324092e+02
2.043000000000000000e+05	3.070136920511324092e+02
2.043000000000000000e+05	3.057891908904914544e+02
2.052000000000000000e+05	3.057891908904914544e+02
2.052000000000000000e+05	3.063122919477630148e+02
2.061000000000000000e+05	3.063122919477630148e+02
2.061000000000000000e+05	3.043054342499153790e+02
2.070000000000000000e+05	3.043054342499153790e+02
2.070000000000000000e+05	3.036291902969616672e+02
2.079000000000000000e+05	3.036291902969616672e+02
2.079000000000000000e+05	3.027626907737335387e+02
2.088000000000000000e+05	3.027626907737335387e+02
2.088000000000000000e+05	3.025644967066563709e+02
2.097000000000000000e+05	3.025644967066563709e+02
2.097000000000000000e+05	2.992986185134063817e+02
2.106000000000000000e+05	2.992986185134063817e+02
2.106000000000000000e+05	2.996095153679380019e+02
2.115000000000000000e+05	2.996095153679380019e+02
2.115000000000000000e+05	3.002257484972903399e+02
2.124000000000000000e+05	3.002257484972903399e+02
2.124000000000000000e+05	2.998519666716703682e+02
2.133000000000000000e+05	2.998519666716703682e+02
2.133000000000000000e+05	2.974063355246510696e+02
2.142000000000000000e+05	2.974063355246510696e+02
2.142000000000000000e+05	2.952361337162868722e+02
2.151000000000000000e+05	2.952361337162868722e+02
2.151000000000000000e+05	2.940484029988504631e+02
2.160000000000000000e+05	2.940484029988504631e+02
2.160000000000000000e+05	2.980691203754126377e+02
2.169000000000000000e+05	2.980691203754126377e+02
2.169000000000000000e+05	3.029631372502043973e+02
2.178000000000000000e+05	3.029631372502043973e+02
2.178000000000000000e+05	2.998180580184163091e+02
2.187000000000000000e+05	2.998180580184163091e+02
2.187000000000000000e+05	2.981910716090480378e+02
2.196000000000000000e+05	2.981910716090480378e+02
2.196000000000000000e+05	2.951143754108438202e+02
2.205000000000000000e+05	2.951143754108438202e+02
2.205000000000000000e+05	3.005530588593047696e+02
2.214000000000000000e+05	3.005530588593047696e+02
2.214000000000000000e+05	2.988999043776126996e+02
2.223000000000000000e+05	2.988999043776126996e+02
2.223000000000000000e+05	2.999615731745272456e+02
2.232000000000000000e+05	2.999615731745272456e+02
2.232000000000000000e+05	2.998666835462414610e+02
2.241000000000000000e+05	2.998666835462414610e+02
2.241000000000000000e+05	2.998921906493123402e+02
2.250000000000000000e+05	2.998921906493123402e+02
2.250000000000000000e+05	3.020149054572763134e+02
2.259000000000000000e+05	3.020149054572763134e+02
2.259000000000000000e+05	3.001052342611729387e+02
2.268000000000000000e+05	3.001052342611729387e+02
2.268000000000000000e+05	2.969173838019867162e+02
2.277000000000000000e+05	2.969173838019867162e+02
2.277000000000000000e+05	2.957789236939759689e+02
2.286000000000000000e+05	2.957789236939759689e+02
2.286000000000000000e+05	2.944285959433572657e+02
2.295000000000000000e+05	2.944285959433572657e+02
2.295000000000000000e+05	2.978465087838034151e+02
2.304000000000000000e+05	2.978465087838034151e+02
2.304000000000000000e+05	2.948006599831235235e+02
2.313000000000000000e+05	2.948006599831235235e+02
2.313000000000000000e+05	2.942568695552160420e+02
2.322000000000000000e+05	2.942568695552160420e+02
2.322000000000000000e+05	2.926633734012470427e+02
2.331000000000000000e+05	2.926633734012470427e+02
2.331000000000000000e+05	2.920050783232074423e+02
2.340000000000000000e+05	2.920050783232074423e+02
2.340000000000000000e+05	2.957050523346673572e+02
2.349000000000000000e+05	2.957050523346673572e+02
2.349000000000000000e+05	2.949098993687438224e+02
2.358000000000000000e+05	2.949098993687438224e+02
2.358000000000000000e+05	2.983539498908563132e+02
2.367000000000000000e+05	2.983539498908563132e+02
2.367000000000000000e+05	3.014059312888505815e+02
2.376000000000000000e+05	3.014059312888505815e+02
2.376000000000000000e+05	2.962227018952199842e+02
2.385000000000000000e+05	2.962227018952199842e+02
2.385000000000000000e+05	2.991932290736037885e+02
2.394000000000000000e+05	2.991932290736037885e+02
2.394000000000000000e+05	2.995246800259763518e+02
2.403000000000000000e+05	2.995246800259763518e+02
2.403000000000000000e+05	2.979852332886225668e+02
2.412000000000000000e+05	2.979852332886225668e+02
2.412000000000000000e+05	2.959369482204279507e+02
2.421000000000000000e+05	2.959369482204279507e+02
2.421000000000000000e+05	2.999585861295927316e+02
2.430000000000000000e+05	2.999585861295927316e+02
2.430000000000000000e+05	2.959161190867646951e+02
2.439000000000000000e+05	2.959161190867646951e+02
2.439000000000000000e+05	2.990850152286415664e+02
2.448000000000000000e+05	2.990850152286415664e+02
2.448000000000000000e+05	2.948989659274189989e+02
2.457000000000000000e+05	2.948989659274189989e+02
2.457000000000000000e+05	2.992866920265497583e+02
2.466000000000000000e+05	2.992866920265497583e+02
2.466000000000000000e+05	2.953128701221735355e+02
2.475000000000000000e+05	2.953128701221735355e+02
2.475000000000000000e+05	2.938276355508774600e+02
2.484000000000000000e+05	2.938276355508774600e+02
2.484000000000000000e+05	2.935402398929679180e+02
2.493000000000000000e+05	2.935402398929679180e+02
2.493000000000000000e+05	2.932370781382012979e+02
2.502000000000000000e+05	2.932370781382012979e+02
2.502000000000000000e+05	2.917325642807481358e+02
2.511000000000000000e+05	2.917325642807481358e+02
2.511000000000000000e+05	2.911540138670663396e+02
2.520000000000000000e+05	2.911540138670663396e+02
2.520000000000000000e+05	2.927705956567255043e+02
2.529000000000000000e+05	2.927705956567255043e+02
2.529000000000000000e+05	2.926474492535207332e+02
2.538000000000000000e+05	2.926474492535207332e+02
2.538000000000000000e+05	2.939719419347041480e+02
2.547000000000000000e+05	2.939719419347041480e+02
2.547000000000000000e+05	2.943759678698767743e+02
2.556000000000000000e+05	2.943759678698767743e+02
2.556000000000000000e+05	2.925868924411111038e+02
2.565000000000000000e+05	2.925868924411111038e+02
2.565000000000000000e+05	2.925670155211743690e+02
2.574000000000000000e+05	2.925670155211743690e+02
2.574000000000000000e+05	2.937647434021509980e+02
2.583000000000000000e+05	2.937647434021509980e+02
2.583000000000000000e+05	2.941498013742121884e+02
2.592000000000000000e+05	2.941498013742121884e+02
2.592000000000000000e+05	2.924635688872015180e+02
2.601000000000000000e+05	2.924635688872015180e+02
2.601000000000000000e+05	2.924448789437556684e+02
2.610000000000000000e+05	2.924448789437556684e+02
2.610000000000000000e+05	2.936062123526599521e+02
2.619000000000000000e+05	2.936062123526599521e+02
2.619000000000000000e+05	2.939805509044747964e+02
2.628000000000000000e+05	2.939805509044747964e+02
2.628000000000000000e+05	2.923353758556529556e+02
2.637000000000000000e+05	2.923353758556529556e+02
2.637000000000000000e+05	2.923150767384918254e+02
2.646000000000000000e+05	2.923150767384918254e+02
2.646000000000000000e+05	2.934504968592734713e+02
2.655000000000000000e+05	2.934504968592734713e+02
2.655000000000000000e+05	2.938160022812962211e+02
2.664000000000000000e+05	2.938160022812962211e+02
2.664000000000000000e+05	2.921991378345490489e+02
2.673000000000000000e+05	2.921991378345490489e+02
2.673000000000000000e+05	2.921771892784412330e+02
2.682000000000000000e+05	2.921771892784412330e+02
2.682000000000000000e+05	2.932915769226391944e+02
2.691000000000000000e+05	2.932915769226391944e+02
2.691000000000000000e+05	2.936498157940050646e+02
2.700000000000000000e+05	2.936498157940050646e+02
2.700000000000000000e+05	2.920560317413761027e+02
2.709000000000000000e+05	2.920560317413761027e+02
2.709000000000000000e+05	2.920328513847643990e+02
2.718000000000000000e+05	2.920328513847643990e+02
2.718000000000000000e+05	2.946763504216142451e+02
2.727000000000000000e+05	2.946763504216142451e+02
2.727000000000000000e+05	2.950117316992537440e+02
2.736000000000000000e+05	2.950117316992537440e+02
2.736000000000000000e+05	2.937689035515397791e+02
2.745000000000000000e+05	2.937689035515397791e+02
2.745000000000000000e+05	2.930291211804579916e+02
2.754000000000000000e+05	2.930291211804579916e+02
2.754000000000000000e+05	2.984255435450033360e+02
2.763000000000000000e+05	2.984255435450033360e+02
2.763000000000000000e+05	2.940319911771379680e+02
2.772000000000000000e+05	2.940319911771379680e+02
2.772000000000000000e+05	2.941628773119781499e+02
2.781000000000000000e+05	2.941628773119781499e+02
2.781000000000000000e+05	2.932706295113240458e+02
2.790000000000000000e+05	2.932706295113240458e+02
2.790000000000000000e+05	2.915560325855696533e+02
2.799000000000000000e+05	2.915560325855696533e+02
2.799000000000000000e+05	2.911499999999999773e+02
2.808000000000000000e+05	2.911499999999999773e+02
2.808000000000000000e+05	2.924866436134383321e+02
2.817000000000000000e+05	2.924866436134383321e+02
2.817000000000000000e+05	2.920469856365855321e+02
2.826000000000000000e+05	2.920469856365855321e+02
2.826000000000000000e+05	2.911499999999999773e+02
2.835000000000000000e+05	2.911499999999999773e+02
2.835000000000000000e+05	2.927816000637695311e+02
2.844000000000000000e+05	2.927816000637695311e+02
2.844000000000000000e+05	2.960889693598077201e+02
2.853000000000000000e+05	2.960889693598077201e+02
2.853000000000000000e+05	2.954247893357546673e+02
2.862000000000000000e+05	2.954247893357546673e+02
2.862000000000000000e+05	3.016682996073056984e+02
2.871000000000000000e+05	3.016682996073056984e+02
2.871000000000000000e+05	3.049375397839925768e+02
2.880000000000000000e+05	3.049375397839925768e+02
2.880000000000000000e+05	3.044579588598310238e+02
2.889000000000000000e+05	3.044579588598310238e+02
2.889000000000000000e+05	3.077672542161128035e+02
2.898000000000000000e+05	3.077672542161128035e+02
2.898000000000000000e+05	3.071045617171290587e+02
2.907000000000000000e+05	3.071045617171290587e+02
2.907000000000000000e+05	3.011941691235775238e+02
2.916000000000000000e+05	3.011941691235775238e+02
2.916000000000000000e+05	3.025360247287160291e+02
2.925000000000000000e+05	3.025360247287160291e+02
2.925000000000000000e+05	3.055070000827488457e+02
2.934000000000000000e+05	3.055070000827488457e+02
2.934000000000000000e+05	3.063233970821094090e+02
2.943000000000000000e+05	3.063233970821094090e+02
2.943000000000000000e+05	3.057891908904914544e+02
2.952000000000000000e+05	3.057891908904914544e+02
2.952000000000000000e+05	3.060044847652354747e+02
2.961000000000000000e+05	3.060044847652354747e+02
2.961000000000000000e+05	3.013840797712836093e+02
2.970000000000000000e+05	3.013840797712836093e+02
2.970000000000000000e+05	3.011359767612882479e+02
2.979000000000000000e+05	3.011359767612882479e+02
2.979000000000000000e+05	3.015764642180376995e+02
2.988000000000000000e+05	3.015764642180376995e+02
2.988000000000000000e+05	3.007484434690220496e+02
2.997000000000000000e+05	3.007484434690220496e+02
2.997000000000000000e+05	2.979826219065228088e+02
3.006000000000000000e+05	2.979826219065228088e+02
3.006000000000000000e+05	2.984514795258920685e+02
3.015000000000000000e+05	2.984514795258920685e+02
3.015000000000000000e+05	2.980770202843942798e+02
3.024000000000000000e+05	2.980770202843942798e+02
3.024000000000000000e+05	2.964425908754035959e+02
3.033000000000000000e+05	2.964425908754035959e+02
3.033000000000000000e+05	3.021421157517884808e+02
3.042000000000000000e+05	3.021421157517884808e+02
3.042000000000000000e+05	2.999205537946173763e+02
3.051000000000000000e+05	2.999205537946173763e+02
3.051000000000000000e+05	3.001818941343838674e+02
3.060000000000000000e+05	3.001818941343838674e+02
3.060000000000000000e+05	2.984809849669024402e+02
3.069000000000000000e+05	2.984809849669024402e+02
3.069000000000000000e+05	2.967703464871626124e+02
3.078000000000000000e+05	2.967703464871626124e+02
3.078000000000000000e+05	2.987086673969274102e+02
3.087000000000000000e+05	2.987086673969274102e+02
3.087000000000000000e+05	3.018382577151343753e+02
3.096000000000000000e+05	3.018382577151343753e+02
3.096000000000000000e+05	3.005926017493356994e+02
3.105000000000000000e+05	3.005926017493356994e+02
3.105000000000000000e+05	2.984915908840447401e+02
3.114000000000000000e+05	2.984915908840447401e+02
3.114000000000000000e+05	2.985628697149182358e+02
3.123000000000000000e+05	2.985628697149182358e+02
3.123000000000000000e+05	2.977185563508943460e+02
3.132000000000000000e+05	2.977185563508943460e+02
3.132000000000000000e+05	2.961703780696061585e+02
3.141000000000000000e+05	2.961703780696061585e+02
3.141000000000000000e+05	2.952081767014337288e+02
3.150000000000000000e+05	2.952081767014337288e+02
3.150000000000000000e+05	2.942656262609590954e+02
3.159000000000000000e+05	2.942656262609590954e+02
3.159000000000000000e+05	2.933705312716117533e+02
3.168000000000000000e+05	2.933705312716117533e+02
3.168000000000000000e+05	2.961443571589861108e+02
3.177000000000000000e+05	2.961443571589861108e+02
3.177000000000000000e+05	2.951912980366582815e+02
3.186000000000000000e+05	2.951912980366582815e+02
3.186000000000000000e+05	2.947267806222920967e+02
3.195000000000000000e+05	2.947267806222920967e+02
3.195000000000000000e+05	2.989107930423639345e+02
3.204000000000000000e+05	2.989107930423639345e+02
3.204000000000000000e+05	2.943534683742929587e+02
3.213000000000000000e+05	2.943534683742929587e+02
3.213000000000000000e+05	2.982628028456356333e+02
3.222000000000000000e+05	2.982628028456356333e+02
3.222000000000000000e+05	2.974981489946804345e+02
3.231000000000000000e+05	2.974981489946804345e+02
3.231000000000000000e+05	2.971397345355759967e+02
3.240000000000000000e+05	2.971397345355759967e+02
3.240000000000000000e+05	2.941161180838067821e+02
3.249000000000000000e+05	2.941161180838067821e+02
3.249000000000000000e+05	3.001825180914455018e+02
3.258000000000000000e+05	3.001825180914455018e+02
3.258000000000000000e+05	2.984342749021580516e+02
3.267000000000000000e+05	2.984342749021580516e+02
3.267000000000000000e+05	2.993918404552712786e+02
3.276000000000000000e+05	2.993918404552712786e+02
3.276000000000000000e+05	2.975778004871487497e+02
3.285000000000000000e+05	2.975778004871487497e+02
3.285000000000000000e+05	2.961127956546570203e+02
3.294000000000000000e+05	2.961127956546570203e+02
3.294000000000000000e+05	2.970680584875593695e+02
3.303000000000000000e+05	2.970680584875593695e+02
3.303000000000000000e+05	2.986978336508552729e+02
3.312000000000000000e+05	2.986978336508552729e+02
3.312000000000000000e+05	2.956165390929235173e+02
3.321000000000000000e+05	2.956165390929235173e+02
3.321000000000000000e+05	2.976196754523864456e+02
3.330000000000000000e+05	2.976196754523864456e+02
3.330000000000000000e+05	2.945647221628253760e+02
3.339000000000000000e+05	2.945647221628253760e+02
3.339000000000000000e+05	2.933381750709193057e+02
3.348000000000000000e+05	2.933381750709193057e+02
3.348000000000000000e+05	2.938503182200619221e+02
3.357000000000000000e+05	2.938503182200619221e+02
3.357000000000000000e+05	2.934631184832673512e+02
3.366000000000000000e+05	2.934631184832673512e+02
3.366000000000000000e+05	2.919261544737572649e+02
3.375000000000000000e+05	2.919261544737572649e+02
3.375000000000000000e+05	2.913179380291957727e+02
3.384000000000000000e+05	2.913179380291957727e+02
3.384000000000000000e+05	2.928937421664417684e+02
3.393000000000000000e+05	2.928937421664417684e+02
3.393000000000000000e+05	2.927446290729464522e+02
3.402000000000000000e+05	2.927446290729464522e+02
3.402000000000000000e+05	2.940592464200148015e+02
3.411000000000000000e+05	2.940592464200148015e+02
3.411000000000000000e+05	2.944543566487354269e+02
3.420000000000000000e+05	2.944543566487354269e+02
3.420000000000000000e+05	2.926801405470876603e+02
3.429000000000000000e+05	2.926801405470876603e+02
3.429000000000000000e+05	2.926585429060093020e+02
3.438000000000000000e+05	2.926585429060093020e+02
3.438000000000000000e+05	2.938344608918060885e+02
3.447000000000000000e+05	2.938344608918060885e+02
3.447000000000000000e+05	2.942122325193123515e+02
3.456000000000000000e+05	2.942122325193123515e+02
3.456000000000000000e+05	2.925507715276336853e+02
3.465000000000000000e+05	2.925507715276336853e+02
3.465000000000000000e+05	2.968371541881684266e+02
3.474000000000000000e+05	2.968371541881684266e+02
3.474000000000000000e+05	2.959993350324217545e+02
3.483000000000000000e+05	2.959993350324217545e+02
3.483000000000000000e+05	2.957073346563963128e+02
3.492000000000000000e+05	2.957073346563963128e+02
3.492000000000000000e+05	2.930052078182155810e+02
3.501000000000000000e+05	2.930052078182155810e+02
3.501000000000000000e+05	2.927720578823733035e+02
3.510000000000000000e+05	2.927720578823733035e+02
3.510000000000000000e+05	2.938728107268555618e+02
3.519000000000000000e+05	2.938728107268555618e+02
3.519000000000000000e+05	2.941817036749786780e+02
3.528000000000000000e+05	2.941817036749786780e+02
3.528000000000000000e+05	2.926070856143547871e+02
3.537000000000000000e+05	2.926070856143547871e+02
3.537000000000000000e+05	2.968763135740936718e+02
3.546000000000000000e+05	2.968763135740936718e+02
3.546000000000000000e+05	2.958839947952275224e+02
3.555000000000000000e+05	2.958839947952275224e+02
3.555000000000000000e+05	2.955362338148033245e+02
3.564000000000000000e+05	2.955362338148033245e+02
3.564000000000000000e+05	2.946252136486144764e+02
3.573000000000000000e+05	2.946252136486144764e+02
3.573000000000000000e+05	2.943437285277105389e+02
3.582000000000000000e+05	2.943437285277105389e+02
3.582000000000000000e+05	2.946021723474848955e+02
3.591000000000000000e+05	2.946021723474848955e+02
3.591000000000000000e+05	2.946219982144506275e+02
3.600000000000000000e+05	2.946219982144506275e+02
3.600000000000000000e+05	2.939765689100418058e+02
3.609000000000000000e+05	2.939765689100418058e+02
3.609000000000000000e+05	2.938938642715452261e+02
3.618000000000000000e+05	2.938938642715452261e+02
3.618000000000000000e+05	2.957114146982582383e+02
3.627000000000000000e+05	2.957114146982582383e+02
3.627000000000000000e+05	2.939260984172729536e+02
3.636000000000000000e+05	2.939260984172729536e+02
3.636000000000000000e+05	2.941328561612804151e+02
3.645000000000000000e+05	2.941328561612804151e+02
3.645000000000000000e+05	2.932843737509132325e+02
3.654000000000000000e+05	2.932843737509132325e+02
3.654000000000000000e+05	2.943208727993292655e+02
3.663000000000000000e+05	2.943208727993292655e+02
3.663000000000000000e+05	2.944803112052343295e+02
3.672000000000000000e+05	2.944803112052343295e+02
3.672000000000000000e+05	2.930249892299297017e+02
3.681000000000000000e+05	2.930249892299297017e+02
3.681000000000000000e+05	2.929644777585513111e+02
3.690000000000000000e+05	2.929644777585513111e+02
3.690000000000000000e+05	2.911499999999999773e+02
3.699000000000000000e+05	2.911499999999999773e+02
3.699000000000000000e+05	2.911499999999999773e+02
3.708000000000000000e+05	2.911499999999999773e+02
3.708000000000000000e+05	2.944893093601589271e+02
3.717000000000000000e+05	2.944893093601589271e+02
3.717000000000000000e+05	3.004621441466709371e+02
3.726000000000000000e+05	3.004621441466709371e+02
3.726000000000000000e+05	3.043450053349601490e+02
3.735000000000000000e+05	3.043450053349601490e+02
3.735000000000000000e+05	3.068552387523482139e+02
3.744000000000000000e+05	3.068552387523482139e+02
3.744000000000000000e+05	3.038090503537450786e+02
3.753000000000000000e+05	3.038090503537450786e+02
3.753000000000000000e+05	3.065135195788317333e+02
3.762000000000000000e+05	3.065135195788317333e+02
3.762000000000000000e+05	3.068235826697106745e+02
3.771000000000000000e+05	3.068235826697106745e+02
3.771000000000000000e+05	3.075242444617676369e+02
3.780000000000000000e+05	3.075242444617676369e+02
3.780000000000000000e+05	3.074070718313967063e+02
3.789000000000000000e+05	3.074070718313967063e+02
3.789000000000000000e+05	3.022924099628784802e+02
3.798000000000000000e+05	3.022924099628784802e+02
3.798000000000000000e+05	2.991949283435369580e+02
3.807000000000000000e+05	2.991949283435369580e+02
3.807000000000000000e+05	3.035616064757853678e+02
3.816000000000000000e+05	3.035616064757853678e+02
3.816000000000000000e+05	3.019215669441049954e+02
3.825000000000000000e+05	3.019215669441049954e+02
3.825000000000000000e+05	3.018332854575000397e+02
3.834000000000000000e+05	3.018332854575000397e+02
3.834000000000000000e+05	3.011603045394202240e+02
3.843000000000000000e+05	3.011603045394202240e+02
3.843000000000000000e+05	3.019098866510470884e+02
3.852000000000000000e+05	3.019098866510470884e+02
3.852000000000000000e+05	3.017430153309076104e+02
3.861000000000000000e+05	3.017430153309076104e+02
3.861000000000000000e+05	2.988514436793581694e+02
3.870000000000000000e+05	2.988514436793581694e+02
3.870000000000000000e+05	2.980447767886308839e+02
3.879000000000000000e+05	2.980447767886308839e+02
3.879000000000000000e+05	3.001430930181844587e+02
3.888000000000000000e+05	3.001430930181844587e+02
3.888000000000000000e+05	2.974579848794916188e+02
3.897000000000000000e+05	2.974579848794916188e+02
3.897000000000000000e+05	2.988986127060352374e+02
3.906000000000000000e+05	2.988986127060352374e+02
3.906000000000000000e+05	2.993231223970411747e+02
3.915000000000000000e+05	2.993231223970411747e+02
3.915000000000000000e+05	3.006279420830275626e+02
3.924000000000000000e+05	3.006279420830275626e+02
3.924000000000000000e+05	3.006856496070223557e+02
3.933000000000000000e+05	3.006856496070223557e+02
3.933000000000000000e+05	2.986287865470235374e+02
3.942000000000000000e+05	2.986287865470235374e+02
3.942000000000000000e+05	3.012320602325911523e+02
3.951000000000000000e+05	3.012320602325911523e+02
3.951000000000000000e+05	2.995219114924944392e+02
3.960000000000000000e+05	2.995219114924944392e+02
3.960000000000000000e+05	2.966239221748621162e+02
3.969000000000000000e+05	2.966239221748621162e+02
3.969000000000000000e+05	2.993432768009826646e+02
3.978000000000000000e+05	2.993432768009826646e+02
3.978000000000000000e+05	2.977906392235880162e+02
3.987000000000000000e+05	2.977906392235880162e+02
3.987000000000000000e+05	3.002594150936005235e+02
3.996000000000000000e+05	3.002594150936005235e+02
3.996000000000000000e+05	3.000111224821727092e+02
4.005000000000000000e+05	3.000111224821727092e+02
4.005000000000000000e+05	2.983267388189838130e+02
4.014000000000000000e+05	2.983267388189838130e+02
4.014000000000000000e+05	2.982876041489373620e+02
4.023000000000000000e+05	2.982876041489373620e+02
4.023000000000000000e+05	2.979381019953873420e+02
4.032000000000000000e+05	2.979381019953873420e+02
4.032000000000000000e+05	2.965777716029812154e+02
4.041000000000000000e+05	2.965777716029812154e+02
4.041000000000000000e+05	2.957759996144137631e+02
4.050000000000000000e+05	2.957759996144137631e+02
4.050000000000000000e+05	2.980726289062425849e+02
4.059000000000000000e+05	2.980726289062425849e+02
4.059000000000000000e+05	3.019648212829021645e+02
4.068000000000000000e+05	3.019648212829021645e+02
4.068000000000000000e+05	2.970568621830000211e+02
4.077000000000000000e+05	2.970568621830000211e+02
4.077000000000000000e+05	2.957966838525454136e+02
4.086000000000000000e+05	2.957966838525454136e+02
4.086000000000000000e+05	2.966439231567745196e+02
4.095000000000000000e+05	2.966439231567745196e+02
4.095000000000000000e+05	2.947959084582281548e+02
4.104000000000000000e+05	2.947959084582281548e+02
4.104000000000000000e+05	2.944379846158007012e+02
4.113000000000000000e+05	2.944379846158007012e+02
4.113000000000000000e+05	3.003828220674895988e+02
4.122000000000000000e+05	3.003828220674895988e+02
4.122000000000000000e+05	2.958733351627528805e+02
4.131000000000000000e+05	2.958733351627528805e+02
4.131000000000000000e+05	2.942871929144450291e+02
4.140000000000000000e+05	2.942871929144450291e+02
4.140000000000000000e+05	2.945352360792372792e+02
4.149000000000000000e+05	2.945352360792372792e+02
4.149000000000000000e+05	3.003781619938109770e+02
4.158000000000000000e+05	3.003781619938109770e+02
4.158000000000000000e+05	2.991830456480527118e+02
4.167000000000000000e+05	2.991830456480527118e+02
4.167000000000000000e+05	3.000883955779643202e+02
4.176000000000000000e+05	3.000883955779643202e+02
4.176000000000000000e+05	2.979293775737170336e+02
4.185000000000000000e+05	2.979293775737170336e+02
4.185000000000000000e+05	2.963689149907363571e+02
4.194000000000000000e+05	2.963689149907363571e+02
4.194000000000000000e+05	2.943769134530132874e+02
4.203000000000000000e+05	2.943769134530132874e+02
4.203000000000000000e+05	2.933495273785039217e+02
4.212000000000000000e+05	2.933495273785039217e+02
4.212000000000000000e+05	2.943353561028939112e+02
4.221000000000000000e+05	2.943353561028939112e+02
4.221000000000000000e+05	2.938233502720462980e+02
4.230000000000000000e+05	2.938233502720462980e+02
4.230000000000000000e+05	2.922376295953662293e+02
4.239000000000000000e+05	2.922376295953662293e+02
4.239000000000000000e+05	2.915843127955675982e+02
4.248000000000000000e+05	2.915843127955675982e+02
4.248000000000000000e+05	2.930951706128913088e+02
4.257000000000000000e+05	2.930951706128913088e+02
4.257000000000000000e+05	2.929051753091577552e+02
4.266000000000000000e+05	2.929051753091577552e+02
4.266000000000000000e+05	2.942032994893924638e+02
4.275000000000000000e+05	2.942032994893924638e+02
4.275000000000000000e+05	2.945828881729098043e+02
4.284000000000000000e+05	2.945828881729098043e+02
4.284000000000000000e+05	2.928283589856940239e+02
4.293000000000000000e+05	2.928283589856940239e+02
4.293000000000000000e+05	2.928027678137052590e+02
4.302000000000000000e+05	2.928027678137052590e+02
4.302000000000000000e+05	2.939380939759208786e+02
4.311000000000000000e+05	2.939380939759208786e+02
4.311000000000000000e+05	2.943005883898999855e+02
4.320000000000000000e+05	2.943005883898999855e+02
4.320000000000000000e+05	2.926805657499205608e+02
4.329000000000000000e+05	2.926805657499205608e+02
4.329000000000000000e+05	2.926581259129935120e+02
4.338000000000000000e+05	2.926581259129935120e+02
4.338000000000000000e+05	2.937612365204405478e+02
4.347000000000000000e+05	2.937612365204405478e+02
4.347000000000000000e+05	2.941150710198933211e+02
4.356000000000000000e+05	2.941150710198933211e+02
4.356000000000000000e+05	2.925325780613517281e+02
4.365000000000000000e+05	2.925325780613517281e+02
4.365000000000000000e+05	2.944122752638134557e+02
4.374000000000000000e+05	2.944122752638134557e+02
4.374000000000000000e+05	2.946184191593175683e+02
4.383000000000000000e+05	2.946184191593175683e+02
4.383000000000000000e+05	2.946730062431938109e+02
4.392000000000000000e+05	2.946730062431938109e+02
4.392000000000000000e+05	2.949742217095498518e+02
4.401000000000000000e+05	2.949742217095498518e+02
4.401000000000000000e+05	2.948719099518699522e+02
4.410000000000000000e+05	2.948719099518699522e+02
4.410000000000000000e+05	2.958467311323192348e+02
4.419000000000000000e+05	2.958467311323192348e+02
4.419000000000000000e+05	2.953568695500079571e+02
4.428000000000000000e+05	2.953568695500079571e+02
4.428000000000000000e+05	2.938739685634801617e+02
4.437000000000000000e+05	2.938739685634801617e+02
4.437000000000000000e+05	2.933942033388318578e+02
4.446000000000000000e+05	2.933942033388318578e+02
4.446000000000000000e+05	2.985030052960984790e+02
4.455000000000000000e+05	2.985030052960984790e+02
4.455000000000000000e+05	2.958281380314194848e+02
4.464000000000000000e+05	2.958281380314194848e+02
4.464000000000000000e+05	2.948977012809820621e+02
4.473000000000000000e+05	2.948977012809820621e+02
4.473000000000000000e+05	2.941703027780582715e+02
4.482000000000000000e+05	2.941703027780582715e+02
4.482000000000000000e+05	2.942030501763712778e+02
4.491000000000000000e+05	2.942030501763712778e+02
4.491000000000000000e+05	2.957225626865437107e+02
4.500000000000000000e+05	2.957225626865437107e+02
4.500000000000000000e+05	2.933784582062815502e+02
4.509000000000000000e+05	2.933784582062815502e+02
4.509000000000000000e+05	2.969463795610167836e+02
4.518000000000000000e+05	2.969463795610167836e+02
4.518000000000000000e+05	2.946133889358894180e+02
4.527000000000000000e+05	2.946133889358894180e+02
4.527000000000000000e+05	2.934805525845146690e+02
4.536000000000000000e+05	2.934805525845146690e+02
4.536000000000000000e+05	2.936821571642858544e+02
4.545000000000000000e+05	2.936821571642858544e+02
4.545000000000000000e+05	2.929488734351268704e+02
4.554000000000000000e+05	2.929488734351268704e+02
4.554000000000000000e+05	2.912774844006393096e+02
4.563000000000000000e+05	2.912774844006393096e+02
4.563000000000000000e+05	2.911499999999999773e+02
4.572000000000000000e+05	2.911499999999999773e+02
4.572000000000000000e+05	2.944915104559909764e+02
4.581000000000000000e+05	2.944915104559909764e+02
4.581000000000000000e+05	3.003864134141190334e+02
4.590000000000000000e+05	3.003864134141190334e+02
4.590000000000000000e+05	3.042076863220947871e+02
4.599000000000000000e+05	3.042076863220947871e+02
4.599000000000000000e+05	3.067040119767268038e+02
4.608000000000000000e+05	3.067040119767268038e+02
4.608000000000000000e+05	3.038352576417095179e+02
4.617000000000000000e+05	3.038352576417095179e+02
4.617000000000000000e+05	3.065486395732920073e+02
4.626000000000000000e+05	3.065486395732920073e+02
4.626000000000000000e+05	3.067720167505776772e+02
4.635000000000000000e+05	3.067720167505776772e+02
4.635000000000000000e+05	3.074442406034309556e+02
4.644000000000000000e+05	3.074442406034309556e+02
4.644000000000000000e+05	3.073258860508473731e+02
4.653000000000000000e+05	3.073258860508473731e+02
4.653000000000000000e+05	3.053870134732569568e+02
4.662000000000000000e+05	3.053870134732569568e+02
4.662000000000000000e+05	3.045474522183327508e+02
4.671000000000000000e+05	3.045474522183327508e+02
4.671000000000000000e+05	3.043886917226290052e+02
4.680000000000000000e+05	3.043886917226290052e+02
4.680000000000000000e+05	3.039690635721725585e+02
4.689000000000000000e+05	3.039690635721725585e+02
4.689000000000000000e+05	3.001456566624416382e+02
4.698000000000000000e+05	3.001456566624416382e+02
4.698000000000000000e+05	3.020016279809358934e+02
4.707000000000000000e+05	3.020016279809358934e+02
4.707000000000000000e+05	3.019768590052176478e+02
4.716000000000000000e+05	3.019768590052176478e+02
4.716000000000000000e+05	3.020649642683293905e+02
4.725000000000000000e+05	3.020649642683293905e+02
4.725000000000000000e+05	2.988932795323221399e+02
4.734000000000000000e+05	2.988932795323221399e+02
4.734000000000000000e+05	3.005986557611009857e+02
4.743000000000000000e+05	3.005986557611009857e+02
4.743000000000000000e+05	3.023870995218621260e+02
4.752000000000000000e+05	3.023870995218621260e+02
4.752000000000000000e+05	2.979759442406411267e+02
4.761000000000000000e+05	2.979759442406411267e+02
4.761000000000000000e+05	2.963986623922012313e+02
4.770000000000000000e+05	2.963986623922012313e+02
4.770000000000000000e+05	3.007966812958688365e+02
4.779000000000000000e+05	3.007966812958688365e+02
4.779000000000000000e+05	2.969292109381234468e+02
4.788000000000000000e+05	2.969292109381234468e+02
4.788000000000000000e+05	2.987854507467563963e+02
4.797000000000000000e+05	2.987854507467563963e+02
4.797000000000000000e+05	3.004519650046342463e+02
4.806000000000000000e+05	3.004519650046342463e+02
4.806000000000000000e+05	3.011707912103930767e+02
4.815000000000000000e+05	3.011707912103930767e+02
4.815000000000000000e+05	3.029215393748630731e+02
4.824000000000000000e+05	3.029215393748630731e+02
4.824000000000000000e+05	3.042934007188567875e+02
4.833000000000000000e+05	3.042934007188567875e+02
4.833000000000000000e+05	3.016373254331737144e+02
4.842000000000000000e+05	3.016373254331737144e+02
4.842000000000000000e+05	3.003422170826192428e+02
4.851000000000000000e+05	3.003422170826192428e+02
4.851000000000000000e+05	2.989251519148671719e+02
4.860000000000000000e+05	2.989251519148671719e+02
4.860000000000000000e+05	3.010880758590632809e+02
4.869000000000000000e+05	3.010880758590632809e+02
4.869000000000000000e+05	2.992705553465141293e+02
4.878000000000000000e+05	2.992705553465141293e+02
4.878000000000000000e+05	2.986030645752824739e+02
4.887000000000000000e+05	2.986030645752824739e+02
4.887000000000000000e+05	3.009082893704942876e+02
4.896000000000000000e+05	3.009082893704942876e+02
4.896000000000000000e+05	2.969943789684027706e+02
4.905000000000000000e+05	2.969943789684027706e+02
4.905000000000000000e+05	2.958026261198614293e+02
4.914000000000000000e+05	2.958026261198614293e+02
4.914000000000000000e+05	3.003179092813349484e+02
4.923000000000000000e+05	3.003179092813349484e+02
4.923000000000000000e+05	2.990509314610701495e+02
4.932000000000000000e+05	2.990509314610701495e+02
4.932000000000000000e+05	2.947995802545565880e+02
4.941000000000000000e+05	2.947995802545565880e+02
4.941000000000000000e+05	2.942585149421763049e+02
4.950000000000000000e+05	2.942585149421763049e+02
4.950000000000000000e+05	2.926647928167693635e+02
4.959000000000000000e+05	2.926647928167693635e+02
4.959000000000000000e+05	2.960625394496012177e+02
4.968000000000000000e+05	2.960625394496012177e+02
4.968000000000000000e+05	2.959607856750493511e+02
4.977000000000000000e+05	2.959607856750493511e+02
4.977000000000000000e+05	2.950790695669352885e+02
4.986000000000000000e+05	2.950790695669352885e+02
4.986000000000000000e+05	2.999747271244240778e+02
4.995000000000000000e+05	2.999747271244240778e+02
4.995000000000000000e+05	2.988016086129778159e+02
5.004000000000000000e+05	2.988016086129778159e+02
5.004000000000000000e+05	2.946317434982128702e+02
5.013000000000000000e+05	2.946317434982128702e+02
5.013000000000000000e+05	2.941290915574411997e+02
5.022000000000000000e+05	2.941290915574411997e+02
5.022000000000000000e+05	2.979814804671733555e+02
5.031000000000000000e+05	2.979814804671733555e+02
5.031000000000000000e+05	2.965932296176439991e+02
5.040000000000000000e+05	2.965932296176439991e+02
5.040000000000000000e+05	2.954271032073144170e+02
5.049000000000000000e+05	2.954271032073144170e+02
5.049000000000000000e+05	2.992709591181105679e+02
5.058000000000000000e+05	2.992709591181105679e+02
5.058000000000000000e+05	2.954445372697912262e+02
5.067000000000000000e+05	2.954445372697912262e+02
5.067000000000000000e+05	2.939707729488573591e+02
5.076000000000000000e+05	2.939707729488573591e+02
5.076000000000000000e+05	2.944498740008923505e+02
5.085000000000000000e+05	2.944498740008923505e+02
5.085000000000000000e+05	2.938973037235405172e+02
5.094000000000000000e+05	2.938973037235405172e+02
5.094000000000000000e+05	2.922954776791392533e+02
5.103000000000000000e+05	2.922954776791392533e+02
5.103000000000000000e+05	2.916272841726258775e+02
5.112000000000000000e+05	2.916272841726258775e+02
5.112000000000000000e+05	2.931145626571735647e+02
5.121000000000000000e+05	2.931145626571735647e+02
5.121000000000000000e+05	2.929110926479986006e+02
5.130000000000000000e+05	2.929110926479986006e+02
5.130000000000000000e+05	2.942041459431300723e+02
5.139000000000000000e+05	2.942041459431300723e+02
5.139000000000000000e+05	2.945792416431079914e+02
5.148000000000000000e+05	2.945792416431079914e+02
5.148000000000000000e+05	2.928310200858097687e+02
5.157000000000000000e+05	2.928310200858097687e+02
5.157000000000000000e+05	2.928046842414108255e+02
5.166000000000000000e+05	2.928046842414108255e+02
5.166000000000000000e+05	2.939287759187085953e+02
5.175000000000000000e+05	2.939287759187085953e+02
5.175000000000000000e+05	2.942874128322531533e+02
5.184000000000000000e+05	2.942874128322531533e+02
5.184000000000000000e+05	2.926797782173534870e+02
5.193000000000000000e+05	2.926797782173534870e+02
5.193000000000000000e+05	2.926566109364963495e+02
5.202000000000000000e+05	2.926566109364963495e+02
5.202000000000000000e+05	2.937492583820979917e+02
5.211000000000000000e+05	2.937492583820979917e+02
5.211000000000000000e+05	2.940991084697558335e+02
5.220000000000000000e+05	2.940991084697558335e+02
5.220000000000000000e+05	2.925273365591821175e+02
5.229000000000000000e+05	2.925273365591821175e+02
5.229000000000000000e+05	2.925025680832524699e+02
5.238000000000000000e+05	2.925025680832524699e+02
5.238000000000000000e+05	2.930431874550268390e+02
5.247000000000000000e+05	2.930431874550268390e+02
5.247000000000000000e+05	2.927248562250996997e+02
5.256000000000000000e+05	2.927248562250996997e+02
5.256000000000000000e+05	2.921683163213282910e+02
5.265000000000000000e+05	2.921683163213282910e+02
5.265000000000000000e+05	2.920432225400991797e+02
5.274000000000000000e+05	2.920432225400991797e+02
5.274000000000000000e+05	2.911499999999998636e+02
5.283000000000000000e+05	2.911499999999998636e+02
5.283000000000000000e+05	2.911499999999999773e+02
5.292000000000000000e+05	2.911499999999999773e+02
5.292000000000000000e+05	2.918984454608618080e+02
5.301000000000000000e+05	2.918984454608618080e+02
5.301000000000000000e+05	2.965253944936293351e+02
5.310000000000000000e+05	2.965253944936293351e+02
5.310000000000000000e+05	2.956082075940430514e+02
5.319000000000000000e+05	2.956082075940430514e+02
5.319000000000000000e+05	2.975752989751884456e+02
5.328000000000000000e+05	2.975752989751884456e+02
5.328000000000000000e+05	2.956006470406672975e+02
5.337000000000000000e+05	2.956006470406672975e+02
5.337000000000000000e+05	2.944755393280779003e+02
5.346000000000000000e+05	2.944755393280779003e+02
5.346000000000000000e+05	2.930595950744444167e+02
5.355000000000000000e+05	2.930595950744444167e+02
5.355000000000000000e+05	2.959208259453879464e+02
5.364000000000000000e+05	2.959208259453879464e+02
5.364000000000000000e+05	2.958797560036857703e+02
5.373000000000000000e+05	2.958797560036857703e+02
5.373000000000000000e+05	2.992019997825947257e+02
5.382000000000000000e+05	2.992019997825947257e+02
5.382000000000000000e+05	2.977528892839339960e+02
5.391000000000000000e+05	2.977528892839339960e+02
5.391000000000000000e+05	2.962906693428219569e+02
5.400000000000000000e+05	2.962906693428219569e+02
5.400000000000000000e+05	2.930502358663370046e+02
5.409000000000000000e+05	2.930502358663370046e+02
5.409000000000000000e+05	2.982770885586873533e+02
5.418000000000000000e+05	2.982770885586873533e+02
5.418000000000000000e+05	2.940138544889890113e+02
5.427000000000000000e+05	2.940138544889890113e+02
5.427000000000000000e+05	2.930716899396083477e+02
5.436000000000000000e+05	2.930716899396083477e+02
5.436000000000000000e+05	2.968726500850420393e+02
5.445000000000000000e+05	2.968726500850420393e+02
5.445000000000000000e+05	3.024740546317311214e+02
5.454000000000000000e+05	3.024740546317311214e+02
5.454000000000000000e+05	3.055927311905821284e+02
5.463000000000000000e+05	3.055927311905821284e+02
5.463000000000000000e+05	3.077717258355926901e+02
5.472000000000000000e+05	3.077717258355926901e+02
5.472000000000000000e+05	3.047653055075743964e+02
5.481000000000000000e+05	3.047653055075743964e+02
5.481000000000000000e+05	3.072019018606811187e+02
5.490000000000000000e+05	3.072019018606811187e+02
5.490000000000000000e+05	3.073241597645554180e+02
5.499000000000000000e+05	3.073241597645554180e+02
5.499000000000000000e+05	3.079056309413310260e+02
5.508000000000000000e+05	3.079056309413310260e+02
5.508000000000000000e+05	3.077362616670095008e+02
5.517000000000000000e+05	3.077362616670095008e+02
5.517000000000000000e+05	3.068025505811477842e+02
5.526000000000000000e+05	3.068025505811477842e+02
5.526000000000000000e+05	3.033342506789895197e+02
5.535000000000000000e+05	3.033342506789895197e+02
5.535000000000000000e+05	3.041115772064356975e+02
5.544000000000000000e+05	3.041115772064356975e+02
5.544000000000000000e+05	3.031860760211276329e+02
5.553000000000000000e+05	3.031860760211276329e+02
5.553000000000000000e+05	3.025180100846872620e+02
5.562000000000000000e+05	3.025180100846872620e+02
5.562000000000000000e+05	3.017071055316365573e+02
5.571000000000000000e+05	3.017071055316365573e+02
5.571000000000000000e+05	3.019800984058027211e+02
5.580000000000000000e+05	3.019800984058027211e+02
5.580000000000000000e+05	3.017437469798871348e+02
5.589000000000000000e+05	3.017437469798871348e+02
5.589000000000000000e+05	2.987319911408953885e+02
5.598000000000000000e+05	2.987319911408953885e+02
5.598000000000000000e+05	3.005133003779326373e+02
5.607000000000000000e+05	3.005133003779326373e+02
5.607000000000000000e+05	3.018106120558435350e+02
5.616000000000000000e+05	3.018106120558435350e+02
5.616000000000000000e+05	3.014541456124326828e+02
5.625000000000000000e+05	3.014541456124326828e+02
5.625000000000000000e+05	2.987625890116725600e+02
5.634000000000000000e+05	2.987625890116725600e+02
5.634000000000000000e+05	2.980598022717964000e+02
5.643000000000000000e+05	2.980598022717964000e+02
5.643000000000000000e+05	3.014818094747840860e+02
5.652000000000000000e+05	3.014818094747840860e+02
5.652000000000000000e+05	2.975988882012899239e+02
5.661000000000000000e+05	2.975988882012899239e+02
5.661000000000000000e+05	2.961947027642011676e+02
5.670000000000000000e+05	2.961947027642011676e+02
5.670000000000000000e+05	2.942649533315578765e+02
5.679000000000000000e+05	2.942649533315578765e+02
5.679000000000000000e+05	2.992786970835672378e+02
5.688000000000000000e+05	2.992786970835672378e+02
5.688000000000000000e+05	2.953405632196639772e+02
5.697000000000000000e+05	2.953405632196639772e+02
5.697000000000000000e+05	3.009961865389458922e+02
5.706000000000000000e+05	3.009961865389458922e+02
5.706000000000000000e+05	2.967495967111344726e+02
5.715000000000000000e+05	2.967495967111344726e+02
5.715000000000000000e+05	2.986777178861137827e+02
5.724000000000000000e+05	2.986777178861137827e+02
5.724000000000000000e+05	2.983891654048852615e+02
5.733000000000000000e+05	2.983891654048852615e+02
5.733000000000000000e+05	2.965326418419782613e+02
5.742000000000000000e+05	2.965326418419782613e+02
5.742000000000000000e+05	2.983787745342792164e+02
5.751000000000000000e+05	2.983787745342792164e+02
5.751000000000000000e+05	3.003334901902452998e+02
5.760000000000000000e+05	3.003334901902452998e+02
5.760000000000000000e+05	2.965458547741367283e+02
5.769000000000000000e+05	2.965458547741367283e+02
5.769000000000000000e+05	2.954656313192571133e+02
5.778000000000000000e+05	2.954656313192571133e+02
5.778000000000000000e+05	2.976154941347390377e+02
5.787000000000000000e+05	2.976154941347390377e+02
5.787000000000000000e+05	2.996853230850589966e+02
5.796000000000000000e+05	2.996853230850589966e+02
5.796000000000000000e+05	2.960603347442499853e+02
5.805000000000000000e+05	2.960603347442499853e+02
5.805000000000000000e+05	2.990173581295836698e+02
5.814000000000000000e+05	2.990173581295836698e+02
5.814000000000000000e+05	3.000187493003498389e+02
5.823000000000000000e+05	3.000187493003498389e+02
5.823000000000000000e+05	3.028426979342706318e+02
5.832000000000000000e+05	3.028426979342706318e+02
5.832000000000000000e+05	2.989813138622976112e+02
5.841000000000000000e+05	2.989813138622976112e+02
5.841000000000000000e+05	2.971784440115326333e+02
5.850000000000000000e+05	2.971784440115326333e+02
5.850000000000000000e+05	2.977765899223451811e+02
5.859000000000000000e+05	2.977765899223451811e+02
5.859000000000000000e+05	2.967562557969233126e+02
5.868000000000000000e+05	2.967562557969233126e+02
5.868000000000000000e+05	2.952339019125929553e+02
5.877000000000000000e+05	2.952339019125929553e+02
5.877000000000000000e+05	2.985425167023959148e+02
5.886000000000000000e+05	2.985425167023959148e+02
5.886000000000000000e+05	2.961661948568989828e+02
5.895000000000000000e+05	2.961661948568989828e+02
5.895000000000000000e+05	2.982394041722541829e+02
5.904000000000000000e+05	2.982394041722541829e+02
5.904000000000000000e+05	2.980206685906356370e+02
5.913000000000000000e+05	2.980206685906356370e+02
5.913000000000000000e+05	2.962922152253373156e+02
5.922000000000000000e+05	2.962922152253373156e+02
5.922000000000000000e+05	2.943293903766198127e+02
5.931000000000000000e+05	2.943293903766198127e+02
5.931000000000000000e+05	2.933294104766005717e+02
5.940000000000000000e+05	2.933294104766005717e+02
5.940000000000000000e+05	2.944319848043644470e+02
5.949000000000000000e+05	2.944319848043644470e+02
5.949000000000000000e+05	2.939121402209325424e+02
5.958000000000000000e+05	2.939121402209325424e+02
5.958000000000000000e+05	2.923215125282922031e+02
5.967000000000000000e+05	2.923215125282922031e+02
5.967000000000000000e+05	2.916625759812069987e+02
5.976000000000000000e+05	2.916625759812069987e+02
5.976000000000000000e+05	2.931484617151502334e+02
5.985000000000000000e+05	2.931484617151502334e+02
5.985000000000000000e+05	2.929493478238991315e+02
5.994000000000000000e+05	2.929493478238991315e+02
5.994000000000000000e+05	2.942425830704553391e+02
6.003000000000000000e+05	2.942425830704553391e+02
6.003000000000000000e+05	2.946168835634650804e+02
6.012000000000000000e+05	2.946168835634650804e+02
6.012000000000000000e+05	2.928593849869617429e+02
6.021000000000000000e+05	2.928593849869617429e+02
6.021000000000000000e+05	2.928313697299894898e+02
6.030000000000000000e+05	2.928313697299894898e+02
6.030000000000000000e+05	2.939462770900096302e+02
6.039000000000000000e+05	2.939462770900096302e+02
6.039000000000000000e+05	2.942994984410589154e+02
6.048000000000000000e+05	2.942994984410589154e+02
