# #1
# double t_DHW(1344, 2)
0.000000000000000000e+00	3.231499999999999773e+02
9.000000000000000000e+02	3.231499999999999773e+02
9.000000000000000000e+02	3.231380000000000337e+02
1.800000000000000000e+03	3.231380000000000337e+02
1.800000000000000000e+03	3.231260044999999081e+02
2.700000000000000000e+03	3.231260044999999081e+02
2.700000000000000000e+03	3.231140134983123176e+02
3.600000000000000000e+03	3.231140134983123176e+02
3.600000000000000000e+03	3.230506284580427518e+02
4.500000000000000000e+03	3.230506284580427518e+02
4.500000000000000000e+03	3.249421176405031702e+02
5.400000000000000000e+03	3.249421176405031702e+02
5.400000000000000000e+03	3.254945420003487584e+02
6.300000000000000000e+03	3.254945420003487584e+02
6.300000000000000000e+03	3.254816627970986360e+02
7.200000000000000000e+03	3.254816627970986360e+02
7.200000000000000000e+03	3.260705297764186525e+02
8.100000000000000000e+03	3.260705297764186525e+02
8.100000000000000000e+03	3.260574345777524741e+02
9.000000000000000000e+03	3.260574345777524741e+02
9.000000000000000000e+03	3.260443442897858404e+02
9.900000000000000000e+03	3.260443442897858404e+02
9.900000000000000000e+03	3.260312589106771952e+02
1.080000000000000000e+04	3.260312589106771952e+02
1.080000000000000000e+04	3.259620819661698761e+02
1.170000000000000000e+04	3.259620819661698761e+02
1.170000000000000000e+04	3.259490274354325834e+02
1.260000000000000000e+04	3.259490274354325834e+02
1.260000000000000000e+04	3.259359778001442010e+02
1.350000000000000000e+04	3.259359778001442010e+02
1.350000000000000000e+04	3.259229330584691411e+02
1.440000000000000000e+04	3.259229330584691411e+02
1.440000000000000000e+04	3.258539817071300604e+02
1.530000000000000000e+04	3.258539817071300604e+02
1.530000000000000000e+04	3.258409677139898690e+02
1.620000000000000000e+04	3.258409677139898690e+02
1.620000000000000000e+04	3.258279586010971229e+02
1.710000000000000000e+04	3.258279586010971229e+02
1.710000000000000000e+04	3.258149543666216914e+02
1.800000000000000000e+04	3.258149543666216914e+02
1.800000000000000000e+04	3.257462277236505770e+02
1.890000000000000000e+04	3.257462277236505770e+02
1.890000000000000000e+04	3.257332541382542104e+02
1.980000000000000000e+04	3.257332541382542104e+02
1.980000000000000000e+04	3.257202854179522546e+02
2.070000000000000000e+04	3.257202854179522546e+02
2.070000000000000000e+04	3.257073215609203771e+02
2.160000000000000000e+04	3.257073215609203771e+02
2.160000000000000000e+04	3.256388187434071710e+02
2.250000000000000000e+04	3.256388187434071710e+02
2.250000000000000000e+04	3.256258854363783826e+02
2.340000000000000000e+04	3.256258854363783826e+02
2.340000000000000000e+04	3.256129569793396286e+02
2.430000000000000000e+04	3.256129569793396286e+02
2.430000000000000000e+04	3.256000333704722607e+02
2.520000000000000000e+04	3.256000333704722607e+02
2.520000000000000000e+04	3.255317535053475240e+02
2.610000000000000000e+04	3.255317535053475240e+02
2.610000000000000000e+04	3.178688603027829913e+02
2.700000000000000000e+04	3.178688603027829913e+02
2.700000000000000000e+04	3.178588407301694474e+02
2.790000000000000000e+04	3.178588407301694474e+02
2.790000000000000000e+04	3.177588249148953992e+02
2.880000000000000000e+04	3.177588249148953992e+02
2.880000000000000000e+04	3.181658601203674834e+02
2.970000000000000000e+04	3.181658601203674834e+02
2.970000000000000000e+04	3.180657291728223299e+02
3.060000000000000000e+04	3.180657291728223299e+02
3.060000000000000000e+04	3.179656357743824628e+02
3.150000000000000000e+04	3.179656357743824628e+02
3.150000000000000000e+04	3.178655799109667441e+02
3.240000000000000000e+04	3.178655799109667441e+02
3.240000000000000000e+04	3.177220737320524790e+02
3.330000000000000000e+04	3.177220737320524790e+02
3.330000000000000000e+04	3.176221092044029319e+02
3.420000000000000000e+04	3.176221092044029319e+02
3.420000000000000000e+04	3.176832347950302164e+02
3.510000000000000000e+04	3.176832347950302164e+02
3.510000000000000000e+04	3.175832848319817003e+02
3.600000000000000000e+04	3.175832848319817003e+02
3.600000000000000000e+04	3.184427066153501755e+02
3.690000000000000000e+04	3.184427066153501755e+02
3.690000000000000000e+04	3.184324718503694385e+02
3.780000000000000000e+04	3.184324718503694385e+02
3.780000000000000000e+04	3.184222409234255338e+02
3.870000000000000000e+04	3.184222409234255338e+02
3.870000000000000000e+04	3.183920138350792399e+02
3.960000000000000000e+04	3.183920138350792399e+02
3.960000000000000000e+04	3.183705339766552811e+02
4.050000000000000000e+04	3.183705339766552811e+02
4.050000000000000000e+04	3.183603262764140140e+02
4.140000000000000000e+04	3.183603262764140140e+02
4.140000000000000000e+04	3.183501224040603574e+02
4.230000000000000000e+04	3.183501224040603574e+02
4.230000000000000000e+04	3.182499223581585852e+02
4.320000000000000000e+04	3.182499223581585852e+02
4.320000000000000000e+04	3.178731357638066584e+02
4.410000000000000000e+04	3.178731357638066584e+02
4.410000000000000000e+04	3.178631145878952111e+02
4.500000000000000000e+04	3.178631145878952111e+02
4.500000000000000000e+04	3.178530971699247516e+02
4.590000000000000000e+04	3.178530971699247516e+02
4.590000000000000000e+04	3.178430835084857904e+02
4.680000000000000000e+04	3.178430835084857904e+02
4.680000000000000000e+04	3.176855630742768426e+02
4.770000000000000000e+04	3.176855630742768426e+02
4.770000000000000000e+04	3.176756122381239607e+02
4.860000000000000000e+04	3.176756122381239607e+02
4.860000000000000000e+04	3.176656651335346737e+02
4.950000000000000000e+04	3.176656651335346737e+02
4.950000000000000000e+04	3.176557217591093263e+02
5.040000000000000000e+04	3.176557217591093263e+02
5.040000000000000000e+04	3.176037607433399330e+02
5.130000000000000000e+04	3.176037607433399330e+02
5.130000000000000000e+04	3.176648932146399602e+02
5.220000000000000000e+04	3.176648932146399602e+02
5.220000000000000000e+04	3.176549501296844937e+02
5.310000000000000000e+04	3.176549501296844937e+02
5.310000000000000000e+04	3.175550107733858454e+02
5.400000000000000000e+04	3.175550107733858454e+02
5.400000000000000000e+04	3.170623373092516886e+02
5.490000000000000000e+04	3.170623373092516886e+02
5.490000000000000000e+04	3.170526201827607338e+02
5.580000000000000000e+04	3.170526201827607338e+02
5.580000000000000000e+04	3.170429067001921908e+02
5.670000000000000000e+04	3.170429067001921908e+02
5.670000000000000000e+04	3.169431968601796257e+02
5.760000000000000000e+04	3.169431968601796257e+02
5.760000000000000000e+04	3.168923890295467913e+02
5.850000000000000000e+04	3.168923890295467913e+02
5.850000000000000000e+04	3.168827356336607295e+02
5.940000000000000000e+04	3.168827356336607295e+02
5.940000000000000000e+04	3.168730858577981166e+02
6.030000000000000000e+04	3.168730858577981166e+02
6.030000000000000000e+04	3.167734397006012159e+02
6.120000000000000000e+04	3.167734397006012159e+02
6.120000000000000000e+04	3.167229139993917215e+02
6.210000000000000000e+04	3.167229139993917215e+02
6.210000000000000000e+04	3.189767403504519052e+02
6.300000000000000000e+04	3.189767403504519052e+02
6.300000000000000000e+04	3.189663053228204603e+02
6.390000000000000000e+04	3.189663053228204603e+02
6.390000000000000000e+04	3.189558742083244169e+02
6.480000000000000000e+04	3.189558742083244169e+02
6.480000000000000000e+04	3.162915546194236640e+02
6.570000000000000000e+04	3.162915546194236640e+02
6.570000000000000000e+04	3.160166265364413789e+02
6.660000000000000000e+04	3.160166265364413789e+02
6.660000000000000000e+04	3.159873015534902265e+02
6.750000000000000000e+04	3.159873015534902265e+02
6.750000000000000000e+04	3.160290401989866496e+02
6.840000000000000000e+04	3.160290401989866496e+02
6.840000000000000000e+04	3.156450484819843041e+02
6.930000000000000000e+04	3.156450484819843041e+02
6.930000000000000000e+04	3.155458628388035436e+02
7.020000000000000000e+04	3.155458628388035436e+02
7.020000000000000000e+04	3.155367143902390126e+02
7.110000000000000000e+04	3.155367143902390126e+02
7.110000000000000000e+04	3.155275693723426684e+02
7.200000000000000000e+04	3.155275693723426684e+02
7.200000000000000000e+04	3.154804015707719600e+02
7.290000000000000000e+04	3.154804015707719600e+02
7.290000000000000000e+04	3.154712776701829284e+02
7.380000000000000000e+04	3.154712776701829284e+02
7.380000000000000000e+04	3.154621571910566331e+02
7.470000000000000000e+04	3.154621571910566331e+02
7.470000000000000000e+04	3.148130400881096307e+02
7.560000000000000000e+04	3.148130400881096307e+02
7.560000000000000000e+04	3.147729178660698608e+02
7.650000000000000000e+04	3.147729178660698608e+02
7.650000000000000000e+04	3.147640592718701100e+02
7.740000000000000000e+04	3.147640592718701100e+02
7.740000000000000000e+04	3.146652039996431540e+02
7.830000000000000000e+04	3.146652039996431540e+02
7.830000000000000000e+04	3.126963857841427057e+02
7.920000000000000000e+04	3.126963857841427057e+02
7.920000000000000000e+04	3.126759897400979753e+02
8.010000000000000000e+04	3.126759897400979753e+02
8.010000000000000000e+04	3.126679174939454242e+02
8.100000000000000000e+04	3.126679174939454242e+02
8.100000000000000000e+04	3.126598482748851779e+02
8.190000000000000000e+04	3.126598482748851779e+02
8.190000000000000000e+04	3.126517820817820734e+02
8.280000000000000000e+04	3.126517820817820734e+02
8.280000000000000000e+04	3.126102763803833113e+02
8.370000000000000000e+04	3.126102763803833113e+02
8.370000000000000000e+04	3.126022287767406169e+02
8.460000000000000000e+04	3.126022287767406169e+02
8.460000000000000000e+04	3.125941841909493633e+02
8.550000000000000000e+04	3.125941841909493633e+02
8.550000000000000000e+04	3.125861426218777410e+02
8.640000000000000000e+04	3.125861426218777410e+02
8.640000000000000000e+04	3.125447563878003621e+02
8.730000000000000000e+04	3.125447563878003621e+02
8.730000000000000000e+04	3.175104175646812337e+02
8.820000000000000000e+04	3.175104175646812337e+02
8.820000000000000000e+04	3.175005324080945002e+02
8.910000000000000000e+04	3.175005324080945002e+02
8.910000000000000000e+04	3.174906509584413925e+02
9.000000000000000000e+04	3.174906509584413925e+02
9.000000000000000000e+04	3.122596531185387789e+02
9.090000000000000000e+04	3.122596531185387789e+02
9.090000000000000000e+04	3.122517369986192648e+02
9.180000000000000000e+04	3.122517369986192648e+02
9.180000000000000000e+04	3.151285606893500812e+02
9.270000000000000000e+04	3.151285606893500812e+02
9.270000000000000000e+04	3.151195687290914975e+02
9.360000000000000000e+04	3.151195687290914975e+02
9.360000000000000000e+04	3.119323327683482603e+02
9.450000000000000000e+04	3.119323327683482603e+02
9.450000000000000000e+04	3.119245393935600532e+02
9.540000000000000000e+04	3.119245393935600532e+02
9.540000000000000000e+04	3.119167489412874943e+02
9.630000000000000000e+04	3.119167489412874943e+02
9.630000000000000000e+04	3.119089614104344719e+02
9.720000000000000000e+04	3.119089614104344719e+02
9.720000000000000000e+04	3.118681721104399571e+02
9.810000000000000000e+04	3.118681721104399571e+02
9.810000000000000000e+04	3.147451396380038204e+02
9.900000000000000000e+04	3.147451396380038204e+02
9.900000000000000000e+04	3.147362914606395634e+02
9.990000000000000000e+04	3.147362914606395634e+02
9.990000000000000000e+04	3.147274466013418532e+02
1.008000000000000000e+05	3.147274466013418532e+02
1.008000000000000000e+05	3.115669580227249185e+02
1.017000000000000000e+05	3.115669580227249185e+02
1.017000000000000000e+05	3.140712741513719379e+02
1.026000000000000000e+05	3.140712741513719379e+02
1.026000000000000000e+05	3.140626786735651876e+02
1.035000000000000000e+05	3.140626786735651876e+02
1.035000000000000000e+05	3.140540864190625712e+02
1.044000000000000000e+05	3.140540864190625712e+02
1.044000000000000000e+05	3.112548238654974284e+02
1.053000000000000000e+05	3.112548238654974284e+02
1.053000000000000000e+05	3.137732942667282714e+02
1.062000000000000000e+05	3.137732942667282714e+02
1.062000000000000000e+05	3.162596105313782573e+02
1.071000000000000000e+05	3.162596105313782573e+02
1.071000000000000000e+05	3.204729296773483611e+02
1.080000000000000000e+05	3.204729296773483611e+02
1.080000000000000000e+05	3.213361360575869412e+02
1.089000000000000000e+05	3.213361360575869412e+02
1.089000000000000000e+05	3.213248162565653274e+02
1.098000000000000000e+05	3.213248162565653274e+02
1.098000000000000000e+05	3.213135007004690920e+02
1.107000000000000000e+05	3.213135007004690920e+02
1.107000000000000000e+05	3.213021893877064485e+02
1.116000000000000000e+05	3.213021893877064485e+02
1.116000000000000000e+05	3.213281768759754868e+02
1.125000000000000000e+05	3.213281768759754868e+02
1.125000000000000000e+05	3.184268600426469789e+02
1.134000000000000000e+05	3.184268600426469789e+02
1.134000000000000000e+05	3.184166312201309665e+02
1.143000000000000000e+05	3.184166312201309665e+02
1.143000000000000000e+05	3.183164062334234359e+02
1.152000000000000000e+05	3.183164062334234359e+02
1.152000000000000000e+05	3.183138811656260714e+02
1.161000000000000000e+05	3.183138811656260714e+02
1.161000000000000000e+05	3.182136947101889746e+02
1.170000000000000000e+05	3.182136947101889746e+02
1.170000000000000000e+05	3.181135458246725989e+02
1.179000000000000000e+05	3.181135458246725989e+02
1.179000000000000000e+05	3.180134344949884166e+02
1.188000000000000000e+05	3.180134344949884166e+02
1.188000000000000000e+05	3.178719237953520178e+02
1.197000000000000000e+05	3.178719237953520178e+02
1.197000000000000000e+05	3.177719030739287973e+02
1.206000000000000000e+05	3.177719030739287973e+02
1.206000000000000000e+05	3.177619198602760662e+02
1.215000000000000000e+05	3.177619198602760662e+02
1.215000000000000000e+05	3.176619403903284820e+02
1.224000000000000000e+05	3.176619403903284820e+02
1.224000000000000000e+05	3.176088116916557738e+02
1.233000000000000000e+05	3.176088116916557738e+02
1.233000000000000000e+05	3.177354880293383985e+02
1.242000000000000000e+05	3.177354880293383985e+02
1.242000000000000000e+05	3.181234133331253702e+02
1.251000000000000000e+05	3.181234133331253702e+02
1.251000000000000000e+05	3.188306346930511950e+02
1.260000000000000000e+05	3.188306346930511950e+02
1.260000000000000000e+05	3.190230363758389558e+02
1.269000000000000000e+05	3.190230363758389558e+02
1.269000000000000000e+05	3.190125839871980133e+02
1.278000000000000000e+05	3.190125839871980133e+02
1.278000000000000000e+05	3.190021355182028060e+02
1.287000000000000000e+05	3.190021355182028060e+02
1.287000000000000000e+05	3.189016909673835016e+02
1.296000000000000000e+05	3.189016909673835016e+02
1.296000000000000000e+05	3.187724081341622195e+02
1.305000000000000000e+05	3.187724081341622195e+02
1.305000000000000000e+05	3.187620497311119152e+02
1.314000000000000000e+05	3.187620497311119152e+02
1.314000000000000000e+05	3.187516952124627778e+02
1.323000000000000000e+05	3.187516952124627778e+02
1.323000000000000000e+05	3.187413445767580811e+02
1.332000000000000000e+05	3.187413445767580811e+02
1.332000000000000000e+05	3.185280936173909367e+02
1.341000000000000000e+05	3.185280936173909367e+02
1.341000000000000000e+05	3.185178268322844701e+02
1.350000000000000000e+05	3.185178268322844701e+02
1.350000000000000000e+05	3.233836770725591236e+02
1.359000000000000000e+05	3.233836770725591236e+02
1.359000000000000000e+05	3.233715894436568874e+02
1.368000000000000000e+05	3.233715894436568874e+02
1.368000000000000000e+05	3.197277496899512812e+02
1.377000000000000000e+05	3.197277496899512812e+02
1.377000000000000000e+05	3.245387338492910771e+02
1.386000000000000000e+05	3.245387338492910771e+02
1.386000000000000000e+05	3.245262130740975977e+02
1.395000000000000000e+05	3.245262130740975977e+02
1.395000000000000000e+05	3.238581969941948273e+02
1.404000000000000000e+05	3.238581969941948273e+02
1.404000000000000000e+05	3.202906670038517518e+02
1.413000000000000000e+05	3.202906670038517518e+02
1.413000000000000000e+05	3.204995151708305912e+02
1.422000000000000000e+05	3.204995151708305912e+02
1.422000000000000000e+05	3.204885091026415580e+02
1.431000000000000000e+05	3.204885091026415580e+02
1.431000000000000000e+05	3.204585597933069607e+02
1.440000000000000000e+05	3.204585597933069607e+02
1.440000000000000000e+05	3.218313294882507307e+02
1.449000000000000000e+05	3.218313294882507307e+02
1.449000000000000000e+05	3.218198239896926225e+02
1.458000000000000000e+05	3.218198239896926225e+02
1.458000000000000000e+05	3.218083228056964913e+02
1.467000000000000000e+05	3.218083228056964913e+02
1.467000000000000000e+05	3.217068259346443710e+02
1.476000000000000000e+05	3.217068259346443710e+02
1.476000000000000000e+05	3.216466247071543876e+02
1.485000000000000000e+05	3.216466247071543876e+02
1.485000000000000000e+05	3.245199253149944525e+02
1.494000000000000000e+05	3.245199253149944525e+02
1.494000000000000000e+05	3.245074115930013363e+02
1.503000000000000000e+05	3.245074115930013363e+02
1.503000000000000000e+05	3.244949025636540227e+02
1.512000000000000000e+05	3.244949025636540227e+02
1.512000000000000000e+05	3.219435019263247000e+02
1.521000000000000000e+05	3.219435019263247000e+02
1.521000000000000000e+05	3.231645249874476917e+02
1.530000000000000000e+05	3.231645249874476917e+02
1.530000000000000000e+05	3.231325195425774268e+02
1.539000000000000000e+05	3.231325195425774268e+02
1.539000000000000000e+05	3.231005260997489472e+02
1.548000000000000000e+05	3.231005260997489472e+02
1.548000000000000000e+05	3.213192873718120381e+02
1.557000000000000000e+05	3.213192873718120381e+02
1.557000000000000000e+05	3.212179738890475846e+02
1.566000000000000000e+05	3.212179738890475846e+02
1.566000000000000000e+05	3.231101503169463740e+02
1.575000000000000000e+05	3.231101503169463740e+02
1.575000000000000000e+05	3.231692178921564391e+02
1.584000000000000000e+05	3.231692178921564391e+02
1.584000000000000000e+05	3.249922256846210757e+02
1.593000000000000000e+05	3.249922256846210757e+02
1.593000000000000000e+05	3.249795348499893635e+02
1.602000000000000000e+05	3.249795348499893635e+02
1.602000000000000000e+05	3.249668487744206118e+02
1.611000000000000000e+05	3.249668487744206118e+02
1.611000000000000000e+05	3.243141674121301889e+02
1.620000000000000000e+05	3.243141674121301889e+02
1.620000000000000000e+05	3.242621767976157798e+02
1.629000000000000000e+05	3.242621767976157798e+02
1.629000000000000000e+05	3.242497597313166580e+02
1.638000000000000000e+05	3.242497597313166580e+02
1.638000000000000000e+05	3.241473473214173850e+02
1.647000000000000000e+05	3.241473473214173850e+02
1.647000000000000000e+05	3.178349732711719184e+02
1.656000000000000000e+05	3.178349732711719184e+02
1.656000000000000000e+05	3.182320665676648446e+02
1.665000000000000000e+05	3.182320665676648446e+02
1.665000000000000000e+05	3.182219107927018626e+02
1.674000000000000000e+05	3.182219107927018626e+02
1.674000000000000000e+05	3.182117588261546075e+02
1.683000000000000000e+05	3.182117588261546075e+02
1.683000000000000000e+05	3.182016106665948314e+02
1.692000000000000000e+05	3.182016106665948314e+02
1.692000000000000000e+05	3.181497021879661702e+02
1.701000000000000000e+05	3.181497021879661702e+02
1.701000000000000000e+05	3.181395772996456799e+02
1.710000000000000000e+05	3.181395772996456799e+02
1.710000000000000000e+05	3.181294562081583308e+02
1.719000000000000000e+05	3.181294562081583308e+02
1.719000000000000000e+05	3.181193389120802522e+02
1.728000000000000000e+05	3.181193389120802522e+02
1.728000000000000000e+05	3.180675753918653754e+02
1.737000000000000000e+05	3.180675753918653754e+02
1.737000000000000000e+05	3.180574813010933894e+02
1.746000000000000000e+05	3.180574813010933894e+02
1.746000000000000000e+05	3.180473909956054968e+02
1.755000000000000000e+05	3.180473909956054968e+02
1.755000000000000000e+05	3.180373044739821466e+02
1.764000000000000000e+05	3.180373044739821466e+02
1.764000000000000000e+05	3.179856856903595030e+02
1.773000000000000000e+05	3.179856856903595030e+02
1.773000000000000000e+05	3.208603591503307939e+02
1.782000000000000000e+05	3.208603591503307939e+02
1.782000000000000000e+05	3.208492177656494277e+02
1.791000000000000000e+05	3.208492177656494277e+02
1.791000000000000000e+05	3.208380805589873148e+02
1.800000000000000000e+05	3.208380805589873148e+02
1.800000000000000000e+05	3.175200422539659257e+02
1.809000000000000000e+05	3.175200422539659257e+02
1.809000000000000000e+05	3.175101534881206931e+02
1.818000000000000000e+05	3.175101534881206931e+02
1.818000000000000000e+05	3.175002684305626417e+02
1.827000000000000000e+05	3.175002684305626417e+02
1.827000000000000000e+05	3.174903870799012111e+02
1.836000000000000000e+05	3.174903870799012111e+02
1.836000000000000000e+05	3.181038956186320092e+02
1.845000000000000000e+05	3.181038956186320092e+02
1.845000000000000000e+05	3.180937879077749812e+02
1.854000000000000000e+05	3.180937879077749812e+02
1.854000000000000000e+05	3.180836839873095414e+02
1.863000000000000000e+05	3.180836839873095414e+02
1.863000000000000000e+05	3.180735838558143200e+02
1.872000000000000000e+05	3.180735838558143200e+02
1.872000000000000000e+05	3.180266367420436495e+02
1.881000000000000000e+05	3.180266367420436495e+02
1.881000000000000000e+05	3.229147608612476006e+02
1.890000000000000000e+05	3.229147608612476006e+02
1.890000000000000000e+05	3.229028490759246210e+02
1.899000000000000000e+05	3.229028490759246210e+02
1.899000000000000000e+05	3.261635897888670002e+02
1.908000000000000000e+05	3.261635897888670002e+02
1.908000000000000000e+05	3.215294221447954897e+02
1.917000000000000000e+05	3.215294221447954897e+02
1.917000000000000000e+05	3.237371419619664152e+02
1.926000000000000000e+05	3.237371419619664152e+02
1.926000000000000000e+05	3.237249217837306787e+02
1.935000000000000000e+05	3.237249217837306787e+02
1.935000000000000000e+05	3.237127061880618157e+02
1.944000000000000000e+05	3.237127061880618157e+02
1.944000000000000000e+05	3.233535738356787874e+02
1.953000000000000000e+05	3.233535738356787874e+02
1.953000000000000000e+05	3.233414974954903300e+02
1.962000000000000000e+05	3.233414974954903300e+02
1.962000000000000000e+05	3.233294256839295144e+02
1.971000000000000000e+05	3.233294256839295144e+02
1.971000000000000000e+05	3.233173583992980866e+02
1.980000000000000000e+05	3.233173583992980866e+02
1.980000000000000000e+05	3.233570384520614311e+02
1.989000000000000000e+05	3.233570384520614311e+02
1.989000000000000000e+05	3.204549607956419095e+02
1.998000000000000000e+05	3.204549607956419095e+02
1.998000000000000000e+05	3.204439714353435420e+02
2.007000000000000000e+05	3.204439714353435420e+02
2.007000000000000000e+05	3.203429861960552785e+02
2.016000000000000000e+05	3.203429861960552785e+02
2.016000000000000000e+05	3.203369394893927051e+02
2.025000000000000000e+05	3.203369394893927051e+02
2.025000000000000000e+05	3.202359943870841903e+02
2.034000000000000000e+05	3.202359943870841903e+02
2.034000000000000000e+05	3.201350871391890109e+02
2.043000000000000000e+05	3.201350871391890109e+02
2.043000000000000000e+05	3.200342177315118306e+02
2.052000000000000000e+05	3.200342177315118306e+02
2.052000000000000000e+05	3.217259708121749213e+02
2.061000000000000000e+05	3.217259708121749213e+02
2.061000000000000000e+05	3.216245048231203327e+02
2.070000000000000000e+05	3.216245048231203327e+02
2.070000000000000000e+05	3.216130768838116865e+02
2.079000000000000000e+05	3.216130768838116865e+02
2.079000000000000000e+05	3.215116532299802543e+02
2.088000000000000000e+05	3.215116532299802543e+02
2.088000000000000000e+05	3.214992465600101355e+02
2.097000000000000000e+05	3.214992465600101355e+02
2.097000000000000000e+05	3.214878655925501789e+02
2.106000000000000000e+05	3.214878655925501789e+02
2.106000000000000000e+05	3.243357264874024395e+02
2.115000000000000000e+05	3.243357264874024395e+02
2.115000000000000000e+05	3.243032818419696923e+02
2.124000000000000000e+05	3.243032818419696923e+02
2.124000000000000000e+05	3.212045918149151476e+02
2.133000000000000000e+05	3.212045918149151476e+02
2.133000000000000000e+05	3.211933213429845750e+02
2.142000000000000000e+05	3.211933213429845750e+02
2.142000000000000000e+05	3.255209355758614720e+02
2.151000000000000000e+05	3.255209355758614720e+02
2.151000000000000000e+05	3.254180464750205601e+02
2.160000000000000000e+05	3.254180464750205601e+02
2.160000000000000000e+05	3.206354397458258632e+02
2.169000000000000000e+05	3.206354397458258632e+02
2.169000000000000000e+05	3.235091195480264332e+02
2.178000000000000000e+05	3.235091195480264332e+02
2.178000000000000000e+05	3.234969848781959172e+02
2.187000000000000000e+05	3.234969848781959172e+02
2.187000000000000000e+05	3.234848547588666179e+02
2.196000000000000000e+05	3.234848547588666179e+02
2.196000000000000000e+05	3.191706031942418349e+02
2.205000000000000000e+05	3.191706031942418349e+02
2.205000000000000000e+05	3.191600954680440054e+02
2.214000000000000000e+05	3.191600954680440054e+02
2.214000000000000000e+05	3.192206443138224472e+02
2.223000000000000000e+05	3.192206443138224472e+02
2.223000000000000000e+05	3.192101178222047793e+02
2.232000000000000000e+05	3.192101178222047793e+02
2.232000000000000000e+05	3.189003619769194984e+02
2.241000000000000000e+05	3.189003619769194984e+02
2.241000000000000000e+05	3.188899555911781931e+02
2.250000000000000000e+05	3.188899555911781931e+02
2.250000000000000000e+05	3.188795531078314980e+02
2.259000000000000000e+05	3.188795531078314980e+02
2.259000000000000000e+05	3.187791545254160610e+02
2.268000000000000000e+05	3.187791545254160610e+02
2.268000000000000000e+05	3.187247822841338802e+02
2.277000000000000000e+05	3.187247822841338802e+02
2.277000000000000000e+05	3.187144417407773176e+02
2.286000000000000000e+05	3.187144417407773176e+02
2.286000000000000000e+05	3.187041050751245166e+02
2.295000000000000000e+05	3.187041050751245166e+02
2.295000000000000000e+05	3.186037722857213339e+02
2.304000000000000000e+05	3.186037722857213339e+02
2.304000000000000000e+05	3.185496927248522070e+02
2.313000000000000000e+05	3.185496927248522070e+02
2.313000000000000000e+05	3.185394178400803753e+02
2.322000000000000000e+05	3.185394178400803753e+02
2.322000000000000000e+05	3.185291468083903510e+02
2.331000000000000000e+05	3.185291468083903510e+02
2.331000000000000000e+05	3.184288796283371994e+02
2.340000000000000000e+05	3.184288796283371994e+02
2.340000000000000000e+05	3.183750919841733094e+02
2.349000000000000000e+05	3.183750919841733094e+02
2.349000000000000000e+05	3.183648825746792568e+02
2.358000000000000000e+05	3.183648825746792568e+02
2.358000000000000000e+05	3.183546769937137810e+02
2.367000000000000000e+05	3.183546769937137810e+02
2.367000000000000000e+05	3.183444752398411310e+02
2.376000000000000000e+05	3.183444752398411310e+02
2.376000000000000000e+05	3.182910554885824581e+02
2.385000000000000000e+05	3.182910554885824581e+02
2.385000000000000000e+05	3.181908775927741999e+02
2.394000000000000000e+05	3.181908775927741999e+02
2.394000000000000000e+05	3.197220785995598362e+02
2.403000000000000000e+05	3.197220785995598362e+02
2.403000000000000000e+05	3.193613641050850447e+02
2.412000000000000000e+05	3.193613641050850447e+02
2.412000000000000000e+05	3.173763550291361071e+02
2.421000000000000000e+05	3.173763550291361071e+02
2.421000000000000000e+05	3.172765201460001663e+02
2.430000000000000000e+05	3.172765201460001663e+02
2.430000000000000000e+05	3.201514595430506915e+02
2.439000000000000000e+05	3.201514595430506915e+02
2.439000000000000000e+05	3.201405839957220110e+02
2.448000000000000000e+05	3.201405839957220110e+02
2.448000000000000000e+05	3.168569079689423234e+02
2.457000000000000000e+05	3.168569079689423234e+02
2.457000000000000000e+05	3.168472678784539767e+02
2.466000000000000000e+05	3.168472678784539767e+02
2.466000000000000000e+05	3.221499999999998636e+02
2.475000000000000000e+05	3.221499999999998636e+02
2.475000000000000000e+05	3.197383748349998882e+02
2.484000000000000000e+05	3.197383748349998882e+02
2.484000000000000000e+05	3.148947204845196666e+02
2.493000000000000000e+05	3.148947204845196666e+02
2.493000000000000000e+05	3.148858162143379218e+02
2.502000000000000000e+05	3.148858162143379218e+02
2.502000000000000000e+05	3.147869152832575423e+02
2.511000000000000000e+05	3.147869152832575423e+02
2.511000000000000000e+05	3.128180514260263294e+02
2.520000000000000000e+05	3.128180514260263294e+02
2.520000000000000000e+05	3.127966564562330518e+02
2.529000000000000000e+05	3.127966564562330518e+02
2.529000000000000000e+05	3.127885389600619419e+02
2.538000000000000000e+05	3.127885389600619419e+02
2.538000000000000000e+05	3.127804245079519205e+02
2.547000000000000000e+05	3.127804245079519205e+02
2.547000000000000000e+05	3.127723130987614581e+02
2.556000000000000000e+05	3.127723130987614581e+02
2.556000000000000000e+05	3.127307356908664815e+02
2.565000000000000000e+05	3.127307356908664815e+02
2.565000000000000000e+05	3.127226429149823161e+02
2.574000000000000000e+05	3.127226429149823161e+02
2.574000000000000000e+05	3.127145531738892146e+02
2.583000000000000000e+05	3.127145531738892146e+02
2.583000000000000000e+05	3.127064664664490010e+02
2.592000000000000000e+05	3.127064664664490010e+02
2.592000000000000000e+05	3.126650064207731816e+02
2.601000000000000000e+05	3.126650064207731816e+02
2.601000000000000000e+05	3.126569382933654424e+02
2.610000000000000000e+05	3.126569382933654424e+02
2.610000000000000000e+05	3.126488731915054586e+02
2.619000000000000000e+05	3.126488731915054586e+02
2.619000000000000000e+05	3.126408111140586357e+02
2.628000000000000000e+05	3.126408111140586357e+02
2.628000000000000000e+05	3.125994682323538427e+02
2.637000000000000000e+05	3.125994682323538427e+02
2.637000000000000000e+05	3.125914246817666822e+02
2.646000000000000000e+05	3.125914246817666822e+02
2.646000000000000000e+05	3.125833841475110262e+02
2.655000000000000000e+05	3.125833841475110262e+02
2.655000000000000000e+05	3.125753466284556907e+02
2.664000000000000000e+05	3.125753466284556907e+02
2.664000000000000000e+05	3.146941098474678142e+02
2.673000000000000000e+05	3.146941098474678142e+02
2.673000000000000000e+05	3.146852808062750455e+02
2.682000000000000000e+05	3.146852808062750455e+02
2.682000000000000000e+05	3.147475077075516197e+02
2.691000000000000000e+05	3.147475077075516197e+02
2.691000000000000000e+05	3.147386586421613401e+02
2.700000000000000000e+05	3.147386586421613401e+02
2.700000000000000000e+05	3.143823053522690429e+02
2.709000000000000000e+05	3.143823053522690429e+02
2.709000000000000000e+05	3.143735932377620088e+02
2.718000000000000000e+05	3.143735932377620088e+02
2.718000000000000000e+05	3.144359370218767822e+02
2.727000000000000000e+05	3.144359370218767822e+02
2.727000000000000000e+05	3.144272047954935942e+02
2.736000000000000000e+05	3.144272047954935942e+02
2.736000000000000000e+05	3.149875370673753991e+02
2.745000000000000000e+05	3.149875370673753991e+02
2.745000000000000000e+05	3.149785979909751745e+02
2.754000000000000000e+05	3.149785979909751745e+02
2.754000000000000000e+05	3.149696622667285624e+02
2.763000000000000000e+05	3.149696622667285624e+02
2.763000000000000000e+05	3.149607298933785273e+02
2.772000000000000000e+05	3.149607298933785273e+02
2.772000000000000000e+05	3.149138026094739189e+02
2.781000000000000000e+05	3.149138026094739189e+02
2.781000000000000000e+05	3.149048911834953515e+02
2.790000000000000000e+05	3.149048911834953515e+02
2.790000000000000000e+05	3.172475123519928388e+02
2.799000000000000000e+05	3.172475123519928388e+02
2.799000000000000000e+05	3.197325257848608544e+02
2.808000000000000000e+05	3.197325257848608544e+02
2.808000000000000000e+05	3.212246723762816032e+02
2.817000000000000000e+05	3.212246723762816032e+02
2.817000000000000000e+05	3.242909438085322336e+02
2.826000000000000000e+05	3.242909438085322336e+02
2.826000000000000000e+05	3.267733159546040724e+02
2.835000000000000000e+05	3.267733159546040724e+02
2.835000000000000000e+05	3.267599572111211046e+02
2.844000000000000000e+05	3.267599572111211046e+02
2.844000000000000000e+05	3.245122412793128319e+02
2.853000000000000000e+05	3.245122412793128319e+02
2.853000000000000000e+05	3.238432547338630911e+02
2.862000000000000000e+05	3.238432547338630911e+02
2.862000000000000000e+05	3.238309947633379124e+02
2.871000000000000000e+05	3.238309947633379124e+02
2.871000000000000000e+05	3.237287393903016550e+02
2.880000000000000000e+05	3.237287393903016550e+02
2.880000000000000000e+05	3.219592880682721443e+02
2.889000000000000000e+05	3.219592880682721443e+02
2.889000000000000000e+05	3.218577345852464759e+02
2.898000000000000000e+05	3.218577345852464759e+02
2.898000000000000000e+05	3.235121358009253072e+02
2.907000000000000000e+05	3.235121358009253072e+02
2.907000000000000000e+05	3.221499999999999773e+02
2.916000000000000000e+05	3.221499999999999773e+02
2.916000000000000000e+05	3.191133497576320792e+02
2.925000000000000000e+05	3.191133497576320792e+02
2.925000000000000000e+05	3.190128635014729639e+02
2.934000000000000000e+05	3.190128635014729639e+02
2.934000000000000000e+05	3.190024149276599132e+02
2.943000000000000000e+05	3.190024149276599132e+02
2.943000000000000000e+05	3.189019702720620444e+02
2.952000000000000000e+05	3.189019702720620444e+02
2.952000000000000000e+05	3.188471938540917563e+02
2.961000000000000000e+05	3.188471938540917563e+02
2.961000000000000000e+05	3.189078600379750696e+02
2.970000000000000000e+05	3.189078600379750696e+02
2.970000000000000000e+05	3.189685034720397425e+02
2.979000000000000000e+05	3.189685034720397425e+02
2.979000000000000000e+05	3.190091241668165480e+02
2.988000000000000000e+05	3.190091241668165480e+02
2.988000000000000000e+05	3.197224403780090256e+02
2.997000000000000000e+05	3.197224403780090256e+02
2.997000000000000000e+05	3.197117257128672350e+02
3.006000000000000000e+05	3.197117257128672350e+02
3.006000000000000000e+05	3.197010150657249028e+02
3.015000000000000000e+05	3.197010150657249028e+02
3.015000000000000000e+05	3.196003084350752488e+02
3.024000000000000000e+05	3.196003084350752488e+02
3.024000000000000000e+05	3.194612416967901822e+02
3.033000000000000000e+05	3.194612416967901822e+02
3.033000000000000000e+05	3.194506249811539078e+02
3.042000000000000000e+05	3.194506249811539078e+02
3.042000000000000000e+05	3.194400122467859546e+02
3.051000000000000000e+05	3.194400122467859546e+02
3.051000000000000000e+05	3.194294034921934440e+02
3.060000000000000000e+05	3.194294034921934440e+02
3.060000000000000000e+05	3.192148814187239623e+02
3.069000000000000000e+05	3.192148814187239623e+02
3.069000000000000000e+05	3.192043570881919550e+02
3.078000000000000000e+05	3.192043570881919550e+02
3.078000000000000000e+05	3.191938367042839104e+02
3.087000000000000000e+05	3.191938367042839104e+02
3.087000000000000000e+05	3.191833202655197965e+02
3.096000000000000000e+05	3.191833202655197965e+02
3.096000000000000000e+05	3.191281556716292584e+02
3.105000000000000000e+05	3.191281556716292584e+02
3.105000000000000000e+05	3.191176638632524032e+02
3.114000000000000000e+05	3.191176638632524032e+02
3.114000000000000000e+05	3.191071759893036983e+02
3.123000000000000000e+05	3.191071759893036983e+02
3.123000000000000000e+05	3.190066920483077411e+02
3.132000000000000000e+05	3.190066920483077411e+02
3.132000000000000000e+05	3.189519439039765416e+02
3.141000000000000000e+05	3.189519439039765416e+02
3.141000000000000000e+05	3.189415181750125612e+02
3.150000000000000000e+05	3.189415181750125612e+02
3.150000000000000000e+05	3.189310963556969227e+02
3.159000000000000000e+05	3.189310963556969227e+02
3.159000000000000000e+05	3.178106784445635640e+02
3.168000000000000000e+05	3.178106784445635640e+02
3.168000000000000000e+05	3.177832704933115338e+02
3.177000000000000000e+05	3.177832704933115338e+02
3.177000000000000000e+05	3.177732830168765759e+02
3.186000000000000000e+05	3.177732830168765759e+02
3.186000000000000000e+05	3.177632992857452336e+02
3.195000000000000000e+05	3.177632992857452336e+02
3.195000000000000000e+05	3.176633192985131018e+02
3.204000000000000000e+05	3.176633192985131018e+02
3.204000000000000000e+05	3.176103833977887234e+02
3.213000000000000000e+05	3.176103833977887234e+02
3.213000000000000000e+05	3.176004607540145912e+02
3.222000000000000000e+05	3.176004607540145912e+02
3.222000000000000000e+05	3.175905418312318602e+02
3.231000000000000000e+05	3.175905418312318602e+02
3.231000000000000000e+05	3.175806266280451382e+02
3.240000000000000000e+05	3.175806266280451382e+02
3.240000000000000000e+05	3.175290715089171272e+02
3.249000000000000000e+05	3.175290715089171272e+02
3.249000000000000000e+05	3.174291793571012477e+02
3.258000000000000000e+05	3.174291793571012477e+02
3.258000000000000000e+05	3.173993246668423467e+02
3.267000000000000000e+05	3.173993246668423467e+02
3.267000000000000000e+05	3.173694811720922644e+02
3.276000000000000000e+05	3.173694811720922644e+02
3.276000000000000000e+05	3.173181289427793672e+02
3.285000000000000000e+05	3.173181289427793672e+02
3.285000000000000000e+05	3.172183158944258139e+02
3.294000000000000000e+05	3.172183158944258139e+02
3.294000000000000000e+05	3.172085402759653903e+02
3.303000000000000000e+05	3.172085402759653903e+02
3.303000000000000000e+05	3.194386479496832862e+02
3.312000000000000000e+05	3.194386479496832862e+02
3.312000000000000000e+05	3.170295596860428873e+02
3.321000000000000000e+05	3.170295596860428873e+02
3.321000000000000000e+05	3.170198548511605736e+02
3.330000000000000000e+05	3.170198548511605736e+02
3.330000000000000000e+05	3.170101536555914095e+02
3.339000000000000000e+05	3.170101536555914095e+02
3.339000000000000000e+05	3.163604560539705517e+02
3.348000000000000000e+05	3.163604560539705517e+02
3.348000000000000000e+05	3.163168630680535216e+02
3.357000000000000000e+05	3.163168630680535216e+02
3.357000000000000000e+05	3.163074254944029917e+02
3.366000000000000000e+05	3.163074254944029917e+02
3.366000000000000000e+05	3.162079914598425603e+02
3.375000000000000000e+05	3.162079914598425603e+02
3.375000000000000000e+05	3.142385946990451657e+02
3.384000000000000000e+05	3.142385946990451657e+02
3.384000000000000000e+05	3.142147245870560255e+02
3.393000000000000000e+05	3.142147245870560255e+02
3.393000000000000000e+05	3.142060753153357950e+02
3.402000000000000000e+05	3.142060753153357950e+02
3.402000000000000000e+05	3.141974292870925183e+02
3.411000000000000000e+05	3.141974292870925183e+02
3.411000000000000000e+05	3.141887865011099166e+02
3.420000000000000000e+05	3.141887865011099166e+02
3.420000000000000000e+05	3.141443821901549427e+02
3.429000000000000000e+05	3.141443821901549427e+02
3.429000000000000000e+05	3.141357592968335553e+02
3.438000000000000000e+05	3.141357592968335553e+02
3.438000000000000000e+05	3.141271396370972298e+02
3.447000000000000000e+05	3.141271396370972298e+02
3.447000000000000000e+05	3.141185232097333824e+02
3.456000000000000000e+05	3.141185232097333824e+02
3.456000000000000000e+05	3.140742457219960215e+02
3.465000000000000000e+05	3.140742457219960215e+02
3.465000000000000000e+05	3.140656491298503283e+02
3.474000000000000000e+05	3.140656491298503283e+02
3.474000000000000000e+05	3.140570557614266249e+02
3.483000000000000000e+05	3.140570557614266249e+02
3.483000000000000000e+05	3.140484656155160792e+02
3.492000000000000000e+05	3.140484656155160792e+02
3.492000000000000000e+05	3.140043147179998755e+02
3.501000000000000000e+05	3.140043147179998755e+02
3.501000000000000000e+05	3.139957443499806118e+02
3.510000000000000000e+05	3.139957443499806118e+02
3.510000000000000000e+05	3.139871771958493696e+02
3.519000000000000000e+05	3.139871771958493696e+02
3.519000000000000000e+05	3.139786132544009547e+02
3.528000000000000000e+05	3.139786132544009547e+02
3.528000000000000000e+05	3.139345887056604170e+02
3.537000000000000000e+05	3.139345887056604170e+02
3.537000000000000000e+05	3.139260444848957832e+02
3.546000000000000000e+05	3.139260444848957832e+02
3.546000000000000000e+05	3.139175034682139653e+02
3.555000000000000000e+05	3.139175034682139653e+02
3.555000000000000000e+05	3.139089656544133504e+02
3.564000000000000000e+05	3.139089656544133504e+02
3.564000000000000000e+05	3.138595210136523974e+02
3.573000000000000000e+05	3.138595210136523974e+02
3.573000000000000000e+05	3.138510049432723008e+02
3.582000000000000000e+05	3.138510049432723008e+02
3.582000000000000000e+05	3.138424920664185720e+02
3.591000000000000000e+05	3.138424920664185720e+02
3.591000000000000000e+05	3.138339823818936338e+02
3.600000000000000000e+05	3.138339823818936338e+02
3.600000000000000000e+05	3.144991870981954207e+02
3.609000000000000000e+05	3.144991870981954207e+02
3.609000000000000000e+05	3.144904311530335690e+02
3.618000000000000000e+05	3.144904311530335690e+02
3.618000000000000000e+05	3.144816784913512038e+02
3.627000000000000000e+05	3.144816784913512038e+02
3.627000000000000000e+05	3.177716892354873721e+02
3.636000000000000000e+05	3.177716892354873721e+02
3.636000000000000000e+05	3.146630474436341274e+02
3.645000000000000000e+05	3.146630474436341274e+02
3.645000000000000000e+05	3.146542300508427843e+02
3.654000000000000000e+05	3.146542300508427843e+02
3.654000000000000000e+05	3.177186400574763070e+02
3.663000000000000000e+05	3.177186400574763070e+02
3.663000000000000000e+05	3.226207308282861845e+02
3.672000000000000000e+05	3.226207308282861845e+02
3.672000000000000000e+05	3.223400726518941610e+02
3.681000000000000000e+05	3.223400726518941610e+02
3.681000000000000000e+05	3.223283763746496788e+02
3.690000000000000000e+05	3.223283763746496788e+02
3.690000000000000000e+05	3.223166844835091638e+02
3.699000000000000000e+05	3.223166844835091638e+02
3.699000000000000000e+05	3.260182782351014339e+02
3.708000000000000000e+05	3.260182782351014339e+02
3.708000000000000000e+05	3.222691794384144828e+02
3.717000000000000000e+05	3.222691794384144828e+02
3.717000000000000000e+05	3.193675097291250609e+02
3.726000000000000000e+05	3.193675097291250609e+02
3.726000000000000000e+05	3.193569281629766579e+02
3.735000000000000000e+05	3.193569281629766579e+02
3.735000000000000000e+05	3.192563505649155218e+02
3.744000000000000000e+05	3.192563505649155218e+02
3.744000000000000000e+05	3.192523784284404655e+02
3.753000000000000000e+05	3.192523784284404655e+02
3.753000000000000000e+05	3.191518400365297907e+02
3.762000000000000000e+05	3.191518400365297907e+02
3.762000000000000000e+05	3.190513393465160448e+02
3.771000000000000000e+05	3.190513393465160448e+02
3.771000000000000000e+05	3.189508763442611894e+02
3.780000000000000000e+05	3.189508763442611894e+02
3.780000000000000000e+05	3.206704003143100294e+02
3.789000000000000000e+05	3.206704003143100294e+02
3.789000000000000000e+05	3.205693301641921380e+02
3.798000000000000000e+05	3.205693301641921380e+02
3.798000000000000000e+05	3.205582979153805354e+02
3.807000000000000000e+05	3.205582979153805354e+02
3.807000000000000000e+05	3.204572698036622569e+02
3.816000000000000000e+05	3.204572698036622569e+02
3.816000000000000000e+05	3.204439498424794692e+02
3.825000000000000000e+05	3.204439498424794692e+02
3.825000000000000000e+05	3.205040172428674055e+02
3.834000000000000000e+05	3.205040172428674055e+02
3.834000000000000000e+05	3.205640621179802565e+02
3.843000000000000000e+05	3.205640621179802565e+02
3.843000000000000000e+05	3.206040844782649515e+02
3.852000000000000000e+05	3.206040844782649515e+02
3.852000000000000000e+05	3.215233587465168057e+02
3.861000000000000000e+05	3.215233587465168057e+02
3.861000000000000000e+05	3.215119687369868302e+02
3.870000000000000000e+05	3.215119687369868302e+02
3.870000000000000000e+05	3.215005829987105130e+02
3.879000000000000000e+05	3.215005829987105130e+02
3.879000000000000000e+05	3.221499999999999773e+02
3.888000000000000000e+05	3.221499999999999773e+02
3.888000000000000000e+05	3.214174564456400276e+02
3.897000000000000000e+05	3.214174564456400276e+02
3.897000000000000000e+05	3.214771587810516280e+02
3.906000000000000000e+05	3.214771587810516280e+02
3.906000000000000000e+05	3.214657860965087366e+02
3.915000000000000000e+05	3.214657860965087366e+02
3.915000000000000000e+05	3.214544176767225849e+02
3.924000000000000000e+05	3.214544176767225849e+02
3.924000000000000000e+05	3.207980437386311792e+02
3.933000000000000000e+05	3.207980437386311792e+02
3.933000000000000000e+05	3.216144766677027746e+02
3.942000000000000000e+05	3.216144766677027746e+02
3.942000000000000000e+05	3.216741051205312942e+02
3.951000000000000000e+05	3.216741051205312942e+02
3.951000000000000000e+05	3.216626585811111454e+02
3.960000000000000000e+05	3.216626585811111454e+02
3.960000000000000000e+05	3.224167556781267763e+02
3.969000000000000000e+05	3.224167556781267763e+02
3.969000000000000000e+05	3.224050306447475123e+02
3.978000000000000000e+05	3.224050306447475123e+02
3.978000000000000000e+05	3.223933100082557530e+02
3.987000000000000000e+05	3.223933100082557530e+02
3.987000000000000000e+05	3.222915937670026665e+02
3.996000000000000000e+05	3.222915937670026665e+02
3.996000000000000000e+05	3.222303146401918639e+02
4.005000000000000000e+05	3.222303146401918639e+02
4.005000000000000000e+05	3.222186595222017900e+02
4.014000000000000000e+05	3.222186595222017900e+02
4.014000000000000000e+05	3.222070087748809897e+02
4.023000000000000000e+05	3.222070087748809897e+02
4.023000000000000000e+05	3.221053623965904080e+02
4.032000000000000000e+05	3.221053623965904080e+02
4.032000000000000000e+05	3.220444003492036700e+02
4.041000000000000000e+05	3.220444003492036700e+02
4.041000000000000000e+05	3.220328149490727014e+02
4.050000000000000000e+05	3.220328149490727014e+02
4.050000000000000000e+05	3.220212338934667855e+02
4.059000000000000000e+05	3.220212338934667855e+02
4.059000000000000000e+05	3.219196571807567580e+02
4.068000000000000000e+05	3.219196571807567580e+02
4.068000000000000000e+05	3.218590111418155857e+02
4.077000000000000000e+05	3.218590111418155857e+02
4.077000000000000000e+05	3.218474952626374375e+02
4.086000000000000000e+05	3.218474952626374375e+02
4.086000000000000000e+05	3.218359837019139604e+02
4.095000000000000000e+05	3.218359837019139604e+02
4.095000000000000000e+05	3.218244764580257424e+02
4.104000000000000000e+05	3.218244764580257424e+02
4.104000000000000000e+05	3.217639518770488394e+02
4.113000000000000000e+05	3.217639518770488394e+02
4.113000000000000000e+05	3.234924989731048868e+02
4.122000000000000000e+05	3.234924989731048868e+02
4.122000000000000000e+05	3.234603705379900020e+02
4.131000000000000000e+05	3.234603705379900020e+02
4.131000000000000000e+05	3.234282541510382316e+02
4.140000000000000000e+05	3.234282541510382316e+02
4.140000000000000000e+05	3.212702451732972122e+02
4.149000000000000000e+05	3.212702451732972122e+02
4.149000000000000000e+05	3.211689500813571954e+02
4.158000000000000000e+05	3.211689500813571954e+02
4.158000000000000000e+05	3.211576929750767135e+02
4.167000000000000000e+05	3.211576929750767135e+02
4.167000000000000000e+05	3.211464400902111151e+02
4.176000000000000000e+05	3.211464400902111151e+02
4.176000000000000000e+05	3.210880849697490476e+02
4.185000000000000000e+05	3.210880849697490476e+02
4.185000000000000000e+05	3.210768581878853638e+02
4.194000000000000000e+05	3.210768581878853638e+02
4.194000000000000000e+05	3.210656356160649239e+02
4.203000000000000000e+05	3.210656356160649239e+02
4.203000000000000000e+05	3.204144172087088691e+02
4.212000000000000000e+05	3.204144172087088691e+02
4.212000000000000000e+05	3.203631475400680984e+02
4.221000000000000000e+05	3.203631475400680984e+02
4.221000000000000000e+05	3.203521926097405981e+02
4.230000000000000000e+05	3.203521926097405981e+02
4.230000000000000000e+05	3.202512417875119013e+02
4.239000000000000000e+05	3.202512417875119013e+02
4.239000000000000000e+05	3.182803288078416131e+02
4.248000000000000000e+05	3.182803288078416131e+02
4.248000000000000000e+05	3.182488316121440448e+02
4.257000000000000000e+05	3.182488316121440448e+02
4.257000000000000000e+05	3.182386695502895009e+02
4.266000000000000000e+05	3.182386695502895009e+02
4.266000000000000000e+05	3.182285112992081508e+02
4.275000000000000000e+05	3.182285112992081508e+02
4.275000000000000000e+05	3.182183568574708943e+02
4.284000000000000000e+05	3.182183568574708943e+02
4.284000000000000000e+05	3.181659045184809997e+02
4.293000000000000000e+05	3.181659045184809997e+02
4.293000000000000000e+05	3.210405103963917099e+02
4.302000000000000000e+05	3.210405103963917099e+02
4.302000000000000000e+05	3.210293014549930604e+02
4.311000000000000000e+05	3.210293014549930604e+02
4.311000000000000000e+05	3.210180967169474116e+02
4.320000000000000000e+05	3.210180967169474116e+02
4.320000000000000000e+05	3.176992557866541347e+02
4.329000000000000000e+05	3.176992557866541347e+02
4.329000000000000000e+05	3.226022255713326103e+02
4.338000000000000000e+05	3.226022255713326103e+02
4.338000000000000000e+05	3.225904309867433426e+02
4.347000000000000000e+05	3.225904309867433426e+02
4.347000000000000000e+05	3.225786408251233865e+02
4.356000000000000000e+05	3.225786408251233865e+02
4.356000000000000000e+05	3.183101757075189653e+02
4.365000000000000000e+05	3.183101757075189653e+02
4.365000000000000000e+05	3.231854422534245259e+02
4.374000000000000000e+05	3.231854422534245259e+02
4.374000000000000000e+05	3.231734289625795213e+02
4.383000000000000000e+05	3.231734289625795213e+02
4.383000000000000000e+05	3.231614201767185364e+02
4.392000000000000000e+05	3.231614201767185364e+02
4.392000000000000000e+05	3.184530897836482382e+02
4.401000000000000000e+05	3.184530897836482382e+02
4.401000000000000000e+05	3.184428511249794269e+02
4.410000000000000000e+05	3.184428511249794269e+02
4.410000000000000000e+05	3.184326163058075849e+02
4.419000000000000000e+05	3.184326163058075849e+02
4.419000000000000000e+05	3.184223853246929252e+02
4.428000000000000000e+05	3.184223853246929252e+02
4.428000000000000000e+05	3.183685679562207724e+02
4.437000000000000000e+05	3.183685679562207724e+02
4.437000000000000000e+05	3.192366455950123623e+02
4.446000000000000000e+05	3.192366455950123623e+02
4.446000000000000000e+05	3.192261131029142120e+02
4.455000000000000000e+05	3.192261131029142120e+02
4.455000000000000000e+05	3.221003214026059709e+02
4.464000000000000000e+05	3.221003214026059709e+02
4.464000000000000000e+05	3.188525332408692634e+02
4.473000000000000000e+05	3.188525332408692634e+02
4.473000000000000000e+05	3.221460242798137870e+02
4.482000000000000000e+05	3.221460242798137870e+02
4.482000000000000000e+05	3.221344007707088508e+02
4.491000000000000000e+05	3.221344007707088508e+02
4.491000000000000000e+05	3.221227816204198575e+02
4.500000000000000000e+05	3.221227816204198575e+02
4.500000000000000000e+05	3.183544463085568168e+02
4.509000000000000000e+05	3.183544463085568168e+02
4.509000000000000000e+05	3.183442446411910964e+02
4.518000000000000000e+05	3.183442446411910964e+02
4.518000000000000000e+05	3.183340467994506753e+02
4.527000000000000000e+05	3.183340467994506753e+02
4.527000000000000000e+05	3.232082308686894976e+02
4.536000000000000000e+05	3.232082308686894976e+02
4.536000000000000000e+05	3.241971914569145952e+02
4.545000000000000000e+05	3.241971914569145952e+02
4.545000000000000000e+05	3.249338604065047775e+02
4.554000000000000000e+05	3.249338604065047775e+02
4.554000000000000000e+05	3.274159914588523748e+02
4.563000000000000000e+05	3.274159914588523748e+02
4.563000000000000000e+05	3.274023917120553051e+02
4.572000000000000000e+05	3.274023917120553051e+02
4.572000000000000000e+05	3.260577449385939417e+02
4.581000000000000000e+05	3.260577449385939417e+02
4.581000000000000000e+05	3.231546545172418519e+02
4.590000000000000000e+05	3.231546545172418519e+02
4.590000000000000000e+05	3.231426527717978843e+02
4.599000000000000000e+05	3.231426527717978843e+02
4.599000000000000000e+05	3.230406555270084255e+02
4.608000000000000000e+05	3.230406555270084255e+02
4.608000000000000000e+05	3.230294405993909095e+02
4.617000000000000000e+05	3.230294405993909095e+02
4.617000000000000000e+05	3.229274858091661144e+02
4.626000000000000000e+05	3.229274858091661144e+02
4.626000000000000000e+05	3.228255692519876447e+02
4.635000000000000000e+05	3.228255692519876447e+02
4.635000000000000000e+05	3.227236909135181691e+02
4.644000000000000000e+05	3.227236909135181691e+02
4.644000000000000000e+05	3.225733258076058974e+02
4.653000000000000000e+05	3.225733258076058974e+02
4.653000000000000000e+05	3.224715420604280780e+02
4.662000000000000000e+05	3.224715420604280780e+02
4.662000000000000000e+05	3.224597964821554115e+02
4.671000000000000000e+05	3.224597964821554115e+02
4.671000000000000000e+05	3.223580553084746043e+02
4.680000000000000000e+05	3.223580553084746043e+02
4.680000000000000000e+05	3.222960779720756364e+02
4.689000000000000000e+05	3.222960779720756364e+02
4.689000000000000000e+05	3.247498802946814749e+02
4.698000000000000000e+05	3.247498802946814749e+02
4.698000000000000000e+05	3.247372803395709866e+02
4.707000000000000000e+05	3.247372803395709866e+02
4.707000000000000000e+05	3.247046851114436663e+02
4.716000000000000000e+05	3.247046851114436663e+02
4.716000000000000000e+05	3.220128921073396668e+02
4.725000000000000000e+05	3.220128921073396668e+02
4.725000000000000000e+05	3.220013185227994086e+02
4.734000000000000000e+05	3.220013185227994086e+02
4.734000000000000000e+05	3.222516631236700846e+02
4.743000000000000000e+05	3.222516631236700846e+02
4.743000000000000000e+05	3.221499999999987267e+02
4.752000000000000000e+05	3.221499999999987267e+02
4.752000000000000000e+05	3.204754261742640438e+02
4.761000000000000000e+05	3.204754261742640438e+02
4.761000000000000000e+05	3.221499999999999773e+02
4.770000000000000000e+05	3.221499999999999773e+02
4.770000000000000000e+05	3.221383749999999964e+02
4.779000000000000000e+05	3.221383749999999964e+02
4.779000000000000000e+05	3.221267543593749565e+02
4.788000000000000000e+05	3.221267543593749565e+02
4.788000000000000000e+05	3.199332196321208244e+02
4.797000000000000000e+05	3.199332196321208244e+02
4.797000000000000000e+05	3.199224259247587838e+02
4.806000000000000000e+05	3.199224259247587838e+02
4.806000000000000000e+05	3.199826888966159117e+02
4.815000000000000000e+05	3.199826888966159117e+02
4.815000000000000000e+05	3.199718766382797526e+02
4.824000000000000000e+05	3.199718766382797526e+02
4.824000000000000000e+05	3.196369713828438535e+02
4.833000000000000000e+05	3.196369713828438535e+02
4.833000000000000000e+05	3.229341378920278771e+02
4.842000000000000000e+05	3.229341378920278771e+02
4.842000000000000000e+05	3.229222188403183509e+02
4.851000000000000000e+05	3.229222188403183509e+02
4.851000000000000000e+05	3.228203042582532589e+02
4.860000000000000000e+05	3.228203042582532589e+02
4.860000000000000000e+05	3.193260601923479953e+02
4.869000000000000000e+05	3.193260601923479953e+02
4.869000000000000000e+05	3.193154941697758318e+02
4.878000000000000000e+05	3.193154941697758318e+02
4.878000000000000000e+05	3.193049321094621860e+02
4.887000000000000000e+05	3.193049321094621860e+02
4.887000000000000000e+05	3.192043740099211391e+02
4.896000000000000000e+05	3.192043740099211391e+02
4.896000000000000000e+05	3.191493091679096210e+02
4.905000000000000000e+05	3.191493091679096210e+02
4.905000000000000000e+05	3.191388094269716476e+02
4.914000000000000000e+05	3.191388094269716476e+02
4.914000000000000000e+05	3.191283136234365543e+02
4.923000000000000000e+05	3.191283136234365543e+02
4.923000000000000000e+05	3.190278217558277447e+02
4.932000000000000000e+05	3.190278217558277447e+02
4.932000000000000000e+05	3.189730517960778116e+02
4.941000000000000000e+05	3.189730517960778116e+02
4.941000000000000000e+05	3.189626181516542829e+02
4.950000000000000000e+05	3.189626181516542829e+02
4.950000000000000000e+05	3.189521884198474027e+02
4.959000000000000000e+05	3.189521884198474027e+02
4.959000000000000000e+05	3.189417625991899854e+02
4.968000000000000000e+05	3.189417625991899854e+02
4.968000000000000000e+05	3.188869805453668960e+02
4.977000000000000000e+05	3.188869805453668960e+02
4.977000000000000000e+05	3.187865791776623610e+02
4.986000000000000000e+05	3.187865791776623610e+02
4.986000000000000000e+05	3.223532659606714788e+02
4.995000000000000000e+05	3.223532659606714788e+02
4.995000000000000000e+05	3.223215647379362849e+02
5.004000000000000000e+05	3.223215647379362849e+02
5.004000000000000000e+05	3.186492652397984102e+02
5.013000000000000000e+05	3.186492652397984102e+02
5.013000000000000000e+05	3.222081904478836236e+02
5.022000000000000000e+05	3.222081904478836236e+02
5.022000000000000000e+05	3.221965436264656546e+02
5.031000000000000000e+05	3.221965436264656546e+02
5.031000000000000000e+05	3.221849011726057483e+02
5.040000000000000000e+05	3.221849011726057483e+02
5.040000000000000000e+05	3.182836923351937912e+02
5.049000000000000000e+05	3.182836923351937912e+02
5.049000000000000000e+05	3.182735172005681079e+02
5.058000000000000000e+05	3.182735172005681079e+02
5.058000000000000000e+05	3.221499999999998636e+02
5.067000000000000000e+05	3.221499999999998636e+02
5.067000000000000000e+05	3.197383748349998882e+02
5.076000000000000000e+05	3.197383748349998882e+02
5.076000000000000000e+05	3.160881997473536558e+02
5.085000000000000000e+05	3.160881997473536558e+02
5.085000000000000000e+05	3.160788479224483467e+02
5.094000000000000000e+05	3.160788479224483467e+02
5.094000000000000000e+05	3.159794996044773825e+02
5.103000000000000000e+05	3.159794996044773825e+02
5.103000000000000000e+05	3.140101885281257523e+02
5.112000000000000000e+05	3.140101885281257523e+02
5.112000000000000000e+05	3.139864834312374455e+02
5.121000000000000000e+05	3.139864834312374455e+02
5.121000000000000000e+05	3.139779197499506722e+02
5.130000000000000000e+05	3.139779197499506722e+02
5.130000000000000000e+05	3.139693592800444435e+02
5.139000000000000000e+05	3.139693592800444435e+02
5.139000000000000000e+05	3.139608020203144179e+02
5.148000000000000000e+05	3.139608020203144179e+02
5.148000000000000000e+05	3.139168802517721133e+02
5.157000000000000000e+05	3.139168802517721133e+02
5.157000000000000000e+05	3.139083426716776444e+02
5.166000000000000000e+05	3.139083426716776444e+02
5.166000000000000000e+05	3.138998082931757949e+02
5.175000000000000000e+05	3.138998082931757949e+02
5.175000000000000000e+05	3.138912771150658045e+02
5.184000000000000000e+05	3.138912771150658045e+02
5.184000000000000000e+05	3.138474801793979623e+02
5.193000000000000000e+05	3.138474801793979623e+02
5.193000000000000000e+05	3.138389686243306187e+02
5.202000000000000000e+05	3.138389686243306187e+02
5.202000000000000000e+05	3.138304602610965048e+02
5.211000000000000000e+05	3.138304602610965048e+02
5.211000000000000000e+05	3.138219550884985551e+02
5.220000000000000000e+05	3.138219550884985551e+02
5.220000000000000000e+05	3.137782827610057552e+02
5.229000000000000000e+05	3.137782827610057552e+02
5.229000000000000000e+05	3.178084646752110984e+02
5.238000000000000000e+05	3.178084646752110984e+02
5.238000000000000000e+05	3.177984677509579114e+02
5.247000000000000000e+05	3.177984677509579114e+02
5.247000000000000000e+05	3.177884745755512199e+02
5.256000000000000000e+05	3.177884745755512199e+02
5.256000000000000000e+05	3.139648085056218747e+02
5.265000000000000000e+05	3.139648085056218747e+02
5.265000000000000000e+05	3.168409897945374496e+02
5.274000000000000000e+05	3.168409897945374496e+02
5.274000000000000000e+05	3.168313556733644987e+02
5.283000000000000000e+05	3.168313556733644987e+02
5.283000000000000000e+05	3.168217251649870150e+02
5.292000000000000000e+05	3.168217251649870150e+02
5.292000000000000000e+05	3.143684175990150607e+02
5.301000000000000000e+05	3.143684175990150607e+02
5.301000000000000000e+05	3.143597106924154332e+02
5.310000000000000000e+05	3.143597106924154332e+02
5.310000000000000000e+05	3.143510070509057641e+02
5.319000000000000000e+05	3.143510070509057641e+02
5.319000000000000000e+05	3.143423066732617031e+02
5.328000000000000000e+05	3.143423066732617031e+02
5.328000000000000000e+05	3.142967905305417844e+02
5.337000000000000000e+05	3.142967905305417844e+02
5.337000000000000000e+05	3.142881104840928401e+02
5.346000000000000000e+05	3.142881104840928401e+02
5.346000000000000000e+05	3.142794336926613141e+02
5.355000000000000000e+05	3.142794336926613141e+02
5.355000000000000000e+05	3.142707601550265508e+02
5.364000000000000000e+05	3.142707601550265508e+02
5.364000000000000000e+05	3.142253826785398019e+02
5.373000000000000000e+05	3.142253826785398019e+02
5.373000000000000000e+05	3.142167294100353843e+02
5.382000000000000000e+05	3.142167294100353843e+02
5.382000000000000000e+05	3.181025049897806980e+02
5.391000000000000000e+05	3.181025049897806980e+02
5.391000000000000000e+05	3.229871887297949797e+02
5.400000000000000000e+05	3.229871887297949797e+02
5.400000000000000000e+05	3.221638597275379539e+02
5.409000000000000000e+05	3.221638597275379539e+02
5.409000000000000000e+05	3.221522295301456325e+02
5.418000000000000000e+05	3.221522295301456325e+02
5.418000000000000000e+05	3.261690161301129365e+02
5.427000000000000000e+05	3.261690161301129365e+02
5.427000000000000000e+05	3.261558839990642014e+02
5.436000000000000000e+05	3.261558839990642014e+02
5.436000000000000000e+05	3.223029729154803817e+02
5.445000000000000000e+05	3.223029729154803817e+02
5.445000000000000000e+05	3.194012905336370522e+02
5.454000000000000000e+05	3.194012905336370522e+02
5.454000000000000000e+05	3.193906962996869652e+02
5.463000000000000000e+05	3.193906962996869652e+02
5.463000000000000000e+05	3.192901060385745495e+02
5.472000000000000000e+05	3.192901060385745495e+02
5.472000000000000000e+05	3.192859835810583036e+02
5.481000000000000000e+05	3.192859835810583036e+02
5.481000000000000000e+05	3.191854325872154163e+02
5.490000000000000000e+05	3.191854325872154163e+02
5.490000000000000000e+05	3.190849192999951924e+02
5.499000000000000000e+05	3.190849192999951924e+02
5.499000000000000000e+05	3.189844437052577177e+02
5.508000000000000000e+05	3.189844437052577177e+02
5.508000000000000000e+05	3.188412607399128547e+02
5.517000000000000000e+05	3.188412607399128547e+02
5.517000000000000000e+05	3.226040315302200838e+02
5.526000000000000000e+05	3.226040315302200838e+02
5.526000000000000000e+05	3.225922362683962774e+02
5.535000000000000000e+05	3.225922362683962774e+02
5.535000000000000000e+05	3.224904454297956136e+02
5.544000000000000000e+05	3.224904454297956136e+02
5.544000000000000000e+05	3.191952942065029788e+02
5.553000000000000000e+05	3.191952942065029788e+02
5.553000000000000000e+05	3.191847772211755796e+02
5.562000000000000000e+05	3.191847772211755796e+02
5.562000000000000000e+05	3.191742641797176248e+02
5.571000000000000000e+05	3.191742641797176248e+02
5.571000000000000000e+05	3.191437550826502729e+02
5.580000000000000000e+05	3.191437550826502729e+02
5.580000000000000000e+05	3.199287913722707799e+02
5.589000000000000000e+05	3.199287913722707799e+02
5.589000000000000000e+05	3.199179993255061731e+02
5.598000000000000000e+05	3.199179993255061731e+02
5.598000000000000000e+05	3.199072113257591354e+02
5.607000000000000000e+05	3.199072113257591354e+02
5.607000000000000000e+05	3.198064273715119157e+02
5.616000000000000000e+05	3.198064273715119157e+02
5.616000000000000000e+05	3.197115073276776798e+02
5.625000000000000000e+05	3.197115073276776798e+02
5.625000000000000000e+05	3.221732630846670986e+02
5.634000000000000000e+05	3.221732630846670986e+02
5.634000000000000000e+05	3.221616293610103412e+02
5.643000000000000000e+05	3.221616293610103412e+02
5.643000000000000000e+05	3.221499999999999773e+02
5.652000000000000000e+05	3.221499999999999773e+02
5.652000000000000000e+05	3.184432529253134021e+02
5.661000000000000000e+05	3.184432529253134021e+02
5.661000000000000000e+05	3.184330179554664255e+02
5.670000000000000000e+05	3.184330179554664255e+02
5.670000000000000000e+05	3.184227868237331336e+02
5.679000000000000000e+05	3.184227868237331336e+02
5.679000000000000000e+05	3.184125595286742509e+02
5.688000000000000000e+05	3.184125595286742509e+02
5.688000000000000000e+05	3.182362714782146895e+02
5.697000000000000000e+05	3.182362714782146895e+02
5.697000000000000000e+05	3.182261141264103799e+02
5.706000000000000000e+05	3.182261141264103799e+02
5.706000000000000000e+05	3.182159605836129685e+02
5.715000000000000000e+05	3.182159605836129685e+02
5.715000000000000000e+05	3.181158108483941191e+02
5.724000000000000000e+05	3.181158108483941191e+02
5.724000000000000000e+05	3.180986819303811899e+02
5.733000000000000000e+05	3.180986819303811899e+02
5.733000000000000000e+05	3.180885761746573053e+02
5.742000000000000000e+05	3.180885761746573053e+02
5.742000000000000000e+05	3.180784742085917856e+02
5.751000000000000000e+05	3.180784742085917856e+02
5.751000000000000000e+05	3.179783760307635703e+02
5.760000000000000000e+05	3.179783760307635703e+02
5.760000000000000000e+05	3.179254123571984678e+02
5.769000000000000000e+05	3.179254123571984678e+02
5.769000000000000000e+05	3.179153715775645423e+02
5.778000000000000000e+05	3.179153715775645423e+02
5.778000000000000000e+05	3.179053345632229366e+02
5.787000000000000000e+05	3.179053345632229366e+02
5.787000000000000000e+05	3.178053013127617419e+02
5.796000000000000000e+05	3.178053013127617419e+02
5.796000000000000000e+05	3.177526265183929581e+02
5.805000000000000000e+05	3.177526265183929581e+02
5.805000000000000000e+05	3.177426505334485682e+02
5.814000000000000000e+05	3.177426505334485682e+02
5.814000000000000000e+05	3.177326782894985513e+02
5.823000000000000000e+05	3.177326782894985513e+02
5.823000000000000000e+05	3.177227097851400117e+02
5.832000000000000000e+05	3.177227097851400117e+02
5.832000000000000000e+05	3.176705677496501607e+02
5.841000000000000000e+05	3.176705677496501607e+02
5.841000000000000000e+05	3.173051225367440225e+02
5.850000000000000000e+05	3.173051225367440225e+02
5.850000000000000000e+05	3.172753143677927596e+02
5.859000000000000000e+05	3.172753143677927596e+02
5.859000000000000000e+05	3.172455173769048429e+02
5.868000000000000000e+05	3.172455173769048429e+02
5.868000000000000000e+05	3.171996729614170931e+02
5.877000000000000000e+05	3.171996729614170931e+02
5.877000000000000000e+05	3.170999043340565322e+02
5.886000000000000000e+05	3.170999043340565322e+02
5.886000000000000000e+05	3.170901731199312508e+02
5.895000000000000000e+05	3.170901731199312508e+02
5.895000000000000000e+05	3.171514981865902314e+02
5.904000000000000000e+05	3.171514981865902314e+02
5.904000000000000000e+05	3.167427069596589035e+02
5.913000000000000000e+05	3.167427069596589035e+02
5.913000000000000000e+05	3.167331096945490572e+02
5.922000000000000000e+05	3.167331096945490572e+02
5.922000000000000000e+05	3.167235160284135986e+02
5.931000000000000000e+05	3.167235160284135986e+02
5.931000000000000000e+05	3.160739259159029757e+02
5.940000000000000000e+05	3.160739259159029757e+02
5.940000000000000000e+05	3.160310695494682136e+02
5.949000000000000000e+05	3.160310695494682136e+02
5.949000000000000000e+05	3.160217391483871552e+02
5.958000000000000000e+05	3.160217391483871552e+02
5.958000000000000000e+05	3.159224122462064770e+02
5.967000000000000000e+05	3.159224122462064770e+02
5.967000000000000000e+05	3.139531225776141241e+02
5.976000000000000000e+05	3.139531225776141241e+02
5.976000000000000000e+05	3.139299971852050248e+02
5.985000000000000000e+05	3.139299971852050248e+02
5.985000000000000000e+05	3.139214546862605744e+02
5.994000000000000000e+05	3.139214546862605744e+02
5.994000000000000000e+05	3.139129153907532555e+02
6.003000000000000000e+05	3.139129153907532555e+02
6.003000000000000000e+05	3.139043792974816824e+02
6.012000000000000000e+05	3.139043792974816824e+02
6.012000000000000000e+05	3.138604801799708071e+02
6.021000000000000000e+05	3.138604801799708071e+02
6.021000000000000000e+05	3.138519637499034047e+02
6.030000000000000000e+05	3.138519637499034047e+02
6.030000000000000000e+05	3.138434505134972028e+02
6.039000000000000000e+05	3.138434505134972028e+02
6.039000000000000000e+05	3.138349404695545672e+02
6.048000000000000000e+05	3.138349404695545672e+02
