# #1
# double T_supply_HP_heat(1344, 2)
0.000000000000000000e+00	3.281499999999999773e+02
9.000000000000000000e+02	3.281499999999999773e+02
9.000000000000000000e+02	2.981499999999999773e+02
1.800000000000000000e+03	2.981499999999999773e+02
1.800000000000000000e+03	2.981499999999999773e+02
2.700000000000000000e+03	2.981499999999999773e+02
2.700000000000000000e+03	2.981499999999999773e+02
3.600000000000000000e+03	2.981499999999999773e+02
3.600000000000000000e+03	3.281499999999999773e+02
4.500000000000000000e+03	3.281499999999999773e+02
4.500000000000000000e+03	3.281499999999999773e+02
5.400000000000000000e+03	3.281499999999999773e+02
5.400000000000000000e+03	3.281499999999999773e+02
6.300000000000000000e+03	3.281499999999999773e+02
6.300000000000000000e+03	2.983535303126148506e+02
7.200000000000000000e+03	2.983535303126148506e+02
7.200000000000000000e+03	3.281499999999999773e+02
8.100000000000000000e+03	3.281499999999999773e+02
8.100000000000000000e+03	3.008980296082212931e+02
9.000000000000000000e+03	3.008980296082212931e+02
9.000000000000000000e+03	3.019566246098284523e+02
9.900000000000000000e+03	3.019566246098284523e+02
9.900000000000000000e+03	2.981499999999999773e+02
1.080000000000000000e+04	2.981499999999999773e+02
1.080000000000000000e+04	3.015600374527906524e+02
1.170000000000000000e+04	3.015600374527906524e+02
1.170000000000000000e+04	3.281499999999999773e+02
1.260000000000000000e+04	3.281499999999999773e+02
1.260000000000000000e+04	3.023983177309522148e+02
1.350000000000000000e+04	3.023983177309522148e+02
1.350000000000000000e+04	3.281499999999999773e+02
1.440000000000000000e+04	3.281499999999999773e+02
1.440000000000000000e+04	3.009827601044500511e+02
1.530000000000000000e+04	3.009827601044500511e+02
1.530000000000000000e+04	3.054894944810364450e+02
1.620000000000000000e+04	3.054894944810364450e+02
1.620000000000000000e+04	2.981499999999999773e+02
1.710000000000000000e+04	2.981499999999999773e+02
1.710000000000000000e+04	2.981499999999999773e+02
1.800000000000000000e+04	2.981499999999999773e+02
1.800000000000000000e+04	3.012058091926199950e+02
1.890000000000000000e+04	3.012058091926199950e+02
1.890000000000000000e+04	3.281499999999999773e+02
1.980000000000000000e+04	3.281499999999999773e+02
1.980000000000000000e+04	3.281499999999999773e+02
2.070000000000000000e+04	3.281499999999999773e+02
2.070000000000000000e+04	2.981499999999999773e+02
2.160000000000000000e+04	2.981499999999999773e+02
2.160000000000000000e+04	3.281499999999999773e+02
2.250000000000000000e+04	3.281499999999999773e+02
2.250000000000000000e+04	2.981499999999999773e+02
2.340000000000000000e+04	2.981499999999999773e+02
2.340000000000000000e+04	2.981499999999999773e+02
2.430000000000000000e+04	2.981499999999999773e+02
2.430000000000000000e+04	2.988258424568596752e+02
2.520000000000000000e+04	2.988258424568596752e+02
2.520000000000000000e+04	3.006302875544170092e+02
2.610000000000000000e+04	3.006302875544170092e+02
2.610000000000000000e+04	3.066184863065175819e+02
2.700000000000000000e+04	3.066184863065175819e+02
2.700000000000000000e+04	3.161130024852419069e+02
2.790000000000000000e+04	3.161130024852419069e+02
2.790000000000000000e+04	3.161130024852419069e+02
2.880000000000000000e+04	3.161130024852419069e+02
2.880000000000000000e+04	3.110853986532842441e+02
2.970000000000000000e+04	3.110853986532842441e+02
2.970000000000000000e+04	3.139505119632661376e+02
3.060000000000000000e+04	3.139505119632661376e+02
3.060000000000000000e+04	3.139063956079142486e+02
3.150000000000000000e+04	3.139063956079142486e+02
3.150000000000000000e+04	3.145110321407663037e+02
3.240000000000000000e+04	3.145110321407663037e+02
3.240000000000000000e+04	3.140893413329064856e+02
3.330000000000000000e+04	3.140893413329064856e+02
3.330000000000000000e+04	3.281499999999999773e+02
3.420000000000000000e+04	3.281499999999999773e+02
3.420000000000000000e+04	3.093057584285332950e+02
3.510000000000000000e+04	3.093057584285332950e+02
3.510000000000000000e+04	3.281499999999999773e+02
3.600000000000000000e+04	3.281499999999999773e+02
3.600000000000000000e+04	3.081536629773600566e+02
3.690000000000000000e+04	3.081536629773600566e+02
3.690000000000000000e+04	3.093057584285332950e+02
3.780000000000000000e+04	3.093057584285332950e+02
3.780000000000000000e+04	3.065950653308086657e+02
3.870000000000000000e+04	3.065950653308086657e+02
3.870000000000000000e+04	3.069977652713164389e+02
3.960000000000000000e+04	3.069977652713164389e+02
3.960000000000000000e+04	3.281499999999999773e+02
4.050000000000000000e+04	3.281499999999999773e+02
4.050000000000000000e+04	2.981499999999999773e+02
4.140000000000000000e+04	2.981499999999999773e+02
4.140000000000000000e+04	3.028994569904286891e+02
4.230000000000000000e+04	3.028994569904286891e+02
4.230000000000000000e+04	3.222499223581585852e+02
4.320000000000000000e+04	3.222499223581585852e+02
4.320000000000000000e+04	3.033311604220309619e+02
4.410000000000000000e+04	3.033311604220309619e+02
4.410000000000000000e+04	3.281499999999999773e+02
4.500000000000000000e+04	3.281499999999999773e+02
4.500000000000000000e+04	2.981499999999999773e+02
4.590000000000000000e+04	2.981499999999999773e+02
4.590000000000000000e+04	3.281499999999999773e+02
4.680000000000000000e+04	3.281499999999999773e+02
4.680000000000000000e+04	3.281499999999999773e+02
4.770000000000000000e+04	3.281499999999999773e+02
4.770000000000000000e+04	3.017825669324826094e+02
4.860000000000000000e+04	3.017825669324826094e+02
4.860000000000000000e+04	2.981499999999999773e+02
4.950000000000000000e+04	2.981499999999999773e+02
4.950000000000000000e+04	2.981499999999999773e+02
5.040000000000000000e+04	2.981499999999999773e+02
5.040000000000000000e+04	3.281499999999999773e+02
5.130000000000000000e+04	3.281499999999999773e+02
5.130000000000000000e+04	2.981499999999999773e+02
5.220000000000000000e+04	2.981499999999999773e+02
5.220000000000000000e+04	2.983180017363764591e+02
5.310000000000000000e+04	2.983180017363764591e+02
5.310000000000000000e+04	3.013672035872161246e+02
5.400000000000000000e+04	3.013672035872161246e+02
5.400000000000000000e+04	2.981499999999999773e+02
5.490000000000000000e+04	2.981499999999999773e+02
5.490000000000000000e+04	3.281499999999999773e+02
5.580000000000000000e+04	3.281499999999999773e+02
5.580000000000000000e+04	2.981499999999999773e+02
5.670000000000000000e+04	2.981499999999999773e+02
5.670000000000000000e+04	3.281499999999999773e+02
5.760000000000000000e+04	3.281499999999999773e+02
5.760000000000000000e+04	3.281499999999999773e+02
5.850000000000000000e+04	3.281499999999999773e+02
5.850000000000000000e+04	2.981499999999999773e+02
5.940000000000000000e+04	2.981499999999999773e+02
5.940000000000000000e+04	3.281499999999999773e+02
6.030000000000000000e+04	3.281499999999999773e+02
6.030000000000000000e+04	2.981499999999999773e+02
6.120000000000000000e+04	2.981499999999999773e+02
6.120000000000000000e+04	3.207229139993917215e+02
6.210000000000000000e+04	3.207229139993917215e+02
6.210000000000000000e+04	3.281499999999999773e+02
6.300000000000000000e+04	3.281499999999999773e+02
6.300000000000000000e+04	3.009381738582155776e+02
6.390000000000000000e+04	3.009381738582155776e+02
6.390000000000000000e+04	2.981499999999999773e+02
6.480000000000000000e+04	2.981499999999999773e+02
6.480000000000000000e+04	3.018414061192987106e+02
6.570000000000000000e+04	3.018414061192987106e+02
6.570000000000000000e+04	3.281499999999999773e+02
6.660000000000000000e+04	3.281499999999999773e+02
6.660000000000000000e+04	3.281499999999999773e+02
6.750000000000000000e+04	3.281499999999999773e+02
6.750000000000000000e+04	3.001624225195306508e+02
6.840000000000000000e+04	3.001624225195306508e+02
6.840000000000000000e+04	3.030249264225254819e+02
6.930000000000000000e+04	3.030249264225254819e+02
6.930000000000000000e+04	3.281499999999999773e+02
7.020000000000000000e+04	3.281499999999999773e+02
7.020000000000000000e+04	3.036188140287194983e+02
7.110000000000000000e+04	3.036188140287194983e+02
7.110000000000000000e+04	3.281499999999999773e+02
7.200000000000000000e+04	3.281499999999999773e+02
7.200000000000000000e+04	3.024172536329692207e+02
7.290000000000000000e+04	3.024172536329692207e+02
7.290000000000000000e+04	3.281499999999999773e+02
7.380000000000000000e+04	3.281499999999999773e+02
7.380000000000000000e+04	3.281499999999999773e+02
7.470000000000000000e+04	3.281499999999999773e+02
7.470000000000000000e+04	3.281499999999999773e+02
7.560000000000000000e+04	3.281499999999999773e+02
7.560000000000000000e+04	2.981499999999999773e+02
7.650000000000000000e+04	2.981499999999999773e+02
7.650000000000000000e+04	3.281499999999999773e+02
7.740000000000000000e+04	3.281499999999999773e+02
7.740000000000000000e+04	3.281499999999999773e+02
7.830000000000000000e+04	3.281499999999999773e+02
7.830000000000000000e+04	3.281499999999999773e+02
7.920000000000000000e+04	3.281499999999999773e+02
7.920000000000000000e+04	3.281499999999999773e+02
8.010000000000000000e+04	3.281499999999999773e+02
8.010000000000000000e+04	3.281499999999999773e+02
8.100000000000000000e+04	3.281499999999999773e+02
8.100000000000000000e+04	3.281499999999999773e+02
8.190000000000000000e+04	3.281499999999999773e+02
8.190000000000000000e+04	3.281499999999999773e+02
8.280000000000000000e+04	3.281499999999999773e+02
8.280000000000000000e+04	3.281499999999999773e+02
8.370000000000000000e+04	3.281499999999999773e+02
8.370000000000000000e+04	3.281499999999999773e+02
8.460000000000000000e+04	3.281499999999999773e+02
8.460000000000000000e+04	3.281499999999999773e+02
8.550000000000000000e+04	3.281499999999999773e+02
8.550000000000000000e+04	3.281499999999999773e+02
8.640000000000000000e+04	3.281499999999999773e+02
8.640000000000000000e+04	3.205192380464925463e+02
8.730000000000000000e+04	3.205192380464925463e+02
8.730000000000000000e+04	3.281499999999999773e+02
8.820000000000000000e+04	3.281499999999999773e+02
8.820000000000000000e+04	3.281499999999999773e+02
8.910000000000000000e+04	3.281499999999999773e+02
8.910000000000000000e+04	3.281499999999999773e+02
9.000000000000000000e+04	3.281499999999999773e+02
9.000000000000000000e+04	2.981499999999999773e+02
9.090000000000000000e+04	2.981499999999999773e+02
9.090000000000000000e+04	3.281499999999999773e+02
9.180000000000000000e+04	3.281499999999999773e+02
9.180000000000000000e+04	2.999613628421130898e+02
9.270000000000000000e+04	2.999613628421130898e+02
9.270000000000000000e+04	3.281499999999999773e+02
9.360000000000000000e+04	3.281499999999999773e+02
9.360000000000000000e+04	3.281499999999999773e+02
9.450000000000000000e+04	3.281499999999999773e+02
9.450000000000000000e+04	3.281499999999999773e+02
9.540000000000000000e+04	3.281499999999999773e+02
9.540000000000000000e+04	3.281499999999999773e+02
9.630000000000000000e+04	3.281499999999999773e+02
9.630000000000000000e+04	3.093057584285332950e+02
9.720000000000000000e+04	3.093057584285332950e+02
9.720000000000000000e+04	3.164933714724814422e+02
9.810000000000000000e+04	3.164933714724814422e+02
9.810000000000000000e+04	2.981499999999999773e+02
9.900000000000000000e+04	2.981499999999999773e+02
9.900000000000000000e+04	3.281499999999999773e+02
9.990000000000000000e+04	3.281499999999999773e+02
9.990000000000000000e+04	3.281499999999999773e+02
1.008000000000000000e+05	3.281499999999999773e+02
1.008000000000000000e+05	3.155944912725333893e+02
1.017000000000000000e+05	3.155944912725333893e+02
1.017000000000000000e+05	2.982327582262286683e+02
1.026000000000000000e+05	2.982327582262286683e+02
1.026000000000000000e+05	3.090325612496758936e+02
1.035000000000000000e+05	3.090325612496758936e+02
1.035000000000000000e+05	3.281499999999999773e+02
1.044000000000000000e+05	3.281499999999999773e+02
1.044000000000000000e+05	3.153048634841931062e+02
1.053000000000000000e+05	3.153048634841931062e+02
1.053000000000000000e+05	3.177732942667282714e+02
1.062000000000000000e+05	3.177732942667282714e+02
1.062000000000000000e+05	3.230300694858746056e+02
1.071000000000000000e+05	3.230300694858746056e+02
1.071000000000000000e+05	3.281499999999999773e+02
1.080000000000000000e+05	3.281499999999999773e+02
1.080000000000000000e+05	2.981499999999999773e+02
1.089000000000000000e+05	2.981499999999999773e+02
1.089000000000000000e+05	2.981499999999999773e+02
1.098000000000000000e+05	2.981499999999999773e+02
1.098000000000000000e+05	3.281499999999999773e+02
1.107000000000000000e+05	3.281499999999999773e+02
1.107000000000000000e+05	3.002497940549520763e+02
1.116000000000000000e+05	3.002497940549520763e+02
1.116000000000000000e+05	3.038660080420585246e+02
1.125000000000000000e+05	3.038660080420585246e+02
1.125000000000000000e+05	3.161130024852419069e+02
1.134000000000000000e+05	3.161130024852419069e+02
1.134000000000000000e+05	3.161130024852419069e+02
1.143000000000000000e+05	3.161130024852419069e+02
1.143000000000000000e+05	3.161130024852419069e+02
1.152000000000000000e+05	3.161130024852419069e+02
1.152000000000000000e+05	3.161130024852418501e+02
1.161000000000000000e+05	3.161130024852418501e+02
1.161000000000000000e+05	3.161130024852419069e+02
1.170000000000000000e+05	3.161130024852419069e+02
1.170000000000000000e+05	3.161130024852419069e+02
1.179000000000000000e+05	3.161130024852419069e+02
1.179000000000000000e+05	3.161130024852419069e+02
1.188000000000000000e+05	3.161130024852419069e+02
1.188000000000000000e+05	3.093057584285332950e+02
1.197000000000000000e+05	3.093057584285332950e+02
1.197000000000000000e+05	3.093057584285332950e+02
1.206000000000000000e+05	3.093057584285332950e+02
1.206000000000000000e+05	3.121691593951087498e+02
1.215000000000000000e+05	3.121691593951087498e+02
1.215000000000000000e+05	3.093057584285332950e+02
1.224000000000000000e+05	3.093057584285332950e+02
1.224000000000000000e+05	3.216088116916557738e+02
1.233000000000000000e+05	3.216088116916557738e+02
1.233000000000000000e+05	3.217354880293383985e+02
1.242000000000000000e+05	3.217354880293383985e+02
1.242000000000000000e+05	3.221234133331253133e+02
1.251000000000000000e+05	3.221234133331253133e+02
1.251000000000000000e+05	3.281499999999999773e+02
1.260000000000000000e+05	3.281499999999999773e+02
1.260000000000000000e+05	3.048487298572853774e+02
1.269000000000000000e+05	3.048487298572853774e+02
1.269000000000000000e+05	3.093057584285332950e+02
1.278000000000000000e+05	3.093057584285332950e+02
1.278000000000000000e+05	2.981499999999999773e+02
1.287000000000000000e+05	2.981499999999999773e+02
1.287000000000000000e+05	2.981499999999999773e+02
1.296000000000000000e+05	2.981499999999999773e+02
1.296000000000000000e+05	3.079011261473632430e+02
1.305000000000000000e+05	3.079011261473632430e+02
1.305000000000000000e+05	2.981499999999999773e+02
1.314000000000000000e+05	2.981499999999999773e+02
1.314000000000000000e+05	3.024904361001094912e+02
1.323000000000000000e+05	3.024904361001094912e+02
1.323000000000000000e+05	3.046281715214831820e+02
1.332000000000000000e+05	3.046281715214831820e+02
1.332000000000000000e+05	3.281499999999999773e+02
1.341000000000000000e+05	3.281499999999999773e+02
1.341000000000000000e+05	3.263358694414503134e+02
1.350000000000000000e+05	3.263358694414503134e+02
1.350000000000000000e+05	3.093057584285332950e+02
1.359000000000000000e+05	3.093057584285332950e+02
1.359000000000000000e+05	3.281499999999999773e+02
1.368000000000000000e+05	3.281499999999999773e+02
1.368000000000000000e+05	3.274585510615618773e+02
1.377000000000000000e+05	3.274585510615618773e+02
1.377000000000000000e+05	3.086816769836402727e+02
1.386000000000000000e+05	3.086816769836402727e+02
1.386000000000000000e+05	2.981499999999999773e+02
1.395000000000000000e+05	2.981499999999999773e+02
1.395000000000000000e+05	2.981499999999999773e+02
1.404000000000000000e+05	2.981499999999999773e+02
1.404000000000000000e+05	3.281499999999999773e+02
1.413000000000000000e+05	3.281499999999999773e+02
1.413000000000000000e+05	3.281499999999999773e+02
1.422000000000000000e+05	3.281499999999999773e+02
1.422000000000000000e+05	3.281499999999999773e+02
1.431000000000000000e+05	3.281499999999999773e+02
1.431000000000000000e+05	3.281499999999999773e+02
1.440000000000000000e+05	3.281499999999999773e+02
1.440000000000000000e+05	3.093057584285332950e+02
1.449000000000000000e+05	3.093057584285332950e+02
1.449000000000000000e+05	3.281499999999999773e+02
1.458000000000000000e+05	3.281499999999999773e+02
1.458000000000000000e+05	3.281499999999999773e+02
1.467000000000000000e+05	3.281499999999999773e+02
1.467000000000000000e+05	2.981499999999999773e+02
1.476000000000000000e+05	2.981499999999999773e+02
1.476000000000000000e+05	3.281499999999999773e+02
1.485000000000000000e+05	3.281499999999999773e+02
1.485000000000000000e+05	3.281499999999999773e+02
1.494000000000000000e+05	3.281499999999999773e+02
1.494000000000000000e+05	2.981499999999999773e+02
1.503000000000000000e+05	2.981499999999999773e+02
1.503000000000000000e+05	3.281499999999999773e+02
1.512000000000000000e+05	3.281499999999999773e+02
1.512000000000000000e+05	3.281499999999999773e+02
1.521000000000000000e+05	3.281499999999999773e+02
1.521000000000000000e+05	2.981499999999999773e+02
1.530000000000000000e+05	2.981499999999999773e+02
1.530000000000000000e+05	3.281499999999999773e+02
1.539000000000000000e+05	3.281499999999999773e+02
1.539000000000000000e+05	2.981499999999999773e+02
1.548000000000000000e+05	2.981499999999999773e+02
1.548000000000000000e+05	3.281499999999999773e+02
1.557000000000000000e+05	3.281499999999999773e+02
1.557000000000000000e+05	3.281500000005251536e+02
1.566000000000000000e+05	3.281500000005251536e+02
1.566000000000000000e+05	3.281499999999999773e+02
1.575000000000000000e+05	3.281499999999999773e+02
1.575000000000000000e+05	3.281499999999999773e+02
1.584000000000000000e+05	3.281499999999999773e+02
1.584000000000000000e+05	3.040607029689647334e+02
1.593000000000000000e+05	3.040607029689647334e+02
1.593000000000000000e+05	3.281499999999999773e+02
1.602000000000000000e+05	3.281499999999999773e+02
1.602000000000000000e+05	3.281499999999999773e+02
1.611000000000000000e+05	3.281499999999999773e+02
1.611000000000000000e+05	3.281499999999999773e+02
1.620000000000000000e+05	3.281499999999999773e+02
1.620000000000000000e+05	3.093057584285332950e+02
1.629000000000000000e+05	3.093057584285332950e+02
1.629000000000000000e+05	3.281499999999999773e+02
1.638000000000000000e+05	3.281499999999999773e+02
1.638000000000000000e+05	3.281499999999999773e+02
1.647000000000000000e+05	3.281499999999999773e+02
1.647000000000000000e+05	3.281499999999999773e+02
1.656000000000000000e+05	3.281499999999999773e+02
1.656000000000000000e+05	3.281499999999999773e+02
1.665000000000000000e+05	3.281499999999999773e+02
1.665000000000000000e+05	3.281499999999999773e+02
1.674000000000000000e+05	3.281499999999999773e+02
1.674000000000000000e+05	3.281499999999999773e+02
1.683000000000000000e+05	3.281499999999999773e+02
1.683000000000000000e+05	3.281499999999999773e+02
1.692000000000000000e+05	3.281499999999999773e+02
1.692000000000000000e+05	3.281499999999999773e+02
1.701000000000000000e+05	3.281499999999999773e+02
1.701000000000000000e+05	3.281499999999999773e+02
1.710000000000000000e+05	3.281499999999999773e+02
1.710000000000000000e+05	3.281499999999999773e+02
1.719000000000000000e+05	3.281499999999999773e+02
1.719000000000000000e+05	3.281499999999999773e+02
1.728000000000000000e+05	3.281499999999999773e+02
1.728000000000000000e+05	3.281499999999999773e+02
1.737000000000000000e+05	3.281499999999999773e+02
1.737000000000000000e+05	3.281499999999999773e+02
1.746000000000000000e+05	3.281499999999999773e+02
1.746000000000000000e+05	3.281499999999999773e+02
1.755000000000000000e+05	3.281499999999999773e+02
1.755000000000000000e+05	3.281499999999999773e+02
1.764000000000000000e+05	3.281499999999999773e+02
1.764000000000000000e+05	3.281499999999999773e+02
1.773000000000000000e+05	3.281499999999999773e+02
1.773000000000000000e+05	3.281499999999999773e+02
1.782000000000000000e+05	3.281499999999999773e+02
1.782000000000000000e+05	3.281499999999999773e+02
1.791000000000000000e+05	3.281499999999999773e+02
1.791000000000000000e+05	3.281499999999999773e+02
1.800000000000000000e+05	3.281499999999999773e+02
1.800000000000000000e+05	3.093057584285332950e+02
1.809000000000000000e+05	3.093057584285332950e+02
1.809000000000000000e+05	3.281499999999999773e+02
1.818000000000000000e+05	3.281499999999999773e+02
1.818000000000000000e+05	3.281499999999999773e+02
1.827000000000000000e+05	3.281499999999999773e+02
1.827000000000000000e+05	3.281499999999999773e+02
1.836000000000000000e+05	3.281499999999999773e+02
1.836000000000000000e+05	3.281499999999999773e+02
1.845000000000000000e+05	3.281499999999999773e+02
1.845000000000000000e+05	3.281499999999999773e+02
1.854000000000000000e+05	3.281499999999999773e+02
1.854000000000000000e+05	3.281499999999999773e+02
1.863000000000000000e+05	3.281499999999999773e+02
1.863000000000000000e+05	3.281499999999999773e+02
1.872000000000000000e+05	3.281499999999999773e+02
1.872000000000000000e+05	3.258800965111349228e+02
1.881000000000000000e+05	3.258800965111349228e+02
1.881000000000000000e+05	2.981499999999999773e+02
1.890000000000000000e+05	2.981499999999999773e+02
1.890000000000000000e+05	3.281499999999999773e+02
1.899000000000000000e+05	3.281499999999999773e+02
1.899000000000000000e+05	3.281499999999999773e+02
1.908000000000000000e+05	3.281499999999999773e+02
1.908000000000000000e+05	3.255294221447954897e+02
1.917000000000000000e+05	3.255294221447954897e+02
1.917000000000000000e+05	3.281499999999999773e+02
1.926000000000000000e+05	3.281499999999999773e+02
1.926000000000000000e+05	3.281499999999999773e+02
1.935000000000000000e+05	3.281499999999999773e+02
1.935000000000000000e+05	3.277127061880618157e+02
1.944000000000000000e+05	3.277127061880618157e+02
1.944000000000000000e+05	3.281499999999999773e+02
1.953000000000000000e+05	3.281499999999999773e+02
1.953000000000000000e+05	3.281499999999999773e+02
1.962000000000000000e+05	3.281499999999999773e+02
1.962000000000000000e+05	3.281499999999999773e+02
1.971000000000000000e+05	3.281499999999999773e+02
1.971000000000000000e+05	2.981499999999999773e+02
1.980000000000000000e+05	2.981499999999999773e+02
1.980000000000000000e+05	3.027176359928914735e+02
1.989000000000000000e+05	3.027176359928914735e+02
1.989000000000000000e+05	3.083850732700354342e+02
1.998000000000000000e+05	3.083850732700354342e+02
1.998000000000000000e+05	3.161130024852419069e+02
2.007000000000000000e+05	3.161130024852419069e+02
2.007000000000000000e+05	3.161130024852419069e+02
2.016000000000000000e+05	3.161130024852419069e+02
2.016000000000000000e+05	3.161130024852418501e+02
2.025000000000000000e+05	3.161130024852418501e+02
2.025000000000000000e+05	3.161130024852419069e+02
2.034000000000000000e+05	3.161130024852419069e+02
2.034000000000000000e+05	3.161130024852419069e+02
2.043000000000000000e+05	3.161130024852419069e+02
2.043000000000000000e+05	3.244794299003829110e+02
2.052000000000000000e+05	3.244794299003829110e+02
2.052000000000000000e+05	3.098376927253635245e+02
2.061000000000000000e+05	3.098376927253635245e+02
2.061000000000000000e+05	3.093057584285333519e+02
2.070000000000000000e+05	3.093057584285333519e+02
2.070000000000000000e+05	3.090375720172491469e+02
2.079000000000000000e+05	3.090375720172491469e+02
2.079000000000000000e+05	3.081553459185717543e+02
2.088000000000000000e+05	3.081553459185717543e+02
2.088000000000000000e+05	3.281499999999999773e+02
2.097000000000000000e+05	3.281499999999999773e+02
2.097000000000000000e+05	3.281499999999999773e+02
2.106000000000000000e+05	3.281499999999999773e+02
2.106000000000000000e+05	3.039112656224656916e+02
2.115000000000000000e+05	3.039112656224656916e+02
2.115000000000000000e+05	3.053053070648001608e+02
2.124000000000000000e+05	3.053053070648001608e+02
2.124000000000000000e+05	3.281499999999999773e+02
2.133000000000000000e+05	3.281499999999999773e+02
2.133000000000000000e+05	3.281499999999999773e+02
2.142000000000000000e+05	3.281499999999999773e+02
2.142000000000000000e+05	2.981499999999999773e+02
2.151000000000000000e+05	2.981499999999999773e+02
2.151000000000000000e+05	3.019044815893873306e+02
2.160000000000000000e+05	3.019044815893873306e+02
2.160000000000000000e+05	3.252606391078672914e+02
2.169000000000000000e+05	3.252606391078672914e+02
2.169000000000000000e+05	3.017068942428514902e+02
2.178000000000000000e+05	3.017068942428514902e+02
2.178000000000000000e+05	3.037047860370861940e+02
2.187000000000000000e+05	3.037047860370861940e+02
2.187000000000000000e+05	3.054835381941566084e+02
2.196000000000000000e+05	3.054835381941566084e+02
2.196000000000000000e+05	3.093057584285332950e+02
2.205000000000000000e+05	3.093057584285332950e+02
2.205000000000000000e+05	3.281499999999999773e+02
2.214000000000000000e+05	3.281499999999999773e+02
2.214000000000000000e+05	2.981499999999999773e+02
2.223000000000000000e+05	2.981499999999999773e+02
2.223000000000000000e+05	2.981499999999999773e+02
2.232000000000000000e+05	2.981499999999999773e+02
2.232000000000000000e+05	3.281499999999999204e+02
2.241000000000000000e+05	3.281499999999999204e+02
2.241000000000000000e+05	3.281499999999999773e+02
2.250000000000000000e+05	3.281499999999999773e+02
2.250000000000000000e+05	3.093057584285332950e+02
2.259000000000000000e+05	3.093057584285332950e+02
2.259000000000000000e+05	3.093057584285332950e+02
2.268000000000000000e+05	3.093057584285332950e+02
2.268000000000000000e+05	2.981499999999999773e+02
2.277000000000000000e+05	2.981499999999999773e+02
2.277000000000000000e+05	3.093057584285332950e+02
2.286000000000000000e+05	3.093057584285332950e+02
2.286000000000000000e+05	2.981499999999999773e+02
2.295000000000000000e+05	2.981499999999999773e+02
2.295000000000000000e+05	3.281499999999999773e+02
2.304000000000000000e+05	3.281499999999999773e+02
2.304000000000000000e+05	2.981499999999999773e+02
2.313000000000000000e+05	2.981499999999999773e+02
2.313000000000000000e+05	3.281499999999999773e+02
2.322000000000000000e+05	3.281499999999999773e+02
2.322000000000000000e+05	2.993207018244951314e+02
2.331000000000000000e+05	2.993207018244951314e+02
2.331000000000000000e+05	3.005876497480377907e+02
2.340000000000000000e+05	3.005876497480377907e+02
2.340000000000000000e+05	2.981499999999999204e+02
2.349000000000000000e+05	2.981499999999999204e+02
2.349000000000000000e+05	2.981499999999999773e+02
2.358000000000000000e+05	2.981499999999999773e+02
2.358000000000000000e+05	2.981499999999999773e+02
2.367000000000000000e+05	2.981499999999999773e+02
2.367000000000000000e+05	3.011905340723828886e+02
2.376000000000000000e+05	3.011905340723828886e+02
2.376000000000000000e+05	3.019433205623008689e+02
2.385000000000000000e+05	3.019433205623008689e+02
2.385000000000000000e+05	3.281499999999999773e+02
2.394000000000000000e+05	3.281499999999999773e+02
2.394000000000000000e+05	3.281499999999999773e+02
2.403000000000000000e+05	3.281499999999999773e+02
2.403000000000000000e+05	3.044536248073497404e+02
2.412000000000000000e+05	3.044536248073497404e+02
2.412000000000000000e+05	3.026959643701421214e+02
2.421000000000000000e+05	3.026959643701421214e+02
2.421000000000000000e+05	3.281499999999999773e+02
2.430000000000000000e+05	3.281499999999999773e+02
2.430000000000000000e+05	3.021047717304382445e+02
2.439000000000000000e+05	3.021047717304382445e+02
2.439000000000000000e+05	2.981499999999999773e+02
2.448000000000000000e+05	2.981499999999999773e+02
2.448000000000000000e+05	3.091595973083533977e+02
2.457000000000000000e+05	3.091595973083533977e+02
2.457000000000000000e+05	3.247857657956731146e+02
2.466000000000000000e+05	3.247857657956731146e+02
2.466000000000000000e+05	3.281499999999999773e+02
2.475000000000000000e+05	3.281499999999999773e+02
2.475000000000000000e+05	2.981499999999999773e+02
2.484000000000000000e+05	2.981499999999999773e+02
2.484000000000000000e+05	2.981499999999999773e+02
2.493000000000000000e+05	2.981499999999999773e+02
2.493000000000000000e+05	3.281499999999999773e+02
2.502000000000000000e+05	3.281499999999999773e+02
2.502000000000000000e+05	3.281499999999999773e+02
2.511000000000000000e+05	3.281499999999999773e+02
2.511000000000000000e+05	3.281499999999999773e+02
2.520000000000000000e+05	3.281499999999999773e+02
2.520000000000000000e+05	3.281499999999999773e+02
2.529000000000000000e+05	3.281499999999999773e+02
2.529000000000000000e+05	3.281499999999999773e+02
2.538000000000000000e+05	3.281499999999999773e+02
2.538000000000000000e+05	3.281499999999999773e+02
2.547000000000000000e+05	3.281499999999999773e+02
2.547000000000000000e+05	3.281499999999999773e+02
2.556000000000000000e+05	3.281499999999999773e+02
2.556000000000000000e+05	3.281499999999999773e+02
2.565000000000000000e+05	3.281499999999999773e+02
2.565000000000000000e+05	3.281499999999999773e+02
2.574000000000000000e+05	3.281499999999999773e+02
2.574000000000000000e+05	3.281499999999999773e+02
2.583000000000000000e+05	3.281499999999999773e+02
2.583000000000000000e+05	3.281499999999999773e+02
2.592000000000000000e+05	3.281499999999999773e+02
2.592000000000000000e+05	3.281499999999999773e+02
2.601000000000000000e+05	3.281499999999999773e+02
2.601000000000000000e+05	3.281499999999999773e+02
2.610000000000000000e+05	3.281499999999999773e+02
2.610000000000000000e+05	3.281499999999999773e+02
2.619000000000000000e+05	3.281499999999999773e+02
2.619000000000000000e+05	3.281499999999999773e+02
2.628000000000000000e+05	3.281499999999999773e+02
2.628000000000000000e+05	3.281499999999999773e+02
2.637000000000000000e+05	3.281499999999999773e+02
2.637000000000000000e+05	3.281499999999999773e+02
2.646000000000000000e+05	3.281499999999999773e+02
2.646000000000000000e+05	2.981499999999999773e+02
2.655000000000000000e+05	2.981499999999999773e+02
2.655000000000000000e+05	3.281499999999999773e+02
2.664000000000000000e+05	3.281499999999999773e+02
2.664000000000000000e+05	3.281499999999999773e+02
2.673000000000000000e+05	3.281499999999999773e+02
2.673000000000000000e+05	3.281499999999999773e+02
2.682000000000000000e+05	3.281499999999999773e+02
2.682000000000000000e+05	3.281499999999999773e+02
2.691000000000000000e+05	3.281499999999999773e+02
2.691000000000000000e+05	3.281499999999999773e+02
2.700000000000000000e+05	3.281499999999999773e+02
2.700000000000000000e+05	3.281499999999999773e+02
2.709000000000000000e+05	3.281499999999999773e+02
2.709000000000000000e+05	3.281499999999999773e+02
2.718000000000000000e+05	3.281499999999999773e+02
2.718000000000000000e+05	3.281499999999999773e+02
2.727000000000000000e+05	3.281499999999999773e+02
2.727000000000000000e+05	3.281499999999999773e+02
2.736000000000000000e+05	3.281499999999999773e+02
2.736000000000000000e+05	2.981499999999999773e+02
2.745000000000000000e+05	2.981499999999999773e+02
2.745000000000000000e+05	3.017487331301040854e+02
2.754000000000000000e+05	3.017487331301040854e+02
2.754000000000000000e+05	3.281499999999999773e+02
2.763000000000000000e+05	3.281499999999999773e+02
2.763000000000000000e+05	3.281499999999999773e+02
2.772000000000000000e+05	3.281499999999999773e+02
2.772000000000000000e+05	3.281499999999999773e+02
2.781000000000000000e+05	3.281499999999999773e+02
2.781000000000000000e+05	3.189048911834953515e+02
2.790000000000000000e+05	3.189048911834953515e+02
2.790000000000000000e+05	3.212475123519928957e+02
2.799000000000000000e+05	3.212475123519928957e+02
2.799000000000000000e+05	3.270798165320467206e+02
2.808000000000000000e+05	3.270798165320467206e+02
2.808000000000000000e+05	3.261590149037655806e+02
2.817000000000000000e+05	3.261590149037655806e+02
2.817000000000000000e+05	3.281499999999999773e+02
2.826000000000000000e+05	3.281499999999999773e+02
2.826000000000000000e+05	3.281499999999999773e+02
2.835000000000000000e+05	3.281499999999999773e+02
2.835000000000000000e+05	2.981499999999999773e+02
2.844000000000000000e+05	2.981499999999999773e+02
2.844000000000000000e+05	3.281499999999999773e+02
2.853000000000000000e+05	3.281499999999999773e+02
2.853000000000000000e+05	3.006910402511531970e+02
2.862000000000000000e+05	3.006910402511531970e+02
2.862000000000000000e+05	3.161130024852419069e+02
2.871000000000000000e+05	3.161130024852419069e+02
2.871000000000000000e+05	3.161130024852419069e+02
2.880000000000000000e+05	3.161130024852419069e+02
2.880000000000000000e+05	3.110649467954626175e+02
2.889000000000000000e+05	3.110649467954626175e+02
2.889000000000000000e+05	3.281499999999999773e+02
2.898000000000000000e+05	3.281499999999999773e+02
2.898000000000000000e+05	3.074985085246745484e+02
2.907000000000000000e+05	3.074985085246745484e+02
2.907000000000000000e+05	3.109666060333948963e+02
2.916000000000000000e+05	3.109666060333948963e+02
2.916000000000000000e+05	3.101094661964135639e+02
2.925000000000000000e+05	3.101094661964135639e+02
2.925000000000000000e+05	3.122911437569409259e+02
2.934000000000000000e+05	3.122911437569409259e+02
2.934000000000000000e+05	3.093057584285332950e+02
2.943000000000000000e+05	3.093057584285332950e+02
2.943000000000000000e+05	3.093057584285332950e+02
2.952000000000000000e+05	3.093057584285332950e+02
2.952000000000000000e+05	3.228471938540917563e+02
2.961000000000000000e+05	3.228471938540917563e+02
2.961000000000000000e+05	3.229078600379750696e+02
2.970000000000000000e+05	3.229078600379750696e+02
2.970000000000000000e+05	3.229685034720397425e+02
2.979000000000000000e+05	3.229685034720397425e+02
2.979000000000000000e+05	3.230091241668165480e+02
2.988000000000000000e+05	3.230091241668165480e+02
2.988000000000000000e+05	3.045743154406428062e+02
2.997000000000000000e+05	3.045743154406428062e+02
2.997000000000000000e+05	3.077357068224135901e+02
3.006000000000000000e+05	3.077357068224135901e+02
3.006000000000000000e+05	3.054519876754973211e+02
3.015000000000000000e+05	3.054519876754973211e+02
3.015000000000000000e+05	3.054125950886652845e+02
3.024000000000000000e+05	3.054125950886652845e+02
3.024000000000000000e+05	3.053819345082710583e+02
3.033000000000000000e+05	3.053819345082710583e+02
3.033000000000000000e+05	3.073229950923533806e+02
3.042000000000000000e+05	3.073229950923533806e+02
3.042000000000000000e+05	2.981499999999999773e+02
3.051000000000000000e+05	2.981499999999999773e+02
3.051000000000000000e+05	2.981499999999999773e+02
3.060000000000000000e+05	2.981499999999999773e+02
3.060000000000000000e+05	3.281499999999999773e+02
3.069000000000000000e+05	3.281499999999999773e+02
3.069000000000000000e+05	3.013092817698492354e+02
3.078000000000000000e+05	3.013092817698492354e+02
3.078000000000000000e+05	2.981499999999999773e+02
3.087000000000000000e+05	2.981499999999999773e+02
3.087000000000000000e+05	2.981499999999999773e+02
3.096000000000000000e+05	2.981499999999999773e+02
3.096000000000000000e+05	3.017649725599338240e+02
3.105000000000000000e+05	3.017649725599338240e+02
3.105000000000000000e+05	3.281499999999999773e+02
3.114000000000000000e+05	3.281499999999999773e+02
3.114000000000000000e+05	2.981500000000000341e+02
3.123000000000000000e+05	2.981500000000000341e+02
3.123000000000000000e+05	2.981499999999999773e+02
3.132000000000000000e+05	2.981499999999999773e+02
3.132000000000000000e+05	3.011416798065895364e+02
3.141000000000000000e+05	3.011416798065895364e+02
3.141000000000000000e+05	3.281499999999999773e+02
3.150000000000000000e+05	3.281499999999999773e+02
3.150000000000000000e+05	3.281499999999999773e+02
3.159000000000000000e+05	3.281499999999999773e+02
3.159000000000000000e+05	3.281499999999999773e+02
3.168000000000000000e+05	3.281499999999999773e+02
3.168000000000000000e+05	3.008889862856393620e+02
3.177000000000000000e+05	3.008889862856393620e+02
3.177000000000000000e+05	2.981499999999999773e+02
3.186000000000000000e+05	2.981499999999999773e+02
3.186000000000000000e+05	3.281499999999999773e+02
3.195000000000000000e+05	3.281499999999999773e+02
3.195000000000000000e+05	3.022336636340198197e+02
3.204000000000000000e+05	3.022336636340198197e+02
3.204000000000000000e+05	3.009842159344474339e+02
3.213000000000000000e+05	3.009842159344474339e+02
3.213000000000000000e+05	3.044325190737242792e+02
3.222000000000000000e+05	3.044325190737242792e+02
3.222000000000000000e+05	3.069632415156330580e+02
3.231000000000000000e+05	3.069632415156330580e+02
3.231000000000000000e+05	2.981499999999999773e+02
3.240000000000000000e+05	2.981499999999999773e+02
3.240000000000000000e+05	3.054012263486995948e+02
3.249000000000000000e+05	3.054012263486995948e+02
3.249000000000000000e+05	3.281499999999999773e+02
3.258000000000000000e+05	3.281499999999999773e+02
3.258000000000000000e+05	2.981499999999999773e+02
3.267000000000000000e+05	2.981499999999999773e+02
3.267000000000000000e+05	3.055676472664649737e+02
3.276000000000000000e+05	3.055676472664649737e+02
3.276000000000000000e+05	3.281499999999999773e+02
3.285000000000000000e+05	3.281499999999999773e+02
3.285000000000000000e+05	3.281499999999999773e+02
3.294000000000000000e+05	3.281499999999999773e+02
3.294000000000000000e+05	3.212085402759653903e+02
3.303000000000000000e+05	3.212085402759653903e+02
3.303000000000000000e+05	2.981499999999999773e+02
3.312000000000000000e+05	2.981499999999999773e+02
3.312000000000000000e+05	3.040594167463553390e+02
3.321000000000000000e+05	3.040594167463553390e+02
3.321000000000000000e+05	3.281499999999999773e+02
3.330000000000000000e+05	3.281499999999999773e+02
3.330000000000000000e+05	3.281499999999999773e+02
3.339000000000000000e+05	3.281499999999999773e+02
3.339000000000000000e+05	3.281499999999999773e+02
3.348000000000000000e+05	3.281499999999999773e+02
3.348000000000000000e+05	3.281499999999999773e+02
3.357000000000000000e+05	3.281499999999999773e+02
3.357000000000000000e+05	3.281499999999999773e+02
3.366000000000000000e+05	3.281499999999999773e+02
3.366000000000000000e+05	3.281499999999999773e+02
3.375000000000000000e+05	3.281499999999999773e+02
3.375000000000000000e+05	3.281499999999999773e+02
3.384000000000000000e+05	3.281499999999999773e+02
3.384000000000000000e+05	3.281499999999999773e+02
3.393000000000000000e+05	3.281499999999999773e+02
3.393000000000000000e+05	3.281499999999999773e+02
3.402000000000000000e+05	3.281499999999999773e+02
3.402000000000000000e+05	3.281499999999999773e+02
3.411000000000000000e+05	3.281499999999999773e+02
3.411000000000000000e+05	3.281499999999999773e+02
3.420000000000000000e+05	3.281499999999999773e+02
3.420000000000000000e+05	3.281499999999999773e+02
3.429000000000000000e+05	3.281499999999999773e+02
3.429000000000000000e+05	3.281499999999999773e+02
3.438000000000000000e+05	3.281499999999999773e+02
3.438000000000000000e+05	3.281499999999999773e+02
3.447000000000000000e+05	3.281499999999999773e+02
3.447000000000000000e+05	3.281499999999999773e+02
3.456000000000000000e+05	3.281499999999999773e+02
3.456000000000000000e+05	3.281499999999999773e+02
3.465000000000000000e+05	3.281499999999999773e+02
3.465000000000000000e+05	3.281499999999999773e+02
3.474000000000000000e+05	3.281499999999999773e+02
3.474000000000000000e+05	3.281499999999999773e+02
3.483000000000000000e+05	3.281499999999999773e+02
3.483000000000000000e+05	2.981499999999999773e+02
3.492000000000000000e+05	2.981499999999999773e+02
3.492000000000000000e+05	3.281499999999999773e+02
3.501000000000000000e+05	3.281499999999999773e+02
3.501000000000000000e+05	3.281499999999999773e+02
3.510000000000000000e+05	3.281499999999999773e+02
3.510000000000000000e+05	3.281499999999999773e+02
3.519000000000000000e+05	3.281499999999999773e+02
3.519000000000000000e+05	3.281499999999999773e+02
3.528000000000000000e+05	3.281499999999999773e+02
3.528000000000000000e+05	3.281499999999999773e+02
3.537000000000000000e+05	3.281499999999999773e+02
3.537000000000000000e+05	2.981499999999999773e+02
3.546000000000000000e+05	2.981499999999999773e+02
3.546000000000000000e+05	2.987282026811959099e+02
3.555000000000000000e+05	2.987282026811959099e+02
3.555000000000000000e+05	3.185341650164548355e+02
3.564000000000000000e+05	3.185341650164548355e+02
3.564000000000000000e+05	2.981499999999999773e+02
3.573000000000000000e+05	2.981499999999999773e+02
3.573000000000000000e+05	3.281499999999999773e+02
3.582000000000000000e+05	3.281499999999999773e+02
3.582000000000000000e+05	2.981499999999999773e+02
3.591000000000000000e+05	2.981499999999999773e+02
3.591000000000000000e+05	3.281499999999999773e+02
3.600000000000000000e+05	3.281499999999999773e+02
3.600000000000000000e+05	3.093057584285332950e+02
3.609000000000000000e+05	3.093057584285332950e+02
3.609000000000000000e+05	3.281499999999999773e+02
3.618000000000000000e+05	3.281499999999999773e+02
3.618000000000000000e+05	3.197706958451598211e+02
3.627000000000000000e+05	3.197706958451598211e+02
3.627000000000000000e+05	3.281499999999999773e+02
3.636000000000000000e+05	3.281499999999999773e+02
3.636000000000000000e+05	2.982036796435483552e+02
3.645000000000000000e+05	2.982036796435483552e+02
3.645000000000000000e+05	3.195816376072041294e+02
3.654000000000000000e+05	3.195816376072041294e+02
3.654000000000000000e+05	3.255943078638438806e+02
3.663000000000000000e+05	3.255943078638438806e+02
3.663000000000000000e+05	3.281499999999999773e+02
3.672000000000000000e+05	3.281499999999999773e+02
3.672000000000000000e+05	3.093057584285332950e+02
3.681000000000000000e+05	3.093057584285332950e+02
3.681000000000000000e+05	3.281499999999999773e+02
3.690000000000000000e+05	3.281499999999999773e+02
3.690000000000000000e+05	3.281499999999999773e+02
3.699000000000000000e+05	3.281499999999999773e+02
3.699000000000000000e+05	3.052345730363523444e+02
3.708000000000000000e+05	3.052345730363523444e+02
3.708000000000000000e+05	3.020356971606167917e+02
3.717000000000000000e+05	3.020356971606167917e+02
3.717000000000000000e+05	3.064798712533046796e+02
3.726000000000000000e+05	3.064798712533046796e+02
3.726000000000000000e+05	3.161130024852419069e+02
3.735000000000000000e+05	3.161130024852419069e+02
3.735000000000000000e+05	3.161130024852419069e+02
3.744000000000000000e+05	3.161130024852419069e+02
3.744000000000000000e+05	3.161130024852419638e+02
3.753000000000000000e+05	3.161130024852419638e+02
3.753000000000000000e+05	3.161130024852419069e+02
3.762000000000000000e+05	3.161130024852419069e+02
3.762000000000000000e+05	3.161130024852419069e+02
3.771000000000000000e+05	3.161130024852419069e+02
3.771000000000000000e+05	3.249125116231227253e+02
3.780000000000000000e+05	3.249125116231227253e+02
3.780000000000000000e+05	3.093057584285332950e+02
3.789000000000000000e+05	3.093057584285332950e+02
3.789000000000000000e+05	3.109060210821403984e+02
3.798000000000000000e+05	3.109060210821403984e+02
3.798000000000000000e+05	3.104993677823916869e+02
3.807000000000000000e+05	3.104993677823916869e+02
3.807000000000000000e+05	3.081089333800332497e+02
3.816000000000000000e+05	3.081089333800332497e+02
3.816000000000000000e+05	3.244439498424794692e+02
3.825000000000000000e+05	3.244439498424794692e+02
3.825000000000000000e+05	3.245040172428674623e+02
3.834000000000000000e+05	3.245040172428674623e+02
3.834000000000000000e+05	3.281499999999999773e+02
3.843000000000000000e+05	3.281499999999999773e+02
3.843000000000000000e+05	3.281499999999999773e+02
3.852000000000000000e+05	3.281499999999999773e+02
3.852000000000000000e+05	3.039917842005391435e+02
3.861000000000000000e+05	3.039917842005391435e+02
3.861000000000000000e+05	3.092753048617599347e+02
3.870000000000000000e+05	3.092753048617599347e+02
3.870000000000000000e+05	3.281499999999999773e+02
3.879000000000000000e+05	3.281499999999999773e+02
3.879000000000000000e+05	3.031891853111339401e+02
3.888000000000000000e+05	3.031891853111339401e+02
3.888000000000000000e+05	3.281499999999999773e+02
3.897000000000000000e+05	3.281499999999999773e+02
3.897000000000000000e+05	2.981499999999999773e+02
3.906000000000000000e+05	2.981499999999999773e+02
3.906000000000000000e+05	3.018243614099843057e+02
3.915000000000000000e+05	3.018243614099843057e+02
3.915000000000000000e+05	3.037776209521389319e+02
3.924000000000000000e+05	3.037776209521389319e+02
3.924000000000000000e+05	3.281499999999999773e+02
3.933000000000000000e+05	3.281499999999999773e+02
3.933000000000000000e+05	3.281499999999999773e+02
3.942000000000000000e+05	3.281499999999999773e+02
3.942000000000000000e+05	3.015436885277221108e+02
3.951000000000000000e+05	3.015436885277221108e+02
3.951000000000000000e+05	3.281499999999999773e+02
3.960000000000000000e+05	3.281499999999999773e+02
3.960000000000000000e+05	3.040865056772690878e+02
3.969000000000000000e+05	3.040865056772690878e+02
3.969000000000000000e+05	3.281499999999999773e+02
3.978000000000000000e+05	3.281499999999999773e+02
3.978000000000000000e+05	2.981499999999999773e+02
3.987000000000000000e+05	2.981499999999999773e+02
3.987000000000000000e+05	3.281499999999999773e+02
3.996000000000000000e+05	3.281499999999999773e+02
3.996000000000000000e+05	3.015002549437214157e+02
4.005000000000000000e+05	3.015002549437214157e+02
4.005000000000000000e+05	3.281499999999999773e+02
4.014000000000000000e+05	3.281499999999999773e+02
4.014000000000000000e+05	3.009130170457842723e+02
4.023000000000000000e+05	3.009130170457842723e+02
4.023000000000000000e+05	3.007346297048496240e+02
4.032000000000000000e+05	3.007346297048496240e+02
4.032000000000000000e+05	3.093057584285332950e+02
4.041000000000000000e+05	3.093057584285332950e+02
4.041000000000000000e+05	2.981499999999999773e+02
4.050000000000000000e+05	2.981499999999999773e+02
4.050000000000000000e+05	3.000334373446925724e+02
4.059000000000000000e+05	3.000334373446925724e+02
4.059000000000000000e+05	3.004852193708190953e+02
4.068000000000000000e+05	3.004852193708190953e+02
4.068000000000000000e+05	3.020505335212817499e+02
4.077000000000000000e+05	3.020505335212817499e+02
4.077000000000000000e+05	3.052513321750157047e+02
4.086000000000000000e+05	3.052513321750157047e+02
4.086000000000000000e+05	3.281499999999999773e+02
4.095000000000000000e+05	3.281499999999999773e+02
4.095000000000000000e+05	3.044074479362508896e+02
4.104000000000000000e+05	3.044074479362508896e+02
4.104000000000000000e+05	3.281499999999999773e+02
4.113000000000000000e+05	3.281499999999999773e+02
4.113000000000000000e+05	3.015767621407923116e+02
4.122000000000000000e+05	3.015767621407923116e+02
4.122000000000000000e+05	3.038398372233189093e+02
4.131000000000000000e+05	3.038398372233189093e+02
4.131000000000000000e+05	3.049832038858313581e+02
4.140000000000000000e+05	3.049832038858313581e+02
4.140000000000000000e+05	2.981499999999862212e+02
4.149000000000000000e+05	2.981499999999862212e+02
4.149000000000000000e+05	3.042322153398046112e+02
4.158000000000000000e+05	3.042322153398046112e+02
4.158000000000000000e+05	2.981499999999999773e+02
4.167000000000000000e+05	2.981499999999999773e+02
4.167000000000000000e+05	2.981499999999999773e+02
4.176000000000000000e+05	2.981499999999999773e+02
4.176000000000000000e+05	3.018097282654658784e+02
4.185000000000000000e+05	3.018097282654658784e+02
4.185000000000000000e+05	3.281499999999999773e+02
4.194000000000000000e+05	3.281499999999999773e+02
4.194000000000000000e+05	3.281499999999999773e+02
4.203000000000000000e+05	3.281499999999999773e+02
4.203000000000000000e+05	3.281499999999999773e+02
4.212000000000000000e+05	3.281499999999999773e+02
4.212000000000000000e+05	3.093057584285332950e+02
4.221000000000000000e+05	3.093057584285332950e+02
4.221000000000000000e+05	3.281499999999999773e+02
4.230000000000000000e+05	3.281499999999999773e+02
4.230000000000000000e+05	3.281499999999999773e+02
4.239000000000000000e+05	3.281499999999999773e+02
4.239000000000000000e+05	3.281499999999999773e+02
4.248000000000000000e+05	3.281499999999999773e+02
4.248000000000000000e+05	3.281499999999999773e+02
4.257000000000000000e+05	3.281499999999999773e+02
4.257000000000000000e+05	3.281499999999999773e+02
4.266000000000000000e+05	3.281499999999999773e+02
4.266000000000000000e+05	3.281499999999999773e+02
4.275000000000000000e+05	3.281499999999999773e+02
4.275000000000000000e+05	3.281499999999999773e+02
4.284000000000000000e+05	3.281499999999999773e+02
4.284000000000000000e+05	3.227911038805222006e+02
4.293000000000000000e+05	3.227911038805222006e+02
4.293000000000000000e+05	2.981499999999999773e+02
4.302000000000000000e+05	2.981499999999999773e+02
4.302000000000000000e+05	2.981499999999999773e+02
4.311000000000000000e+05	2.981499999999999773e+02
4.311000000000000000e+05	2.981499999999999773e+02
4.320000000000000000e+05	2.981499999999999773e+02
4.320000000000000000e+05	3.255763212918625413e+02
4.329000000000000000e+05	3.255763212918625413e+02
4.329000000000000000e+05	3.281499999999999773e+02
4.338000000000000000e+05	3.281499999999999773e+02
4.338000000000000000e+05	3.281499999999999773e+02
4.347000000000000000e+05	3.281499999999999773e+02
4.347000000000000000e+05	3.281499999999999773e+02
4.356000000000000000e+05	3.281499999999999773e+02
4.356000000000000000e+05	3.261431909581135073e+02
4.365000000000000000e+05	3.261431909581135073e+02
4.365000000000000000e+05	2.981499999999999773e+02
4.374000000000000000e+05	2.981499999999999773e+02
4.374000000000000000e+05	3.281499999999999773e+02
4.383000000000000000e+05	3.281499999999999773e+02
4.383000000000000000e+05	2.981499999999999773e+02
4.392000000000000000e+05	2.981499999999999773e+02
4.392000000000000000e+05	3.093057584285332950e+02
4.401000000000000000e+05	3.093057584285332950e+02
4.401000000000000000e+05	3.281499999999999773e+02
4.410000000000000000e+05	3.281499999999999773e+02
4.410000000000000000e+05	3.281499999999999773e+02
4.419000000000000000e+05	3.281499999999999773e+02
4.419000000000000000e+05	2.981499999999999773e+02
4.428000000000000000e+05	2.981499999999999773e+02
4.428000000000000000e+05	3.281499999999999773e+02
4.437000000000000000e+05	3.281499999999999773e+02
4.437000000000000000e+05	3.093057584285332950e+02
4.446000000000000000e+05	3.093057584285332950e+02
4.446000000000000000e+05	3.238513124649556971e+02
4.455000000000000000e+05	3.238513124649556971e+02
4.455000000000000000e+05	2.981499999999999773e+02
4.464000000000000000e+05	2.981499999999999773e+02
4.464000000000000000e+05	3.241497586519802780e+02
4.473000000000000000e+05	3.241497586519802780e+02
4.473000000000000000e+05	3.281499999999999773e+02
4.482000000000000000e+05	3.281499999999999773e+02
4.482000000000000000e+05	3.093057584285332950e+02
4.491000000000000000e+05	3.093057584285332950e+02
4.491000000000000000e+05	3.281499999999999773e+02
4.500000000000000000e+05	3.281499999999999773e+02
4.500000000000000000e+05	3.002319855419426062e+02
4.509000000000000000e+05	3.002319855419426062e+02
4.509000000000000000e+05	3.281499999999999773e+02
4.518000000000000000e+05	3.281499999999999773e+02
4.518000000000000000e+05	3.261653408298957402e+02
4.527000000000000000e+05	3.261653408298957402e+02
4.527000000000000000e+05	3.281499999999999773e+02
4.536000000000000000e+05	3.281499999999999773e+02
4.536000000000000000e+05	3.281499999999999773e+02
4.545000000000000000e+05	3.281499999999999773e+02
4.545000000000000000e+05	3.281499999999999773e+02
4.554000000000000000e+05	3.281499999999999773e+02
4.554000000000000000e+05	3.093057584285332950e+02
4.563000000000000000e+05	3.093057584285332950e+02
4.563000000000000000e+05	3.015500455579960999e+02
4.572000000000000000e+05	3.015500455579960999e+02
4.572000000000000000e+05	3.017200031257386854e+02
4.581000000000000000e+05	3.017200031257386854e+02
4.581000000000000000e+05	3.073368445329735437e+02
4.590000000000000000e+05	3.073368445329735437e+02
4.590000000000000000e+05	3.161130024852419069e+02
4.599000000000000000e+05	3.161130024852419069e+02
4.599000000000000000e+05	3.161130024852419069e+02
4.608000000000000000e+05	3.161130024852419069e+02
4.608000000000000000e+05	3.161130024852418501e+02
4.617000000000000000e+05	3.161130024852418501e+02
4.617000000000000000e+05	3.161130024852419069e+02
4.626000000000000000e+05	3.161130024852419069e+02
4.626000000000000000e+05	3.161130024852419069e+02
4.635000000000000000e+05	3.161130024852419069e+02
4.635000000000000000e+05	3.161130024852419069e+02
4.644000000000000000e+05	3.161130024852419069e+02
4.644000000000000000e+05	3.123264614102580481e+02
4.653000000000000000e+05	3.123264614102580481e+02
4.653000000000000000e+05	3.099332306168520859e+02
4.662000000000000000e+05	3.099332306168520859e+02
4.662000000000000000e+05	3.097693518670034791e+02
4.671000000000000000e+05	3.097693518670034791e+02
4.671000000000000000e+05	3.099991487326329889e+02
4.680000000000000000e+05	3.099991487326329889e+02
4.680000000000000000e+05	3.262960779720756364e+02
4.689000000000000000e+05	3.262960779720756364e+02
4.689000000000000000e+05	3.050051286982885586e+02
4.698000000000000000e+05	3.050051286982885586e+02
4.698000000000000000e+05	3.062506043914849556e+02
4.707000000000000000e+05	3.062506043914849556e+02
4.707000000000000000e+05	3.063615307772874985e+02
4.716000000000000000e+05	3.063615307772874985e+02
4.716000000000000000e+05	3.093057584285332950e+02
4.725000000000000000e+05	3.093057584285332950e+02
4.725000000000000000e+05	3.281499999999999773e+02
4.734000000000000000e+05	3.281499999999999773e+02
4.734000000000000000e+05	3.093057584285332950e+02
4.743000000000000000e+05	3.093057584285332950e+02
4.743000000000000000e+05	3.281499999999999773e+02
4.752000000000000000e+05	3.281499999999999773e+02
4.752000000000000000e+05	3.281499999999999773e+02
4.761000000000000000e+05	3.281499999999999773e+02
4.761000000000000000e+05	3.026854941783842605e+02
4.770000000000000000e+05	3.026854941783842605e+02
4.770000000000000000e+05	3.056728737190618403e+02
4.779000000000000000e+05	3.056728737190618403e+02
4.779000000000000000e+05	3.281499999999999773e+02
4.788000000000000000e+05	3.281499999999999773e+02
4.788000000000000000e+05	2.981499999999999773e+02
4.797000000000000000e+05	2.981499999999999773e+02
4.797000000000000000e+05	3.281499999999999773e+02
4.806000000000000000e+05	3.281499999999999773e+02
4.806000000000000000e+05	3.016227586067777224e+02
4.815000000000000000e+05	3.016227586067777224e+02
4.815000000000000000e+05	2.981499999999999773e+02
4.824000000000000000e+05	2.981499999999999773e+02
4.824000000000000000e+05	3.281499999999999773e+02
4.833000000000000000e+05	3.281499999999999773e+02
4.833000000000000000e+05	3.281499999999999773e+02
4.842000000000000000e+05	3.281499999999999773e+02
4.842000000000000000e+05	3.009408319194857313e+02
4.851000000000000000e+05	3.009408319194857313e+02
4.851000000000000000e+05	3.050011855921102324e+02
4.860000000000000000e+05	3.050011855921102324e+02
4.860000000000000000e+05	3.093057584285332950e+02
4.869000000000000000e+05	3.093057584285332950e+02
4.869000000000000000e+05	3.281499999999999773e+02
4.878000000000000000e+05	3.281499999999999773e+02
4.878000000000000000e+05	2.981499999999999773e+02
4.887000000000000000e+05	2.981499999999999773e+02
4.887000000000000000e+05	2.981499999999999773e+02
4.896000000000000000e+05	2.981499999999999773e+02
4.896000000000000000e+05	3.015069892930490596e+02
4.905000000000000000e+05	3.015069892930490596e+02
4.905000000000000000e+05	3.281499999999999773e+02
4.914000000000000000e+05	3.281499999999999773e+02
4.914000000000000000e+05	2.981499999999999773e+02
4.923000000000000000e+05	2.981499999999999773e+02
4.923000000000000000e+05	2.996628064299508765e+02
4.932000000000000000e+05	2.996628064299508765e+02
4.932000000000000000e+05	3.015940446758747839e+02
4.941000000000000000e+05	3.015940446758747839e+02
4.941000000000000000e+05	3.281499999999999773e+02
4.950000000000000000e+05	3.281499999999999773e+02
4.950000000000000000e+05	3.281499999999999773e+02
4.959000000000000000e+05	3.281499999999999773e+02
4.959000000000000000e+05	3.281499999999999773e+02
4.968000000000000000e+05	3.281499999999999773e+02
4.968000000000000000e+05	3.017159319099480399e+02
4.977000000000000000e+05	3.017159319099480399e+02
4.977000000000000000e+05	3.281499999999999773e+02
4.986000000000000000e+05	3.281499999999999773e+02
4.986000000000000000e+05	3.008548594109464034e+02
4.995000000000000000e+05	3.008548594109464034e+02
4.995000000000000000e+05	3.034928113759068538e+02
5.004000000000000000e+05	3.034928113759068538e+02
5.004000000000000000e+05	3.245162484569703452e+02
5.013000000000000000e+05	3.245162484569703452e+02
5.013000000000000000e+05	2.981499999999999773e+02
5.022000000000000000e+05	2.981499999999999773e+02
5.022000000000000000e+05	3.023379280579953843e+02
5.031000000000000000e+05	3.023379280579953843e+02
5.031000000000000000e+05	2.981499999999999773e+02
5.040000000000000000e+05	2.981499999999999773e+02
5.040000000000000000e+05	3.093057584285332950e+02
5.049000000000000000e+05	3.093057584285332950e+02
5.049000000000000000e+05	3.245051255353155284e+02
5.058000000000000000e+05	3.245051255353155284e+02
5.058000000000000000e+05	2.981499999999999773e+02
5.067000000000000000e+05	2.981499999999999773e+02
5.067000000000000000e+05	2.981499999999999773e+02
5.076000000000000000e+05	2.981499999999999773e+02
5.076000000000000000e+05	2.981499999999999773e+02
5.085000000000000000e+05	2.981499999999999773e+02
5.085000000000000000e+05	3.281499999999999773e+02
5.094000000000000000e+05	3.281499999999999773e+02
5.094000000000000000e+05	3.281499999999999773e+02
5.103000000000000000e+05	3.281499999999999773e+02
5.103000000000000000e+05	3.281499999999999773e+02
5.112000000000000000e+05	3.281499999999999773e+02
5.112000000000000000e+05	3.093057584285332950e+02
5.121000000000000000e+05	3.093057584285332950e+02
5.121000000000000000e+05	3.281499999999999773e+02
5.130000000000000000e+05	3.281499999999999773e+02
5.130000000000000000e+05	3.281499999999999773e+02
5.139000000000000000e+05	3.281499999999999773e+02
5.139000000000000000e+05	3.281499999999999773e+02
5.148000000000000000e+05	3.281499999999999773e+02
5.148000000000000000e+05	3.281499999999999773e+02
5.157000000000000000e+05	3.281499999999999773e+02
5.157000000000000000e+05	3.281499999999999773e+02
5.166000000000000000e+05	3.281499999999999773e+02
5.166000000000000000e+05	3.281499999999999773e+02
5.175000000000000000e+05	3.281499999999999773e+02
5.175000000000000000e+05	3.281499999999999773e+02
5.184000000000000000e+05	3.281499999999999773e+02
5.184000000000000000e+05	3.281499999999999773e+02
5.193000000000000000e+05	3.281499999999999773e+02
5.193000000000000000e+05	2.981499999999999773e+02
5.202000000000000000e+05	2.981499999999999773e+02
5.202000000000000000e+05	2.981499999999999773e+02
5.211000000000000000e+05	2.981499999999999773e+02
5.211000000000000000e+05	2.981499999999999773e+02
5.220000000000000000e+05	2.981499999999999773e+02
5.220000000000000000e+05	3.184034821230472403e+02
5.229000000000000000e+05	3.184034821230472403e+02
5.229000000000000000e+05	3.281499999999999773e+02
5.238000000000000000e+05	3.281499999999999773e+02
5.238000000000000000e+05	3.281499999999999773e+02
5.247000000000000000e+05	3.281499999999999773e+02
5.247000000000000000e+05	2.981499999999999773e+02
5.256000000000000000e+05	2.981499999999999773e+02
5.256000000000000000e+05	3.281499999999999773e+02
5.265000000000000000e+05	3.281499999999999773e+02
5.265000000000000000e+05	3.281499999999999773e+02
5.274000000000000000e+05	3.281499999999999773e+02
5.274000000000000000e+05	2.986462476653602494e+02
5.283000000000000000e+05	2.986462476653602494e+02
5.283000000000000000e+05	3.015452261656407131e+02
5.292000000000000000e+05	3.015452261656407131e+02
5.292000000000000000e+05	3.093057584285332950e+02
5.301000000000000000e+05	3.093057584285332950e+02
5.301000000000000000e+05	3.281499999999999773e+02
5.310000000000000000e+05	3.281499999999999773e+02
5.310000000000000000e+05	3.281499999999999773e+02
5.319000000000000000e+05	3.281499999999999773e+02
5.319000000000000000e+05	3.281499999999999773e+02
5.328000000000000000e+05	3.281499999999999773e+02
5.328000000000000000e+05	3.281499999999999773e+02
5.337000000000000000e+05	3.281499999999999773e+02
5.337000000000000000e+05	3.281499999999999773e+02
5.346000000000000000e+05	3.281499999999999773e+02
5.346000000000000000e+05	3.093057584285332950e+02
5.355000000000000000e+05	3.093057584285332950e+02
5.355000000000000000e+05	3.093057584285332950e+02
5.364000000000000000e+05	3.093057584285332950e+02
5.364000000000000000e+05	3.024339462296865122e+02
5.373000000000000000e+05	3.024339462296865122e+02
5.373000000000000000e+05	3.204607980380201298e+02
5.382000000000000000e+05	3.204607980380201298e+02
5.382000000000000000e+05	3.259504942945512198e+02
5.391000000000000000e+05	3.259504942945512198e+02
5.391000000000000000e+05	3.281499999999999773e+02
5.400000000000000000e+05	3.281499999999999773e+02
5.400000000000000000e+05	2.996472899812066544e+02
5.409000000000000000e+05	2.996472899812066544e+02
5.409000000000000000e+05	3.281499999999999773e+02
5.418000000000000000e+05	3.281499999999999773e+02
5.418000000000000000e+05	3.281499999999999773e+02
5.427000000000000000e+05	3.281499999999999773e+02
5.427000000000000000e+05	2.983728430609558586e+02
5.436000000000000000e+05	2.983728430609558586e+02
5.436000000000000000e+05	3.036311575925565194e+02
5.445000000000000000e+05	3.036311575925565194e+02
5.445000000000000000e+05	3.161130024852419069e+02
5.454000000000000000e+05	3.161130024852419069e+02
5.454000000000000000e+05	3.161130024852419069e+02
5.463000000000000000e+05	3.161130024852419069e+02
5.463000000000000000e+05	3.161130024852419069e+02
5.472000000000000000e+05	3.161130024852419069e+02
5.472000000000000000e+05	3.161130024852428733e+02
5.481000000000000000e+05	3.161130024852428733e+02
5.481000000000000000e+05	3.161130024852419069e+02
5.490000000000000000e+05	3.161130024852419069e+02
5.490000000000000000e+05	3.161130024852419069e+02
5.499000000000000000e+05	3.161130024852419069e+02
5.499000000000000000e+05	3.161130024852419069e+02
5.508000000000000000e+05	3.161130024852419069e+02
5.508000000000000000e+05	3.281499999999999773e+02
5.517000000000000000e+05	3.281499999999999773e+02
5.517000000000000000e+05	3.072720773497349001e+02
5.526000000000000000e+05	3.072720773497349001e+02
5.526000000000000000e+05	3.088885799803692862e+02
5.535000000000000000e+05	3.088885799803692862e+02
5.535000000000000000e+05	3.083655583617702405e+02
5.544000000000000000e+05	3.083655583617702405e+02
5.544000000000000000e+05	3.281499999999999773e+02
5.553000000000000000e+05	3.281499999999999773e+02
5.553000000000000000e+05	3.047591957561197091e+02
5.562000000000000000e+05	3.047591957561197091e+02
5.562000000000000000e+05	3.077737259490508563e+02
5.571000000000000000e+05	3.077737259490508563e+02
5.571000000000000000e+05	3.269166652647057845e+02
5.580000000000000000e+05	3.269166652647057845e+02
5.580000000000000000e+05	3.050531644722931901e+02
5.589000000000000000e+05	3.050531644722931901e+02
5.589000000000000000e+05	3.093057584285332950e+02
5.598000000000000000e+05	3.093057584285332950e+02
5.598000000000000000e+05	3.056678102807890127e+02
5.607000000000000000e+05	3.056678102807890127e+02
5.607000000000000000e+05	3.067694890267048891e+02
5.616000000000000000e+05	3.067694890267048891e+02
5.616000000000000000e+05	3.281499999999999773e+02
5.625000000000000000e+05	3.281499999999999773e+02
5.625000000000000000e+05	3.039503051320494933e+02
5.634000000000000000e+05	3.039503051320494933e+02
5.634000000000000000e+05	3.064707409610130071e+02
5.643000000000000000e+05	3.064707409610130071e+02
5.643000000000000000e+05	3.073086248571005399e+02
5.652000000000000000e+05	3.073086248571005399e+02
5.652000000000000000e+05	2.981499999999999773e+02
5.661000000000000000e+05	2.981499999999999773e+02
5.661000000000000000e+05	2.981499999999999773e+02
5.670000000000000000e+05	2.981499999999999773e+02
5.670000000000000000e+05	2.981499999999999773e+02
5.679000000000000000e+05	2.981499999999999773e+02
5.679000000000000000e+05	3.224125595286742509e+02
5.688000000000000000e+05	3.224125595286742509e+02
5.688000000000000000e+05	3.017397612702989136e+02
5.697000000000000000e+05	3.017397612702989136e+02
5.697000000000000000e+05	3.043050927417688172e+02
5.706000000000000000e+05	3.043050927417688172e+02
5.706000000000000000e+05	3.046455335982403767e+02
5.715000000000000000e+05	3.046455335982403767e+02
5.715000000000000000e+05	2.981499999999999773e+02
5.724000000000000000e+05	2.981499999999999773e+02
5.724000000000000000e+05	3.281499999999999773e+02
5.733000000000000000e+05	3.281499999999999773e+02
5.733000000000000000e+05	3.281499999999999773e+02
5.742000000000000000e+05	3.281499999999999773e+02
5.742000000000000000e+05	2.981499999999999773e+02
5.751000000000000000e+05	2.981499999999999773e+02
5.751000000000000000e+05	2.995163561216419339e+02
5.760000000000000000e+05	2.995163561216419339e+02
5.760000000000000000e+05	3.006768698028149061e+02
5.769000000000000000e+05	3.006768698028149061e+02
5.769000000000000000e+05	3.281499999999999773e+02
5.778000000000000000e+05	3.281499999999999773e+02
5.778000000000000000e+05	3.001994399109542542e+02
5.787000000000000000e+05	3.001994399109542542e+02
5.787000000000000000e+05	3.281499999999999773e+02
5.796000000000000000e+05	3.281499999999999773e+02
5.796000000000000000e+05	3.020228469570477046e+02
5.805000000000000000e+05	3.020228469570477046e+02
5.805000000000000000e+05	3.281499999999999773e+02
5.814000000000000000e+05	3.281499999999999773e+02
5.814000000000000000e+05	2.981499999999999773e+02
5.823000000000000000e+05	2.981499999999999773e+02
5.823000000000000000e+05	2.981499999999999773e+02
5.832000000000000000e+05	2.981499999999999773e+02
5.832000000000000000e+05	3.011491561012708189e+02
5.841000000000000000e+05	3.011491561012708189e+02
5.841000000000000000e+05	3.281499999999999773e+02
5.850000000000000000e+05	3.281499999999999773e+02
5.850000000000000000e+05	3.010585480228400570e+02
5.859000000000000000e+05	3.010585480228400570e+02
5.859000000000000000e+05	3.031344044095761205e+02
5.868000000000000000e+05	3.031344044095761205e+02
5.868000000000000000e+05	3.093057584285332950e+02
5.877000000000000000e+05	3.093057584285332950e+02
5.877000000000000000e+05	3.032727448033449491e+02
5.886000000000000000e+05	3.032727448033449491e+02
5.886000000000000000e+05	3.281499999999999773e+02
5.895000000000000000e+05	3.281499999999999773e+02
5.895000000000000000e+05	3.042012570586020956e+02
5.904000000000000000e+05	3.042012570586020956e+02
5.904000000000000000e+05	3.027765721638336345e+02
5.913000000000000000e+05	3.027765721638336345e+02
5.913000000000000000e+05	2.981499999999999773e+02
5.922000000000000000e+05	2.981499999999999773e+02
5.922000000000000000e+05	3.281499999999999773e+02
5.931000000000000000e+05	3.281499999999999773e+02
5.931000000000000000e+05	3.281499999999999773e+02
5.940000000000000000e+05	3.281499999999999773e+02
5.940000000000000000e+05	2.981499999999999773e+02
5.949000000000000000e+05	2.981499999999999773e+02
5.949000000000000000e+05	3.281499999999999773e+02
5.958000000000000000e+05	3.281499999999999773e+02
5.958000000000000000e+05	3.281499999999999773e+02
5.967000000000000000e+05	3.281499999999999773e+02
5.967000000000000000e+05	3.281499999999999773e+02
5.976000000000000000e+05	3.281499999999999773e+02
5.976000000000000000e+05	3.281499999999999773e+02
5.985000000000000000e+05	3.281499999999999773e+02
5.985000000000000000e+05	3.281499999999999773e+02
5.994000000000000000e+05	3.281499999999999773e+02
5.994000000000000000e+05	3.281499999999999773e+02
6.003000000000000000e+05	3.281499999999999773e+02
6.003000000000000000e+05	3.281499999999999773e+02
6.012000000000000000e+05	3.281499999999999773e+02
6.012000000000000000e+05	2.981499999999999773e+02
6.021000000000000000e+05	2.981499999999999773e+02
6.021000000000000000e+05	3.281499999999999773e+02
6.030000000000000000e+05	3.281499999999999773e+02
6.030000000000000000e+05	3.281499999999999773e+02
6.039000000000000000e+05	3.281499999999999773e+02
6.039000000000000000e+05	3.281499999999999773e+02
6.048000000000000000e+05	3.281499999999999773e+02
