# #1
# double T_supply_UFH(1344, 2)
0.000000000000000000e+00	3.031499999999999773e+02
9.000000000000000000e+02	3.031499999999999773e+02
9.000000000000000000e+02	2.967875033493592127e+02
1.800000000000000000e+03	2.967875033493592127e+02
1.800000000000000000e+03	2.968417542170612364e+02
2.700000000000000000e+03	2.968417542170612364e+02
2.700000000000000000e+03	2.981871696308820674e+02
3.600000000000000000e+03	2.981871696308820674e+02
3.600000000000000000e+03	2.960664717954279013e+02
4.500000000000000000e+03	2.960664717954279013e+02
4.500000000000000000e+03	2.971983656990906866e+02
5.400000000000000000e+03	2.971983656990906866e+02
5.400000000000000000e+03	2.953179359374797173e+02
6.300000000000000000e+03	2.953179359374797173e+02
6.300000000000000000e+03	2.943790486539226663e+02
7.200000000000000000e+03	2.943790486539226663e+02
7.200000000000000000e+03	2.955267946458241681e+02
8.100000000000000000e+03	2.955267946458241681e+02
8.100000000000000000e+03	2.985791318897469182e+02
9.000000000000000000e+03	2.985791318897469182e+02
9.000000000000000000e+03	2.983940879961913879e+02
9.900000000000000000e+03	2.983940879961913879e+02
9.900000000000000000e+03	2.974957012140548613e+02
1.080000000000000000e+04	2.974957012140548613e+02
1.080000000000000000e+04	2.955197765555928981e+02
1.170000000000000000e+04	2.955197765555928981e+02
1.170000000000000000e+04	2.997006424634504356e+02
1.260000000000000000e+04	2.997006424634504356e+02
1.260000000000000000e+04	2.972130574666225584e+02
1.350000000000000000e+04	2.972130574666225584e+02
1.350000000000000000e+04	2.975244560666263851e+02
1.440000000000000000e+04	2.975244560666263851e+02
1.440000000000000000e+04	2.943410265494473492e+02
1.530000000000000000e+04	2.943410265494473492e+02
1.530000000000000000e+04	3.019413887625826192e+02
1.620000000000000000e+04	3.019413887625826192e+02
1.620000000000000000e+04	2.971412358433395298e+02
1.710000000000000000e+04	2.971412358433395298e+02
1.710000000000000000e+04	2.977500568629176314e+02
1.800000000000000000e+04	2.977500568629176314e+02
1.800000000000000000e+04	2.946105476451166396e+02
1.890000000000000000e+04	2.946105476451166396e+02
1.890000000000000000e+04	3.010130987428012190e+02
1.980000000000000000e+04	3.010130987428012190e+02
1.980000000000000000e+04	2.953163827222679174e+02
2.070000000000000000e+04	2.953163827222679174e+02
2.070000000000000000e+04	2.952638142637715077e+02
2.160000000000000000e+04	2.952638142637715077e+02
2.160000000000000000e+04	2.932376596787447056e+02
2.250000000000000000e+04	2.932376596787447056e+02
2.250000000000000000e+04	2.979975900562619131e+02
2.340000000000000000e+04	2.979975900562619131e+02
2.340000000000000000e+04	2.943131712987569131e+02
2.430000000000000000e+04	2.943131712987569131e+02
2.430000000000000000e+04	2.888513607981674909e+02
2.520000000000000000e+04	2.888513607981674909e+02
2.520000000000000000e+04	2.924728277422280485e+02
2.610000000000000000e+04	2.924728277422280485e+02
2.610000000000000000e+04	2.966440046478306840e+02
2.700000000000000000e+04	2.966440046478306840e+02
2.700000000000000000e+04	3.007341900522396259e+02
2.790000000000000000e+04	3.007341900522396259e+02
2.790000000000000000e+04	3.033459013587774962e+02
2.880000000000000000e+04	3.033459013587774962e+02
2.880000000000000000e+04	3.035767698520787690e+02
2.970000000000000000e+04	3.035767698520787690e+02
2.970000000000000000e+04	3.099760303045215437e+02
3.060000000000000000e+04	3.099760303045215437e+02
3.060000000000000000e+04	3.099319139492220074e+02
3.150000000000000000e+04	3.099319139492220074e+02
3.150000000000000000e+04	3.105365504820741194e+02
3.240000000000000000e+04	3.105365504820741194e+02
3.240000000000000000e+04	3.101148596742141876e+02
3.330000000000000000e+04	3.101148596742141876e+02
3.330000000000000000e+04	3.066233948950301169e+02
3.420000000000000000e+04	3.066233948950301169e+02
3.420000000000000000e+04	3.065609178690774570e+02
3.510000000000000000e+04	3.065609178690774570e+02
3.510000000000000000e+04	3.074877131599481004e+02
3.600000000000000000e+04	3.074877131599481004e+02
3.600000000000000000e+04	3.022340630142056170e+02
3.690000000000000000e+04	3.022340630142056170e+02
3.690000000000000000e+04	3.064860882421142492e+02
3.780000000000000000e+04	3.064860882421142492e+02
3.780000000000000000e+04	3.030919137902211560e+02
3.870000000000000000e+04	3.030919137902211560e+02
3.870000000000000000e+04	3.030568478850602787e+02
3.960000000000000000e+04	3.030568478850602787e+02
3.960000000000000000e+04	3.030434544010068407e+02
4.050000000000000000e+04	3.030434544010068407e+02
4.050000000000000000e+04	2.985832846175327404e+02
4.140000000000000000e+04	2.985832846175327404e+02
4.140000000000000000e+04	3.007350690072102566e+02
4.230000000000000000e+04	3.007350690072102566e+02
4.230000000000000000e+04	3.003216581584931077e+02
4.320000000000000000e+04	3.003216581584931077e+02
4.320000000000000000e+04	2.967874525785806554e+02
4.410000000000000000e+04	2.967874525785806554e+02
4.410000000000000000e+04	3.023469340578087667e+02
4.500000000000000000e+04	3.023469340578087667e+02
4.500000000000000000e+04	2.984821614746555838e+02
4.590000000000000000e+04	2.984821614746555838e+02
4.590000000000000000e+04	2.992321942976021205e+02
4.680000000000000000e+04	2.992321942976021205e+02
4.680000000000000000e+04	2.958908920579296478e+02
4.770000000000000000e+04	2.958908920579296478e+02
4.770000000000000000e+04	2.978080852737817850e+02
4.860000000000000000e+04	2.978080852737817850e+02
4.860000000000000000e+04	2.978780145466560043e+02
4.950000000000000000e+04	2.978780145466560043e+02
4.950000000000000000e+04	2.968777520644998162e+02
5.040000000000000000e+04	2.968777520644998162e+02
5.040000000000000000e+04	2.944307057556052882e+02
5.130000000000000000e+04	2.944307057556052882e+02
5.130000000000000000e+04	2.969585849716500547e+02
5.220000000000000000e+04	2.969585849716500547e+02
5.220000000000000000e+04	2.954459266636004600e+02
5.310000000000000000e+04	2.954459266636004600e+02
5.310000000000000000e+04	2.966468386421091168e+02
5.400000000000000000e+04	2.966468386421091168e+02
5.400000000000000000e+04	2.966062639122756650e+02
5.490000000000000000e+04	2.966062639122756650e+02
5.490000000000000000e+04	2.932594826138550275e+02
5.580000000000000000e+04	2.932594826138550275e+02
5.580000000000000000e+04	2.953037937171715726e+02
5.670000000000000000e+04	2.953037937171715726e+02
5.670000000000000000e+04	2.948635597826922776e+02
5.760000000000000000e+04	2.948635597826922776e+02
5.760000000000000000e+04	2.949399978759954024e+02
5.850000000000000000e+04	2.949399978759954024e+02
5.850000000000000000e+04	2.946277835907206395e+02
5.940000000000000000e+04	2.946277835907206395e+02
5.940000000000000000e+04	2.950344418333137355e+02
6.030000000000000000e+04	2.950344418333137355e+02
6.030000000000000000e+04	2.951082013256512937e+02
6.120000000000000000e+04	2.951082013256512937e+02
6.120000000000000000e+04	2.940012965823665354e+02
6.210000000000000000e+04	2.940012965823665354e+02
6.210000000000000000e+04	2.966726778520192624e+02
6.300000000000000000e+04	2.966726778520192624e+02
6.300000000000000000e+04	2.984576547182384729e+02
6.390000000000000000e+04	2.984576547182384729e+02
6.390000000000000000e+04	2.980452988007577915e+02
6.480000000000000000e+04	2.980452988007577915e+02
6.480000000000000000e+04	2.950987531547998515e+02
6.570000000000000000e+04	2.950987531547998515e+02
6.570000000000000000e+04	3.035444713190517518e+02
6.660000000000000000e+04	3.035444713190517518e+02
6.660000000000000000e+04	2.987537410503502997e+02
6.750000000000000000e+04	2.987537410503502997e+02
6.750000000000000000e+04	2.976858051160771197e+02
6.840000000000000000e+04	2.976858051160771197e+02
6.840000000000000000e+04	2.963422034538047569e+02
6.930000000000000000e+04	2.963422034538047569e+02
6.930000000000000000e+04	3.042694385466572271e+02
7.020000000000000000e+04	3.042694385466572271e+02
7.020000000000000000e+04	2.994190643533461866e+02
7.110000000000000000e+04	2.994190643533461866e+02
7.110000000000000000e+04	3.003039668648777365e+02
7.200000000000000000e+04	3.003039668648777365e+02
7.200000000000000000e+04	2.957605347858176401e+02
7.290000000000000000e+04	2.957605347858176401e+02
7.290000000000000000e+04	3.036645343150249232e+02
7.380000000000000000e+04	3.036645343150249232e+02
7.380000000000000000e+04	2.991700263318249426e+02
7.470000000000000000e+04	2.991700263318249426e+02
7.470000000000000000e+04	2.974757805307439753e+02
7.560000000000000000e+04	2.974757805307439753e+02
7.560000000000000000e+04	2.942629287255271038e+02
7.650000000000000000e+04	2.942629287255271038e+02
7.650000000000000000e+04	2.966214888346732437e+02
7.740000000000000000e+04	2.966214888346732437e+02
7.740000000000000000e+04	2.950559423223647286e+02
7.830000000000000000e+04	2.950559423223647286e+02
7.830000000000000000e+04	2.941422582405836579e+02
7.920000000000000000e+04	2.941422582405836579e+02
7.920000000000000000e+04	2.930198870999150813e+02
8.010000000000000000e+04	2.930198870999150813e+02
8.010000000000000000e+04	2.897726882414774536e+02
8.100000000000000000e+04	2.897726882414774536e+02
8.100000000000000000e+04	2.910750319342648709e+02
8.190000000000000000e+04	2.910750319342648709e+02
8.190000000000000000e+04	2.914580844734213088e+02
8.280000000000000000e+04	2.914580844734213088e+02
8.280000000000000000e+04	2.922248689339935481e+02
8.370000000000000000e+04	2.922248689339935481e+02
8.370000000000000000e+04	2.896678883933250290e+02
8.460000000000000000e+04	2.896678883933250290e+02
8.460000000000000000e+04	2.908084038873225836e+02
8.550000000000000000e+04	2.908084038873225836e+02
8.550000000000000000e+04	2.911720322302474528e+02
8.640000000000000000e+04	2.911720322302474528e+02
8.640000000000000000e+04	2.919850900678607104e+02
8.730000000000000000e+04	2.919850900678607104e+02
8.730000000000000000e+04	2.895198359779980137e+02
8.820000000000000000e+04	2.895198359779980137e+02
8.820000000000000000e+04	2.918410979642816301e+02
8.910000000000000000e+04	2.918410979642816301e+02
8.910000000000000000e+04	2.916274610772031792e+02
9.000000000000000000e+04	2.916274610772031792e+02
9.000000000000000000e+04	2.939308261401303639e+02
9.090000000000000000e+04	2.939308261401303639e+02
9.090000000000000000e+04	2.915882562532638076e+02
9.180000000000000000e+04	2.915882562532638076e+02
9.180000000000000000e+04	2.930231460970894091e+02
9.270000000000000000e+04	2.930231460970894091e+02
9.270000000000000000e+04	2.932362538362742157e+02
9.360000000000000000e+04	2.932362538362742157e+02
9.360000000000000000e+04	2.947211502640237768e+02
9.450000000000000000e+04	2.947211502640237768e+02
9.450000000000000000e+04	2.916587087273535417e+02
9.540000000000000000e+04	2.916587087273535417e+02
9.540000000000000000e+04	2.921752467448794164e+02
9.630000000000000000e+04	2.921752467448794164e+02
9.630000000000000000e+04	2.921526057803545768e+02
9.720000000000000000e+04	2.921526057803545768e+02
9.720000000000000000e+04	2.938363900365515065e+02
9.810000000000000000e+04	2.938363900365515065e+02
9.810000000000000000e+04	2.967481266207446993e+02
9.900000000000000000e+04	2.967481266207446993e+02
9.900000000000000000e+04	2.949465072625495736e+02
9.990000000000000000e+04	2.949465072625495736e+02
9.990000000000000000e+04	2.953444102148234833e+02
1.008000000000000000e+05	2.953444102148234833e+02
1.008000000000000000e+05	2.944377912800740091e+02
1.017000000000000000e+05	2.944377912800740091e+02
1.017000000000000000e+05	2.962327582262259966e+02
1.026000000000000000e+05	2.962327582262259966e+02
1.026000000000000000e+05	2.968071762449894777e+02
1.035000000000000000e+05	2.968071762449894777e+02
1.035000000000000000e+05	2.960987981398420175e+02
1.044000000000000000e+05	2.960987981398420175e+02
1.044000000000000000e+05	2.954116185538371724e+02
1.053000000000000000e+05	2.954116185538371724e+02
1.053000000000000000e+05	2.963129310812211088e+02
1.062000000000000000e+05	2.963129310812211088e+02
1.062000000000000000e+05	2.941659743427344438e+02
1.071000000000000000e+05	2.941659743427344438e+02
1.071000000000000000e+05	2.926687205685809658e+02
1.080000000000000000e+05	2.926687205685809658e+02
1.080000000000000000e+05	2.920584054218119832e+02
1.089000000000000000e+05	2.920584054218119832e+02
1.089000000000000000e+05	2.902983355016176574e+02
1.098000000000000000e+05	2.902983355016176574e+02
1.098000000000000000e+05	2.895937980342854985e+02
1.107000000000000000e+05	2.895937980342854985e+02
1.107000000000000000e+05	2.902753123962598920e+02
1.116000000000000000e+05	2.902753123962598920e+02
1.116000000000000000e+05	2.945060862331717431e+02
1.125000000000000000e+05	2.945060862331717431e+02
1.125000000000000000e+05	2.991534997552627715e+02
1.134000000000000000e+05	2.991534997552627715e+02
1.134000000000000000e+05	3.023813733411252542e+02
1.143000000000000000e+05	3.023813733411252542e+02
1.143000000000000000e+05	3.046122329867163216e+02
1.152000000000000000e+05	3.046122329867163216e+02
1.152000000000000000e+05	3.048259793852072903e+02
1.161000000000000000e+05	3.048259793852072903e+02
1.161000000000000000e+05	3.108881274136858792e+02
1.170000000000000000e+05	3.108881274136858792e+02
1.170000000000000000e+05	3.106598652154839328e+02
1.179000000000000000e+05	3.106598652154839328e+02
1.179000000000000000e+05	3.111330372106852451e+02
1.188000000000000000e+05	3.111330372106852451e+02
1.188000000000000000e+05	3.106663334890593546e+02
1.197000000000000000e+05	3.106663334890593546e+02
1.197000000000000000e+05	3.034586532382032829e+02
1.206000000000000000e+05	3.034586532382032829e+02
1.206000000000000000e+05	3.075621634826145510e+02
1.215000000000000000e+05	3.075621634826145510e+02
1.215000000000000000e+05	3.052731726434417396e+02
1.224000000000000000e+05	3.052731726434417396e+02
1.224000000000000000e+05	3.060241612715911970e+02
1.233000000000000000e+05	3.060241612715911970e+02
1.233000000000000000e+05	2.984743605050848601e+02
1.242000000000000000e+05	2.984743605050848601e+02
1.242000000000000000e+05	2.980465376230534957e+02
1.251000000000000000e+05	2.980465376230534957e+02
1.251000000000000000e+05	2.971241805490949446e+02
1.260000000000000000e+05	2.971241805490949446e+02
1.260000000000000000e+05	2.970408858319217416e+02
1.269000000000000000e+05	2.970408858319217416e+02
1.269000000000000000e+05	3.057388711321358983e+02
1.278000000000000000e+05	3.057388711321358983e+02
1.278000000000000000e+05	2.993771821303710681e+02
1.287000000000000000e+05	2.993771821303710681e+02
1.287000000000000000e+05	3.000366774391864055e+02
1.296000000000000000e+05	3.000366774391864055e+02
1.296000000000000000e+05	2.982301606011735657e+02
1.305000000000000000e+05	2.982301606011735657e+02
1.305000000000000000e+05	2.986956220972582514e+02
1.314000000000000000e+05	2.986956220972582514e+02
1.314000000000000000e+05	2.985018048943395570e+02
1.323000000000000000e+05	2.985018048943395570e+02
1.323000000000000000e+05	2.985216838515721065e+02
1.332000000000000000e+05	2.985216838515721065e+02
1.332000000000000000e+05	2.996186946024463396e+02
1.341000000000000000e+05	2.996186946024463396e+02
1.341000000000000000e+05	2.944972458733012104e+02
1.350000000000000000e+05	2.944972458733012104e+02
1.350000000000000000e+05	2.967412417814791183e+02
1.359000000000000000e+05	2.967412417814791183e+02
1.359000000000000000e+05	2.969281622797129785e+02
1.368000000000000000e+05	2.969281622797129785e+02
1.368000000000000000e+05	2.966667409109110736e+02
1.377000000000000000e+05	2.966667409109110736e+02
1.377000000000000000e+05	2.949934275887027866e+02
1.386000000000000000e+05	2.949934275887027866e+02
1.386000000000000000e+05	2.965660149377779931e+02
1.395000000000000000e+05	2.965660149377779931e+02
1.395000000000000000e+05	2.957967886113350460e+02
1.404000000000000000e+05	2.957967886113350460e+02
1.404000000000000000e+05	2.957200766823883100e+02
1.413000000000000000e+05	2.957200766823883100e+02
1.413000000000000000e+05	2.953918194372187713e+02
1.422000000000000000e+05	2.953918194372187713e+02
1.422000000000000000e+05	2.953282064903690411e+02
1.431000000000000000e+05	2.953282064903690411e+02
1.431000000000000000e+05	2.951513548593378005e+02
1.440000000000000000e+05	2.951513548593378005e+02
1.440000000000000000e+05	2.948341521189836953e+02
1.449000000000000000e+05	2.948341521189836953e+02
1.449000000000000000e+05	2.935476077186885959e+02
1.458000000000000000e+05	2.935476077186885959e+02
1.458000000000000000e+05	2.943727106057226024e+02
1.467000000000000000e+05	2.943727106057226024e+02
1.467000000000000000e+05	2.942277964158324153e+02
1.476000000000000000e+05	2.942277964158324153e+02
1.476000000000000000e+05	2.938376474958318454e+02
1.485000000000000000e+05	2.938376474958318454e+02
1.485000000000000000e+05	2.965975645192179400e+02
1.494000000000000000e+05	2.965975645192179400e+02
1.494000000000000000e+05	2.951040335311322451e+02
1.503000000000000000e+05	2.951040335311322451e+02
1.503000000000000000e+05	2.988536227201973361e+02
1.512000000000000000e+05	2.988536227201973361e+02
1.512000000000000000e+05	2.963998959286316790e+02
1.521000000000000000e+05	2.963998959286316790e+02
1.521000000000000000e+05	2.980896154511695499e+02
1.530000000000000000e+05	2.980896154511695499e+02
1.530000000000000000e+05	2.963213388450891443e+02
1.539000000000000000e+05	2.963213388450891443e+02
1.539000000000000000e+05	2.987773552129133350e+02
1.548000000000000000e+05	2.987773552129133350e+02
1.548000000000000000e+05	2.967795250701445866e+02
1.557000000000000000e+05	2.967795250701445866e+02
1.557000000000000000e+05	2.954450666586798775e+02
1.566000000000000000e+05	2.954450666586798775e+02
1.566000000000000000e+05	2.970645523712542513e+02
1.575000000000000000e+05	2.970645523712542513e+02
1.575000000000000000e+05	2.964782479946034641e+02
1.584000000000000000e+05	2.964782479946034641e+02
1.584000000000000000e+05	2.941014047208344095e+02
1.593000000000000000e+05	2.941014047208344095e+02
1.593000000000000000e+05	3.001070593974578742e+02
1.602000000000000000e+05	3.001070593974578742e+02
1.602000000000000000e+05	2.969586331820502210e+02
1.611000000000000000e+05	2.969586331820502210e+02
1.611000000000000000e+05	2.958177382213306146e+02
1.620000000000000000e+05	2.958177382213306146e+02
1.620000000000000000e+05	2.944453132865072007e+02
1.629000000000000000e+05	2.944453132865072007e+02
1.629000000000000000e+05	2.967631112606952684e+02
1.638000000000000000e+05	2.967631112606952684e+02
1.638000000000000000e+05	2.951879742033384559e+02
1.647000000000000000e+05	2.951879742033384559e+02
1.647000000000000000e+05	2.945261133964043552e+02
1.656000000000000000e+05	2.945261133964043552e+02
1.656000000000000000e+05	2.931528024552958982e+02
1.665000000000000000e+05	2.931528024552958982e+02
1.665000000000000000e+05	2.899029633557795478e+02
1.674000000000000000e+05	2.899029633557795478e+02
1.674000000000000000e+05	2.912063272006516286e+02
1.683000000000000000e+05	2.912063272006516286e+02
1.683000000000000000e+05	2.915912771990705892e+02
1.692000000000000000e+05	2.915912771990705892e+02
1.692000000000000000e+05	2.923905329905470012e+02
1.701000000000000000e+05	2.923905329905470012e+02
1.701000000000000000e+05	2.898123844957104325e+02
1.710000000000000000e+05	2.898123844957104325e+02
1.710000000000000000e+05	2.909661277663524288e+02
1.719000000000000000e+05	2.909661277663524288e+02
1.719000000000000000e+05	2.913364753799222058e+02
1.728000000000000000e+05	2.913364753799222058e+02
1.728000000000000000e+05	2.921935864663203688e+02
1.737000000000000000e+05	2.921935864663203688e+02
1.737000000000000000e+05	2.896819256105715681e+02
1.746000000000000000e+05	2.896819256105715681e+02
1.746000000000000000e+05	2.908101690406348325e+02
1.755000000000000000e+05	2.908101690406348325e+02
1.755000000000000000e+05	2.911740066707525898e+02
1.764000000000000000e+05	2.911740066707525898e+02
1.764000000000000000e+05	2.920277082473702990e+02
1.773000000000000000e+05	2.920277082473702990e+02
1.773000000000000000e+05	2.895476564996277489e+02
1.782000000000000000e+05	2.895476564996277489e+02
1.782000000000000000e+05	2.906601436028901730e+02
1.791000000000000000e+05	2.906601436028901730e+02
1.791000000000000000e+05	2.910185422429027540e+02
1.800000000000000000e+05	2.910185422429027540e+02
1.800000000000000000e+05	2.918640442755329900e+02
1.809000000000000000e+05	2.918640442755329900e+02
1.809000000000000000e+05	2.894078092939015505e+02
1.818000000000000000e+05	2.894078092939015505e+02
1.818000000000000000e+05	2.926968119614601278e+02
1.827000000000000000e+05	2.926968119614601278e+02
1.827000000000000000e+05	2.917688231458668042e+02
1.836000000000000000e+05	2.917688231458668042e+02
1.836000000000000000e+05	2.919448822843363018e+02
1.845000000000000000e+05	2.919448822843363018e+02
1.845000000000000000e+05	2.934831010466397174e+02
1.854000000000000000e+05	2.934831010466397174e+02
1.854000000000000000e+05	2.924326900295571932e+02
1.863000000000000000e+05	2.924326900295571932e+02
1.863000000000000000e+05	2.919612618884675044e+02
1.872000000000000000e+05	2.919612618884675044e+02
1.872000000000000000e+05	2.932432247410088735e+02
1.881000000000000000e+05	2.932432247410088735e+02
1.881000000000000000e+05	2.896137319438286681e+02
1.890000000000000000e+05	2.896137319438286681e+02
1.890000000000000000e+05	2.904940409022470362e+02
1.899000000000000000e+05	2.904940409022470362e+02
1.899000000000000000e+05	2.907715072705445323e+02
1.908000000000000000e+05	2.907715072705445323e+02
1.908000000000000000e+05	2.915514105740075479e+02
1.917000000000000000e+05	2.915514105740075479e+02
1.917000000000000000e+05	2.958485322185002815e+02
1.926000000000000000e+05	2.958485322185002815e+02
1.926000000000000000e+05	2.954325672366343838e+02
1.935000000000000000e+05	2.954325672366343838e+02
1.935000000000000000e+05	2.927008043606560364e+02
1.944000000000000000e+05	2.927008043606560364e+02
1.944000000000000000e+05	2.931198048221201589e+02
1.953000000000000000e+05	2.931198048221201589e+02
1.953000000000000000e+05	2.925281867818709998e+02
1.962000000000000000e+05	2.925281867818709998e+02
1.962000000000000000e+05	2.908172984790103897e+02
1.971000000000000000e+05	2.908172984790103897e+02
1.971000000000000000e+05	2.913373443257005420e+02
1.980000000000000000e+05	2.913373443257005420e+02
1.980000000000000000e+05	2.927431543341992892e+02
1.989000000000000000e+05	2.927431543341992892e+02
1.989000000000000000e+05	2.984105916113717853e+02
1.998000000000000000e+05	2.984105916113717853e+02
1.998000000000000000e+05	3.017359265583133379e+02
2.007000000000000000e+05	3.017359265583133379e+02
2.007000000000000000e+05	3.041067661069131418e+02
2.016000000000000000e+05	3.041067661069131418e+02
2.016000000000000000e+05	3.043527520874533820e+02
2.025000000000000000e+05	3.043527520874533820e+02
2.025000000000000000e+05	3.107016604769116839e+02
2.034000000000000000e+05	3.107016604769116839e+02
2.034000000000000000e+05	3.105202197857245778e+02
2.043000000000000000e+05	3.105202197857245778e+02
2.043000000000000000e+05	3.110459239247880419e+02
2.052000000000000000e+05	3.110459239247880419e+02
2.052000000000000000e+05	3.041481862082484895e+02
2.061000000000000000e+05	3.041481862082484895e+02
2.061000000000000000e+05	3.087895409194206877e+02
2.070000000000000000e+05	3.087895409194206877e+02
2.070000000000000000e+05	3.058320992767751818e+02
2.079000000000000000e+05	3.058320992767751818e+02
2.079000000000000000e+05	3.056923516417425049e+02
2.088000000000000000e+05	3.056923516417425049e+02
2.088000000000000000e+05	3.044599303582380116e+02
2.097000000000000000e+05	3.044599303582380116e+02
2.097000000000000000e+05	3.019318763459269803e+02
2.106000000000000000e+05	3.019318763459269803e+02
2.106000000000000000e+05	3.002199587562544707e+02
2.115000000000000000e+05	3.002199587562544707e+02
2.115000000000000000e+05	3.033053070648001608e+02
2.124000000000000000e+05	3.033053070648001608e+02
2.124000000000000000e+05	3.012077763971813056e+02
2.133000000000000000e+05	3.012077763971813056e+02
2.133000000000000000e+05	3.002017061494918266e+02
2.142000000000000000e+05	3.002017061494918266e+02
2.142000000000000000e+05	2.999519439812402197e+02
2.151000000000000000e+05	2.999519439812402197e+02
2.151000000000000000e+05	2.998013747350880749e+02
2.160000000000000000e+05	2.998013747350880749e+02
2.160000000000000000e+05	2.984594418184274787e+02
2.169000000000000000e+05	2.984594418184274787e+02
2.169000000000000000e+05	2.987778412269960313e+02
2.178000000000000000e+05	2.987778412269960313e+02
2.178000000000000000e+05	2.989883553365215221e+02
2.187000000000000000e+05	2.989883553365215221e+02
2.187000000000000000e+05	2.990512294119241687e+02
2.196000000000000000e+05	2.990512294119241687e+02
2.196000000000000000e+05	2.996621847226604700e+02
2.205000000000000000e+05	2.996621847226604700e+02
2.205000000000000000e+05	2.955444547192277582e+02
2.214000000000000000e+05	2.955444547192277582e+02
2.214000000000000000e+05	2.980967756874930501e+02
2.223000000000000000e+05	2.980967756874930501e+02
2.223000000000000000e+05	2.977644887855157094e+02
2.232000000000000000e+05	2.977644887855157094e+02
2.232000000000000000e+05	2.961405898010179953e+02
2.241000000000000000e+05	2.961405898010179953e+02
2.241000000000000000e+05	2.979587788382480085e+02
2.250000000000000000e+05	2.979587788382480085e+02
2.250000000000000000e+05	2.962559284930055128e+02
2.259000000000000000e+05	2.962559284930055128e+02
2.259000000000000000e+05	2.982559950025354283e+02
2.268000000000000000e+05	2.982559950025354283e+02
2.268000000000000000e+05	2.966554048862760169e+02
2.277000000000000000e+05	2.966554048862760169e+02
2.277000000000000000e+05	2.967092673403652725e+02
2.286000000000000000e+05	2.967092673403652725e+02
2.286000000000000000e+05	2.965271407715675309e+02
2.295000000000000000e+05	2.965271407715675309e+02
2.295000000000000000e+05	2.963394866378577603e+02
2.304000000000000000e+05	2.963394866378577603e+02
2.304000000000000000e+05	2.943891134056490273e+02
2.313000000000000000e+05	2.943891134056490273e+02
2.313000000000000000e+05	2.968720686412083296e+02
2.322000000000000000e+05	2.968720686412083296e+02
2.322000000000000000e+05	2.953462201658029471e+02
2.331000000000000000e+05	2.953462201658029471e+02
2.331000000000000000e+05	2.977830409648000227e+02
2.340000000000000000e+05	2.977830409648000227e+02
2.340000000000000000e+05	2.984582653682410864e+02
2.349000000000000000e+05	2.984582653682410864e+02
2.349000000000000000e+05	2.939164142345919686e+02
2.358000000000000000e+05	2.939164142345919686e+02
2.358000000000000000e+05	2.980093138899187579e+02
2.367000000000000000e+05	2.980093138899187579e+02
2.367000000000000000e+05	2.972160524136907043e+02
2.376000000000000000e+05	2.972160524136907043e+02
2.376000000000000000e+05	2.951744184039409902e+02
2.385000000000000000e+05	2.951744184039409902e+02
2.385000000000000000e+05	3.026257095161772099e+02
2.394000000000000000e+05	3.026257095161772099e+02
2.394000000000000000e+05	2.980413388487507405e+02
2.403000000000000000e+05	2.980413388487507405e+02
2.403000000000000000e+05	2.983975713533196199e+02
2.412000000000000000e+05	2.983975713533196199e+02
2.412000000000000000e+05	2.959698442568378596e+02
2.421000000000000000e+05	2.959698442568378596e+02
2.421000000000000000e+05	3.034812141494829234e+02
2.430000000000000000e+05	3.034812141494829234e+02
2.430000000000000000e+05	2.987394441503483904e+02
2.439000000000000000e+05	2.987394441503483904e+02
2.439000000000000000e+05	2.995084433359483000e+02
2.448000000000000000e+05	2.995084433359483000e+02
2.448000000000000000e+05	2.960280187442048145e+02
2.457000000000000000e+05	2.960280187442048145e+02
2.457000000000000000e+05	3.006110423847160860e+02
2.466000000000000000e+05	3.006110423847160860e+02
2.466000000000000000e+05	2.975733029419199624e+02
2.475000000000000000e+05	2.975733029419199624e+02
2.475000000000000000e+05	2.963494175763235603e+02
2.484000000000000000e+05	2.963494175763235603e+02
2.484000000000000000e+05	2.939170866911673556e+02
2.493000000000000000e+05	2.939170866911673556e+02
2.493000000000000000e+05	2.964109377011125730e+02
2.502000000000000000e+05	2.964109377011125730e+02
2.502000000000000000e+05	2.948838419965462663e+02
2.511000000000000000e+05	2.948838419965462663e+02
2.511000000000000000e+05	2.937779012063095365e+02
2.520000000000000000e+05	2.937779012063095365e+02
2.520000000000000000e+05	2.929295808850751541e+02
2.529000000000000000e+05	2.929295808850751541e+02
2.529000000000000000e+05	2.897318103713722621e+02
2.538000000000000000e+05	2.897318103713722621e+02
2.538000000000000000e+05	2.910491441149623029e+02
2.547000000000000000e+05	2.910491441149623029e+02
2.547000000000000000e+05	2.914465794611105594e+02
2.556000000000000000e+05	2.914465794611105594e+02
2.556000000000000000e+05	2.922808303139423174e+02
2.565000000000000000e+05	2.922808303139423174e+02
2.565000000000000000e+05	2.896465046877738700e+02
2.574000000000000000e+05	2.896465046877738700e+02
2.574000000000000000e+05	2.908276946619919840e+02
2.583000000000000000e+05	2.908276946619919840e+02
2.583000000000000000e+05	2.912068547603792013e+02
2.592000000000000000e+05	2.912068547603792013e+02
2.592000000000000000e+05	2.920709725161700021e+02
2.601000000000000000e+05	2.920709725161700021e+02
2.601000000000000000e+05	2.895188642670260037e+02
2.610000000000000000e+05	2.895188642670260037e+02
2.610000000000000000e+05	2.906654162812650384e+02
2.619000000000000000e+05	2.906654162812650384e+02
2.619000000000000000e+05	2.910346039440346999e+02
2.628000000000000000e+05	2.910346039440346999e+02
2.628000000000000000e+05	2.918870284247082054e+02
2.637000000000000000e+05	2.918870284247082054e+02
2.637000000000000000e+05	2.903486571866553163e+02
2.646000000000000000e+05	2.903486571866553163e+02
2.646000000000000000e+05	2.921049873856841828e+02
2.655000000000000000e+05	2.921049873856841828e+02
2.655000000000000000e+05	2.919950613053674147e+02
2.664000000000000000e+05	2.919950613053674147e+02
2.664000000000000000e+05	2.919583625008066861e+02
2.673000000000000000e+05	2.919583625008066861e+02
2.673000000000000000e+05	2.940748211279404245e+02
2.682000000000000000e+05	2.940748211279404245e+02
2.682000000000000000e+05	2.931975204670246171e+02
2.691000000000000000e+05	2.931975204670246171e+02
2.691000000000000000e+05	2.934267167426615401e+02
2.700000000000000000e+05	2.934267167426615401e+02
2.700000000000000000e+05	2.931114525151446628e+02
2.709000000000000000e+05	2.931114525151446628e+02
2.709000000000000000e+05	2.896766944170261127e+02
2.718000000000000000e+05	2.896766944170261127e+02
2.718000000000000000e+05	2.907931512242627150e+02
2.727000000000000000e+05	2.907931512242627150e+02
2.727000000000000000e+05	2.910618164873102387e+02
2.736000000000000000e+05	2.910618164873102387e+02
2.736000000000000000e+05	2.915121183681185926e+02
2.745000000000000000e+05	2.915121183681185926e+02
2.745000000000000000e+05	2.997487331301032327e+02
2.754000000000000000e+05	2.997487331301032327e+02
2.754000000000000000e+05	2.960835513407286044e+02
2.763000000000000000e+05	2.960835513407286044e+02
2.763000000000000000e+05	2.958064971872249771e+02
2.772000000000000000e+05	2.958064971872249771e+02
2.772000000000000000e+05	2.949445792359379652e+02
2.781000000000000000e+05	2.949445792359379652e+02
2.781000000000000000e+05	2.960897786011045127e+02
2.790000000000000000e+05	2.960897786011045127e+02
2.790000000000000000e+05	2.940692750898952568e+02
2.799000000000000000e+05	2.940692750898952568e+02
2.799000000000000000e+05	2.935546728350075796e+02
2.808000000000000000e+05	2.935546728350075796e+02
2.808000000000000000e+05	2.924880131357681421e+02
2.817000000000000000e+05	2.924880131357681421e+02
2.817000000000000000e+05	2.937316272146656502e+02
2.826000000000000000e+05	2.937316272146656502e+02
2.826000000000000000e+05	2.941499999999998636e+02
2.835000000000000000e+05	2.941499999999998636e+02
2.835000000000000000e+05	2.881499999999999773e+02
2.844000000000000000e+05	2.881499999999999773e+02
2.844000000000000000e+05	2.937527830208182422e+02
2.853000000000000000e+05	2.937527830208182422e+02
2.853000000000000000e+05	2.907165585924448692e+02
2.862000000000000000e+05	2.907165585924448692e+02
2.862000000000000000e+05	2.978301412274756785e+02
2.871000000000000000e+05	2.978301412274756785e+02
2.871000000000000000e+05	3.013735200343613201e+02
2.880000000000000000e+05	3.013735200343613201e+02
2.880000000000000000e+05	3.015584326782997664e+02
2.889000000000000000e+05	3.015584326782997664e+02
2.889000000000000000e+05	3.105615329209107927e+02
2.898000000000000000e+05	3.105615329209107927e+02
2.898000000000000000e+05	3.035240268659823641e+02
2.907000000000000000e+05	3.035240268659823641e+02
2.907000000000000000e+05	3.069921243747027120e+02
2.916000000000000000e+05	3.069921243747027120e+02
2.916000000000000000e+05	3.059925428977618367e+02
2.925000000000000000e+05	3.059925428977618367e+02
2.925000000000000000e+05	3.083166620982441373e+02
2.934000000000000000e+05	3.083166620982441373e+02
2.934000000000000000e+05	3.087895409194155150e+02
2.943000000000000000e+05	3.087895409194155150e+02
2.943000000000000000e+05	3.078955938804808170e+02
2.952000000000000000e+05	3.078955938804808170e+02
2.952000000000000000e+05	3.071317268767710402e+02
2.961000000000000000e+05	3.071317268767710402e+02
2.961000000000000000e+05	2.978385420336480252e+02
2.970000000000000000e+05	2.978385420336480252e+02
2.970000000000000000e+05	2.978775660793895668e+02
2.979000000000000000e+05	2.978775660793895668e+02
2.979000000000000000e+05	2.970295079724849643e+02
2.988000000000000000e+05	2.970295079724849643e+02
2.988000000000000000e+05	2.969444636378654536e+02
2.997000000000000000e+05	2.969444636378654536e+02
2.997000000000000000e+05	3.057357068224546310e+02
3.006000000000000000e+05	3.057357068224546310e+02
3.006000000000000000e+05	3.033325322329064875e+02
3.015000000000000000e+05	3.033325322329064875e+02
3.015000000000000000e+05	3.012469952610415476e+02
3.024000000000000000e+05	3.012469952610415476e+02
3.024000000000000000e+05	3.012427377667752921e+02
3.033000000000000000e+05	3.012427377667752921e+02
3.033000000000000000e+05	2.983523595319320521e+02
3.042000000000000000e+05	2.983523595319320521e+02
3.042000000000000000e+05	3.002612532564030516e+02
3.051000000000000000e+05	3.002612532564030516e+02
3.051000000000000000e+05	3.000033207154970114e+02
3.060000000000000000e+05	3.000033207154970114e+02
3.060000000000000000e+05	2.980140622693765522e+02
3.069000000000000000e+05	2.980140622693765522e+02
3.069000000000000000e+05	2.986643301770189396e+02
3.078000000000000000e+05	2.986643301770189396e+02
3.078000000000000000e+05	2.982382089462905697e+02
3.087000000000000000e+05	2.982382089462905697e+02
3.087000000000000000e+05	2.982312255176263420e+02
3.096000000000000000e+05	2.982312255176263420e+02
3.096000000000000000e+05	2.950088931673236061e+02
3.105000000000000000e+05	2.950088931673236061e+02
3.105000000000000000e+05	3.013579795789318041e+02
3.114000000000000000e+05	3.013579795789318041e+02
3.114000000000000000e+05	2.971746528974458670e+02
3.123000000000000000e+05	2.971746528974458670e+02
3.123000000000000000e+05	2.977689318830908292e+02
3.132000000000000000e+05	2.977689318830908292e+02
3.132000000000000000e+05	2.943137472663826202e+02
3.141000000000000000e+05	2.943137472663826202e+02
3.141000000000000000e+05	3.024541749329497407e+02
3.150000000000000000e+05	3.024541749329497407e+02
3.150000000000000000e+05	2.966596588227389475e+02
3.159000000000000000e+05	2.966596588227389475e+02
3.159000000000000000e+05	2.973438043978703718e+02
3.168000000000000000e+05	2.973438043978703718e+02
3.168000000000000000e+05	2.940368973861816357e+02
3.177000000000000000e+05	2.940368973861816357e+02
3.177000000000000000e+05	3.020636483637010770e+02
3.186000000000000000e+05	3.020636483637010770e+02
3.186000000000000000e+05	2.965745888024667920e+02
3.195000000000000000e+05	2.965745888024667920e+02
3.195000000000000000e+05	2.964051283271892885e+02
3.204000000000000000e+05	2.964051283271892885e+02
3.204000000000000000e+05	2.965210259797399317e+02
3.213000000000000000e+05	2.965210259797399317e+02
3.213000000000000000e+05	3.004067162208239665e+02
3.222000000000000000e+05	3.004067162208239665e+02
3.222000000000000000e+05	2.986149586097740780e+02
3.231000000000000000e+05	2.986149586097740780e+02
3.231000000000000000e+05	3.003075640609268930e+02
3.240000000000000000e+05	3.003075640609268930e+02
3.240000000000000000e+05	2.992412051857648976e+02
3.249000000000000000e+05	2.992412051857648976e+02
3.249000000000000000e+05	2.986683925618585818e+02
3.258000000000000000e+05	2.986683925618585818e+02
3.258000000000000000e+05	2.985373235373851344e+02
3.267000000000000000e+05	2.985373235373851344e+02
3.267000000000000000e+05	2.982491064814527135e+02
3.276000000000000000e+05	2.982491064814527135e+02
3.276000000000000000e+05	2.992626951010317384e+02
3.285000000000000000e+05	2.992626951010317384e+02
3.285000000000000000e+05	2.945224700618616112e+02
3.294000000000000000e+05	2.945224700618616112e+02
3.294000000000000000e+05	2.975719642832293061e+02
3.303000000000000000e+05	2.975719642832293061e+02
3.303000000000000000e+05	2.976567019942312413e+02
3.312000000000000000e+05	2.976567019942312413e+02
3.312000000000000000e+05	2.951287522515117416e+02
3.321000000000000000e+05	2.951287522515117416e+02
3.321000000000000000e+05	3.007453794831214964e+02
3.330000000000000000e+05	3.007453794831214964e+02
3.330000000000000000e+05	2.974863297770046984e+02
3.339000000000000000e+05	2.974863297770046984e+02
3.339000000000000000e+05	2.962444488650663175e+02
3.348000000000000000e+05	2.962444488650663175e+02
3.348000000000000000e+05	2.945430721626514696e+02
3.357000000000000000e+05	2.945430721626514696e+02
3.357000000000000000e+05	2.968134194736396694e+02
3.366000000000000000e+05	2.968134194736396694e+02
3.366000000000000000e+05	2.952246490932120082e+02
3.375000000000000000e+05	2.952246490932120082e+02
3.375000000000000000e+05	2.945688335801085600e+02
3.384000000000000000e+05	2.945688335801085600e+02
3.384000000000000000e+05	2.931559411924475853e+02
3.393000000000000000e+05	2.931559411924475853e+02
3.393000000000000000e+05	2.898887744418941566e+02
3.402000000000000000e+05	2.898887744418941566e+02
3.402000000000000000e+05	2.911870582945647357e+02
3.411000000000000000e+05	2.911870582945647357e+02
3.411000000000000000e+05	2.915671297308639396e+02
3.420000000000000000e+05	2.915671297308639396e+02
3.420000000000000000e+05	2.923401312685894027e+02
3.429000000000000000e+05	2.923401312685894027e+02
3.429000000000000000e+05	2.897902194421643571e+02
3.438000000000000000e+05	2.897902194421643571e+02
3.438000000000000000e+05	2.909290434030564825e+02
3.447000000000000000e+05	2.909290434030564825e+02
3.447000000000000000e+05	2.912935689569212627e+02
3.456000000000000000e+05	2.912935689569212627e+02
3.456000000000000000e+05	2.921288577680553544e+02
3.465000000000000000e+05	2.921288577680553544e+02
3.465000000000000000e+05	2.896511901439118333e+02
3.474000000000000000e+05	2.896511901439118333e+02
3.474000000000000000e+05	2.907620153630516029e+02
3.483000000000000000e+05	2.907620153630516029e+02
3.483000000000000000e+05	2.911193640190864471e+02
3.492000000000000000e+05	2.911193640190864471e+02
3.492000000000000000e+05	2.919518760813300560e+02
3.501000000000000000e+05	2.919518760813300560e+02
3.501000000000000000e+05	2.895798617429695696e+02
3.510000000000000000e+05	2.895798617429695696e+02
3.510000000000000000e+05	2.907121477049165037e+02
3.519000000000000000e+05	2.907121477049165037e+02
3.519000000000000000e+05	2.910200953597339435e+02
3.528000000000000000e+05	2.910200953597339435e+02
3.528000000000000000e+05	2.919154421746853814e+02
3.537000000000000000e+05	2.919154421746853814e+02
3.537000000000000000e+05	2.897046438598059694e+02
3.546000000000000000e+05	2.897046438598059694e+02
3.546000000000000000e+05	2.907282026811959099e+02
3.555000000000000000e+05	2.907282026811959099e+02
3.555000000000000000e+05	2.914770575522884997e+02
3.564000000000000000e+05	2.914770575522884997e+02
3.564000000000000000e+05	2.921181026529666269e+02
3.573000000000000000e+05	2.921181026529666269e+02
3.573000000000000000e+05	2.953630462476380103e+02
3.582000000000000000e+05	2.953630462476380103e+02
3.582000000000000000e+05	2.937138752260365209e+02
3.591000000000000000e+05	2.937138752260365209e+02
3.591000000000000000e+05	2.924442877467909625e+02
3.600000000000000000e+05	2.924442877467909625e+02
3.600000000000000000e+05	2.921609498781429011e+02
3.609000000000000000e+05	2.921609498781429011e+02
3.609000000000000000e+05	2.890344066345088549e+02
3.618000000000000000e+05	2.890344066345088549e+02
3.618000000000000000e+05	2.902780298033304689e+02
3.627000000000000000e+05	2.902780298033304689e+02
3.627000000000000000e+05	2.906319111022089032e+02
3.636000000000000000e+05	2.906319111022089032e+02
3.636000000000000000e+05	2.913407395910278979e+02
3.645000000000000000e+05	2.913407395910278979e+02
3.645000000000000000e+05	2.994272521774660163e+02
3.654000000000000000e+05	2.994272521774660163e+02
3.654000000000000000e+05	2.950070113012830575e+02
3.663000000000000000e+05	2.950070113012830575e+02
3.663000000000000000e+05	2.935333785371151407e+02
3.672000000000000000e+05	2.935333785371151407e+02
3.672000000000000000e+05	2.924549799565156150e+02
3.681000000000000000e+05	2.924549799565156150e+02
3.681000000000000000e+05	2.963519084279483309e+02
3.690000000000000000e+05	2.963519084279483309e+02
3.690000000000000000e+05	2.932410911069416670e+02
3.699000000000000000e+05	2.932410911069416670e+02
3.699000000000000000e+05	2.893934182098113865e+02
3.708000000000000000e+05	2.893934182098113865e+02
3.708000000000000000e+05	2.952287387134226719e+02
3.717000000000000000e+05	2.952287387134226719e+02
3.717000000000000000e+05	2.965053895946055604e+02
3.726000000000000000e+05	2.965053895946055604e+02
3.726000000000000000e+05	3.011479056765564337e+02
3.735000000000000000e+05	3.011479056765564337e+02
3.735000000000000000e+05	3.038039535299506610e+02
3.744000000000000000e+05	3.038039535299506610e+02
3.744000000000000000e+05	3.039459200291518641e+02
3.753000000000000000e+05	3.039459200291518641e+02
3.753000000000000000e+05	3.109952346734957587e+02
3.762000000000000000e+05	3.109952346734957587e+02
3.762000000000000000e+05	3.105941109307418060e+02
3.771000000000000000e+05	3.105941109307418060e+02
3.771000000000000000e+05	3.110677212881629430e+02
3.780000000000000000e+05	3.110677212881629430e+02
3.780000000000000000e+05	3.042110987874598322e+02
3.789000000000000000e+05	3.042110987874598322e+02
3.789000000000000000e+05	3.069315394234567975e+02
3.798000000000000000e+05	3.069315394234567975e+02
3.798000000000000000e+05	3.084993677823916869e+02
3.807000000000000000e+05	3.084993677823916869e+02
3.807000000000000000e+05	3.060436975444630434e+02
3.816000000000000000e+05	3.060436975444630434e+02
3.816000000000000000e+05	3.047233618634815002e+02
3.825000000000000000e+05	3.047233618634815002e+02
3.825000000000000000e+05	2.966454703291929604e+02
3.834000000000000000e+05	2.966454703291929604e+02
3.834000000000000000e+05	2.968462424606416903e+02
3.843000000000000000e+05	2.968462424606416903e+02
3.843000000000000000e+05	2.961934684445790253e+02
3.852000000000000000e+05	2.961934684445790253e+02
3.852000000000000000e+05	2.961521467940717685e+02
3.861000000000000000e+05	2.961521467940717685e+02
3.861000000000000000e+05	3.053870962217038141e+02
3.870000000000000000e+05	3.053870962217038141e+02
3.870000000000000000e+05	3.041501645055012659e+02
3.879000000000000000e+05	3.041501645055012659e+02
3.879000000000000000e+05	3.011891853111339401e+02
3.888000000000000000e+05	3.011891853111339401e+02
3.888000000000000000e+05	3.002241601971842897e+02
3.897000000000000000e+05	3.002241601971842897e+02
3.897000000000000000e+05	3.005265703484186588e+02
3.906000000000000000e+05	3.005265703484186588e+02
3.906000000000000000e+05	2.984327006489240262e+02
3.915000000000000000e+05	2.984327006489240262e+02
3.915000000000000000e+05	3.017776209521389319e+02
3.924000000000000000e+05	3.017776209521389319e+02
3.924000000000000000e+05	2.997070565340549138e+02
3.933000000000000000e+05	2.997070565340549138e+02
3.933000000000000000e+05	2.994325973097261340e+02
3.942000000000000000e+05	2.994325973097261340e+02
3.942000000000000000e+05	2.975692068690299266e+02
3.951000000000000000e+05	2.975692068690299266e+02
3.951000000000000000e+05	3.003535641806353169e+02
3.960000000000000000e+05	3.003535641806353169e+02
3.960000000000000000e+05	2.976734463891191922e+02
3.969000000000000000e+05	2.976734463891191922e+02
3.969000000000000000e+05	2.995380796849123612e+02
3.978000000000000000e+05	2.995380796849123612e+02
3.978000000000000000e+05	2.984860071176171914e+02
3.987000000000000000e+05	2.984860071176171914e+02
3.987000000000000000e+05	2.985969353002678304e+02
3.996000000000000000e+05	2.985969353002678304e+02
3.996000000000000000e+05	2.947225811029089755e+02
4.005000000000000000e+05	2.947225811029089755e+02
4.005000000000000000e+05	3.034306578844104365e+02
4.014000000000000000e+05	3.034306578844104365e+02
4.014000000000000000e+05	2.979991652651075356e+02
4.023000000000000000e+05	2.979991652651075356e+02
4.023000000000000000e+05	2.981555435784826500e+02
4.032000000000000000e+05	2.981555435784826500e+02
4.032000000000000000e+05	2.959429227801427373e+02
4.041000000000000000e+05	2.959429227801427373e+02
4.041000000000000000e+05	3.014180577937771091e+02
4.050000000000000000e+05	3.014180577937771091e+02
4.050000000000000000e+05	2.975416238855096367e+02
4.059000000000000000e+05	2.975416238855096367e+02
4.059000000000000000e+05	2.980778120368036639e+02
4.068000000000000000e+05	2.980778120368036639e+02
4.068000000000000000e+05	2.955033397844786691e+02
4.077000000000000000e+05	2.955033397844786691e+02
4.077000000000000000e+05	3.032513321750287218e+02
4.086000000000000000e+05	3.032513321750287218e+02
4.086000000000000000e+05	2.993413735775446867e+02
4.095000000000000000e+05	2.993413735775446867e+02
4.095000000000000000e+05	3.005547976312199694e+02
4.104000000000000000e+05	3.005547976312199694e+02
4.104000000000000000e+05	2.998375276221155445e+02
4.113000000000000000e+05	2.998375276221155445e+02
4.113000000000000000e+05	2.994033897752265148e+02
4.122000000000000000e+05	2.994033897752265148e+02
4.122000000000000000e+05	3.006600820896295545e+02
4.131000000000000000e+05	3.006600820896295545e+02
4.131000000000000000e+05	2.998403481605769798e+02
4.140000000000000000e+05	2.998403481605769798e+02
4.140000000000000000e+05	3.005662362586484164e+02
4.149000000000000000e+05	3.005662362586484164e+02
4.149000000000000000e+05	2.978494181687549940e+02
4.158000000000000000e+05	2.978494181687549940e+02
4.158000000000000000e+05	2.995651246449888276e+02
4.167000000000000000e+05	2.995651246449888276e+02
4.167000000000000000e+05	2.994761212229440162e+02
4.176000000000000000e+05	2.994761212229440162e+02
4.176000000000000000e+05	2.957796277524497555e+02
4.185000000000000000e+05	2.957796277524497555e+02
4.185000000000000000e+05	3.014591916261549613e+02
4.194000000000000000e+05	3.014591916261549613e+02
4.194000000000000000e+05	2.979978703153026913e+02
4.203000000000000000e+05	2.979978703153026913e+02
4.203000000000000000e+05	2.966501262109927666e+02
4.212000000000000000e+05	2.966501262109927666e+02
4.212000000000000000e+05	2.938546824764568441e+02
4.221000000000000000e+05	2.938546824764568441e+02
4.221000000000000000e+05	2.963813405554604969e+02
4.230000000000000000e+05	2.963813405554604969e+02
4.230000000000000000e+05	2.948630954559861834e+02
4.239000000000000000e+05	2.948630954559861834e+02
4.239000000000000000e+05	2.937508654477842924e+02
4.248000000000000000e+05	2.937508654477842924e+02
4.248000000000000000e+05	2.929189535182313193e+02
4.257000000000000000e+05	2.929189535182313193e+02
4.257000000000000000e+05	2.897292438379774353e+02
4.266000000000000000e+05	2.897292438379774353e+02
4.266000000000000000e+05	2.910484768843456322e+02
4.275000000000000000e+05	2.910484768843456322e+02
4.275000000000000000e+05	2.914474545924883273e+02
4.284000000000000000e+05	2.914474545924883273e+02
4.284000000000000000e+05	2.922804169039303019e+02
4.293000000000000000e+05	2.922804169039303019e+02
4.293000000000000000e+05	2.896418153056042684e+02
4.302000000000000000e+05	2.896418153056042684e+02
4.302000000000000000e+05	2.908247165371266192e+02
4.311000000000000000e+05	2.908247165371266192e+02
4.311000000000000000e+05	2.912041382598581549e+02
4.320000000000000000e+05	2.912041382598581549e+02
4.320000000000000000e+05	2.920627422327632985e+02
4.329000000000000000e+05	2.920627422327632985e+02
4.329000000000000000e+05	2.895120002478625452e+02
4.338000000000000000e+05	2.895120002478625452e+02
4.338000000000000000e+05	2.906574677204147292e+02
4.347000000000000000e+05	2.906574677204147292e+02
4.347000000000000000e+05	2.910259967138390493e+02
4.356000000000000000e+05	2.910259967138390493e+02
4.356000000000000000e+05	2.918720489647361092e+02
4.365000000000000000e+05	2.918720489647361092e+02
4.365000000000000000e+05	2.893751040459322326e+02
4.374000000000000000e+05	2.893751040459322326e+02
4.374000000000000000e+05	2.904944444468419533e+02
4.383000000000000000e+05	2.904944444468419533e+02
4.383000000000000000e+05	2.908540666421983474e+02
4.392000000000000000e+05	2.908540666421983474e+02
4.392000000000000000e+05	2.916849549860383490e+02
4.401000000000000000e+05	2.916849549860383490e+02
4.401000000000000000e+05	2.892302376498890908e+02
4.410000000000000000e+05	2.892302376498890908e+02
4.410000000000000000e+05	2.903284128531224724e+02
4.419000000000000000e+05	2.903284128531224724e+02
4.419000000000000000e+05	2.906806851510808087e+02
4.428000000000000000e+05	2.906806851510808087e+02
4.428000000000000000e+05	2.914987933797747246e+02
4.437000000000000000e+05	2.914987933797747246e+02
4.437000000000000000e+05	2.950788790509838009e+02
4.446000000000000000e+05	2.950788790509838009e+02
4.446000000000000000e+05	2.978625099313287592e+02
4.455000000000000000e+05	2.978625099313287592e+02
4.455000000000000000e+05	2.949265588487095329e+02
4.464000000000000000e+05	2.949265588487095329e+02
4.464000000000000000e+05	2.952351761050615551e+02
4.473000000000000000e+05	2.952351761050615551e+02
4.473000000000000000e+05	2.960745370797571354e+02
4.482000000000000000e+05	2.960745370797571354e+02
4.482000000000000000e+05	2.958646737192242426e+02
4.491000000000000000e+05	2.958646737192242426e+02
4.491000000000000000e+05	2.959584575021637534e+02
4.500000000000000000e+05	2.959584575021637534e+02
4.500000000000000000e+05	2.949595569855973167e+02
4.509000000000000000e+05	2.949595569855973167e+02
4.509000000000000000e+05	2.977350002546575638e+02
4.518000000000000000e+05	2.977350002546575638e+02
4.518000000000000000e+05	2.962012235638727020e+02
4.527000000000000000e+05	2.962012235638727020e+02
4.527000000000000000e+05	2.964742311458215340e+02
4.536000000000000000e+05	2.964742311458215340e+02
4.536000000000000000e+05	2.947843482342400989e+02
4.545000000000000000e+05	2.947843482342400989e+02
4.545000000000000000e+05	2.964542454469934682e+02
4.554000000000000000e+05	2.964542454469934682e+02
4.554000000000000000e+05	2.946991336066262193e+02
4.563000000000000000e+05	2.946991336066262193e+02
4.563000000000000000e+05	2.907090760904422382e+02
4.572000000000000000e+05	2.907090760904422382e+02
4.572000000000000000e+05	2.940227651219861968e+02
4.581000000000000000e+05	2.940227651219861968e+02
4.581000000000000000e+05	2.973623628742955134e+02
4.590000000000000000e+05	2.973623628742955134e+02
4.590000000000000000e+05	3.014280239369674632e+02
4.599000000000000000e+05	3.014280239369674632e+02
4.599000000000000000e+05	3.039342611731472061e+02
4.608000000000000000e+05	3.039342611731472061e+02
4.608000000000000000e+05	3.041402392650886668e+02
4.617000000000000000e+05	3.041402392650886668e+02
4.617000000000000000e+05	3.102672050245196829e+02
4.626000000000000000e+05	3.102672050245196829e+02
4.626000000000000000e+05	3.102025635601436306e+02
4.635000000000000000e+05	3.102025635601436306e+02
4.635000000000000000e+05	3.107717793082905473e+02
4.644000000000000000e+05	3.107717793082905473e+02
4.644000000000000000e+05	3.103264614102580481e+02
4.653000000000000000e+05	3.103264614102580481e+02
4.653000000000000000e+05	3.052776114234069951e+02
4.662000000000000000e+05	3.052776114234069951e+02
4.662000000000000000e+05	3.072015196748902213e+02
4.671000000000000000e+05	3.072015196748902213e+02
4.671000000000000000e+05	3.068586613814206885e+02
4.680000000000000000e+05	3.068586613814206885e+02
4.680000000000000000e+05	3.060137528562989360e+02
4.689000000000000000e+05	3.060137528562989360e+02
4.689000000000000000e+05	3.021685422281599926e+02
4.698000000000000000e+05	3.021685422281599926e+02
4.698000000000000000e+05	3.035211174868162516e+02
4.707000000000000000e+05	3.035211174868162516e+02
4.707000000000000000e+05	3.030881151585392672e+02
4.716000000000000000e+05	3.030881151585392672e+02
4.716000000000000000e+05	3.025832849491789034e+02
4.725000000000000000e+05	3.025832849491789034e+02
4.725000000000000000e+05	3.006181792627770619e+02
4.734000000000000000e+05	3.006181792627770619e+02
4.734000000000000000e+05	3.006990527442528673e+02
4.743000000000000000e+05	3.006990527442528673e+02
4.743000000000000000e+05	3.028458175979358771e+02
4.752000000000000000e+05	3.028458175979358771e+02
4.752000000000000000e+05	3.007173617449053040e+02
4.761000000000000000e+05	3.007173617449053040e+02
4.761000000000000000e+05	2.975405645503711298e+02
4.770000000000000000e+05	2.975405645503711298e+02
4.770000000000000000e+05	3.003202749677545853e+02
4.779000000000000000e+05	3.003202749677545853e+02
4.779000000000000000e+05	3.000698754906674139e+02
4.788000000000000000e+05	3.000698754906674139e+02
4.788000000000000000e+05	2.990273112014516528e+02
4.797000000000000000e+05	2.990273112014516528e+02
4.797000000000000000e+05	2.995763818876137634e+02
4.806000000000000000e+05	2.995763818876137634e+02
4.806000000000000000e+05	2.976482769480854813e+02
4.815000000000000000e+05	2.976482769480854813e+02
4.815000000000000000e+05	3.003482729386386723e+02
4.824000000000000000e+05	3.003482729386386723e+02
4.824000000000000000e+05	2.975527627005150180e+02
4.833000000000000000e+05	2.975527627005150180e+02
4.833000000000000000e+05	2.988391594537992546e+02
4.842000000000000000e+05	2.988391594537992546e+02
4.842000000000000000e+05	2.969663502607935470e+02
4.851000000000000000e+05	2.969663502607935470e+02
4.851000000000000000e+05	3.007443635927018590e+02
4.860000000000000000e+05	3.007443635927018590e+02
4.860000000000000000e+05	2.992921470276955915e+02
4.869000000000000000e+05	2.992921470276955915e+02
4.869000000000000000e+05	2.970228380809726332e+02
4.878000000000000000e+05	2.970228380809726332e+02
4.878000000000000000e+05	2.981776087721731301e+02
4.887000000000000000e+05	2.981776087721731301e+02
4.887000000000000000e+05	2.967339014494634171e+02
4.896000000000000000e+05	2.967339014494634171e+02
4.896000000000000000e+05	2.947245907450077311e+02
4.905000000000000000e+05	2.947245907450077311e+02
4.905000000000000000e+05	3.024017832781203765e+02
4.914000000000000000e+05	3.024017832781203765e+02
4.914000000000000000e+05	2.971234531730045205e+02
4.923000000000000000e+05	2.971234531730045205e+02
4.923000000000000000e+05	2.976628064299508765e+02
4.932000000000000000e+05	2.976628064299508765e+02
4.932000000000000000e+05	2.950461084709332340e+02
4.941000000000000000e+05	2.950461084709332340e+02
4.941000000000000000e+05	3.025726713058821815e+02
4.950000000000000000e+05	3.025726713058821815e+02
4.950000000000000000e+05	2.972604853413205319e+02
4.959000000000000000e+05	2.972604853413205319e+02
4.959000000000000000e+05	2.978589689344971134e+02
4.968000000000000000e+05	2.978589689344971134e+02
4.968000000000000000e+05	2.952990106144575293e+02
4.977000000000000000e+05	2.952990106144575293e+02
4.977000000000000000e+05	3.026040905857352072e+02
4.986000000000000000e+05	3.026040905857352072e+02
4.986000000000000000e+05	2.973951853633531073e+02
4.995000000000000000e+05	2.973951853633531073e+02
4.995000000000000000e+05	2.980464535332802711e+02
5.004000000000000000e+05	2.980464535332802711e+02
5.004000000000000000e+05	2.986937179033229199e+02
5.013000000000000000e+05	2.986937179033229199e+02
5.013000000000000000e+05	2.975067788273481142e+02
5.022000000000000000e+05	2.975067788273481142e+02
5.022000000000000000e+05	2.983634463993032000e+02
5.031000000000000000e+05	2.983634463993032000e+02
5.031000000000000000e+05	3.018090099682706295e+02
5.040000000000000000e+05	3.018090099682706295e+02
5.040000000000000000e+05	2.966684278203999838e+02
5.049000000000000000e+05	2.966684278203999838e+02
5.049000000000000000e+05	3.013447680481766611e+02
5.058000000000000000e+05	3.013447680481766611e+02
5.058000000000000000e+05	2.981056141149639984e+02
5.067000000000000000e+05	2.981056141149639984e+02
5.067000000000000000e+05	2.967756252959638914e+02
5.076000000000000000e+05	2.967756252959638914e+02
5.076000000000000000e+05	2.941780024825896476e+02
5.085000000000000000e+05	2.941780024825896476e+02
5.085000000000000000e+05	2.965862243136110692e+02
5.094000000000000000e+05	2.965862243136110692e+02
5.094000000000000000e+05	2.950348389902811732e+02
5.103000000000000000e+05	2.950348389902811732e+02
5.103000000000000000e+05	2.941439328601935017e+02
5.112000000000000000e+05	2.941439328601935017e+02
5.112000000000000000e+05	2.930266981806787498e+02
5.121000000000000000e+05	2.930266981806787498e+02
5.121000000000000000e+05	2.897985974023613380e+02
5.130000000000000000e+05	2.897985974023613380e+02
5.130000000000000000e+05	2.911073284382779320e+02
5.139000000000000000e+05	2.911073284382779320e+02
5.139000000000000000e+05	2.914968114027385582e+02
5.148000000000000000e+05	2.914968114027385582e+02
5.148000000000000000e+05	2.922943029328555440e+02
5.157000000000000000e+05	2.922943029328555440e+02
5.157000000000000000e+05	2.897037820254945473e+02
5.166000000000000000e+05	2.897037820254945473e+02
5.166000000000000000e+05	2.908627430120118902e+02
5.175000000000000000e+05	2.908627430120118902e+02
5.175000000000000000e+05	2.912337756679928589e+02
5.184000000000000000e+05	2.912337756679928589e+02
5.184000000000000000e+05	2.920732932984622607e+02
5.193000000000000000e+05	2.920732932984622607e+02
5.193000000000000000e+05	2.896372650566298148e+02
5.202000000000000000e+05	2.896372650566298148e+02
5.202000000000000000e+05	2.907282510973001877e+02
5.211000000000000000e+05	2.907282510973001877e+02
5.211000000000000000e+05	2.910779438740856904e+02
5.220000000000000000e+05	2.910779438740856904e+02
5.220000000000000000e+05	2.921675803756031655e+02
5.229000000000000000e+05	2.921675803756031655e+02
5.229000000000000000e+05	2.916740416892136523e+02
5.238000000000000000e+05	2.916740416892136523e+02
5.238000000000000000e+05	2.917945332374613372e+02
5.247000000000000000e+05	2.917945332374613372e+02
5.247000000000000000e+05	2.920083863107732896e+02
5.256000000000000000e+05	2.920083863107732896e+02
5.256000000000000000e+05	2.920071064719918468e+02
5.265000000000000000e+05	2.920071064719918468e+02
5.265000000000000000e+05	2.947571621991792767e+02
5.274000000000000000e+05	2.947571621991792767e+02
5.274000000000000000e+05	2.934772214283739800e+02
5.283000000000000000e+05	2.934772214283739800e+02
5.283000000000000000e+05	2.937845584103959027e+02
5.292000000000000000e+05	2.937845584103959027e+02
5.292000000000000000e+05	2.947650156266817589e+02
5.301000000000000000e+05	2.947650156266817589e+02
5.301000000000000000e+05	2.957166392533624730e+02
5.310000000000000000e+05	2.957166392533624730e+02
5.310000000000000000e+05	2.943781626412054493e+02
5.319000000000000000e+05	2.943781626412054493e+02
5.319000000000000000e+05	2.942864727259358801e+02
5.328000000000000000e+05	2.942864727259358801e+02
5.328000000000000000e+05	2.942100851625810947e+02
5.337000000000000000e+05	2.942100851625810947e+02
5.337000000000000000e+05	2.965528324610778554e+02
5.346000000000000000e+05	2.965528324610778554e+02
5.346000000000000000e+05	2.953566907180538692e+02
5.355000000000000000e+05	2.953566907180538692e+02
5.355000000000000000e+05	2.956169204084746411e+02
5.364000000000000000e+05	2.956169204084746411e+02
5.364000000000000000e+05	2.958155368670879284e+02
5.373000000000000000e+05	2.958155368670879284e+02
5.373000000000000000e+05	2.962427225565402296e+02
5.382000000000000000e+05	2.962427225565402296e+02
5.382000000000000000e+05	2.960531478975102004e+02
5.391000000000000000e+05	2.960531478975102004e+02
5.391000000000000000e+05	2.961822678246126088e+02
5.400000000000000000e+05	2.961822678246126088e+02
5.400000000000000000e+05	2.931090866213201593e+02
5.409000000000000000e+05	2.931090866213201593e+02
5.409000000000000000e+05	2.995100653909995003e+02
5.418000000000000000e+05	2.995100653909995003e+02
5.418000000000000000e+05	2.960373713924342383e+02
5.427000000000000000e+05	2.960373713924342383e+02
5.427000000000000000e+05	2.887605503519872627e+02
5.436000000000000000e+05	2.887605503519872627e+02
5.436000000000000000e+05	2.949923632746383078e+02
5.445000000000000000e+05	2.949923632746383078e+02
5.445000000000000000e+05	2.988674376034873035e+02
5.454000000000000000e+05	2.988674376034873035e+02
5.454000000000000000e+05	3.023504516820051435e+02
5.463000000000000000e+05	3.023504516820051435e+02
5.463000000000000000e+05	3.046260744559102704e+02
5.472000000000000000e+05	3.046260744559102704e+02
5.472000000000000000e+05	3.048243603905079908e+02
5.481000000000000000e+05	3.048243603905079908e+02
5.481000000000000000e+05	3.108306873337571687e+02
5.490000000000000000e+05	3.108306873337571687e+02
5.490000000000000000e+05	3.106367877325239419e+02
5.499000000000000000e+05	3.106367877325239419e+02
5.499000000000000000e+05	3.111252995304849946e+02
5.508000000000000000e+05	3.111252995304849946e+02
5.508000000000000000e+05	3.106649699323325535e+02
5.517000000000000000e+05	3.106649699323325535e+02
5.517000000000000000e+05	3.035227072666322101e+02
5.526000000000000000e+05	3.035227072666322101e+02
5.526000000000000000e+05	3.068885799803692862e+02
5.535000000000000000e+05	3.068885799803692862e+02
5.535000000000000000e+05	3.063655583617702405e+02
5.544000000000000000e+05	3.063655583617702405e+02
5.544000000000000000e+05	3.049964469415988901e+02
5.553000000000000000e+05	3.049964469415988901e+02
5.553000000000000000e+05	3.023080671890705275e+02
5.562000000000000000e+05	3.023080671890705275e+02
5.562000000000000000e+05	3.039434989301659016e+02
5.571000000000000000e+05	3.039434989301659016e+02
5.571000000000000000e+05	3.028996793092362054e+02
5.580000000000000000e+05	3.028996793092362054e+02
5.580000000000000000e+05	2.987232691140478664e+02
5.589000000000000000e+05	2.987232691140478664e+02
5.589000000000000000e+05	3.058231455726280501e+02
5.598000000000000000e+05	3.058231455726280501e+02
5.598000000000000000e+05	3.012137180017273863e+02
5.607000000000000000e+05	3.012137180017273863e+02
5.607000000000000000e+05	3.015418498114617591e+02
5.616000000000000000e+05	3.015418498114617591e+02
5.616000000000000000e+05	3.017749761857537010e+02
5.625000000000000000e+05	3.017749761857537010e+02
5.625000000000000000e+05	2.983623138862676569e+02
5.634000000000000000e+05	2.983623138862676569e+02
5.634000000000000000e+05	3.006010583442611050e+02
5.643000000000000000e+05	3.006010583442611050e+02
5.643000000000000000e+05	3.005121867971998313e+02
5.652000000000000000e+05	3.005121867971998313e+02
5.652000000000000000e+05	3.007915184473312138e+02
5.661000000000000000e+05	3.007915184473312138e+02
5.661000000000000000e+05	2.971236399737836109e+02
5.670000000000000000e+05	2.971236399737836109e+02
5.670000000000000000e+05	2.979958403215740077e+02
5.679000000000000000e+05	2.979958403215740077e+02
5.679000000000000000e+05	2.986194399981552010e+02
5.688000000000000000e+05	2.986194399981552010e+02
5.688000000000000000e+05	2.971308402687585613e+02
5.697000000000000000e+05	2.971308402687585613e+02
5.697000000000000000e+05	3.014327485475918138e+02
5.706000000000000000e+05	3.014327485475918138e+02
5.706000000000000000e+05	2.987536812866781588e+02
5.715000000000000000e+05	2.987536812866781588e+02
5.715000000000000000e+05	2.991609304657908410e+02
5.724000000000000000e+05	2.991609304657908410e+02
5.724000000000000000e+05	2.986657593376399404e+02
5.733000000000000000e+05	2.986657593376399404e+02
5.733000000000000000e+05	2.975216879188384382e+02
5.742000000000000000e+05	2.975216879188384382e+02
5.742000000000000000e+05	2.984137599500069769e+02
5.751000000000000000e+05	2.984137599500069769e+02
5.751000000000000000e+05	2.969012172298869814e+02
5.760000000000000000e+05	2.969012172298869814e+02
5.760000000000000000e+05	2.955318510326800379e+02
5.769000000000000000e+05	2.955318510326800379e+02
5.769000000000000000e+05	3.013342847362362136e+02
5.778000000000000000e+05	3.013342847362362136e+02
5.778000000000000000e+05	2.973765142305755376e+02
5.787000000000000000e+05	2.973765142305755376e+02
5.787000000000000000e+05	2.979133318346652572e+02
5.796000000000000000e+05	2.979133318346652572e+02
5.796000000000000000e+05	2.953540380877230973e+02
5.805000000000000000e+05	2.953540380877230973e+02
5.805000000000000000e+05	3.022720822091580999e+02
5.814000000000000000e+05	3.022720822091580999e+02
5.814000000000000000e+05	2.974613293492673733e+02
5.823000000000000000e+05	2.974613293492673733e+02
5.823000000000000000e+05	2.984028326771898492e+02
5.832000000000000000e+05	2.984028326771898492e+02
5.832000000000000000e+05	2.943303241771508851e+02
5.841000000000000000e+05	2.943303241771508851e+02
5.841000000000000000e+05	3.031814610184459866e+02
5.850000000000000000e+05	3.031814610184459866e+02
5.850000000000000000e+05	2.986434823812894024e+02
5.859000000000000000e+05	2.986434823812894024e+02
5.859000000000000000e+05	2.984310991630895273e+02
5.868000000000000000e+05	2.984310991630895273e+02
5.868000000000000000e+05	2.987862959977148307e+02
5.877000000000000000e+05	2.987862959977148307e+02
5.877000000000000000e+05	2.983693326894662050e+02
5.886000000000000000e+05	2.983693326894662050e+02
5.886000000000000000e+05	3.001065880040995921e+02
5.895000000000000000e+05	3.001065880040995921e+02
5.895000000000000000e+05	3.005207234362602549e+02
5.904000000000000000e+05	3.005207234362602549e+02
5.904000000000000000e+05	2.986007603969435991e+02
5.913000000000000000e+05	2.986007603969435991e+02
5.913000000000000000e+05	3.009237965299177517e+02
5.922000000000000000e+05	3.009237965299177517e+02
5.922000000000000000e+05	2.982166134618065030e+02
5.931000000000000000e+05	2.982166134618065030e+02
5.931000000000000000e+05	2.969561395886887567e+02
5.940000000000000000e+05	2.969561395886887567e+02
5.940000000000000000e+05	2.948286757886505143e+02
5.949000000000000000e+05	2.948286757886505143e+02
5.949000000000000000e+05	2.970086263173623138e+02
5.958000000000000000e+05	2.970086263173623138e+02
5.958000000000000000e+05	2.953926811131508430e+02
5.967000000000000000e+05	2.953926811131508430e+02
5.967000000000000000e+05	2.947105138685691372e+02
5.976000000000000000e+05	2.947105138685691372e+02
5.976000000000000000e+05	2.932527570059408504e+02
5.985000000000000000e+05	2.932527570059408504e+02
5.985000000000000000e+05	2.899459607522273927e+02
5.994000000000000000e+05	2.899459607522273927e+02
5.994000000000000000e+05	2.912313556334156601e+02
6.003000000000000000e+05	2.912313556334156601e+02
6.003000000000000000e+05	2.915984630193963767e+02
6.012000000000000000e+05	2.915984630193963767e+02
6.012000000000000000e+05	2.922972273672439201e+02
6.021000000000000000e+05	2.922972273672439201e+02
6.021000000000000000e+05	2.898218481346520434e+02
6.030000000000000000e+05	2.898218481346520434e+02
6.030000000000000000e+05	2.909195565983316669e+02
6.039000000000000000e+05	2.909195565983316669e+02
6.039000000000000000e+05	2.912666810337715901e+02
6.048000000000000000e+05	2.912666810337715901e+02
