# #1
# double t_TES(1344, 2)
0.000000000000000000e+00	3.031499999999999773e+02
9.000000000000000000e+02	3.031499999999999773e+02
9.000000000000000000e+02	2.997875033493480714e+02
1.800000000000000000e+03	2.997875033493480714e+02
1.800000000000000000e+03	2.992785146113785686e+02
2.700000000000000000e+03	2.992785146113785686e+02
2.700000000000000000e+03	2.981236845718785844e+02
3.600000000000000000e+03	2.981236845718785844e+02
3.600000000000000000e+03	2.954910942579666653e+02
4.500000000000000000e+03	2.954910942579666653e+02
4.500000000000000000e+03	2.941983656990795453e+02
5.400000000000000000e+03	2.941983656990795453e+02
5.400000000000000000e+03	2.923179359374797173e+02
6.300000000000000000e+03	2.923179359374797173e+02
6.300000000000000000e+03	2.913790486539226663e+02
7.200000000000000000e+03	2.913790486539226663e+02
7.200000000000000000e+03	2.968157740850307391e+02
8.100000000000000000e+03	2.968157740850307391e+02
8.100000000000000000e+03	2.955791318897157112e+02
9.000000000000000000e+03	2.955791318897157112e+02
9.000000000000000000e+03	2.968646976107571618e+02
9.900000000000000000e+03	2.968646976107571618e+02
9.900000000000000000e+03	2.983751361634929253e+02
1.080000000000000000e+04	2.983751361634929253e+02
1.080000000000000000e+04	2.950677482570968095e+02
1.170000000000000000e+04	2.950677482570968095e+02
1.170000000000000000e+04	2.985672406976926254e+02
1.260000000000000000e+04	2.985672406976926254e+02
1.260000000000000000e+04	2.954238360722600305e+02
1.350000000000000000e+04	2.954238360722600305e+02
1.350000000000000000e+04	2.987740826635198914e+02
1.440000000000000000e+04	2.987740826635198914e+02
1.440000000000000000e+04	2.940082784457578668e+02
1.530000000000000000e+04	2.940082784457578668e+02
1.530000000000000000e+04	2.989413887625851203e+02
1.620000000000000000e+04	2.989413887625851203e+02
1.620000000000000000e+04	2.992504584171032889e+02
1.710000000000000000e+04	2.992504584171032889e+02
1.710000000000000000e+04	2.977630006209305975e+02
1.800000000000000000e+04	2.977630006209305975e+02
1.800000000000000000e+04	2.942313275339278107e+02
1.890000000000000000e+04	2.942313275339278107e+02
1.890000000000000000e+04	2.996849667874566876e+02
1.980000000000000000e+04	2.996849667874566876e+02
1.980000000000000000e+04	2.957621508709881937e+02
2.070000000000000000e+04	2.957621508709881937e+02
2.070000000000000000e+04	2.950569495495483920e+02
2.160000000000000000e+04	2.950569495495483920e+02
2.160000000000000000e+04	2.930161117130972457e+02
2.250000000000000000e+04	2.930161117130972457e+02
2.250000000000000000e+04	2.952242787996069069e+02
2.340000000000000000e+04	2.952242787996069069e+02
2.340000000000000000e+04	2.924674016279013244e+02
2.430000000000000000e+04	2.924674016279013244e+02
2.430000000000000000e+04	2.918513607981674909e+02
2.520000000000000000e+04	2.918513607981674909e+02
2.520000000000000000e+04	2.936558058957248249e+02
2.610000000000000000e+04	2.936558058957248249e+02
2.610000000000000000e+04	2.996440046478253976e+02
2.700000000000000000e+04	2.996440046478253976e+02
2.700000000000000000e+04	3.037341900522396259e+02
2.790000000000000000e+04	3.037341900522396259e+02
2.790000000000000000e+04	3.063459013587774962e+02
2.880000000000000000e+04	3.063459013587774962e+02
2.880000000000000000e+04	3.041109169945920598e+02
2.970000000000000000e+04	3.041109169945920598e+02
2.970000000000000000e+04	3.069760303045738965e+02
3.060000000000000000e+04	3.069760303045738965e+02
3.060000000000000000e+04	3.069319139492220643e+02
3.150000000000000000e+04	3.069319139492220643e+02
3.150000000000000000e+04	3.075365504820741194e+02
3.240000000000000000e+04	3.075365504820741194e+02
3.240000000000000000e+04	3.071148596742141876e+02
3.330000000000000000e+04	3.071148596742141876e+02
3.330000000000000000e+04	3.082313271303323745e+02
3.420000000000000000e+04	3.082313271303323745e+02
3.420000000000000000e+04	3.046098878562744403e+02
3.510000000000000000e+04	3.046098878562744403e+02
3.510000000000000000e+04	3.056932918144211158e+02
3.600000000000000000e+04	3.056932918144211158e+02
3.600000000000000000e+04	3.011791813186678155e+02
3.690000000000000000e+04	3.011791813186678155e+02
3.690000000000000000e+04	3.034860882421234578e+02
3.780000000000000000e+04	3.034860882421234578e+02
3.780000000000000000e+04	3.015950653308086657e+02
3.870000000000000000e+04	3.015950653308086657e+02
3.870000000000000000e+04	3.019977652713164389e+02
3.960000000000000000e+04	3.019977652713164389e+02
3.960000000000000000e+04	3.018332660148280411e+02
4.050000000000000000e+04	3.018332660148280411e+02
4.050000000000000000e+04	2.988283273245887699e+02
4.140000000000000000e+04	2.988283273245887699e+02
4.140000000000000000e+04	2.978994569904286891e+02
4.230000000000000000e+04	2.978994569904286891e+02
4.230000000000000000e+04	2.993154256163325613e+02
4.320000000000000000e+04	2.993154256163325613e+02
4.320000000000000000e+04	2.963566787633387776e+02
4.410000000000000000e+04	2.963566787633387776e+02
4.410000000000000000e+04	3.016908957676910177e+02
4.500000000000000000e+04	3.016908957676910177e+02
4.500000000000000000e+04	2.980343926248601747e+02
4.590000000000000000e+04	2.980343926248601747e+02
4.590000000000000000e+04	2.966685662390428888e+02
4.680000000000000000e+04	2.966685662390428888e+02
4.680000000000000000e+04	2.955797429228358624e+02
4.770000000000000000e+04	2.955797429228358624e+02
4.770000000000000000e+04	2.948080852737904252e+02
4.860000000000000000e+04	2.948080852737904252e+02
4.860000000000000000e+04	2.984960258659573924e+02
4.950000000000000000e+04	2.984960258659573924e+02
4.950000000000000000e+04	2.969562779261097489e+02
5.040000000000000000e+04	2.969562779261097489e+02
5.040000000000000000e+04	2.942954465184146784e+02
5.130000000000000000e+04	2.942954465184146784e+02
5.130000000000000000e+04	2.939585849716241910e+02
5.220000000000000000e+04	2.939585849716241910e+02
5.220000000000000000e+04	2.924459266636004600e+02
5.310000000000000000e+04	2.924459266636004600e+02
5.310000000000000000e+04	2.961489002937651662e+02
5.400000000000000000e+04	2.961489002937651662e+02
5.400000000000000000e+04	2.962957940254739810e+02
5.490000000000000000e+04	2.962957940254739810e+02
5.490000000000000000e+04	2.953138469622529101e+02
5.580000000000000000e+04	2.953138469622529101e+02
5.580000000000000000e+04	2.958799913230421339e+02
5.670000000000000000e+04	2.958799913230421339e+02
5.670000000000000000e+04	2.951920236043044952e+02
5.760000000000000000e+04	2.951920236043044952e+02
5.760000000000000000e+04	2.952127200628358423e+02
5.850000000000000000e+04	2.952127200628358423e+02
5.850000000000000000e+04	2.947173925533950296e+02
5.940000000000000000e+04	2.947173925533950296e+02
5.940000000000000000e+04	2.943656127928107935e+02
6.030000000000000000e+04	2.943656127928107935e+02
6.030000000000000000e+04	2.937952045446045304e+02
6.120000000000000000e+04	2.937952045446045304e+02
6.120000000000000000e+04	2.939039012896798226e+02
6.210000000000000000e+04	2.939039012896798226e+02
6.210000000000000000e+04	2.936726778520530843e+02
6.300000000000000000e+04	2.936726778520530843e+02
6.300000000000000000e+04	2.954576547182384729e+02
6.390000000000000000e+04	2.954576547182384729e+02
6.390000000000000000e+04	2.974402637374128631e+02
6.480000000000000000e+04	2.974402637374128631e+02
6.480000000000000000e+04	2.948669244606065263e+02
6.570000000000000000e+04	2.948669244606065263e+02
6.570000000000000000e+04	3.006857594386941059e+02
6.660000000000000000e+04	3.006857594386941059e+02
6.660000000000000000e+04	2.961916331495372674e+02
6.750000000000000000e+04	2.961916331495372674e+02
6.750000000000000000e+04	2.946858051160771197e+02
6.840000000000000000e+04	2.946858051160771197e+02
6.840000000000000000e+04	2.960504447638332977e+02
6.930000000000000000e+04	2.960504447638332977e+02
6.930000000000000000e+04	3.012694385466456879e+02
7.020000000000000000e+04	3.012694385466456879e+02
7.020000000000000000e+04	2.966443323700273140e+02
7.110000000000000000e+04	2.966443323700273140e+02
7.110000000000000000e+04	3.002697747256890466e+02
7.200000000000000000e+04	3.002697747256890466e+02
7.200000000000000000e+04	2.954427719742769796e+02
7.290000000000000000e+04	2.954427719742769796e+02
7.290000000000000000e+04	3.006645343150289591e+02
7.380000000000000000e+04	3.006645343150289591e+02
7.380000000000000000e+04	2.961700263318249426e+02
7.470000000000000000e+04	2.961700263318249426e+02
7.470000000000000000e+04	2.944757805307439753e+02
7.560000000000000000e+04	2.944757805307439753e+02
7.560000000000000000e+04	2.940792738625557377e+02
7.650000000000000000e+04	2.940792738625557377e+02
7.650000000000000000e+04	2.936214888346794396e+02
7.740000000000000000e+04	2.936214888346794396e+02
7.740000000000000000e+04	2.920559423223647855e+02
7.830000000000000000e+04	2.920559423223647855e+02
7.830000000000000000e+04	2.914204888751646081e+02
7.920000000000000000e+04	2.914204888751646081e+02
7.920000000000000000e+04	2.929494630171449785e+02
8.010000000000000000e+04	2.929494630171449785e+02
8.010000000000000000e+04	2.927726882414762599e+02
8.100000000000000000e+04	2.927726882414762599e+02
8.100000000000000000e+04	2.940750319342649277e+02
8.190000000000000000e+04	2.940750319342649277e+02
8.190000000000000000e+04	2.944580844734213088e+02
8.280000000000000000e+04	2.944580844734213088e+02
8.280000000000000000e+04	2.926932926454163635e+02
8.370000000000000000e+04	2.926932926454163635e+02
8.370000000000000000e+04	2.926678883933597604e+02
8.460000000000000000e+04	2.926678883933597604e+02
8.460000000000000000e+04	2.938084038873225836e+02
8.550000000000000000e+04	2.938084038873225836e+02
8.550000000000000000e+04	2.941720322302474528e+02
8.640000000000000000e+04	2.941720322302474528e+02
8.640000000000000000e+04	2.925427252575495345e+02
8.730000000000000000e+04	2.925427252575495345e+02
8.730000000000000000e+04	2.925198359779854513e+02
8.820000000000000000e+04	2.925198359779854513e+02
8.820000000000000000e+04	2.936222368539670811e+02
8.910000000000000000e+04	2.936222368539670811e+02
8.910000000000000000e+04	2.934142161810530638e+02
9.000000000000000000e+04	2.934142161810530638e+02
9.000000000000000000e+04	2.953584894932037059e+02
9.090000000000000000e+04	2.953584894932037059e+02
9.090000000000000000e+04	2.945882562532428324e+02
9.180000000000000000e+04	2.945882562532428324e+02
9.180000000000000000e+04	2.949613628421130898e+02
9.270000000000000000e+04	2.949613628421130898e+02
9.270000000000000000e+04	2.945503997344380878e+02
9.360000000000000000e+04	2.945503997344380878e+02
9.360000000000000000e+04	2.955331914795155512e+02
9.450000000000000000e+04	2.955331914795155512e+02
9.450000000000000000e+04	2.946587087273593397e+02
9.540000000000000000e+04	2.946587087273593397e+02
9.540000000000000000e+04	2.951752467448794164e+02
9.630000000000000000e+04	2.951752467448794164e+02
9.630000000000000000e+04	2.951526057803545768e+02
9.720000000000000000e+04	2.951526057803545768e+02
9.720000000000000000e+04	2.950137548652984947e+02
9.810000000000000000e+04	2.950137548652984947e+02
9.810000000000000000e+04	2.942733094437384125e+02
9.900000000000000000e+04	2.942733094437384125e+02
9.900000000000000000e+04	2.922169894529383782e+02
9.990000000000000000e+04	2.922169894529383782e+02
9.990000000000000000e+04	2.944006419250162025e+02
1.008000000000000000e+05	2.944006419250162025e+02
1.008000000000000000e+05	2.940704724177280127e+02
1.017000000000000000e+05	2.940704724177280127e+02
1.017000000000000000e+05	2.932327582262286683e+02
1.026000000000000000e+05	2.932327582262286683e+02
1.026000000000000000e+05	2.938071762449894777e+02
1.035000000000000000e+05	2.938071762449894777e+02
1.035000000000000000e+05	2.948541873273875922e+02
1.044000000000000000e+05	2.948541873273875922e+02
1.044000000000000000e+05	2.945497837919876361e+02
1.053000000000000000e+05	2.945497837919876361e+02
1.053000000000000000e+05	2.933129310812248605e+02
1.062000000000000000e+05	2.933129310812248605e+02
1.062000000000000000e+05	2.916867333579612023e+02
1.071000000000000000e+05	2.916867333579612023e+02
1.071000000000000000e+05	2.911499999999999773e+02
1.080000000000000000e+05	2.911499999999999773e+02
1.080000000000000000e+05	2.926293293001872371e+02
1.089000000000000000e+05	2.926293293001872371e+02
1.089000000000000000e+05	2.921343105538708187e+02
1.098000000000000000e+05	2.921343105538708187e+02
1.098000000000000000e+05	2.925937980342854985e+02
1.107000000000000000e+05	2.925937980342854985e+02
1.107000000000000000e+05	2.932753123962598920e+02
1.116000000000000000e+05	2.932753123962598920e+02
1.116000000000000000e+05	2.968915263833663971e+02
1.125000000000000000e+05	2.968915263833663971e+02
1.125000000000000000e+05	3.021534997552492428e+02
1.134000000000000000e+05	3.021534997552492428e+02
1.134000000000000000e+05	3.053813733411252542e+02
1.143000000000000000e+05	3.053813733411252542e+02
1.143000000000000000e+05	3.076122329867163216e+02
1.152000000000000000e+05	3.076122329867163216e+02
1.152000000000000000e+05	3.053616640398952882e+02
1.161000000000000000e+05	3.053616640398952882e+02
1.161000000000000000e+05	3.078881274136658703e+02
1.170000000000000000e+05	3.078881274136658703e+02
1.170000000000000000e+05	3.076598652154839328e+02
1.179000000000000000e+05	3.076598652154839328e+02
1.179000000000000000e+05	3.081330372106852451e+02
1.188000000000000000e+05	3.081330372106852451e+02
1.188000000000000000e+05	3.076663334890593546e+02
1.197000000000000000e+05	3.076663334890593546e+02
1.197000000000000000e+05	3.022634607649791860e+02
1.206000000000000000e+05	3.022634607649791860e+02
1.206000000000000000e+05	3.051946777364165655e+02
1.215000000000000000e+05	3.051946777364165655e+02
1.215000000000000000e+05	3.057895409194155150e+02
1.224000000000000000e+05	3.057895409194155150e+02
1.224000000000000000e+05	3.054130572523603178e+02
1.233000000000000000e+05	3.054130572523603178e+02
1.233000000000000000e+05	3.014743605050545057e+02
1.242000000000000000e+05	3.014743605050545057e+02
1.242000000000000000e+05	3.010465376230534957e+02
1.251000000000000000e+05	3.010465376230534957e+02
1.251000000000000000e+05	3.001241805490949446e+02
1.260000000000000000e+05	3.001241805490949446e+02
1.260000000000000000e+05	2.978742481985934774e+02
1.269000000000000000e+05	2.978742481985934774e+02
1.269000000000000000e+05	3.027388711321400478e+02
1.278000000000000000e+05	3.027388711321400478e+02
1.278000000000000000e+05	3.022113684383779741e+02
1.287000000000000000e+05	3.022113684383779741e+02
1.287000000000000000e+05	3.007147807304255025e+02
1.296000000000000000e+05	3.007147807304255025e+02
1.296000000000000000e+05	2.976114951194550713e+02
1.305000000000000000e+05	2.976114951194550713e+02
1.305000000000000000e+05	2.991894424193649797e+02
1.314000000000000000e+05	2.991894424193649797e+02
1.314000000000000000e+05	2.974904361001094912e+02
1.323000000000000000e+05	2.974904361001094912e+02
1.323000000000000000e+05	2.996281715214831820e+02
1.332000000000000000e+05	2.996281715214831820e+02
1.332000000000000000e+05	2.994194624190103013e+02
1.341000000000000000e+05	2.994194624190103013e+02
1.341000000000000000e+05	2.974972458733068947e+02
1.350000000000000000e+05	2.974972458733068947e+02
1.350000000000000000e+05	2.979526036650606216e+02
1.359000000000000000e+05	2.979526036650606216e+02
1.359000000000000000e+05	2.997181990842919390e+02
1.368000000000000000e+05	2.997181990842919390e+02
1.368000000000000000e+05	2.979299183168811282e+02
1.377000000000000000e+05	2.979299183168811282e+02
1.377000000000000000e+05	2.969134873998949615e+02
1.386000000000000000e+05	2.969134873998949615e+02
1.386000000000000000e+05	2.995660149377779931e+02
1.395000000000000000e+05	2.995660149377779931e+02
1.395000000000000000e+05	2.984340220635033916e+02
1.404000000000000000e+05	2.984340220635033916e+02
1.404000000000000000e+05	2.971843642618188142e+02
1.413000000000000000e+05	2.971843642618188142e+02
1.413000000000000000e+05	2.964433058143991389e+02
1.422000000000000000e+05	2.964433058143991389e+02
1.422000000000000000e+05	2.958506545842280957e+02
1.431000000000000000e+05	2.958506545842280957e+02
1.431000000000000000e+05	2.952550164568773425e+02
1.440000000000000000e+05	2.952550164568773425e+02
1.440000000000000000e+05	2.948420612047924578e+02
1.449000000000000000e+05	2.948420612047924578e+02
1.449000000000000000e+05	2.943627695768518038e+02
1.458000000000000000e+05	2.943627695768518038e+02
1.458000000000000000e+05	2.944669120388830379e+02
1.467000000000000000e+05	2.944669120388830379e+02
1.467000000000000000e+05	2.940644779621604243e+02
1.476000000000000000e+05	2.940644779621604243e+02
1.476000000000000000e+05	2.938100324715754823e+02
1.485000000000000000e+05	2.938100324715754823e+02
1.485000000000000000e+05	2.935975645192135062e+02
1.494000000000000000e+05	2.935975645192135062e+02
1.494000000000000000e+05	2.921040335311322451e+02
1.503000000000000000e+05	2.921040335311322451e+02
1.503000000000000000e+05	2.958536227201973361e+02
1.512000000000000000e+05	2.958536227201973361e+02
1.512000000000000000e+05	2.960633705233539672e+02
1.521000000000000000e+05	2.960633705233539672e+02
1.521000000000000000e+05	2.950896154511809186e+02
1.530000000000000000e+05	2.950896154511809186e+02
1.530000000000000000e+05	2.933213388450891443e+02
1.539000000000000000e+05	2.933213388450891443e+02
1.539000000000000000e+05	2.962372786661325108e+02
1.548000000000000000e+05	2.962372786661325108e+02
1.548000000000000000e+05	2.963503808102079233e+02
1.557000000000000000e+05	2.963503808102079233e+02
1.557000000000000000e+05	2.953159023862521622e+02
1.566000000000000000e+05	2.953159023862521622e+02
1.566000000000000000e+05	2.948454964107015144e+02
1.575000000000000000e+05	2.948454964107015144e+02
1.575000000000000000e+05	2.934782479946034641e+02
1.584000000000000000e+05	2.934782479946034641e+02
1.584000000000000000e+05	2.939545805381352466e+02
1.593000000000000000e+05	2.939545805381352466e+02
1.593000000000000000e+05	2.971070593974580447e+02
1.602000000000000000e+05	2.971070593974580447e+02
1.602000000000000000e+05	2.939586331820502210e+02
1.611000000000000000e+05	2.939586331820502210e+02
1.611000000000000000e+05	2.928177382213306146e+02
1.620000000000000000e+05	2.928177382213306146e+02
1.620000000000000000e+05	2.942498694324425514e+02
1.629000000000000000e+05	2.942498694324425514e+02
1.629000000000000000e+05	2.937631112606509873e+02
1.638000000000000000e+05	2.937631112606509873e+02
1.638000000000000000e+05	2.921879742033384559e+02
1.647000000000000000e+05	2.921879742033384559e+02
1.647000000000000000e+05	2.915449000752712436e+02
1.656000000000000000e+05	2.915449000752712436e+02
1.656000000000000000e+05	2.930815313363727910e+02
1.665000000000000000e+05	2.930815313363727910e+02
1.665000000000000000e+05	2.929029633557581178e+02
1.674000000000000000e+05	2.929029633557581178e+02
1.674000000000000000e+05	2.942063272006516854e+02
1.683000000000000000e+05	2.942063272006516854e+02
1.683000000000000000e+05	2.945912771990705892e+02
1.692000000000000000e+05	2.945912771990705892e+02
1.692000000000000000e+05	2.928358049892623853e+02
1.701000000000000000e+05	2.928358049892623853e+02
1.701000000000000000e+05	2.928123844957233928e+02
1.710000000000000000e+05	2.928123844957233928e+02
1.710000000000000000e+05	2.939661277663524857e+02
1.719000000000000000e+05	2.939661277663524857e+02
1.719000000000000000e+05	2.943364753799222058e+02
1.728000000000000000e+05	2.943364753799222058e+02
1.728000000000000000e+05	2.927019553881337970e+02
1.737000000000000000e+05	2.927019553881337970e+02
1.737000000000000000e+05	2.926819256106042531e+02
1.746000000000000000e+05	2.926819256106042531e+02
1.746000000000000000e+05	2.938101690406348894e+02
1.755000000000000000e+05	2.938101690406348894e+02
1.755000000000000000e+05	2.941740066707525898e+02
1.764000000000000000e+05	2.941740066707525898e+02
1.764000000000000000e+05	2.925689477583908911e+02
1.773000000000000000e+05	2.925689477583908911e+02
1.773000000000000000e+05	2.925476564996480420e+02
1.782000000000000000e+05	2.925476564996480420e+02
1.782000000000000000e+05	2.936601436028901730e+02
1.791000000000000000e+05	2.936601436028901730e+02
1.791000000000000000e+05	2.940185422429027540e+02
1.800000000000000000e+05	2.940185422429027540e+02
1.800000000000000000e+05	2.924302198179976813e+02
1.809000000000000000e+05	2.924302198179976813e+02
1.809000000000000000e+05	2.924078092938771078e+02
1.818000000000000000e+05	2.924078092938771078e+02
1.818000000000000000e+05	2.935084061552562957e+02
1.827000000000000000e+05	2.935084061552562957e+02
1.827000000000000000e+05	2.928563677021361968e+02
1.836000000000000000e+05	2.928563677021361968e+02
1.836000000000000000e+05	2.920681169158247030e+02
1.845000000000000000e+05	2.920681169158247030e+02
1.845000000000000000e+05	2.920568975307335791e+02
1.854000000000000000e+05	2.920568975307335791e+02
1.854000000000000000e+05	2.912570842117250436e+02
1.863000000000000000e+05	2.912570842117250436e+02
1.863000000000000000e+05	2.911499999999999773e+02
1.872000000000000000e+05	2.911499999999999773e+02
1.872000000000000000e+05	2.937334868924680222e+02
1.881000000000000000e+05	2.937334868924680222e+02
1.881000000000000000e+05	2.926137319438464033e+02
1.890000000000000000e+05	2.926137319438464033e+02
1.890000000000000000e+05	2.934940409022470362e+02
1.899000000000000000e+05	2.934940409022470362e+02
1.899000000000000000e+05	2.937715072705445323e+02
1.908000000000000000e+05	2.937715072705445323e+02
1.908000000000000000e+05	2.929054640730109895e+02
1.917000000000000000e+05	2.929054640730109895e+02
1.917000000000000000e+05	2.928485322184824327e+02
1.926000000000000000e+05	2.928485322184824327e+02
1.926000000000000000e+05	2.934501770788334625e+02
1.935000000000000000e+05	2.934501770788334625e+02
1.935000000000000000e+05	2.920112799069311222e+02
1.944000000000000000e+05	2.920112799069311222e+02
1.944000000000000000e+05	2.933713514781833283e+02
1.953000000000000000e+05	2.933713514781833283e+02
1.953000000000000000e+05	2.929077128927506237e+02
1.962000000000000000e+05	2.929077128927506237e+02
1.962000000000000000e+05	2.938172984790103897e+02
1.971000000000000000e+05	2.938172984790103897e+02
1.971000000000000000e+05	2.943373443257005420e+02
1.980000000000000000e+05	2.943373443257005420e+02
1.980000000000000000e+05	2.957431543341992892e+02
1.989000000000000000e+05	2.957431543341992892e+02
1.989000000000000000e+05	3.014105916113432500e+02
1.998000000000000000e+05	3.014105916113432500e+02
1.998000000000000000e+05	3.047359265583133379e+02
2.007000000000000000e+05	3.047359265583133379e+02
2.007000000000000000e+05	3.071067661069131418e+02
2.016000000000000000e+05	3.071067661069131418e+02
2.016000000000000000e+05	3.049962768671344975e+02
2.025000000000000000e+05	3.049962768671344975e+02
2.025000000000000000e+05	3.077016604769289643e+02
2.034000000000000000e+05	3.077016604769289643e+02
2.034000000000000000e+05	3.075202197857245778e+02
2.043000000000000000e+05	3.075202197857245778e+02
2.043000000000000000e+05	3.080459239247880419e+02
2.052000000000000000e+05	3.080459239247880419e+02
2.052000000000000000e+05	3.028632110666713402e+02
2.061000000000000000e+05	3.028632110666713402e+02
2.061000000000000000e+05	3.057895409194155718e+02
2.070000000000000000e+05	3.057895409194155718e+02
2.070000000000000000e+05	3.040375720172491469e+02
2.079000000000000000e+05	3.040375720172491469e+02
2.079000000000000000e+05	3.031553459185717543e+02
2.088000000000000000e+05	3.031553459185717543e+02
2.088000000000000000e+05	3.029303868486828719e+02
2.097000000000000000e+05	3.029303868486828719e+02
2.097000000000000000e+05	2.994892309690810066e+02
2.106000000000000000e+05	2.994892309690810066e+02
2.106000000000000000e+05	2.972199587562544707e+02
2.115000000000000000e+05	2.972199587562544707e+02
2.115000000000000000e+05	3.003053070648001608e+02
2.124000000000000000e+05	3.003053070648001608e+02
2.124000000000000000e+05	2.995969875770474005e+02
2.133000000000000000e+05	2.995969875770474005e+02
2.133000000000000000e+05	3.007747041410673887e+02
2.142000000000000000e+05	3.007747041410673887e+02
2.142000000000000000e+05	2.987641691390406891e+02
2.151000000000000000e+05	2.987641691390406891e+02
2.151000000000000000e+05	2.968013747350880749e+02
2.160000000000000000e+05	2.968013747350880749e+02
2.160000000000000000e+05	2.980402969763576948e+02
2.169000000000000000e+05	2.980402969763576948e+02
2.169000000000000000e+05	2.965614231773796519e+02
2.178000000000000000e+05	2.965614231773796519e+02
2.178000000000000000e+05	2.987047860370861940e+02
2.187000000000000000e+05	2.987047860370861940e+02
2.187000000000000000e+05	3.004835381941566084e+02
2.196000000000000000e+05	3.004835381941566084e+02
2.196000000000000000e+05	3.004759073253479187e+02
2.205000000000000000e+05	3.004759073253479187e+02
2.205000000000000000e+05	2.985444547192283835e+02
2.214000000000000000e+05	2.985444547192283835e+02
2.214000000000000000e+05	2.985182520842405438e+02
2.223000000000000000e+05	2.985182520842405438e+02
2.223000000000000000e+05	2.969333134689471763e+02
2.232000000000000000e+05	2.969333134689471763e+02
2.232000000000000000e+05	2.957914046997179298e+02
2.241000000000000000e+05	2.957914046997179298e+02
2.241000000000000000e+05	2.949587788382598319e+02
2.250000000000000000e+05	2.949587788382598319e+02
2.250000000000000000e+05	2.932559284930055128e+02
2.259000000000000000e+05	2.932559284930055128e+02
2.259000000000000000e+05	2.986996346560608231e+02
2.268000000000000000e+05	2.986996346560608231e+02
2.268000000000000000e+05	2.962458001394555822e+02
2.277000000000000000e+05	2.962458001394555822e+02
2.277000000000000000e+05	2.952895485435283263e+02
2.286000000000000000e+05	2.952895485435283263e+02
2.286000000000000000e+05	2.977292273109179632e+02
2.295000000000000000e+05	2.977292273109179632e+02
2.295000000000000000e+05	2.967730850324024345e+02
2.304000000000000000e+05	2.967730850324024345e+02
2.304000000000000000e+05	2.942410291249811962e+02
2.313000000000000000e+05	2.942410291249811962e+02
2.313000000000000000e+05	2.938720686412200962e+02
2.322000000000000000e+05	2.938720686412200962e+02
2.322000000000000000e+05	2.923462201658029471e+02
2.331000000000000000e+05	2.923462201658029471e+02
2.331000000000000000e+05	2.969624503859963056e+02
2.340000000000000000e+05	2.969624503859963056e+02
2.340000000000000000e+05	2.971754056106507278e+02
2.349000000000000000e+05	2.971754056106507278e+02
2.349000000000000000e+05	2.955306369559933728e+02
2.358000000000000000e+05	2.955306369559933728e+02
2.358000000000000000e+05	2.960214557345465778e+02
2.367000000000000000e+05	2.960214557345465778e+02
2.367000000000000000e+05	2.942160524136907043e+02
2.376000000000000000e+05	2.942160524136907043e+02
2.376000000000000000e+05	2.949688389036086846e+02
2.385000000000000000e+05	2.949688389036086846e+02
2.385000000000000000e+05	2.996257095161709003e+02
2.394000000000000000e+05	2.996257095161709003e+02
2.394000000000000000e+05	2.955492930831009062e+02
2.403000000000000000e+05	2.955492930831009062e+02
2.403000000000000000e+05	2.953975713533196199e+02
2.412000000000000000e+05	2.953975713533196199e+02
2.412000000000000000e+05	2.957214827114499940e+02
2.421000000000000000e+05	2.957214827114499940e+02
2.421000000000000000e+05	3.004812141494767275e+02
2.430000000000000000e+05	3.004812141494767275e+02
2.430000000000000000e+05	2.961240393691738859e+02
2.439000000000000000e+05	2.961240393691738859e+02
2.439000000000000000e+05	2.990024743938972165e+02
2.448000000000000000e+05	2.990024743938972165e+02
2.448000000000000000e+05	2.956664599097987320e+02
2.457000000000000000e+05	2.956664599097987320e+02
2.457000000000000000e+05	2.976110423846815252e+02
2.466000000000000000e+05	2.976110423846815252e+02
2.466000000000000000e+05	2.945733029419199624e+02
2.475000000000000000e+05	2.945733029419199624e+02
2.475000000000000000e+05	2.933494175763235603e+02
2.484000000000000000e+05	2.933494175763235603e+02
2.484000000000000000e+05	2.937722317285755480e+02
2.493000000000000000e+05	2.937722317285755480e+02
2.493000000000000000e+05	2.934109377011364472e+02
2.502000000000000000e+05	2.934109377011364472e+02
2.502000000000000000e+05	2.918838419965462663e+02
2.511000000000000000e+05	2.918838419965462663e+02
2.511000000000000000e+05	2.912845440236176842e+02
2.520000000000000000e+05	2.912845440236176842e+02
2.520000000000000000e+05	2.928732825241188493e+02
2.529000000000000000e+05	2.928732825241188493e+02
2.529000000000000000e+05	2.927318103713653841e+02
2.538000000000000000e+05	2.927318103713653841e+02
2.538000000000000000e+05	2.940491441149623029e+02
2.547000000000000000e+05	2.940491441149623029e+02
2.547000000000000000e+05	2.944465794611105594e+02
2.556000000000000000e+05	2.944465794611105594e+02
2.556000000000000000e+05	2.926678441759834186e+02
2.565000000000000000e+05	2.926678441759834186e+02
2.565000000000000000e+05	2.926465046877913210e+02
2.574000000000000000e+05	2.926465046877913210e+02
2.574000000000000000e+05	2.938276946619919840e+02
2.583000000000000000e+05	2.938276946619919840e+02
2.583000000000000000e+05	2.942068547603792013e+02
2.592000000000000000e+05	2.942068547603792013e+02
2.592000000000000000e+05	2.925384768430420763e+02
2.601000000000000000e+05	2.925384768430420763e+02
2.601000000000000000e+05	2.925188642670523791e+02
2.610000000000000000e+05	2.925188642670523791e+02
2.610000000000000000e+05	2.936654162812650384e+02
2.619000000000000000e+05	2.936654162812650384e+02
2.619000000000000000e+05	2.940346039440346999e+02
2.628000000000000000e+05	2.940346039440346999e+02
2.628000000000000000e+05	2.924055350186462761e+02
2.637000000000000000e+05	2.924055350186462761e+02
2.637000000000000000e+05	2.923844053136131720e+02
2.646000000000000000e+05	2.923844053136131720e+02
2.646000000000000000e+05	2.930633552179017443e+02
2.655000000000000000e+05	2.930633552179017443e+02
2.655000000000000000e+05	2.927809767318443050e+02
2.664000000000000000e+05	2.927809767318443050e+02
2.664000000000000000e+05	2.921230971389079514e+02
2.673000000000000000e+05	2.921230971389079514e+02
2.673000000000000000e+05	2.952627500138709138e+02
2.682000000000000000e+05	2.952627500138709138e+02
2.682000000000000000e+05	2.941877464229917223e+02
2.691000000000000000e+05	2.941877464229917223e+02
2.691000000000000000e+05	2.937106702610035995e+02
2.700000000000000000e+05	2.937106702610035995e+02
2.700000000000000000e+05	2.931292474249871134e+02
2.709000000000000000e+05	2.931292474249871134e+02
2.709000000000000000e+05	2.926766944170097986e+02
2.718000000000000000e+05	2.926766944170097986e+02
2.718000000000000000e+05	2.937931512242627150e+02
2.727000000000000000e+05	2.937931512242627150e+02
2.727000000000000000e+05	2.940618164873102387e+02
2.736000000000000000e+05	2.940618164873102387e+02
2.736000000000000000e+05	2.924905917317437343e+02
2.745000000000000000e+05	2.924905917317437343e+02
2.745000000000000000e+05	2.967487331301040854e+02
2.754000000000000000e+05	2.967487331301040854e+02
2.754000000000000000e+05	2.941930146917966340e+02
2.763000000000000000e+05	2.941930146917966340e+02
2.763000000000000000e+05	2.928064971872249771e+02
2.772000000000000000e+05	2.928064971872249771e+02
2.772000000000000000e+05	2.946650186139574998e+02
2.781000000000000000e+05	2.946650186139574998e+02
2.781000000000000000e+05	2.936598858739952789e+02
2.790000000000000000e+05	2.936598858739952789e+02
2.790000000000000000e+05	2.921038174241329557e+02
2.799000000000000000e+05	2.921038174241329557e+02
2.799000000000000000e+05	2.915791475357071931e+02
2.808000000000000000e+05	2.915791475357071931e+02
2.808000000000000000e+05	2.923610271878493450e+02
2.817000000000000000e+05	2.923610271878493450e+02
2.817000000000000000e+05	2.920458837282770901e+02
2.826000000000000000e+05	2.920458837282770901e+02
2.826000000000000000e+05	2.911499999999998636e+02
2.835000000000000000e+05	2.911499999999998636e+02
2.835000000000000000e+05	2.911499999999999773e+02
2.844000000000000000e+05	2.911499999999999773e+02
2.844000000000000000e+05	2.943822601568479627e+02
2.853000000000000000e+05	2.943822601568479627e+02
2.853000000000000000e+05	2.937165585924610127e+02
2.862000000000000000e+05	2.937165585924610127e+02
2.862000000000000000e+05	3.008301412274756785e+02
2.871000000000000000e+05	3.008301412274756785e+02
2.871000000000000000e+05	3.043735200343613201e+02
2.880000000000000000e+05	3.043735200343613201e+02
2.880000000000000000e+05	3.040904651367704901e+02
2.889000000000000000e+05	3.040904651367704901e+02
2.889000000000000000e+05	3.075615329209394986e+02
2.898000000000000000e+05	3.075615329209394986e+02
2.898000000000000000e+05	3.005240268659823641e+02
2.907000000000000000e+05	3.005240268659823641e+02
2.907000000000000000e+05	3.039921243747027120e+02
2.916000000000000000e+05	3.039921243747027120e+02
2.916000000000000000e+05	3.031349845377214365e+02
2.925000000000000000e+05	3.031349845377214365e+02
2.925000000000000000e+05	3.053166620982487416e+02
2.934000000000000000e+05	3.053166620982487416e+02
2.934000000000000000e+05	3.057895409194155150e+02
2.943000000000000000e+05	3.057895409194155150e+02
2.943000000000000000e+05	3.048955938804808170e+02
2.952000000000000000e+05	3.048955938804808170e+02
2.952000000000000000e+05	3.050873705567132106e+02
2.961000000000000000e+05	3.050873705567132106e+02
2.961000000000000000e+05	3.008385420336842344e+02
2.970000000000000000e+05	3.008385420336842344e+02
2.970000000000000000e+05	3.008775660793896236e+02
2.979000000000000000e+05	3.008775660793896236e+02
2.979000000000000000e+05	3.000295079724849643e+02
2.988000000000000000e+05	3.000295079724849643e+02
2.988000000000000000e+05	2.975998337819506787e+02
2.997000000000000000e+05	2.975998337819506787e+02
2.997000000000000000e+05	3.027357068224135901e+02
3.006000000000000000e+05	3.027357068224135901e+02
3.006000000000000000e+05	3.004519876754973211e+02
3.015000000000000000e+05	3.004519876754973211e+02
3.015000000000000000e+05	3.004125950886652845e+02
3.024000000000000000e+05	3.004125950886652845e+02
3.024000000000000000e+05	3.003819345082710583e+02
3.033000000000000000e+05	3.003819345082710583e+02
3.033000000000000000e+05	3.012842980652673077e+02
3.042000000000000000e+05	3.012842980652673077e+02
3.042000000000000000e+05	3.032612532564030516e+02
3.051000000000000000e+05	3.032612532564030516e+02
3.051000000000000000e+05	3.010070369812411855e+02
3.060000000000000000e+05	3.010070369812411855e+02
3.060000000000000000e+05	2.974383812365663857e+02
3.069000000000000000e+05	2.974383812365663857e+02
3.069000000000000000e+05	2.960785596037049459e+02
3.078000000000000000e+05	2.960785596037049459e+02
3.078000000000000000e+05	2.982506871791250660e+02
3.087000000000000000e+05	2.982506871791250660e+02
3.087000000000000000e+05	2.967695255056659676e+02
3.096000000000000000e+05	2.967695255056659676e+02
3.096000000000000000e+05	2.947904909012416397e+02
3.105000000000000000e+05	2.947904909012416397e+02
3.105000000000000000e+05	3.005985041965748792e+02
3.114000000000000000e+05	3.005985041965748792e+02
3.114000000000000000e+05	2.971095813849961473e+02
3.123000000000000000e+05	2.971095813849961473e+02
3.123000000000000000e+05	2.961368364382300911e+02
3.132000000000000000e+05	2.961368364382300911e+02
3.132000000000000000e+05	2.941671981478972953e+02
3.141000000000000000e+05	2.941671981478972953e+02
3.141000000000000000e+05	3.001957982644575509e+02
3.150000000000000000e+05	3.001957982644575509e+02
3.150000000000000000e+05	2.960666289699699973e+02
3.159000000000000000e+05	2.960666289699699973e+02
3.159000000000000000e+05	2.953681273156139468e+02
3.168000000000000000e+05	2.953681273156139468e+02
3.168000000000000000e+05	2.939145046269471777e+02
3.177000000000000000e+05	2.939145046269471777e+02
3.177000000000000000e+05	3.000039196456410195e+02
3.186000000000000000e+05	3.000039196456410195e+02
3.186000000000000000e+05	2.959913082308574985e+02
3.195000000000000000e+05	2.959913082308574985e+02
3.195000000000000000e+05	2.952591819753276354e+02
3.204000000000000000e+05	2.952591819753276354e+02
3.204000000000000000e+05	2.956837972116288711e+02
3.213000000000000000e+05	2.956837972116288711e+02
3.213000000000000000e+05	2.985373423924716576e+02
3.222000000000000000e+05	2.985373423924716576e+02
3.222000000000000000e+05	2.999887598569408738e+02
3.231000000000000000e+05	2.999887598569408738e+02
3.231000000000000000e+05	3.033075640609268930e+02
3.240000000000000000e+05	3.033075640609268930e+02
3.240000000000000000e+05	2.984267446900074106e+02
3.249000000000000000e+05	2.984267446900074106e+02
3.249000000000000000e+05	3.016683925618708599e+02
3.258000000000000000e+05	3.016683925618708599e+02
3.258000000000000000e+05	3.001409184725983437e+02
3.267000000000000000e+05	3.001409184725983437e+02
3.267000000000000000e+05	2.985931656077727894e+02
3.276000000000000000e+05	2.985931656077727894e+02
3.276000000000000000e+05	2.987911430674029134e+02
3.285000000000000000e+05	2.987911430674029134e+02
3.285000000000000000e+05	2.969066872868412474e+02
3.294000000000000000e+05	2.969066872868412474e+02
3.294000000000000000e+05	2.972233142355227073e+02
3.303000000000000000e+05	2.972233142355227073e+02
3.303000000000000000e+05	2.956955610466555413e+02
3.312000000000000000e+05	2.956955610466555413e+02
3.312000000000000000e+05	2.948728153615382439e+02
3.321000000000000000e+05	2.948728153615382439e+02
3.321000000000000000e+05	2.977453794831169489e+02
3.330000000000000000e+05	2.977453794831169489e+02
3.330000000000000000e+05	2.944863297770046984e+02
3.339000000000000000e+05	2.944863297770046984e+02
3.339000000000000000e+05	2.932444488650663175e+02
3.348000000000000000e+05	2.932444488650663175e+02
3.348000000000000000e+05	2.943340358006102520e+02
3.357000000000000000e+05	2.943340358006102520e+02
3.357000000000000000e+05	2.938134194736358040e+02
3.366000000000000000e+05	2.938134194736358040e+02
3.366000000000000000e+05	2.922246490932120651e+02
3.375000000000000000e+05	2.922246490932120651e+02
3.375000000000000000e+05	2.915688335801085600e+02
3.384000000000000000e+05	2.915688335801085600e+02
3.384000000000000000e+05	2.930797154852396034e+02
3.393000000000000000e+05	2.930797154852396034e+02
3.393000000000000000e+05	2.928887744419154728e+02
3.402000000000000000e+05	2.928887744419154728e+02
3.402000000000000000e+05	2.941870582945647357e+02
3.411000000000000000e+05	2.941870582945647357e+02
3.411000000000000000e+05	2.945671297308639396e+02
3.420000000000000000e+05	2.945671297308639396e+02
3.420000000000000000e+05	2.928151716003500837e+02
3.429000000000000000e+05	2.928151716003500837e+02
3.429000000000000000e+05	2.927902194421489526e+02
3.438000000000000000e+05	2.927902194421489526e+02
3.438000000000000000e+05	2.939290434030564825e+02
3.447000000000000000e+05	2.939290434030564825e+02
3.447000000000000000e+05	2.942935689569212627e+02
3.456000000000000000e+05	2.942935689569212627e+02
3.456000000000000000e+05	2.926726615230123230e+02
3.465000000000000000e+05	2.926726615230123230e+02
3.465000000000000000e+05	2.926511901439260441e+02
3.474000000000000000e+05	2.926511901439260441e+02
3.474000000000000000e+05	2.937620153630516597e+02
3.483000000000000000e+05	2.937620153630516597e+02
3.483000000000000000e+05	2.941193640190864471e+02
3.492000000000000000e+05	2.941193640190864471e+02
3.492000000000000000e+05	2.925314080836506037e+02
3.501000000000000000e+05	2.925314080836506037e+02
3.501000000000000000e+05	2.925798617429798014e+02
3.510000000000000000e+05	2.925798617429798014e+02
3.510000000000000000e+05	2.937121477049165037e+02
3.519000000000000000e+05	2.937121477049165037e+02
3.519000000000000000e+05	2.940200953597339435e+02
3.528000000000000000e+05	2.940200953597339435e+02
3.528000000000000000e+05	2.926864961388549773e+02
3.537000000000000000e+05	2.926864961388549773e+02
3.537000000000000000e+05	2.927046438598046620e+02
3.546000000000000000e+05	2.927046438598046620e+02
3.546000000000000000e+05	2.937282026811959099e+02
3.555000000000000000e+05	2.937282026811959099e+02
3.555000000000000000e+05	2.944770575522884997e+02
3.564000000000000000e+05	2.944770575522884997e+02
3.564000000000000000e+05	2.935709100384782460e+02
3.573000000000000000e+05	2.935709100384782460e+02
3.573000000000000000e+05	2.934326807767295691e+02
3.582000000000000000e+05	2.934326807767295691e+02
3.582000000000000000e+05	2.917817112444093368e+02
3.591000000000000000e+05	2.917817112444093368e+02
3.591000000000000000e+05	2.911853441732454257e+02
3.600000000000000000e+05	2.911853441732454257e+02
3.600000000000000000e+05	2.921906716528768015e+02
3.609000000000000000e+05	2.921906716528768015e+02
3.609000000000000000e+05	2.920344066345145393e+02
3.618000000000000000e+05	2.920344066345145393e+02
3.618000000000000000e+05	2.932780298033304689e+02
3.627000000000000000e+05	2.932780298033304689e+02
3.627000000000000000e+05	2.936319111022089032e+02
3.636000000000000000e+05	2.936319111022089032e+02
3.636000000000000000e+05	2.918945743167088267e+02
3.645000000000000000e+05	2.918945743167088267e+02
3.645000000000000000e+05	2.964272521774691995e+02
3.654000000000000000e+05	2.964272521774691995e+02
3.654000000000000000e+05	2.926770886486858672e+02
3.663000000000000000e+05	2.926770886486858672e+02
3.663000000000000000e+05	2.917299992266882214e+02
3.672000000000000000e+05	2.917299992266882214e+02
3.672000000000000000e+05	2.923279187939599524e+02
3.681000000000000000e+05	2.923279187939599524e+02
3.681000000000000000e+05	2.948294265280499644e+02
3.690000000000000000e+05	2.948294265280499644e+02
3.690000000000000000e+05	2.927123626658877811e+02
3.699000000000000000e+05	2.927123626658877811e+02
3.699000000000000000e+05	2.923934182098113865e+02
3.708000000000000000e+05	2.923934182098113865e+02
3.708000000000000000e+05	2.969182630458918197e+02
3.717000000000000000e+05	2.969182630458918197e+02
3.717000000000000000e+05	2.995053895946124953e+02
3.726000000000000000e+05	2.995053895946124953e+02
3.726000000000000000e+05	3.041479056765564337e+02
3.735000000000000000e+05	3.041479056765564337e+02
3.735000000000000000e+05	3.068039535299506610e+02
3.744000000000000000e+05	3.068039535299506610e+02
3.744000000000000000e+05	3.051880487474691108e+02
3.753000000000000000e+05	3.051880487474691108e+02
3.753000000000000000e+05	3.079952346734841626e+02
3.762000000000000000e+05	3.079952346734841626e+02
3.762000000000000000e+05	3.075941109307418060e+02
3.771000000000000000e+05	3.075941109307418060e+02
3.771000000000000000e+05	3.080677212881629430e+02
3.780000000000000000e+05	3.080677212881629430e+02
3.780000000000000000e+05	3.029137339545268901e+02
3.789000000000000000e+05	3.029137339545268901e+02
3.789000000000000000e+05	3.039315394234481573e+02
3.798000000000000000e+05	3.039315394234481573e+02
3.798000000000000000e+05	3.054993677823916869e+02
3.807000000000000000e+05	3.054993677823916869e+02
3.807000000000000000e+05	3.031089333800332497e+02
3.816000000000000000e+05	3.031089333800332497e+02
3.816000000000000000e+05	3.031607810614910363e+02
3.825000000000000000e+05	3.031607810614910363e+02
3.825000000000000000e+05	2.996454703291962005e+02
3.834000000000000000e+05	2.996454703291962005e+02
3.834000000000000000e+05	2.998462424606416903e+02
3.843000000000000000e+05	2.998462424606416903e+02
3.843000000000000000e+05	2.991934684445790253e+02
3.852000000000000000e+05	2.991934684445790253e+02
3.852000000000000000e+05	2.970173025418469592e+02
3.861000000000000000e+05	2.970173025418469592e+02
3.861000000000000000e+05	3.023870962217023930e+02
3.870000000000000000e+05	3.023870962217023930e+02
3.870000000000000000e+05	3.020265658168895584e+02
3.879000000000000000e+05	3.020265658168895584e+02
3.879000000000000000e+05	2.981891853111339401e+02
3.888000000000000000e+05	2.981891853111339401e+02
3.888000000000000000e+05	2.997017156059590093e+02
3.897000000000000000e+05	2.997017156059590093e+02
3.897000000000000000e+05	2.976649206300982655e+02
3.906000000000000000e+05	2.976649206300982655e+02
3.906000000000000000e+05	2.954327006489240262e+02
3.915000000000000000e+05	2.954327006489240262e+02
3.915000000000000000e+05	2.987776209521389319e+02
3.924000000000000000e+05	2.987776209521389319e+02
3.924000000000000000e+05	2.984540435331971935e+02
3.933000000000000000e+05	2.984540435331971935e+02
3.933000000000000000e+05	2.964325973097353994e+02
3.942000000000000000e+05	2.964325973097353994e+02
3.942000000000000000e+05	2.945692068690299266e+02
3.951000000000000000e+05	2.945692068690299266e+02
3.951000000000000000e+05	2.999477319799182737e+02
3.960000000000000000e+05	2.999477319799182737e+02
3.960000000000000000e+05	2.971743182392813196e+02
3.969000000000000000e+05	2.971743182392813196e+02
3.969000000000000000e+05	3.008463731145576503e+02
3.978000000000000000e+05	3.008463731145576503e+02
3.978000000000000000e+05	2.986717682604214588e+02
3.987000000000000000e+05	2.986717682604214588e+02
3.987000000000000000e+05	2.971341453312962813e+02
3.996000000000000000e+05	2.971341453312962813e+02
3.996000000000000000e+05	2.945257732850292314e+02
4.005000000000000000e+05	2.945257732850292314e+02
4.005000000000000000e+05	3.004306578844025921e+02
4.014000000000000000e+05	3.004306578844025921e+02
4.014000000000000000e+05	2.959130170457842723e+02
4.023000000000000000e+05	2.959130170457842723e+02
4.023000000000000000e+05	2.953806978197671924e+02
4.032000000000000000e+05	2.953806978197671924e+02
4.032000000000000000e+05	2.955843111183320389e+02
4.041000000000000000e+05	2.955843111183320389e+02
4.041000000000000000e+05	2.984180577937804628e+02
4.050000000000000000e+05	2.984180577937804628e+02
4.050000000000000000e+05	2.950334373446925724e+02
4.059000000000000000e+05	2.950334373446925724e+02
4.059000000000000000e+05	2.950778120368036639e+02
4.068000000000000000e+05	2.950778120368036639e+02
4.068000000000000000e+05	2.950760518625895656e+02
4.077000000000000000e+05	2.950760518625895656e+02
4.077000000000000000e+05	3.002513321750157047e+02
4.086000000000000000e+05	3.002513321750157047e+02
4.086000000000000000e+05	2.996672399963371163e+02
4.095000000000000000e+05	2.996672399963371163e+02
4.095000000000000000e+05	2.978676169712495607e+02
4.104000000000000000e+05	2.978676169712495607e+02
4.104000000000000000e+05	2.984394259911147174e+02
4.113000000000000000e+05	2.984394259911147174e+02
4.113000000000000000e+05	2.964033897752188977e+02
4.122000000000000000e+05	2.964033897752188977e+02
4.122000000000000000e+05	2.984268517838053185e+02
4.131000000000000000e+05	2.984268517838053185e+02
4.131000000000000000e+05	2.999832038858313581e+02
4.140000000000000000e+05	2.999832038858313581e+02
4.140000000000000000e+05	2.997151290626947002e+02
4.149000000000000000e+05	2.997151290626947002e+02
4.149000000000000000e+05	2.974525448752646639e+02
4.158000000000000000e+05	2.974525448752646639e+02
4.158000000000000000e+05	3.013160901977133221e+02
4.167000000000000000e+05	3.013160901977133221e+02
4.167000000000000000e+05	2.992893043450443429e+02
4.176000000000000000e+05	2.992893043450443429e+02
4.176000000000000000e+05	2.954528603982232653e+02
4.185000000000000000e+05	2.954528603982232653e+02
4.185000000000000000e+05	2.984591916261714459e+02
4.194000000000000000e+05	2.984591916261714459e+02
4.194000000000000000e+05	2.949978703153026913e+02
4.203000000000000000e+05	2.949978703153026913e+02
4.203000000000000000e+05	2.936501262109927666e+02
4.212000000000000000e+05	2.936501262109927666e+02
4.212000000000000000e+05	2.937192739819304279e+02
4.221000000000000000e+05	2.937192739819304279e+02
4.221000000000000000e+05	2.933813405554644191e+02
4.230000000000000000e+05	2.933813405554644191e+02
4.230000000000000000e+05	2.918630954559861834e+02
4.239000000000000000e+05	2.918630954559861834e+02
4.239000000000000000e+05	2.912717036043954408e+02
4.248000000000000000e+05	2.912717036043954408e+02
4.248000000000000000e+05	2.928649942296614768e+02
4.257000000000000000e+05	2.928649942296614768e+02
4.257000000000000000e+05	2.927292438379624286e+02
4.266000000000000000e+05	2.927292438379624286e+02
4.266000000000000000e+05	2.940484768843456891e+02
4.275000000000000000e+05	2.940484768843456891e+02
4.275000000000000000e+05	2.944474545924883273e+02
4.284000000000000000e+05	2.944474545924883273e+02
4.284000000000000000e+05	2.926631643059881185e+02
4.293000000000000000e+05	2.926631643059881185e+02
4.293000000000000000e+05	2.926418153056060873e+02
4.302000000000000000e+05	2.926418153056060873e+02
4.302000000000000000e+05	2.938247165371266192e+02
4.311000000000000000e+05	2.938247165371266192e+02
4.311000000000000000e+05	2.942041382598581549e+02
4.320000000000000000e+05	2.942041382598581549e+02
4.320000000000000000e+05	2.925318588807310789e+02
4.329000000000000000e+05	2.925318588807310789e+02
4.329000000000000000e+05	2.925120002478686843e+02
4.338000000000000000e+05	2.925120002478686843e+02
4.338000000000000000e+05	2.936574677204147861e+02
4.347000000000000000e+05	2.936574677204147861e+02
4.347000000000000000e+05	2.940259967138390493e+02
4.356000000000000000e+05	2.940259967138390493e+02
4.356000000000000000e+05	2.923965421796778514e+02
4.365000000000000000e+05	2.923965421796778514e+02
4.365000000000000000e+05	2.923751040458898842e+02
4.374000000000000000e+05	2.923751040458898842e+02
4.374000000000000000e+05	2.934944444468419533e+02
4.383000000000000000e+05	2.934944444468419533e+02
4.383000000000000000e+05	2.938540666421983474e+02
4.392000000000000000e+05	2.938540666421983474e+02
4.392000000000000000e+05	2.922534024829921009e+02
4.401000000000000000e+05	2.922534024829921009e+02
4.401000000000000000e+05	2.922302376498651597e+02
4.410000000000000000e+05	2.922302376498651597e+02
4.410000000000000000e+05	2.933284128531225292e+02
4.419000000000000000e+05	2.933284128531225292e+02
4.419000000000000000e+05	2.936806851510808087e+02
4.428000000000000000e+05	2.936806851510808087e+02
4.428000000000000000e+05	2.921032958100019528e+02
4.437000000000000000e+05	2.921032958100019528e+02
4.437000000000000000e+05	2.920788790510011950e+02
4.446000000000000000e+05	2.920788790510011950e+02
4.446000000000000000e+05	2.953739264985446766e+02
4.455000000000000000e+05	2.953739264985446766e+02
4.455000000000000000e+05	2.927462691313000960e+02
4.464000000000000000e+05	2.927462691313000960e+02
4.464000000000000000e+05	2.954625005042350949e+02
4.473000000000000000e+05	2.954625005042350949e+02
4.473000000000000000e+05	2.943880381096920473e+02
4.482000000000000000e+05	2.943880381096920473e+02
4.482000000000000000e+05	2.929713220030255911e+02
4.491000000000000000e+05	2.929713220030255911e+02
4.491000000000000000e+05	2.946969855549968997e+02
4.500000000000000000e+05	2.946969855549968997e+02
4.500000000000000000e+05	2.947702829729809082e+02
4.509000000000000000e+05	2.947702829729809082e+02
4.509000000000000000e+05	2.977726036164959851e+02
4.518000000000000000e+05	2.977726036164959851e+02
4.518000000000000000e+05	2.977256900439486458e+02
4.527000000000000000e+05	2.977256900439486458e+02
4.527000000000000000e+05	2.963600674038595457e+02
4.536000000000000000e+05	2.963600674038595457e+02
4.536000000000000000e+05	2.944003710542033332e+02
4.545000000000000000e+05	2.944003710542033332e+02
4.545000000000000000e+05	2.934542454470430357e+02
4.554000000000000000e+05	2.934542454470430357e+02
4.554000000000000000e+05	2.916991336066262761e+02
4.563000000000000000e+05	2.916991336066262761e+02
4.563000000000000000e+05	2.937090760904422382e+02
4.572000000000000000e+05	2.937090760904422382e+02
4.572000000000000000e+05	2.947455214670464443e+02
4.581000000000000000e+05	2.947455214670464443e+02
4.581000000000000000e+05	3.003623628742813025e+02
4.590000000000000000e+05	3.003623628742813025e+02
4.590000000000000000e+05	3.044280239369675201e+02
4.599000000000000000e+05	3.044280239369675201e+02
4.599000000000000000e+05	3.069342611731472061e+02
4.608000000000000000e+05	3.069342611731472061e+02
4.608000000000000000e+05	3.045512183216993662e+02
4.617000000000000000e+05	3.045512183216993662e+02
4.617000000000000000e+05	3.072672050245195123e+02
4.626000000000000000e+05	3.072672050245195123e+02
4.626000000000000000e+05	3.072025635601436306e+02
4.635000000000000000e+05	3.072025635601436306e+02
4.635000000000000000e+05	3.077717793082905473e+02
4.644000000000000000e+05	3.077717793082905473e+02
4.644000000000000000e+05	3.073264614102580481e+02
4.653000000000000000e+05	3.073264614102580481e+02
4.653000000000000000e+05	3.049332306168520859e+02
4.662000000000000000e+05	3.049332306168520859e+02
4.662000000000000000e+05	3.047693518670034791e+02
4.671000000000000000e+05	3.047693518670034791e+02
4.671000000000000000e+05	3.042269180463312637e+02
4.680000000000000000e+05	3.042269180463312637e+02
4.680000000000000000e+05	3.039510109915154885e+02
4.689000000000000000e+05	3.039510109915154885e+02
4.689000000000000000e+05	3.000051286982885586e+02
4.698000000000000000e+05	3.000051286982885586e+02
4.698000000000000000e+05	3.012506043914849556e+02
4.707000000000000000e+05	3.012506043914849556e+02
4.707000000000000000e+05	3.013615307772874985e+02
4.716000000000000000e+05	3.013615307772874985e+02
4.716000000000000000e+05	3.008833216273787912e+02
4.725000000000000000e+05	3.008833216273787912e+02
4.725000000000000000e+05	3.035893958191347224e+02
4.734000000000000000e+05	3.035893958191347224e+02
4.734000000000000000e+05	3.016214095993365731e+02
4.743000000000000000e+05	3.016214095993365731e+02
4.743000000000000000e+05	3.058458175979358771e+02
4.752000000000000000e+05	3.058458175979358771e+02
4.752000000000000000e+05	2.997722721577557081e+02
4.761000000000000000e+05	2.997722721577557081e+02
4.761000000000000000e+05	2.976854941783842605e+02
4.770000000000000000e+05	2.976854941783842605e+02
4.770000000000000000e+05	3.006728737190618403e+02
4.779000000000000000e+05	3.006728737190618403e+02
4.779000000000000000e+05	3.017844600006332030e+02
4.788000000000000000e+05	3.017844600006332030e+02
4.788000000000000000e+05	2.982987653453305938e+02
4.797000000000000000e+05	2.982987653453305938e+02
4.797000000000000000e+05	2.966193606638743745e+02
4.806000000000000000e+05	2.966193606638743745e+02
4.806000000000000000e+05	2.946482769480855382e+02
4.815000000000000000e+05	2.946482769480855382e+02
4.815000000000000000e+05	2.999927983513303502e+02
4.824000000000000000e+05	2.999927983513303502e+02
4.824000000000000000e+05	2.970692490212355779e+02
4.833000000000000000e+05	2.970692490212355779e+02
4.833000000000000000e+05	2.958391594538005620e+02
4.842000000000000000e+05	2.958391594538005620e+02
4.842000000000000000e+05	2.939663502607935470e+02
4.851000000000000000e+05	2.939663502607935470e+02
4.851000000000000000e+05	2.980267039334180481e+02
4.860000000000000000e+05	2.980267039334180481e+02
4.860000000000000000e+05	2.979457818602443808e+02
4.869000000000000000e+05	2.979457818602443808e+02
4.869000000000000000e+05	2.960619109258586832e+02
4.878000000000000000e+05	2.960619109258586832e+02
4.878000000000000000e+05	2.952610894065879279e+02
4.887000000000000000e+05	2.952610894065879279e+02
4.887000000000000000e+05	2.937339014494634171e+02
4.896000000000000000e+05	2.937339014494634171e+02
4.896000000000000000e+05	2.945325076343568753e+02
4.905000000000000000e+05	2.945325076343568753e+02
4.905000000000000000e+05	2.995753695103554151e+02
4.914000000000000000e+05	2.995753695103554151e+02
4.914000000000000000e+05	2.955452015630863798e+02
4.923000000000000000e+05	2.955452015630863798e+02
4.923000000000000000e+05	2.946628064299508765e+02
4.932000000000000000e+05	2.946628064299508765e+02
4.932000000000000000e+05	2.946195630171825997e+02
4.941000000000000000e+05	2.946195630171825997e+02
4.941000000000000000e+05	2.998757065308148526e+02
4.950000000000000000e+05	2.998757065308148526e+02
4.950000000000000000e+05	2.957866975152262512e+02
4.959000000000000000e+05	2.957866975152262512e+02
4.959000000000000000e+05	2.948589689344971134e+02
4.968000000000000000e+05	2.948589689344971134e+02
4.968000000000000000e+05	2.947414502512558556e+02
4.977000000000000000e+05	2.947414502512558556e+02
4.977000000000000000e+05	2.996040905857225880e+02
4.986000000000000000e+05	2.996040905857225880e+02
4.986000000000000000e+05	2.955267056778945403e+02
4.995000000000000000e+05	2.955267056778945403e+02
4.995000000000000000e+05	2.984928113759068538e+02
5.004000000000000000e+05	2.984928113759068538e+02
5.004000000000000000e+05	2.982132918035754301e+02
5.013000000000000000e+05	2.982132918035754301e+02
5.013000000000000000e+05	2.965031870581124167e+02
5.022000000000000000e+05	2.965031870581124167e+02
5.022000000000000000e+05	2.953634463993032000e+02
5.031000000000000000e+05	2.953634463993032000e+02
5.031000000000000000e+05	2.988090099682706295e+02
5.040000000000000000e+05	2.988090099682706295e+02
5.040000000000000000e+05	2.962494438415737363e+02
5.049000000000000000e+05	2.962494438415737363e+02
5.049000000000000000e+05	2.983447680482070723e+02
5.058000000000000000e+05	2.983447680482070723e+02
5.058000000000000000e+05	2.951056141149639984e+02
5.067000000000000000e+05	2.951056141149639984e+02
5.067000000000000000e+05	2.937756252959638914e+02
5.076000000000000000e+05	2.937756252959638914e+02
5.076000000000000000e+05	2.940086041187315686e+02
5.085000000000000000e+05	2.940086041187315686e+02
5.085000000000000000e+05	2.935862243136242000e+02
5.094000000000000000e+05	2.935862243136242000e+02
5.094000000000000000e+05	2.920348389902812301e+02
5.103000000000000000e+05	2.920348389902812301e+02
5.103000000000000000e+05	2.914129062778848720e+02
5.112000000000000000e+05	2.914129062778848720e+02
5.112000000000000000e+05	2.929617213116481480e+02
5.121000000000000000e+05	2.929617213116481480e+02
5.121000000000000000e+05	2.927985974023289941e+02
5.130000000000000000e+05	2.927985974023289941e+02
5.130000000000000000e+05	2.941073284382779889e+02
5.139000000000000000e+05	2.941073284382779889e+02
5.139000000000000000e+05	2.944968114027385582e+02
5.148000000000000000e+05	2.944968114027385582e+02
5.148000000000000000e+05	2.927269786107963796e+02
5.157000000000000000e+05	2.927269786107963796e+02
5.157000000000000000e+05	2.927037820255094971e+02
5.166000000000000000e+05	2.927037820255094971e+02
5.166000000000000000e+05	2.938627430120118902e+02
5.175000000000000000e+05	2.938627430120118902e+02
5.175000000000000000e+05	2.942337756679928589e+02
5.184000000000000000e+05	2.942337756679928589e+02
5.184000000000000000e+05	2.925875035779466202e+02
5.193000000000000000e+05	2.925875035779466202e+02
5.193000000000000000e+05	2.926372650566461289e+02
5.202000000000000000e+05	2.926372650566461289e+02
5.202000000000000000e+05	2.937282510973001308e+02
5.211000000000000000e+05	2.937282510973001308e+02
5.211000000000000000e+05	2.940779438740856904e+02
5.220000000000000000e+05	2.940779438740856904e+02
5.220000000000000000e+05	2.947681782464213711e+02
5.229000000000000000e+05	2.947681782464213711e+02
5.229000000000000000e+05	2.946740416892573080e+02
5.238000000000000000e+05	2.946740416892573080e+02
5.238000000000000000e+05	2.947945332374613372e+02
5.247000000000000000e+05	2.947945332374613372e+02
5.247000000000000000e+05	2.948030734212842958e+02
5.256000000000000000e+05	2.948030734212842958e+02
5.256000000000000000e+05	2.943432415163597966e+02
5.265000000000000000e+05	2.943432415163597966e+02
5.265000000000000000e+05	2.942295286548227295e+02
5.274000000000000000e+05	2.942295286548227295e+02
5.274000000000000000e+05	2.928445509852082296e+02
5.283000000000000000e+05	2.928445509852082296e+02
5.283000000000000000e+05	2.965452261656407131e+02
5.292000000000000000e+05	2.965452261656407131e+02
5.292000000000000000e+05	2.969011646917799681e+02
5.301000000000000000e+05	2.969011646917799681e+02
5.301000000000000000e+05	2.987166392533674752e+02
5.310000000000000000e+05	2.987166392533674752e+02
5.310000000000000000e+05	2.973781626412055061e+02
5.319000000000000000e+05	2.973781626412055061e+02
5.319000000000000000e+05	2.966867330109277532e+02
5.328000000000000000e+05	2.966867330109277532e+02
5.328000000000000000e+05	2.969423989314885262e+02
5.337000000000000000e+05	2.969423989314885262e+02
5.337000000000000000e+05	2.961367078742529770e+02
5.346000000000000000e+05	2.961367078742529770e+02
5.346000000000000000e+05	2.942488472477194819e+02
5.355000000000000000e+05	2.942488472477194819e+02
5.355000000000000000e+05	2.959460851501836487e+02
5.364000000000000000e+05	2.959460851501836487e+02
5.364000000000000000e+05	2.955742000251008790e+02
5.373000000000000000e+05	2.955742000251008790e+02
5.373000000000000000e+05	2.991560983927188317e+02
5.382000000000000000e+05	2.991560983927188317e+02
5.382000000000000000e+05	2.976535204624316862e+02
5.391000000000000000e+05	2.976535204624316862e+02
5.391000000000000000e+05	2.962850083988017218e+02
5.400000000000000000e+05	2.962850083988017218e+02
5.400000000000000000e+05	2.929063500167631560e+02
5.409000000000000000e+05	2.929063500167631560e+02
5.409000000000000000e+05	2.965100653910259325e+02
5.418000000000000000e+05	2.965100653910259325e+02
5.418000000000000000e+05	2.930373713924342383e+02
5.427000000000000000e+05	2.930373713924342383e+02
5.427000000000000000e+05	2.917605503519872627e+02
5.436000000000000000e+05	2.917605503519872627e+02
5.436000000000000000e+05	2.966566759338642782e+02
5.445000000000000000e+05	2.966566759338642782e+02
5.445000000000000000e+05	3.018674376034687725e+02
5.454000000000000000e+05	3.018674376034687725e+02
5.454000000000000000e+05	3.053504516820052004e+02
5.463000000000000000e+05	3.053504516820052004e+02
5.463000000000000000e+05	3.076260744559102704e+02
5.472000000000000000e+05	3.076260744559102704e+02
5.472000000000000000e+05	3.052993519272516210e+02
5.481000000000000000e+05	3.052993519272516210e+02
5.481000000000000000e+05	3.078306873337638763e+02
5.490000000000000000e+05	3.078306873337638763e+02
5.490000000000000000e+05	3.076367877325239988e+02
5.499000000000000000e+05	3.076367877325239988e+02
5.499000000000000000e+05	3.081252995304849946e+02
5.508000000000000000e+05	3.081252995304849946e+02
5.508000000000000000e+05	3.076649699323325535e+02
5.517000000000000000e+05	3.076649699323325535e+02
5.517000000000000000e+05	3.022720773497348432e+02
5.526000000000000000e+05	3.022720773497348432e+02
5.526000000000000000e+05	3.038885799803692862e+02
5.535000000000000000e+05	3.038885799803692862e+02
5.535000000000000000e+05	3.033655583617702405e+02
5.544000000000000000e+05	3.033655583617702405e+02
5.544000000000000000e+05	3.029700992420031298e+02
5.553000000000000000e+05	3.029700992420031298e+02
5.553000000000000000e+05	2.993080671890962208e+02
5.562000000000000000e+05	2.993080671890962208e+02
5.562000000000000000e+05	3.009434989301659016e+02
5.571000000000000000e+05	3.009434989301659016e+02
5.571000000000000000e+05	3.024532833836918257e+02
5.580000000000000000e+05	3.024532833836918257e+02
5.580000000000000000e+05	2.980786828136010058e+02
5.589000000000000000e+05	2.980786828136010058e+02
5.589000000000000000e+05	3.028231455726256627e+02
5.598000000000000000e+05	3.028231455726256627e+02
5.598000000000000000e+05	3.006678102807890127e+02
5.607000000000000000e+05	3.006678102807890127e+02
5.607000000000000000e+05	3.017694890267048891e+02
5.616000000000000000e+05	3.017694890267048891e+02
5.616000000000000000e+05	3.015508715952880152e+02
5.625000000000000000e+05	3.015508715952880152e+02
5.625000000000000000e+05	2.989503051320494933e+02
5.634000000000000000e+05	2.989503051320494933e+02
5.634000000000000000e+05	3.014707409610130071e+02
5.643000000000000000e+05	3.014707409610130071e+02
5.643000000000000000e+05	3.023086248571005399e+02
5.652000000000000000e+05	3.023086248571005399e+02
5.652000000000000000e+05	3.023960471882517140e+02
5.661000000000000000e+05	3.023960471882517140e+02
5.661000000000000000e+05	3.001236399737446732e+02
5.670000000000000000e+05	3.001236399737446732e+02
5.670000000000000000e+05	2.995491020125652426e+02
5.679000000000000000e+05	2.995491020125652426e+02
5.679000000000000000e+05	2.982309766367221755e+02
5.688000000000000000e+05	2.982309766367221755e+02
5.688000000000000000e+05	2.966013371423754847e+02
5.697000000000000000e+05	2.966013371423754847e+02
5.697000000000000000e+05	2.993050927417688172e+02
5.706000000000000000e+05	2.993050927417688172e+02
5.706000000000000000e+05	2.996455335982403767e+02
5.715000000000000000e+05	2.996455335982403767e+02
5.715000000000000000e+05	3.018631110574609693e+02
5.724000000000000000e+05	3.018631110574609693e+02
5.724000000000000000e+05	2.981495462550703905e+02
5.733000000000000000e+05	2.981495462550703905e+02
5.733000000000000000e+05	2.965777404507819597e+02
5.742000000000000000e+05	2.965777404507819597e+02
5.742000000000000000e+05	2.955047551629670011e+02
5.751000000000000000e+05	2.955047551629670011e+02
5.751000000000000000e+05	2.939012172298869814e+02
5.760000000000000000e+05	2.939012172298869814e+02
5.760000000000000000e+05	2.953105537609026214e+02
5.769000000000000000e+05	2.953105537609026214e+02
5.769000000000000000e+05	2.985853894375919140e+02
5.778000000000000000e+05	2.985853894375919140e+02
5.778000000000000000e+05	2.951994399109542542e+02
5.787000000000000000e+05	2.951994399109542542e+02
5.787000000000000000e+05	2.949133318346652572e+02
5.796000000000000000e+05	2.949133318346652572e+02
5.796000000000000000e+05	2.950483652983555203e+02
5.805000000000000000e+05	2.950483652983555203e+02
5.805000000000000000e+05	3.007626060808943862e+02
5.814000000000000000e+05	3.007626060808943862e+02
5.814000000000000000e+05	2.968899765822048948e+02
5.823000000000000000e+05	2.968899765822048948e+02
5.823000000000000000e+05	2.958830642383570648e+02
5.832000000000000000e+05	2.958830642383570648e+02
5.832000000000000000e+05	2.941746744425786346e+02
5.841000000000000000e+05	2.941746744425786346e+02
5.841000000000000000e+05	3.001814610184355274e+02
5.850000000000000000e+05	3.001814610184355274e+02
5.850000000000000000e+05	2.957740666580800166e+02
5.859000000000000000e+05	2.957740666580800166e+02
5.859000000000000000e+05	2.981344044095761205e+02
5.868000000000000000e+05	2.981344044095761205e+02
5.868000000000000000e+05	2.980151185537891934e+02
5.877000000000000000e+05	2.980151185537891934e+02
5.877000000000000000e+05	2.962982631446527648e+02
5.886000000000000000e+05	2.962982631446527648e+02
5.886000000000000000e+05	2.998667468215730310e+02
5.895000000000000000e+05	2.998667468215730310e+02
5.895000000000000000e+05	2.975207234362602549e+02
5.904000000000000000e+05	2.975207234362602549e+02
5.904000000000000000e+05	2.977765721638336345e+02
5.913000000000000000e+05	2.977765721638336345e+02
5.913000000000000000e+05	2.979237965299278699e+02
5.922000000000000000e+05	2.979237965299278699e+02
5.922000000000000000e+05	2.952166134618065030e+02
5.931000000000000000e+05	2.952166134618065030e+02
5.931000000000000000e+05	2.939561395886887567e+02
5.940000000000000000e+05	2.939561395886887567e+02
5.940000000000000000e+05	2.945937714106515273e+02
5.949000000000000000e+05	2.945937714106515273e+02
5.949000000000000000e+05	2.940086263173649286e+02
5.958000000000000000e+05	2.940086263173649286e+02
5.958000000000000000e+05	2.923926811131508998e+02
5.967000000000000000e+05	2.923926811131508998e+02
5.967000000000000000e+05	2.917105138685691372e+02
5.976000000000000000e+05	2.917105138685691372e+02
5.976000000000000000e+05	2.931652541556084657e+02
5.985000000000000000e+05	2.931652541556084657e+02
5.985000000000000000e+05	2.929459607522268243e+02
5.994000000000000000e+05	2.929459607522268243e+02
5.994000000000000000e+05	2.942313556334156601e+02
6.003000000000000000e+05	2.942313556334156601e+02
6.003000000000000000e+05	2.945984630193963767e+02
6.012000000000000000e+05	2.945984630193963767e+02
6.012000000000000000e+05	2.928514126242696420e+02
6.021000000000000000e+05	2.928514126242696420e+02
6.021000000000000000e+05	2.928218481346512476e+02
6.030000000000000000e+05	2.928218481346512476e+02
6.030000000000000000e+05	2.939195565983317238e+02
6.039000000000000000e+05	2.939195565983317238e+02
6.039000000000000000e+05	2.942666810337715901e+02
6.048000000000000000e+05	2.942666810337715901e+02
