# #1
# double dem_elec(1344, 2)
0.000000000000000000e+00	6.063468400000000003e+01
9.000000000000000000e+02	6.063468400000000003e+01
9.000000000000000000e+02	6.066497999999999990e+01
1.800000000000000000e+03	6.066497999999999990e+01
1.800000000000000000e+03	6.009100799999999509e+01
2.700000000000000000e+03	6.009100799999999509e+01
2.700000000000000000e+03	6.168317599999999601e+01
3.600000000000000000e+03	6.168317599999999601e+01
3.600000000000000000e+03	6.070622400000000596e+01
4.500000000000000000e+03	6.070622400000000596e+01
4.500000000000000000e+03	6.076608399999999222e+01
5.400000000000000000e+03	6.076608399999999222e+01
5.400000000000000000e+03	6.004588799999999083e+01
6.300000000000000000e+03	6.004588799999999083e+01
6.300000000000000000e+03	6.012751199999999585e+01
7.200000000000000000e+03	6.012751199999999585e+01
7.200000000000000000e+03	6.219116799999999756e+01
8.100000000000000000e+03	6.219116799999999756e+01
8.100000000000000000e+03	6.036843600000000265e+01
9.000000000000000000e+03	6.036843600000000265e+01
9.000000000000000000e+03	6.042544799999998872e+01
9.900000000000000000e+03	6.042544799999998872e+01
9.900000000000000000e+03	6.223812399999999911e+01
1.080000000000000000e+04	6.223812399999999911e+01
1.080000000000000000e+04	1.634717639999999506e+02
1.170000000000000000e+04	1.634717639999999506e+02
1.170000000000000000e+04	2.272305280000000209e+02
1.260000000000000000e+04	2.272305280000000209e+02
1.260000000000000000e+04	2.301954719999999384e+02
1.350000000000000000e+04	2.301954719999999384e+02
1.350000000000000000e+04	2.249243520000000274e+02
1.440000000000000000e+04	2.249243520000000274e+02
1.440000000000000000e+04	2.281547879999999395e+02
1.530000000000000000e+04	2.281547879999999395e+02
1.530000000000000000e+04	6.735487600000000441e+01
1.620000000000000000e+04	6.735487600000000441e+01
1.620000000000000000e+04	6.247491600000000034e+01
1.710000000000000000e+04	6.247491600000000034e+01
1.710000000000000000e+04	6.176399200000000889e+01
1.800000000000000000e+04	6.176399200000000889e+01
1.800000000000000000e+04	6.133635999999999910e+01
1.890000000000000000e+04	6.133635999999999910e+01
1.890000000000000000e+04	6.231390400000000085e+01
1.980000000000000000e+04	6.231390400000000085e+01
1.980000000000000000e+04	6.103563600000000378e+01
2.070000000000000000e+04	6.103563600000000378e+01
2.070000000000000000e+04	5.932965600000000705e+01
2.160000000000000000e+04	5.932965600000000705e+01
2.160000000000000000e+04	1.458454440000000147e+02
2.250000000000000000e+04	1.458454440000000147e+02
2.250000000000000000e+04	2.600749560000000429e+02
2.340000000000000000e+04	2.600749560000000429e+02
2.340000000000000000e+04	1.924251976000000013e+03
2.430000000000000000e+04	1.924251976000000013e+03
2.430000000000000000e+04	1.942687683999999990e+03
2.520000000000000000e+04	1.942687683999999990e+03
2.520000000000000000e+04	6.094067600000000766e+02
2.610000000000000000e+04	6.094067600000000766e+02
2.610000000000000000e+04	3.411304519999999911e+02
2.700000000000000000e+04	3.411304519999999911e+02
2.700000000000000000e+04	1.463994631999999683e+03
2.790000000000000000e+04	1.463994631999999683e+03
2.790000000000000000e+04	2.184981831999999486e+03
2.880000000000000000e+04	2.184981831999999486e+03
2.880000000000000000e+04	3.218228855999999723e+03
2.970000000000000000e+04	3.218228855999999723e+03
2.970000000000000000e+04	1.422332991999999876e+03
3.060000000000000000e+04	1.422332991999999876e+03
3.060000000000000000e+04	3.926693759999999997e+02
3.150000000000000000e+04	3.926693759999999997e+02
3.150000000000000000e+04	4.263819680000000290e+02
3.240000000000000000e+04	4.263819680000000290e+02
3.240000000000000000e+04	5.831405879999999797e+02
3.330000000000000000e+04	5.831405879999999797e+02
3.330000000000000000e+04	5.974352320000000418e+02
3.420000000000000000e+04	5.974352320000000418e+02
3.420000000000000000e+04	6.005883479999998826e+02
3.510000000000000000e+04	6.005883479999998826e+02
3.510000000000000000e+04	1.858384268000000020e+03
3.600000000000000000e+04	1.858384268000000020e+03
3.600000000000000000e+04	7.471480279999999539e+02
3.690000000000000000e+04	7.471480279999999539e+02
3.690000000000000000e+04	2.061548400000000072e+02
3.780000000000000000e+04	2.061548400000000072e+02
3.780000000000000000e+04	2.070397680000000094e+02
3.870000000000000000e+04	2.070397680000000094e+02
3.870000000000000000e+04	2.002189320000000237e+02
3.960000000000000000e+04	2.002189320000000237e+02
3.960000000000000000e+04	1.441595240000000047e+02
4.050000000000000000e+04	1.441595240000000047e+02
4.050000000000000000e+04	1.460966200000000015e+02
4.140000000000000000e+04	1.460966200000000015e+02
4.140000000000000000e+04	1.487871600000000001e+02
4.230000000000000000e+04	1.487871600000000001e+02
4.230000000000000000e+04	1.795512119999999356e+02
4.320000000000000000e+04	1.795512119999999356e+02
4.320000000000000000e+04	2.013870320000000049e+02
4.410000000000000000e+04	2.013870320000000049e+02
4.410000000000000000e+04	2.123417359999999974e+02
4.500000000000000000e+04	2.123417359999999974e+02
4.500000000000000000e+04	2.136009880000000294e+02
4.590000000000000000e+04	2.136009880000000294e+02
4.590000000000000000e+04	1.982432640000000390e+02
4.680000000000000000e+04	1.982432640000000390e+02
4.680000000000000000e+04	1.261687879999999780e+02
4.770000000000000000e+04	1.261687879999999780e+02
4.770000000000000000e+04	1.201997000000000213e+02
4.860000000000000000e+04	1.201997000000000213e+02
4.860000000000000000e+04	1.239729999999999990e+02
4.950000000000000000e+04	1.239729999999999990e+02
4.950000000000000000e+04	6.920171200000001477e+01
5.040000000000000000e+04	6.920171200000001477e+01
5.040000000000000000e+04	6.032989200000000807e+01
5.130000000000000000e+04	6.032989200000000807e+01
5.130000000000000000e+04	1.181696640000000116e+02
5.220000000000000000e+04	1.181696640000000116e+02
5.220000000000000000e+04	2.222618799999999908e+02
5.310000000000000000e+04	2.222618799999999908e+02
5.310000000000000000e+04	2.975178880000000845e+02
5.400000000000000000e+04	2.975178880000000845e+02
5.400000000000000000e+04	3.471146280000000388e+02
5.490000000000000000e+04	3.471146280000000388e+02
5.490000000000000000e+04	3.281699280000000272e+02
5.580000000000000000e+04	3.281699280000000272e+02
5.580000000000000000e+04	2.334493399999999781e+02
5.670000000000000000e+04	2.334493399999999781e+02
5.670000000000000000e+04	2.236823440000000858e+02
5.760000000000000000e+04	2.236823440000000858e+02
5.760000000000000000e+04	2.131451999999999884e+02
5.850000000000000000e+04	2.131451999999999884e+02
5.850000000000000000e+04	2.194025160000000199e+02
5.940000000000000000e+04	2.194025160000000199e+02
5.940000000000000000e+04	2.226815840000000151e+02
6.030000000000000000e+04	2.226815840000000151e+02
6.030000000000000000e+04	2.233705640000000017e+02
6.120000000000000000e+04	2.233705640000000017e+02
6.120000000000000000e+04	2.310186640000000295e+02
6.210000000000000000e+04	2.310186640000000295e+02
6.210000000000000000e+04	1.723762440000000140e+02
6.300000000000000000e+04	1.723762440000000140e+02
6.300000000000000000e+04	1.832368400000000008e+02
6.390000000000000000e+04	1.832368400000000008e+02
6.390000000000000000e+04	1.855574200000000076e+02
6.480000000000000000e+04	1.855574200000000076e+02
6.480000000000000000e+04	2.430456880000000126e+02
6.570000000000000000e+04	2.430456880000000126e+02
6.570000000000000000e+04	7.433588519999999562e+02
6.660000000000000000e+04	7.433588519999999562e+02
6.660000000000000000e+04	7.548213759999999866e+02
6.750000000000000000e+04	7.548213759999999866e+02
6.750000000000000000e+04	7.317895200000000386e+02
6.840000000000000000e+04	7.317895200000000386e+02
6.840000000000000000e+04	8.880220399999998335e+02
6.930000000000000000e+04	8.880220399999998335e+02
6.930000000000000000e+04	1.529357044000000087e+03
7.020000000000000000e+04	1.529357044000000087e+03
7.020000000000000000e+04	1.642402420000000120e+03
7.110000000000000000e+04	1.642402420000000120e+03
7.110000000000000000e+04	1.719057371999999987e+03
7.200000000000000000e+04	1.719057371999999987e+03
7.200000000000000000e+04	1.655233772000000272e+03
7.290000000000000000e+04	1.655233772000000272e+03
7.290000000000000000e+04	7.374702920000000859e+02
7.380000000000000000e+04	7.374702920000000859e+02
7.380000000000000000e+04	5.259490280000001121e+02
7.470000000000000000e+04	5.259490280000001121e+02
7.470000000000000000e+04	4.219745479999999702e+02
7.560000000000000000e+04	4.219745479999999702e+02
7.560000000000000000e+04	2.782603360000000521e+02
7.650000000000000000e+04	2.782603360000000521e+02
7.650000000000000000e+04	2.400901760000000422e+02
7.740000000000000000e+04	2.400901760000000422e+02
7.740000000000000000e+04	2.425702879999999766e+02
7.830000000000000000e+04	2.425702879999999766e+02
7.830000000000000000e+04	3.369405719999998610e+02
7.920000000000000000e+04	3.369405719999998610e+02
7.920000000000000000e+04	3.612056560000000331e+02
8.010000000000000000e+04	3.612056560000000331e+02
8.010000000000000000e+04	3.604055439999999635e+02
8.100000000000000000e+04	3.604055439999999635e+02
8.100000000000000000e+04	3.615379480000000285e+02
8.190000000000000000e+04	3.615379480000000285e+02
8.190000000000000000e+04	3.616453759999999988e+02
8.280000000000000000e+04	3.616453759999999988e+02
8.280000000000000000e+04	3.615665319999999383e+02
8.370000000000000000e+04	3.615665319999999383e+02
8.370000000000000000e+04	2.687241120000000478e+02
8.460000000000000000e+04	2.687241120000000478e+02
8.460000000000000000e+04	2.619788959999999634e+02
8.550000000000000000e+04	2.619788959999999634e+02
8.550000000000000000e+04	2.605185959999999454e+02
8.640000000000000000e+04	2.605185959999999454e+02
8.640000000000000000e+04	2.741904320000000439e+02
8.730000000000000000e+04	2.741904320000000439e+02
8.730000000000000000e+04	3.144995639999999639e+02
8.820000000000000000e+04	3.144995639999999639e+02
8.820000000000000000e+04	2.209367239999999981e+02
8.910000000000000000e+04	2.209367239999999981e+02
8.910000000000000000e+04	2.293548039999999730e+02
9.000000000000000000e+04	2.293548039999999730e+02
9.000000000000000000e+04	2.265202599999999791e+02
9.090000000000000000e+04	2.265202599999999791e+02
9.090000000000000000e+04	1.691563920000000110e+02
9.180000000000000000e+04	1.691563920000000110e+02
9.180000000000000000e+04	8.061801599999999723e+01
9.270000000000000000e+04	8.061801599999999723e+01
9.270000000000000000e+04	6.152593200000000451e+01
9.360000000000000000e+04	6.152593200000000451e+01
9.360000000000000000e+04	6.095445600000000752e+01
9.450000000000000000e+04	6.095445600000000752e+01
9.450000000000000000e+04	6.167913200000000273e+01
9.540000000000000000e+04	6.167913200000000273e+01
9.540000000000000000e+04	6.073669999999999902e+01
9.630000000000000000e+04	6.073669999999999902e+01
9.630000000000000000e+04	6.108514000000000266e+01
9.720000000000000000e+04	6.108514000000000266e+01
9.720000000000000000e+04	6.066495199999999244e+01
9.810000000000000000e+04	6.066495199999999244e+01
9.810000000000000000e+04	6.042687199999998882e+01
9.900000000000000000e+04	6.042687199999998882e+01
9.900000000000000000e+04	6.134405999999999182e+01
9.990000000000000000e+04	6.134405999999999182e+01
9.990000000000000000e+04	5.957430399999999793e+01
1.008000000000000000e+05	5.957430399999999793e+01
1.008000000000000000e+05	6.104020400000000279e+01
1.017000000000000000e+05	6.104020400000000279e+01
1.017000000000000000e+05	6.080600799999999140e+01
1.026000000000000000e+05	6.080600799999999140e+01
1.026000000000000000e+05	6.152759599999999551e+01
1.035000000000000000e+05	6.152759599999999551e+01
1.035000000000000000e+05	5.949544800000000322e+01
1.044000000000000000e+05	5.949544800000000322e+01
1.044000000000000000e+05	6.055766000000000560e+01
1.053000000000000000e+05	6.055766000000000560e+01
1.053000000000000000e+05	6.181077600000000416e+01
1.062000000000000000e+05	6.181077600000000416e+01
1.062000000000000000e+05	6.192223200000000105e+01
1.071000000000000000e+05	6.192223200000000105e+01
1.071000000000000000e+05	1.176694719999999990e+02
1.080000000000000000e+05	1.176694719999999990e+02
1.080000000000000000e+05	1.317958520000000249e+02
1.089000000000000000e+05	1.317958520000000249e+02
1.089000000000000000e+05	1.797941799999999830e+02
1.098000000000000000e+05	1.797941799999999830e+02
1.098000000000000000e+05	2.398542199999999980e+02
1.107000000000000000e+05	2.398542199999999980e+02
1.107000000000000000e+05	1.105792915999999877e+03
1.116000000000000000e+05	1.105792915999999877e+03
1.116000000000000000e+05	2.131850315999999566e+03
1.125000000000000000e+05	2.131850315999999566e+03
1.125000000000000000e+05	1.679551307999999835e+03
1.134000000000000000e+05	1.679551307999999835e+03
1.134000000000000000e+05	6.311398279999999659e+02
1.143000000000000000e+05	6.311398279999999659e+02
1.143000000000000000e+05	2.649961120000000392e+02
1.152000000000000000e+05	2.649961120000000392e+02
1.152000000000000000e+05	2.200953399999999931e+02
1.161000000000000000e+05	2.200953399999999931e+02
1.161000000000000000e+05	1.778020307999999886e+03
1.170000000000000000e+05	1.778020307999999886e+03
1.170000000000000000e+05	1.931205143999999791e+03
1.179000000000000000e+05	1.931205143999999791e+03
1.179000000000000000e+05	2.264949104000000261e+03
1.188000000000000000e+05	2.264949104000000261e+03
1.188000000000000000e+05	9.245574639999999818e+02
1.197000000000000000e+05	9.245574639999999818e+02
1.197000000000000000e+05	9.715412919999999986e+02
1.206000000000000000e+05	9.715412919999999986e+02
1.206000000000000000e+05	2.418905388000000130e+03
1.215000000000000000e+05	2.418905388000000130e+03
1.215000000000000000e+05	8.826907279999999218e+02
1.224000000000000000e+05	8.826907279999999218e+02
1.224000000000000000e+05	4.035182640000000447e+02
1.233000000000000000e+05	4.035182640000000447e+02
1.233000000000000000e+05	4.098352359999999521e+02
1.242000000000000000e+05	4.098352359999999521e+02
1.242000000000000000e+05	1.317200123999999960e+03
1.251000000000000000e+05	1.317200123999999960e+03
1.251000000000000000e+05	1.806503720000000158e+03
1.260000000000000000e+05	1.806503720000000158e+03
1.260000000000000000e+05	9.530481959999998480e+02
1.269000000000000000e+05	9.530481959999998480e+02
1.269000000000000000e+05	7.310722399999999652e+02
1.278000000000000000e+05	7.310722399999999652e+02
1.278000000000000000e+05	2.747874855999999909e+03
1.287000000000000000e+05	2.747874855999999909e+03
1.287000000000000000e+05	2.954060444000000189e+03
1.296000000000000000e+05	2.954060444000000189e+03
1.296000000000000000e+05	5.416822371999999632e+03
1.305000000000000000e+05	5.416822371999999632e+03
1.305000000000000000e+05	5.310593684000000394e+03
1.314000000000000000e+05	5.310593684000000394e+03
1.314000000000000000e+05	2.600831120000000283e+03
1.323000000000000000e+05	2.600831120000000283e+03
1.323000000000000000e+05	2.310621888000000126e+03
1.332000000000000000e+05	2.310621888000000126e+03
1.332000000000000000e+05	2.288877015999999912e+03
1.341000000000000000e+05	2.288877015999999912e+03
1.341000000000000000e+05	1.385091408000000001e+03
1.350000000000000000e+05	1.385091408000000001e+03
1.350000000000000000e+05	3.127862080000000446e+02
1.359000000000000000e+05	3.127862080000000446e+02
1.359000000000000000e+05	6.203155480000000352e+02
1.368000000000000000e+05	6.203155480000000352e+02
1.368000000000000000e+05	2.376504196000000775e+03
1.377000000000000000e+05	2.376504196000000775e+03
1.377000000000000000e+05	2.329149740000000293e+03
1.386000000000000000e+05	2.329149740000000293e+03
1.386000000000000000e+05	2.106082420000000184e+03
1.395000000000000000e+05	2.106082420000000184e+03
1.395000000000000000e+05	2.465404231999999865e+03
1.404000000000000000e+05	2.465404231999999865e+03
1.404000000000000000e+05	1.589058636000000206e+03
1.413000000000000000e+05	1.589058636000000206e+03
1.413000000000000000e+05	2.164355839999999773e+02
1.422000000000000000e+05	2.164355839999999773e+02
1.422000000000000000e+05	2.682419719999999757e+02
1.431000000000000000e+05	2.682419719999999757e+02
1.431000000000000000e+05	2.904027760000000171e+02
1.440000000000000000e+05	2.904027760000000171e+02
1.440000000000000000e+05	3.155598400000000083e+02
1.449000000000000000e+05	3.155598400000000083e+02
1.449000000000000000e+05	3.431426839999999743e+02
1.458000000000000000e+05	3.431426839999999743e+02
1.458000000000000000e+05	3.483438679999999863e+02
1.467000000000000000e+05	3.483438679999999863e+02
1.467000000000000000e+05	3.420380279999999971e+02
1.476000000000000000e+05	3.420380279999999971e+02
1.476000000000000000e+05	3.091576560000000313e+02
1.485000000000000000e+05	3.091576560000000313e+02
1.485000000000000000e+05	2.390098600000000317e+02
1.494000000000000000e+05	2.390098600000000317e+02
1.494000000000000000e+05	2.155743879999999990e+02
1.503000000000000000e+05	2.155743879999999990e+02
1.503000000000000000e+05	2.942624239999999531e+02
1.512000000000000000e+05	2.942624239999999531e+02
1.512000000000000000e+05	4.521353639999999814e+02
1.521000000000000000e+05	4.521353639999999814e+02
1.521000000000000000e+05	5.063409159999999360e+02
1.530000000000000000e+05	5.063409159999999360e+02
1.530000000000000000e+05	5.077080320000000597e+02
1.539000000000000000e+05	5.077080320000000597e+02
1.539000000000000000e+05	5.233648359999999684e+02
1.548000000000000000e+05	5.233648359999999684e+02
1.548000000000000000e+05	5.756540919999999915e+02
1.557000000000000000e+05	5.756540919999999915e+02
1.557000000000000000e+05	7.010363039999999728e+02
1.566000000000000000e+05	7.010363039999999728e+02
1.566000000000000000e+05	7.115700359999999591e+02
1.575000000000000000e+05	7.115700359999999591e+02
1.575000000000000000e+05	6.738492639999999483e+02
1.584000000000000000e+05	6.738492639999999483e+02
1.584000000000000000e+05	5.747991439999999557e+02
1.593000000000000000e+05	5.747991439999999557e+02
1.593000000000000000e+05	4.339178959999999847e+02
1.602000000000000000e+05	4.339178959999999847e+02
1.602000000000000000e+05	3.865286720000000287e+02
1.611000000000000000e+05	3.865286720000000287e+02
1.611000000000000000e+05	3.063325479999999743e+02
1.620000000000000000e+05	3.063325479999999743e+02
1.620000000000000000e+05	1.025217664000000013e+03
1.629000000000000000e+05	1.025217664000000013e+03
1.629000000000000000e+05	1.429026419999999916e+03
1.638000000000000000e+05	1.429026419999999916e+03
1.638000000000000000e+05	9.429925399999998490e+02
1.647000000000000000e+05	9.429925399999998490e+02
1.647000000000000000e+05	3.245070799999999736e+02
1.656000000000000000e+05	3.245070799999999736e+02
1.656000000000000000e+05	3.235617079999999532e+02
1.665000000000000000e+05	3.235617079999999532e+02
1.665000000000000000e+05	2.234527360000000158e+02
1.674000000000000000e+05	2.234527360000000158e+02
1.674000000000000000e+05	2.266223839999999825e+02
1.683000000000000000e+05	2.266223839999999825e+02
1.683000000000000000e+05	2.253674559999999758e+02
1.692000000000000000e+05	2.253674559999999758e+02
1.692000000000000000e+05	2.261972920000000329e+02
1.701000000000000000e+05	2.261972920000000329e+02
1.701000000000000000e+05	2.226054559999999753e+02
1.710000000000000000e+05	2.226054559999999753e+02
1.710000000000000000e+05	2.275771880000000067e+02
1.719000000000000000e+05	2.275771880000000067e+02
1.719000000000000000e+05	2.048126959999999883e+02
1.728000000000000000e+05	2.048126959999999883e+02
1.728000000000000000e+05	1.302779640000000256e+02
1.737000000000000000e+05	1.302779640000000256e+02
1.737000000000000000e+05	1.679661959999999965e+02
1.746000000000000000e+05	1.679661959999999965e+02
1.746000000000000000e+05	1.987436879999999917e+02
1.755000000000000000e+05	1.987436879999999917e+02
1.755000000000000000e+05	1.538979679999999632e+02
1.764000000000000000e+05	1.538979679999999632e+02
1.764000000000000000e+05	1.513030239999999935e+02
1.773000000000000000e+05	1.513030239999999935e+02
1.773000000000000000e+05	1.535362759999999867e+02
1.782000000000000000e+05	1.535362759999999867e+02
1.782000000000000000e+05	6.453341200000001265e+01
1.791000000000000000e+05	6.453341200000001265e+01
1.791000000000000000e+05	6.322126800000000202e+01
1.800000000000000000e+05	6.322126800000000202e+01
1.800000000000000000e+05	6.059552800000000872e+01
1.809000000000000000e+05	6.059552800000000872e+01
1.809000000000000000e+05	6.228972399999999965e+01
1.818000000000000000e+05	6.228972399999999965e+01
1.818000000000000000e+05	6.213029999999999120e+01
1.827000000000000000e+05	6.213029999999999120e+01
1.827000000000000000e+05	6.036977599999999455e+01
1.836000000000000000e+05	6.036977599999999455e+01
1.836000000000000000e+05	6.132435599999999454e+01
1.845000000000000000e+05	6.132435599999999454e+01
1.845000000000000000e+05	6.083046399999999210e+01
1.854000000000000000e+05	6.083046399999999210e+01
1.854000000000000000e+05	6.045098000000000837e+01
1.863000000000000000e+05	6.045098000000000837e+01
1.863000000000000000e+05	5.977225600000000583e+01
1.872000000000000000e+05	5.977225600000000583e+01
1.872000000000000000e+05	6.190987199999999291e+01
1.881000000000000000e+05	6.190987199999999291e+01
1.881000000000000000e+05	1.254762560000000065e+02
1.890000000000000000e+05	1.254762560000000065e+02
1.890000000000000000e+05	1.282988639999999805e+02
1.899000000000000000e+05	1.282988639999999805e+02
1.899000000000000000e+05	1.307331599999999980e+02
1.908000000000000000e+05	1.307331599999999980e+02
1.908000000000000000e+05	1.314931679999999972e+02
1.917000000000000000e+05	1.314931679999999972e+02
1.917000000000000000e+05	1.092350040000000178e+02
1.926000000000000000e+05	1.092350040000000178e+02
1.926000000000000000e+05	6.055123999999999995e+01
1.935000000000000000e+05	6.055123999999999995e+01
1.935000000000000000e+05	7.381023600000000329e+01
1.944000000000000000e+05	7.381023600000000329e+01
1.944000000000000000e+05	3.243304239999999936e+02
1.953000000000000000e+05	3.243304239999999936e+02
1.953000000000000000e+05	4.809935240000001500e+02
1.962000000000000000e+05	4.809935240000001500e+02
1.962000000000000000e+05	5.174469280000000708e+02
1.971000000000000000e+05	5.174469280000000708e+02
1.971000000000000000e+05	2.169830412000000251e+03
1.980000000000000000e+05	2.169830412000000251e+03
1.980000000000000000e+05	2.310283664000000499e+03
1.989000000000000000e+05	2.310283664000000499e+03
1.989000000000000000e+05	8.108871439999998074e+02
1.998000000000000000e+05	8.108871439999998074e+02
1.998000000000000000e+05	4.691049679999999285e+02
2.007000000000000000e+05	4.691049679999999285e+02
2.007000000000000000e+05	6.973178679999999758e+02
2.016000000000000000e+05	6.973178679999999758e+02
2.016000000000000000e+05	2.531923703999999816e+03
2.025000000000000000e+05	2.531923703999999816e+03
2.025000000000000000e+05	1.789137979999999743e+03
2.034000000000000000e+05	1.789137979999999743e+03
2.034000000000000000e+05	2.487494439999999827e+02
2.043000000000000000e+05	2.487494439999999827e+02
2.043000000000000000e+05	2.202972631999999521e+03
2.052000000000000000e+05	2.202972631999999521e+03
2.052000000000000000e+05	1.669805560000000241e+03
2.061000000000000000e+05	1.669805560000000241e+03
2.061000000000000000e+05	3.942909799999999336e+02
2.070000000000000000e+05	3.942909799999999336e+02
2.070000000000000000e+05	1.872240904000000000e+03
2.079000000000000000e+05	1.872240904000000000e+03
2.079000000000000000e+05	1.739313447999999880e+03
2.088000000000000000e+05	1.739313447999999880e+03
2.088000000000000000e+05	5.764523320000000695e+02
2.097000000000000000e+05	5.764523320000000695e+02
2.097000000000000000e+05	2.761855479999999829e+02
2.106000000000000000e+05	2.761855479999999829e+02
2.106000000000000000e+05	7.676373959999999670e+02
2.115000000000000000e+05	7.676373959999999670e+02
2.115000000000000000e+05	3.104499960000000556e+02
2.124000000000000000e+05	3.104499960000000556e+02
2.124000000000000000e+05	3.468554000000000315e+02
2.133000000000000000e+05	3.468554000000000315e+02
2.133000000000000000e+05	2.838240599999999745e+02
2.142000000000000000e+05	2.838240599999999745e+02
2.142000000000000000e+05	3.368785399999999868e+02
2.151000000000000000e+05	3.368785399999999868e+02
2.151000000000000000e+05	3.472699399999999628e+02
2.160000000000000000e+05	3.472699399999999628e+02
2.160000000000000000e+05	2.625221040000000130e+02
2.169000000000000000e+05	2.625221040000000130e+02
2.169000000000000000e+05	2.433497160000000008e+02
2.178000000000000000e+05	2.433497160000000008e+02
2.178000000000000000e+05	9.846037200000002088e+01
2.187000000000000000e+05	9.846037200000002088e+01
2.187000000000000000e+05	2.746935391999999865e+03
2.196000000000000000e+05	2.746935391999999865e+03
2.196000000000000000e+05	3.927693940000000111e+03
2.205000000000000000e+05	3.927693940000000111e+03
2.205000000000000000e+05	5.513508056000000579e+03
2.214000000000000000e+05	5.513508056000000579e+03
2.214000000000000000e+05	3.812664008000000194e+03
2.223000000000000000e+05	3.812664008000000194e+03
2.223000000000000000e+05	2.281534427999999934e+03
2.232000000000000000e+05	2.281534427999999934e+03
2.232000000000000000e+05	2.060218407999999727e+03
2.241000000000000000e+05	2.060218407999999727e+03
2.241000000000000000e+05	2.152086339999999836e+03
2.250000000000000000e+05	2.152086339999999836e+03
2.250000000000000000e+05	1.392521884000000000e+03
2.259000000000000000e+05	1.392521884000000000e+03
2.259000000000000000e+05	2.030129092000000128e+03
2.268000000000000000e+05	2.030129092000000128e+03
2.268000000000000000e+05	4.578732159999999567e+02
2.277000000000000000e+05	4.578732159999999567e+02
2.277000000000000000e+05	1.967283471999999847e+03
2.286000000000000000e+05	1.967283471999999847e+03
2.286000000000000000e+05	1.782997627999999850e+03
2.295000000000000000e+05	1.782997627999999850e+03
2.295000000000000000e+05	5.579276240000000371e+02
2.304000000000000000e+05	5.579276240000000371e+02
2.304000000000000000e+05	1.900245368000000099e+03
2.313000000000000000e+05	1.900245368000000099e+03
2.313000000000000000e+05	3.477893720000000712e+02
2.322000000000000000e+05	3.477893720000000712e+02
2.322000000000000000e+05	3.543154640000000200e+02
2.331000000000000000e+05	3.543154640000000200e+02
2.331000000000000000e+05	3.433365360000000237e+02
2.340000000000000000e+05	3.433365360000000237e+02
2.340000000000000000e+05	2.905082320000000209e+02
2.349000000000000000e+05	2.905082320000000209e+02
2.349000000000000000e+05	3.048478200000000129e+02
2.358000000000000000e+05	3.048478200000000129e+02
2.358000000000000000e+05	4.911507440000000884e+02
2.367000000000000000e+05	4.911507440000000884e+02
2.367000000000000000e+05	6.768571360000000823e+02
2.376000000000000000e+05	6.768571360000000823e+02
2.376000000000000000e+05	4.786024879999999371e+02
2.385000000000000000e+05	4.786024879999999371e+02
2.385000000000000000e+05	5.487700519999999642e+02
2.394000000000000000e+05	5.487700519999999642e+02
2.394000000000000000e+05	5.030753359999999930e+02
2.403000000000000000e+05	5.030753359999999930e+02
2.403000000000000000e+05	5.100723919999999794e+02
2.412000000000000000e+05	5.100723919999999794e+02
2.412000000000000000e+05	5.101554919999999811e+02
2.421000000000000000e+05	5.101554919999999811e+02
2.421000000000000000e+05	5.067070760000000291e+02
2.430000000000000000e+05	5.067070760000000291e+02
2.430000000000000000e+05	4.993133159999998725e+02
2.439000000000000000e+05	4.993133159999998725e+02
2.439000000000000000e+05	1.115612820000000056e+03
2.448000000000000000e+05	1.115612820000000056e+03
2.448000000000000000e+05	1.426554103999999825e+03
2.457000000000000000e+05	1.426554103999999825e+03
2.457000000000000000e+05	1.464603744000000006e+03
2.466000000000000000e+05	1.464603744000000006e+03
2.466000000000000000e+05	1.612847648000000163e+03
2.475000000000000000e+05	1.612847648000000163e+03
2.475000000000000000e+05	6.563429439999999886e+02
2.484000000000000000e+05	6.563429439999999886e+02
2.484000000000000000e+05	7.127188279999999168e+02
2.493000000000000000e+05	7.127188279999999168e+02
2.493000000000000000e+05	4.485754159999999615e+02
2.502000000000000000e+05	4.485754159999999615e+02
2.502000000000000000e+05	3.783116160000000150e+02
2.511000000000000000e+05	3.783116160000000150e+02
2.511000000000000000e+05	7.913909840000000031e+02
2.520000000000000000e+05	7.913909840000000031e+02
2.520000000000000000e+05	2.843499544000000242e+03
2.529000000000000000e+05	2.843499544000000242e+03
2.529000000000000000e+05	2.636357408000000305e+03
2.538000000000000000e+05	2.636357408000000305e+03
2.538000000000000000e+05	2.247882947999999942e+03
2.547000000000000000e+05	2.247882947999999942e+03
2.547000000000000000e+05	2.251027584000000388e+03
2.556000000000000000e+05	2.251027584000000388e+03
2.556000000000000000e+05	1.911698152000000391e+03
2.565000000000000000e+05	1.911698152000000391e+03
2.565000000000000000e+05	2.174416408000000047e+03
2.574000000000000000e+05	2.174416408000000047e+03
2.574000000000000000e+05	2.178427335999999741e+03
2.583000000000000000e+05	2.178427335999999741e+03
2.583000000000000000e+05	5.289856439999999793e+02
2.592000000000000000e+05	5.289856439999999793e+02
2.592000000000000000e+05	6.045548799999999545e+01
2.601000000000000000e+05	6.045548799999999545e+01
2.601000000000000000e+05	6.285579599999999090e+01
2.610000000000000000e+05	6.285579599999999090e+01
2.610000000000000000e+05	6.444026000000000920e+01
2.619000000000000000e+05	6.444026000000000920e+01
2.619000000000000000e+05	6.386997999999999109e+01
2.628000000000000000e+05	6.386997999999999109e+01
2.628000000000000000e+05	6.463038000000000238e+01
2.637000000000000000e+05	6.463038000000000238e+01
2.637000000000000000e+05	6.382052000000000191e+01
2.646000000000000000e+05	6.382052000000000191e+01
2.646000000000000000e+05	6.284465200000000351e+01
2.655000000000000000e+05	6.284465200000000351e+01
2.655000000000000000e+05	1.380785640000000001e+02
2.664000000000000000e+05	1.380785640000000001e+02
2.664000000000000000e+05	2.231395559999999989e+02
2.673000000000000000e+05	2.231395559999999989e+02
2.673000000000000000e+05	2.224548960000000193e+02
2.682000000000000000e+05	2.224548960000000193e+02
2.682000000000000000e+05	2.191574439999999697e+02
2.691000000000000000e+05	2.191574439999999697e+02
2.691000000000000000e+05	1.659974599999999896e+02
2.700000000000000000e+05	1.659974599999999896e+02
2.700000000000000000e+05	7.865556399999998405e+01
2.709000000000000000e+05	7.865556399999998405e+01
2.709000000000000000e+05	6.010512400000001065e+01
2.718000000000000000e+05	6.010512400000001065e+01
2.718000000000000000e+05	6.201235999999999393e+01
2.727000000000000000e+05	6.201235999999999393e+01
2.727000000000000000e+05	6.115765599999998869e+01
2.736000000000000000e+05	6.115765599999998869e+01
2.736000000000000000e+05	6.035637200000000746e+01
2.745000000000000000e+05	6.035637200000000746e+01
2.745000000000000000e+05	6.103569200000000450e+01
2.754000000000000000e+05	6.103569200000000450e+01
2.754000000000000000e+05	6.125768000000000058e+01
2.763000000000000000e+05	6.125768000000000058e+01
2.763000000000000000e+05	6.058115600000000711e+01
2.772000000000000000e+05	6.058115600000000711e+01
2.772000000000000000e+05	6.035630399999999440e+01
2.781000000000000000e+05	6.035630399999999440e+01
2.781000000000000000e+05	6.078906799999999322e+01
2.790000000000000000e+05	6.078906799999999322e+01
2.790000000000000000e+05	6.044912399999999764e+01
2.799000000000000000e+05	6.044912399999999764e+01
2.799000000000000000e+05	6.196483199999998703e+01
2.808000000000000000e+05	6.196483199999998703e+01
2.808000000000000000e+05	1.911601999999999748e+02
2.817000000000000000e+05	1.911601999999999748e+02
2.817000000000000000e+05	2.920185600000000363e+02
2.826000000000000000e+05	2.920185600000000363e+02
2.826000000000000000e+05	1.992168083999999681e+03
2.835000000000000000e+05	1.992168083999999681e+03
2.835000000000000000e+05	2.056049383999999918e+03
2.844000000000000000e+05	2.056049383999999918e+03
2.844000000000000000e+05	2.220920248000000356e+03
2.853000000000000000e+05	2.220920248000000356e+03
2.853000000000000000e+05	2.717570040000000063e+03
2.862000000000000000e+05	2.717570040000000063e+03
2.862000000000000000e+05	2.232369584000000032e+03
2.871000000000000000e+05	2.232369584000000032e+03
2.871000000000000000e+05	1.424527804000000060e+03
2.880000000000000000e+05	1.424527804000000060e+03
2.880000000000000000e+05	1.293046399999999949e+03
2.889000000000000000e+05	1.293046399999999949e+03
2.889000000000000000e+05	8.641313199999999597e+02
2.898000000000000000e+05	8.641313199999999597e+02
2.898000000000000000e+05	2.179681639999999732e+02
2.907000000000000000e+05	2.179681639999999732e+02
2.907000000000000000e+05	2.184284400000000232e+02
2.916000000000000000e+05	2.184284400000000232e+02
2.916000000000000000e+05	1.652064279999999883e+02
2.925000000000000000e+05	1.652064279999999883e+02
2.925000000000000000e+05	1.323201520000000073e+02
2.934000000000000000e+05	1.323201520000000073e+02
2.934000000000000000e+05	2.020702868000000308e+03
2.943000000000000000e+05	2.020702868000000308e+03
2.943000000000000000e+05	2.075244940000000042e+03
2.952000000000000000e+05	2.075244940000000042e+03
2.952000000000000000e+05	2.011931476000000202e+03
2.961000000000000000e+05	2.011931476000000202e+03
2.961000000000000000e+05	5.430936719999998559e+02
2.970000000000000000e+05	5.430936719999998559e+02
2.970000000000000000e+05	2.358110039999999969e+02
2.979000000000000000e+05	2.358110039999999969e+02
2.979000000000000000e+05	2.287078040000000385e+02
2.988000000000000000e+05	2.287078040000000385e+02
2.988000000000000000e+05	2.413983400000000472e+02
2.997000000000000000e+05	2.413983400000000472e+02
2.997000000000000000e+05	1.536604756000000179e+03
3.006000000000000000e+05	1.536604756000000179e+03
3.006000000000000000e+05	3.256605836000000181e+03
3.015000000000000000e+05	3.256605836000000181e+03
3.015000000000000000e+05	2.192964516000000003e+03
3.024000000000000000e+05	2.192964516000000003e+03
3.024000000000000000e+05	4.739411640000000716e+02
3.033000000000000000e+05	4.739411640000000716e+02
3.033000000000000000e+05	3.295673560000000748e+02
3.042000000000000000e+05	3.295673560000000748e+02
3.042000000000000000e+05	2.002005160000000217e+02
3.051000000000000000e+05	2.002005160000000217e+02
3.051000000000000000e+05	9.114630400000000066e+01
3.060000000000000000e+05	9.114630400000000066e+01
3.060000000000000000e+05	1.108732839999999982e+02
3.069000000000000000e+05	1.108732839999999982e+02
3.069000000000000000e+05	1.243834720000000118e+02
3.078000000000000000e+05	1.243834720000000118e+02
3.078000000000000000e+05	1.264830959999999891e+02
3.087000000000000000e+05	1.264830959999999891e+02
3.087000000000000000e+05	1.454478159999999889e+02
3.096000000000000000e+05	1.454478159999999889e+02
3.096000000000000000e+05	1.447692199999999900e+02
3.105000000000000000e+05	1.447692199999999900e+02
3.105000000000000000e+05	1.445123480000000313e+02
3.114000000000000000e+05	1.445123480000000313e+02
3.114000000000000000e+05	1.448605240000000265e+02
3.123000000000000000e+05	1.448605240000000265e+02
3.123000000000000000e+05	1.282110839999999996e+02
3.132000000000000000e+05	1.282110839999999996e+02
3.132000000000000000e+05	1.111775159999999829e+02
3.141000000000000000e+05	1.111775159999999829e+02
3.141000000000000000e+05	1.154839879999999823e+02
3.150000000000000000e+05	1.154839879999999823e+02
3.150000000000000000e+05	1.236742679999999979e+02
3.159000000000000000e+05	1.236742679999999979e+02
3.159000000000000000e+05	1.230998359999999963e+02
3.168000000000000000e+05	1.230998359999999963e+02
3.168000000000000000e+05	1.238470239999999905e+02
3.177000000000000000e+05	1.238470239999999905e+02
3.177000000000000000e+05	3.717726040000000012e+02
3.186000000000000000e+05	3.717726040000000012e+02
3.186000000000000000e+05	5.519064039999998386e+02
3.195000000000000000e+05	5.519064039999998386e+02
3.195000000000000000e+05	5.058178160000000503e+02
3.204000000000000000e+05	5.058178160000000503e+02
3.204000000000000000e+05	5.091317240000000197e+02
3.213000000000000000e+05	5.091317240000000197e+02
3.213000000000000000e+05	5.861859040000000505e+02
3.222000000000000000e+05	5.861859040000000505e+02
3.222000000000000000e+05	5.323739999999999100e+02
3.231000000000000000e+05	5.323739999999999100e+02
3.231000000000000000e+05	5.563771079999999074e+02
3.240000000000000000e+05	5.563771079999999074e+02
3.240000000000000000e+05	5.608131720000000087e+02
3.249000000000000000e+05	5.608131720000000087e+02
3.249000000000000000e+05	5.423443120000000590e+02
3.258000000000000000e+05	5.423443120000000590e+02
3.258000000000000000e+05	4.708397240000000465e+02
3.267000000000000000e+05	4.708397240000000465e+02
3.267000000000000000e+05	4.732617119999999318e+02
3.276000000000000000e+05	4.732617119999999318e+02
3.276000000000000000e+05	4.657698879999999804e+02
3.285000000000000000e+05	4.657698879999999804e+02
3.285000000000000000e+05	5.732787520000000541e+02
3.294000000000000000e+05	5.732787520000000541e+02
3.294000000000000000e+05	8.554334999999998672e+02
3.303000000000000000e+05	8.554334999999998672e+02
3.303000000000000000e+05	1.524331288000000313e+03
3.312000000000000000e+05	1.524331288000000313e+03
3.312000000000000000e+05	1.740069943999999850e+03
3.321000000000000000e+05	1.740069943999999850e+03
3.321000000000000000e+05	1.690899291999999832e+03
3.330000000000000000e+05	1.690899291999999832e+03
3.330000000000000000e+05	1.554209927999999991e+03
3.339000000000000000e+05	1.554209927999999991e+03
3.339000000000000000e+05	6.618116719999999304e+02
3.348000000000000000e+05	6.618116719999999304e+02
3.348000000000000000e+05	4.455333959999999820e+02
3.357000000000000000e+05	4.455333959999999820e+02
3.357000000000000000e+05	4.955879840000000058e+02
3.366000000000000000e+05	4.955879840000000058e+02
3.366000000000000000e+05	4.905763479999999390e+02
3.375000000000000000e+05	4.905763479999999390e+02
3.375000000000000000e+05	4.976106480000000261e+02
3.384000000000000000e+05	4.976106480000000261e+02
3.384000000000000000e+05	5.066851079999999570e+02
3.393000000000000000e+05	5.066851079999999570e+02
3.393000000000000000e+05	3.175393720000000144e+02
3.402000000000000000e+05	3.175393720000000144e+02
3.402000000000000000e+05	2.819943079999999895e+02
3.411000000000000000e+05	2.819943079999999895e+02
3.411000000000000000e+05	2.667007800000000088e+02
3.420000000000000000e+05	2.667007800000000088e+02
3.420000000000000000e+05	3.496861079999999902e+02
3.429000000000000000e+05	3.496861079999999902e+02
3.429000000000000000e+05	3.546364319999999566e+02
3.438000000000000000e+05	3.546364319999999566e+02
3.438000000000000000e+05	2.946603440000000660e+02
3.447000000000000000e+05	2.946603440000000660e+02
3.447000000000000000e+05	1.045907560000000132e+02
3.456000000000000000e+05	1.045907560000000132e+02
3.456000000000000000e+05	6.206042000000000058e+01
3.465000000000000000e+05	6.206042000000000058e+01
3.465000000000000000e+05	6.054666000000000281e+01
3.474000000000000000e+05	6.054666000000000281e+01
3.474000000000000000e+05	6.041597200000001067e+01
3.483000000000000000e+05	6.041597200000001067e+01
3.483000000000000000e+05	6.064074400000000509e+01
3.492000000000000000e+05	6.064074400000000509e+01
3.492000000000000000e+05	6.195750799999999714e+01
3.501000000000000000e+05	6.195750799999999714e+01
3.501000000000000000e+05	6.523065599999999620e+01
3.510000000000000000e+05	6.523065599999999620e+01
3.510000000000000000e+05	6.364519600000000565e+01
3.519000000000000000e+05	6.364519600000000565e+01
3.519000000000000000e+05	6.481706400000000201e+01
3.528000000000000000e+05	6.481706400000000201e+01
3.528000000000000000e+05	8.597064800000001128e+01
3.537000000000000000e+05	8.597064800000001128e+01
3.537000000000000000e+05	1.371087600000000180e+02
3.546000000000000000e+05	1.371087600000000180e+02
3.546000000000000000e+05	1.316594680000000039e+02
3.555000000000000000e+05	1.316594680000000039e+02
3.555000000000000000e+05	1.307854239999999777e+02
3.564000000000000000e+05	1.307854239999999777e+02
3.564000000000000000e+05	1.130741440000000040e+02
3.573000000000000000e+05	1.130741440000000040e+02
3.573000000000000000e+05	8.176253199999999310e+01
3.582000000000000000e+05	8.176253199999999310e+01
3.582000000000000000e+05	1.518652920000000108e+02
3.591000000000000000e+05	1.518652920000000108e+02
3.591000000000000000e+05	1.544495240000000251e+02
3.600000000000000000e+05	1.544495240000000251e+02
3.600000000000000000e+05	1.523577719999999829e+02
3.609000000000000000e+05	1.523577719999999829e+02
3.609000000000000000e+05	1.141801840000000112e+02
3.618000000000000000e+05	1.141801840000000112e+02
3.618000000000000000e+05	6.114185999999999410e+01
3.627000000000000000e+05	6.114185999999999410e+01
3.627000000000000000e+05	6.128519600000000622e+01
3.636000000000000000e+05	6.128519600000000622e+01
3.636000000000000000e+05	6.050262399999999730e+01
3.645000000000000000e+05	6.050262399999999730e+01
3.645000000000000000e+05	6.150925199999999649e+01
3.654000000000000000e+05	6.150925199999999649e+01
3.654000000000000000e+05	6.202114399999999961e+01
3.663000000000000000e+05	6.202114399999999961e+01
3.663000000000000000e+05	6.171588399999999552e+01
3.672000000000000000e+05	6.171588399999999552e+01
3.672000000000000000e+05	1.990852276000000074e+03
3.681000000000000000e+05	1.990852276000000074e+03
3.681000000000000000e+05	1.913282404000000042e+03
3.690000000000000000e+05	1.913282404000000042e+03
3.690000000000000000e+05	6.191285759999999527e+02
3.699000000000000000e+05	6.191285759999999527e+02
3.699000000000000000e+05	2.699505040000000236e+02
3.708000000000000000e+05	2.699505040000000236e+02
3.708000000000000000e+05	2.675313399999999433e+02
3.717000000000000000e+05	2.675313399999999433e+02
3.717000000000000000e+05	3.289382720000000404e+02
3.726000000000000000e+05	3.289382720000000404e+02
3.726000000000000000e+05	3.371449400000000196e+02
3.735000000000000000e+05	3.371449400000000196e+02
3.735000000000000000e+05	3.373215200000000209e+02
3.744000000000000000e+05	3.373215200000000209e+02
3.744000000000000000e+05	2.945805200000000355e+02
3.753000000000000000e+05	2.945805200000000355e+02
3.753000000000000000e+05	1.600213560000000257e+02
3.762000000000000000e+05	1.600213560000000257e+02
3.762000000000000000e+05	2.098950439999999844e+02
3.771000000000000000e+05	2.098950439999999844e+02
3.771000000000000000e+05	2.441677767999999560e+03
3.780000000000000000e+05	2.441677767999999560e+03
3.780000000000000000e+05	1.771904600000000300e+03
3.789000000000000000e+05	1.771904600000000300e+03
3.789000000000000000e+05	1.834096199999999612e+02
3.798000000000000000e+05	1.834096199999999612e+02
3.798000000000000000e+05	6.462907600000001196e+01
3.807000000000000000e+05	6.462907600000001196e+01
3.807000000000000000e+05	7.843944400000000314e+02
3.816000000000000000e+05	7.843944400000000314e+02
3.816000000000000000e+05	1.981897060000000238e+03
3.825000000000000000e+05	1.981897060000000238e+03
3.825000000000000000e+05	2.146978880000000061e+02
3.834000000000000000e+05	2.146978880000000061e+02
3.834000000000000000e+05	3.032318240000000173e+02
3.843000000000000000e+05	3.032318240000000173e+02
3.843000000000000000e+05	1.744788119999999765e+02
3.852000000000000000e+05	1.744788119999999765e+02
3.852000000000000000e+05	2.115593039999999689e+02
3.861000000000000000e+05	2.115593039999999689e+02
3.861000000000000000e+05	1.848046583999999939e+03
3.870000000000000000e+05	1.848046583999999939e+03
3.870000000000000000e+05	3.250759523999999601e+03
3.879000000000000000e+05	3.250759523999999601e+03
3.879000000000000000e+05	2.504552603999999519e+03
3.888000000000000000e+05	2.504552603999999519e+03
3.888000000000000000e+05	3.882220679999999788e+02
3.897000000000000000e+05	3.882220679999999788e+02
3.897000000000000000e+05	2.954111399999999890e+02
3.906000000000000000e+05	2.954111399999999890e+02
3.906000000000000000e+05	2.791338480000000004e+02
3.915000000000000000e+05	2.791338480000000004e+02
3.915000000000000000e+05	1.532903000000000020e+02
3.924000000000000000e+05	1.532903000000000020e+02
3.924000000000000000e+05	1.515890479999999911e+02
3.933000000000000000e+05	1.515890479999999911e+02
3.933000000000000000e+05	7.372655479999999670e+02
3.942000000000000000e+05	7.372655479999999670e+02
3.942000000000000000e+05	2.647978115999999773e+03
3.951000000000000000e+05	2.647978115999999773e+03
3.951000000000000000e+05	2.558357283999999709e+03
3.960000000000000000e+05	2.558357283999999709e+03
3.960000000000000000e+05	2.471294776000000184e+03
3.969000000000000000e+05	2.471294776000000184e+03
3.969000000000000000e+05	2.128429223999999977e+03
3.978000000000000000e+05	2.128429223999999977e+03
3.978000000000000000e+05	2.204118112000000565e+03
3.987000000000000000e+05	2.204118112000000565e+03
3.987000000000000000e+05	1.886693231999999853e+03
3.996000000000000000e+05	1.886693231999999853e+03
3.996000000000000000e+05	2.044232223999999860e+03
4.005000000000000000e+05	2.044232223999999860e+03
4.005000000000000000e+05	2.237336532000000261e+03
4.014000000000000000e+05	2.237336532000000261e+03
4.014000000000000000e+05	2.152471168000000034e+03
4.023000000000000000e+05	2.152471168000000034e+03
4.023000000000000000e+05	2.157577560000000005e+02
4.032000000000000000e+05	2.157577560000000005e+02
4.032000000000000000e+05	7.473349600000000237e+01
4.041000000000000000e+05	7.473349600000000237e+01
4.041000000000000000e+05	4.126937919999999735e+02
4.050000000000000000e+05	4.126937919999999735e+02
4.050000000000000000e+05	4.247733200000001261e+02
4.059000000000000000e+05	4.247733200000001261e+02
4.059000000000000000e+05	4.128251559999999927e+02
4.068000000000000000e+05	4.128251559999999927e+02
4.068000000000000000e+05	4.103517359999999599e+02
4.077000000000000000e+05	4.103517359999999599e+02
4.077000000000000000e+05	3.588700520000000438e+02
4.086000000000000000e+05	3.588700520000000438e+02
4.086000000000000000e+05	3.401976640000000316e+02
4.095000000000000000e+05	3.401976640000000316e+02
4.095000000000000000e+05	4.603178240000000301e+02
4.104000000000000000e+05	4.603178240000000301e+02
4.104000000000000000e+05	5.947696080000000620e+02
4.113000000000000000e+05	5.947696080000000620e+02
4.113000000000000000e+05	6.255958720000000994e+02
4.122000000000000000e+05	6.255958720000000994e+02
4.122000000000000000e+05	6.855583000000000311e+02
4.131000000000000000e+05	6.855583000000000311e+02
4.131000000000000000e+05	8.228862719999999626e+02
4.140000000000000000e+05	8.228862719999999626e+02
4.140000000000000000e+05	1.384691679999999906e+03
4.149000000000000000e+05	1.384691679999999906e+03
4.149000000000000000e+05	1.638577507999999852e+03
4.158000000000000000e+05	1.638577507999999852e+03
4.158000000000000000e+05	1.631552656000000070e+03
4.167000000000000000e+05	1.631552656000000070e+03
4.167000000000000000e+05	1.632196699999999964e+03
4.176000000000000000e+05	1.632196699999999964e+03
4.176000000000000000e+05	1.362191255999999839e+03
4.185000000000000000e+05	1.362191255999999839e+03
4.185000000000000000e+05	5.266869000000000369e+02
4.194000000000000000e+05	5.266869000000000369e+02
4.194000000000000000e+05	5.311327159999999594e+02
4.203000000000000000e+05	5.311327159999999594e+02
4.203000000000000000e+05	4.261231119999999351e+02
4.212000000000000000e+05	4.261231119999999351e+02
4.212000000000000000e+05	2.298915600000000268e+02
4.221000000000000000e+05	2.298915600000000268e+02
4.221000000000000000e+05	2.321358479999999815e+02
4.230000000000000000e+05	2.321358479999999815e+02
4.230000000000000000e+05	1.856210039999999992e+02
4.239000000000000000e+05	1.856210039999999992e+02
4.239000000000000000e+05	1.614478479999999934e+02
4.248000000000000000e+05	1.614478479999999934e+02
4.248000000000000000e+05	1.335577559999999835e+02
4.257000000000000000e+05	1.335577559999999835e+02
4.257000000000000000e+05	1.016427680000000038e+02
4.266000000000000000e+05	1.016427680000000038e+02
4.266000000000000000e+05	1.488944879999999955e+02
4.275000000000000000e+05	1.488944879999999955e+02
4.275000000000000000e+05	1.527309719999999800e+02
4.284000000000000000e+05	1.527309719999999800e+02
4.284000000000000000e+05	1.506468279999999709e+02
4.293000000000000000e+05	1.506468279999999709e+02
4.293000000000000000e+05	9.785451600000000383e+01
4.302000000000000000e+05	9.785451600000000383e+01
4.302000000000000000e+05	6.110250400000000326e+01
4.311000000000000000e+05	6.110250400000000326e+01
4.311000000000000000e+05	6.101676799999998480e+01
4.320000000000000000e+05	6.101676799999998480e+01
4.320000000000000000e+05	6.077570800000000162e+01
4.329000000000000000e+05	6.077570800000000162e+01
4.329000000000000000e+05	6.039837599999999895e+01
4.338000000000000000e+05	6.039837599999999895e+01
4.338000000000000000e+05	6.122281999999998447e+01
4.347000000000000000e+05	6.122281999999998447e+01
4.347000000000000000e+05	6.501580399999998860e+01
4.356000000000000000e+05	6.501580399999998860e+01
4.356000000000000000e+05	1.021905800000000113e+02
4.365000000000000000e+05	1.021905800000000113e+02
4.365000000000000000e+05	1.342872399999999971e+02
4.374000000000000000e+05	1.342872399999999971e+02
4.374000000000000000e+05	1.340083520000000021e+02
4.383000000000000000e+05	1.340083520000000021e+02
4.383000000000000000e+05	1.351133120000000076e+02
4.392000000000000000e+05	1.351133120000000076e+02
4.392000000000000000e+05	7.240673999999998500e+01
4.401000000000000000e+05	7.240673999999998500e+01
4.401000000000000000e+05	6.104549600000000709e+01
4.410000000000000000e+05	6.104549600000000709e+01
4.410000000000000000e+05	6.085773600000000272e+01
4.419000000000000000e+05	6.085773600000000272e+01
4.419000000000000000e+05	6.082569200000001075e+01
4.428000000000000000e+05	6.082569200000001075e+01
4.428000000000000000e+05	6.657741199999999537e+01
4.437000000000000000e+05	6.657741199999999537e+01
4.437000000000000000e+05	1.498013639999999782e+02
4.446000000000000000e+05	1.498013639999999782e+02
4.446000000000000000e+05	1.515319039999999973e+02
4.455000000000000000e+05	1.515319039999999973e+02
4.455000000000000000e+05	1.524343080000000157e+02
4.464000000000000000e+05	1.524343080000000157e+02
4.464000000000000000e+05	1.296142000000000110e+02
4.473000000000000000e+05	1.296142000000000110e+02
4.473000000000000000e+05	6.140422000000000224e+01
4.482000000000000000e+05	6.140422000000000224e+01
4.482000000000000000e+05	6.112017200000000372e+01
4.491000000000000000e+05	6.112017200000000372e+01
4.491000000000000000e+05	6.149227199999999982e+01
4.500000000000000000e+05	6.149227199999999982e+01
4.500000000000000000e+05	6.119518800000000169e+01
4.509000000000000000e+05	6.119518800000000169e+01
4.509000000000000000e+05	6.051191600000001358e+01
4.518000000000000000e+05	6.051191600000001358e+01
4.518000000000000000e+05	6.128248799999999363e+01
4.527000000000000000e+05	6.128248799999999363e+01
4.527000000000000000e+05	1.521655240000000049e+02
4.536000000000000000e+05	1.521655240000000049e+02
4.536000000000000000e+05	1.494513759999999820e+02
4.545000000000000000e+05	1.494513759999999820e+02
4.545000000000000000e+05	1.808918964000000187e+03
4.554000000000000000e+05	1.808918964000000187e+03
4.554000000000000000e+05	2.059970247999999629e+03
4.563000000000000000e+05	2.059970247999999629e+03
4.563000000000000000e+05	1.337853932000000214e+03
4.572000000000000000e+05	1.337853932000000214e+03
4.572000000000000000e+05	4.886062319999999772e+02
4.581000000000000000e+05	4.886062319999999772e+02
4.581000000000000000e+05	4.516987359999999967e+02
4.590000000000000000e+05	4.516987359999999967e+02
4.590000000000000000e+05	7.730408520000000863e+02
4.599000000000000000e+05	7.730408520000000863e+02
4.599000000000000000e+05	4.582164599999999837e+02
4.608000000000000000e+05	4.582164599999999837e+02
4.608000000000000000e+05	4.374885080000000244e+02
4.617000000000000000e+05	4.374885080000000244e+02
4.617000000000000000e+05	1.716608876000000464e+03
4.626000000000000000e+05	1.716608876000000464e+03
4.626000000000000000e+05	1.801171479999999974e+03
4.635000000000000000e+05	1.801171479999999974e+03
4.635000000000000000e+05	5.196179319999999962e+02
4.644000000000000000e+05	5.196179319999999962e+02
4.644000000000000000e+05	1.663732159999999851e+02
4.653000000000000000e+05	1.663732159999999851e+02
4.653000000000000000e+05	1.563072112000000288e+03
4.662000000000000000e+05	1.563072112000000288e+03
4.662000000000000000e+05	1.251301776000000018e+03
4.671000000000000000e+05	1.251301776000000018e+03
4.671000000000000000e+05	1.702860711999999921e+03
4.680000000000000000e+05	1.702860711999999921e+03
4.680000000000000000e+05	2.320227775999999722e+03
4.689000000000000000e+05	2.320227775999999722e+03
4.689000000000000000e+05	5.941620160000001079e+02
4.698000000000000000e+05	5.941620160000001079e+02
4.698000000000000000e+05	6.680484239999999545e+02
4.707000000000000000e+05	6.680484239999999545e+02
4.707000000000000000e+05	1.824328996000000188e+03
4.716000000000000000e+05	1.824328996000000188e+03
4.716000000000000000e+05	5.382819040000000541e+02
4.725000000000000000e+05	5.382819040000000541e+02
4.725000000000000000e+05	1.626483195999999907e+03
4.734000000000000000e+05	1.626483195999999907e+03
4.734000000000000000e+05	2.943220731999999771e+03
4.743000000000000000e+05	2.943220731999999771e+03
4.743000000000000000e+05	3.003730979999999818e+03
4.752000000000000000e+05	3.003730979999999818e+03
4.752000000000000000e+05	2.250622360000000128e+02
4.761000000000000000e+05	2.250622360000000128e+02
4.761000000000000000e+05	7.087416799999999739e+01
4.770000000000000000e+05	7.087416799999999739e+01
4.770000000000000000e+05	5.989946400000000892e+01
4.779000000000000000e+05	5.989946400000000892e+01
4.779000000000000000e+05	7.299282399999998461e+01
4.788000000000000000e+05	7.299282399999998461e+01
4.788000000000000000e+05	1.525740759999999625e+02
4.797000000000000000e+05	1.525740759999999625e+02
4.797000000000000000e+05	2.615310968000000230e+03
4.806000000000000000e+05	2.615310968000000230e+03
4.806000000000000000e+05	2.814349115999999867e+03
4.815000000000000000e+05	2.814349115999999867e+03
4.815000000000000000e+05	3.551189948000000186e+03
4.824000000000000000e+05	3.551189948000000186e+03
4.824000000000000000e+05	2.889656723999999485e+03
4.833000000000000000e+05	2.889656723999999485e+03
4.833000000000000000e+05	2.175726340000000164e+03
4.842000000000000000e+05	2.175726340000000164e+03
4.842000000000000000e+05	2.111680436000000100e+03
4.851000000000000000e+05	2.111680436000000100e+03
4.851000000000000000e+05	1.950259475999999722e+03
4.860000000000000000e+05	1.950259475999999722e+03
4.860000000000000000e+05	2.088474239999999895e+02
4.869000000000000000e+05	2.088474239999999895e+02
4.869000000000000000e+05	1.499749040000000377e+02
4.878000000000000000e+05	1.499749040000000377e+02
4.878000000000000000e+05	7.887621999999997513e+01
4.887000000000000000e+05	7.887621999999997513e+01
4.887000000000000000e+05	1.343224720000000048e+02
4.896000000000000000e+05	1.343224720000000048e+02
4.896000000000000000e+05	1.484443119999999965e+02
4.905000000000000000e+05	1.484443119999999965e+02
4.905000000000000000e+05	4.073131800000000453e+02
4.914000000000000000e+05	4.073131800000000453e+02
4.914000000000000000e+05	5.061947920000000636e+02
4.923000000000000000e+05	5.061947920000000636e+02
4.923000000000000000e+05	4.366027240000000802e+02
4.932000000000000000e+05	4.366027240000000802e+02
4.932000000000000000e+05	4.357023199999999292e+02
4.941000000000000000e+05	4.357023199999999292e+02
4.941000000000000000e+05	4.635092880000000832e+02
4.950000000000000000e+05	4.635092880000000832e+02
4.950000000000000000e+05	5.652611160000000154e+02
4.959000000000000000e+05	5.652611160000000154e+02
4.959000000000000000e+05	4.253191799999999034e+02
4.968000000000000000e+05	4.253191799999999034e+02
4.968000000000000000e+05	5.165813560000000280e+02
4.977000000000000000e+05	5.165813560000000280e+02
4.977000000000000000e+05	5.264877079999999978e+02
4.986000000000000000e+05	5.264877079999999978e+02
4.986000000000000000e+05	4.036830919999999878e+02
4.995000000000000000e+05	4.036830919999999878e+02
4.995000000000000000e+05	9.820768959999999197e+02
5.004000000000000000e+05	9.820768959999999197e+02
5.004000000000000000e+05	1.441387668000000076e+03
5.013000000000000000e+05	1.441387668000000076e+03
5.013000000000000000e+05	1.443499920000000429e+03
5.022000000000000000e+05	1.443499920000000429e+03
5.022000000000000000e+05	1.059556000000000040e+03
5.031000000000000000e+05	1.059556000000000040e+03
5.031000000000000000e+05	6.037766759999998385e+02
5.040000000000000000e+05	6.037766759999998385e+02
5.040000000000000000e+05	6.162055760000000646e+02
5.049000000000000000e+05	6.162055760000000646e+02
5.049000000000000000e+05	9.567852560000000040e+02
5.058000000000000000e+05	9.567852560000000040e+02
5.058000000000000000e+05	5.584795319999999492e+02
5.067000000000000000e+05	5.584795319999999492e+02
5.067000000000000000e+05	5.060422800000000052e+02
5.076000000000000000e+05	5.060422800000000052e+02
5.076000000000000000e+05	8.537033200000000761e+02
5.085000000000000000e+05	8.537033200000000761e+02
5.085000000000000000e+05	1.069943232000000307e+03
5.094000000000000000e+05	1.069943232000000307e+03
5.094000000000000000e+05	5.680593959999999925e+02
5.103000000000000000e+05	5.680593959999999925e+02
5.103000000000000000e+05	3.303553760000000921e+02
5.112000000000000000e+05	3.303553760000000921e+02
5.112000000000000000e+05	2.474191600000000051e+02
5.121000000000000000e+05	2.474191600000000051e+02
5.121000000000000000e+05	2.450269759999999621e+02
5.130000000000000000e+05	2.450269759999999621e+02
5.130000000000000000e+05	2.461237679999999557e+02
5.139000000000000000e+05	2.461237679999999557e+02
5.139000000000000000e+05	6.041785600000000045e+01
5.148000000000000000e+05	6.041785600000000045e+01
5.148000000000000000e+05	6.025532000000001176e+01
5.157000000000000000e+05	6.025532000000001176e+01
5.157000000000000000e+05	6.113159599999999472e+01
5.166000000000000000e+05	6.113159599999999472e+01
5.166000000000000000e+05	5.985521599999999864e+01
5.175000000000000000e+05	5.985521599999999864e+01
5.175000000000000000e+05	6.188056399999999968e+01
5.184000000000000000e+05	6.188056399999999968e+01
5.184000000000000000e+05	6.168469600000000952e+01
5.193000000000000000e+05	6.168469600000000952e+01
5.193000000000000000e+05	1.051784200000000169e+02
5.202000000000000000e+05	1.051784200000000169e+02
5.202000000000000000e+05	1.505918920000000014e+02
5.211000000000000000e+05	1.505918920000000014e+02
5.211000000000000000e+05	1.523489800000000116e+02
5.220000000000000000e+05	1.523489800000000116e+02
5.220000000000000000e+05	1.471800920000000019e+02
5.229000000000000000e+05	1.471800920000000019e+02
5.229000000000000000e+05	1.836118280000000027e+02
5.238000000000000000e+05	1.836118280000000027e+02
5.238000000000000000e+05	1.419178880000000049e+02
5.247000000000000000e+05	1.419178880000000049e+02
5.247000000000000000e+05	1.312334680000000162e+02
5.256000000000000000e+05	1.312334680000000162e+02
5.256000000000000000e+05	1.298935880000000225e+02
5.265000000000000000e+05	1.298935880000000225e+02
5.265000000000000000e+05	9.734021599999999808e+01
5.274000000000000000e+05	9.734021599999999808e+01
5.274000000000000000e+05	6.241470000000000340e+01
5.283000000000000000e+05	6.241470000000000340e+01
5.283000000000000000e+05	6.401916400000000351e+01
5.292000000000000000e+05	6.401916400000000351e+01
5.292000000000000000e+05	6.372976800000001418e+01
5.301000000000000000e+05	6.372976800000001418e+01
5.301000000000000000e+05	6.426252399999999909e+01
5.310000000000000000e+05	6.426252399999999909e+01
5.310000000000000000e+05	6.487500800000000822e+01
5.319000000000000000e+05	6.487500800000000822e+01
5.319000000000000000e+05	6.421812799999999299e+01
5.328000000000000000e+05	6.421812799999999299e+01
5.328000000000000000e+05	6.248499199999999831e+01
5.337000000000000000e+05	6.248499199999999831e+01
5.337000000000000000e+05	6.155887200000000092e+01
5.346000000000000000e+05	6.155887200000000092e+01
5.346000000000000000e+05	6.015335199999999816e+01
5.355000000000000000e+05	6.015335199999999816e+01
5.355000000000000000e+05	6.214543600000000367e+01
5.364000000000000000e+05	6.214543600000000367e+01
5.364000000000000000e+05	6.104681599999999975e+01
5.373000000000000000e+05	6.104681599999999975e+01
5.373000000000000000e+05	6.052838400000000263e+01
5.382000000000000000e+05	6.052838400000000263e+01
5.382000000000000000e+05	6.118294800000000322e+01
5.391000000000000000e+05	6.118294800000000322e+01
5.391000000000000000e+05	6.148926800000000270e+01
5.400000000000000000e+05	6.148926800000000270e+01
5.400000000000000000e+05	8.549797200000001851e+01
5.409000000000000000e+05	8.549797200000001851e+01
5.409000000000000000e+05	3.183264719999999670e+02
5.418000000000000000e+05	3.183264719999999670e+02
5.418000000000000000e+05	7.690539119999999684e+02
5.427000000000000000e+05	7.690539119999999684e+02
5.427000000000000000e+05	2.592446583999999348e+03
5.436000000000000000e+05	2.592446583999999348e+03
5.436000000000000000e+05	2.095794484000000466e+03
5.445000000000000000e+05	2.095794484000000466e+03
5.445000000000000000e+05	1.027179504000000179e+03
5.454000000000000000e+05	1.027179504000000179e+03
5.454000000000000000e+05	4.190646399999999971e+02
5.463000000000000000e+05	4.190646399999999971e+02
5.463000000000000000e+05	4.602039519999999584e+02
5.472000000000000000e+05	4.602039519999999584e+02
5.472000000000000000e+05	3.735513920000000212e+02
5.481000000000000000e+05	3.735513920000000212e+02
5.481000000000000000e+05	1.566518560000000093e+02
5.490000000000000000e+05	1.566518560000000093e+02
5.490000000000000000e+05	1.697062539999999899e+03
5.499000000000000000e+05	1.697062539999999899e+03
5.499000000000000000e+05	1.731884143999999878e+03
5.508000000000000000e+05	1.731884143999999878e+03
5.508000000000000000e+05	9.383109680000000026e+02
5.517000000000000000e+05	9.383109680000000026e+02
5.517000000000000000e+05	6.351528920000000653e+02
5.526000000000000000e+05	6.351528920000000653e+02
5.526000000000000000e+05	2.021355999999999767e+03
5.535000000000000000e+05	2.021355999999999767e+03
5.535000000000000000e+05	2.035856203999999934e+03
5.544000000000000000e+05	2.035856203999999934e+03
5.544000000000000000e+05	2.115280704000000242e+03
5.553000000000000000e+05	2.115280704000000242e+03
5.553000000000000000e+05	2.093039107999999942e+03
5.562000000000000000e+05	2.093039107999999942e+03
5.562000000000000000e+05	6.573572920000000295e+02
5.571000000000000000e+05	6.573572920000000295e+02
5.571000000000000000e+05	1.612835320000000081e+02
5.580000000000000000e+05	1.612835320000000081e+02
5.580000000000000000e+05	2.105180799999999692e+02
5.589000000000000000e+05	2.105180799999999692e+02
5.589000000000000000e+05	2.194471760000000131e+02
5.598000000000000000e+05	2.194471760000000131e+02
5.598000000000000000e+05	2.153737839999999721e+02
5.607000000000000000e+05	2.153737839999999721e+02
5.607000000000000000e+05	2.750433919999999830e+02
5.616000000000000000e+05	2.750433919999999830e+02
5.616000000000000000e+05	2.557213160000000300e+02
5.625000000000000000e+05	2.557213160000000300e+02
5.625000000000000000e+05	2.519537999999999727e+02
5.634000000000000000e+05	2.519537999999999727e+02
5.634000000000000000e+05	3.170337840000000256e+02
5.643000000000000000e+05	3.170337840000000256e+02
5.643000000000000000e+05	2.694951247999999850e+03
5.652000000000000000e+05	2.694951247999999850e+03
5.652000000000000000e+05	3.313989355999999589e+03
5.661000000000000000e+05	3.313989355999999589e+03
5.661000000000000000e+05	2.676670200000000364e+02
5.670000000000000000e+05	2.676670200000000364e+02
5.670000000000000000e+05	8.269763199999998449e+01
5.679000000000000000e+05	8.269763199999998449e+01
5.679000000000000000e+05	6.346363999999999095e+01
5.688000000000000000e+05	6.346363999999999095e+01
5.688000000000000000e+05	6.163272400000001028e+01
5.697000000000000000e+05	6.163272400000001028e+01
5.697000000000000000e+05	9.714080399999998860e+01
5.706000000000000000e+05	9.714080399999998860e+01
5.706000000000000000e+05	1.642399480000000267e+02
5.715000000000000000e+05	1.642399480000000267e+02
5.715000000000000000e+05	1.654500599999999793e+02
5.724000000000000000e+05	1.654500599999999793e+02
5.724000000000000000e+05	1.686032999999999618e+02
5.733000000000000000e+05	1.686032999999999618e+02
5.733000000000000000e+05	1.668386599999999760e+02
5.742000000000000000e+05	1.668386599999999760e+02
5.742000000000000000e+05	1.652884799999999927e+02
5.751000000000000000e+05	1.652884799999999927e+02
5.751000000000000000e+05	1.681213920000000144e+02
5.760000000000000000e+05	1.681213920000000144e+02
5.760000000000000000e+05	1.647503719999999987e+02
5.769000000000000000e+05	1.647503719999999987e+02
5.769000000000000000e+05	4.678375479999999129e+02
5.778000000000000000e+05	4.678375479999999129e+02
5.778000000000000000e+05	5.797850760000000037e+02
5.787000000000000000e+05	5.797850760000000037e+02
5.787000000000000000e+05	7.470514600000001337e+02
5.796000000000000000e+05	7.470514600000001337e+02
5.796000000000000000e+05	7.972691200000000435e+02
5.805000000000000000e+05	7.972691200000000435e+02
5.805000000000000000e+05	5.394814599999999700e+02
5.814000000000000000e+05	5.394814599999999700e+02
5.814000000000000000e+05	4.962952400000000921e+02
5.823000000000000000e+05	4.962952400000000921e+02
5.823000000000000000e+05	4.329545039999999858e+02
5.832000000000000000e+05	4.329545039999999858e+02
5.832000000000000000e+05	4.578961680000000456e+02
5.841000000000000000e+05	4.578961680000000456e+02
5.841000000000000000e+05	5.426305800000001227e+02
5.850000000000000000e+05	5.426305800000001227e+02
5.850000000000000000e+05	1.117500332000000071e+03
5.859000000000000000e+05	1.117500332000000071e+03
5.859000000000000000e+05	1.598938503999999966e+03
5.868000000000000000e+05	1.598938503999999966e+03
5.868000000000000000e+05	1.596375379999999950e+03
5.877000000000000000e+05	1.596375379999999950e+03
5.877000000000000000e+05	1.588191424000000325e+03
5.886000000000000000e+05	1.588191424000000325e+03
5.886000000000000000e+05	7.621911519999998745e+02
5.895000000000000000e+05	7.621911519999998745e+02
5.895000000000000000e+05	5.625306239999998752e+02
5.904000000000000000e+05	5.625306239999998752e+02
5.904000000000000000e+05	5.210508960000000798e+02
5.913000000000000000e+05	5.210508960000000798e+02
5.913000000000000000e+05	3.610869919999999524e+02
5.922000000000000000e+05	3.610869919999999524e+02
5.922000000000000000e+05	3.293119159999999965e+02
5.931000000000000000e+05	3.293119159999999965e+02
5.931000000000000000e+05	2.213934280000000001e+02
5.940000000000000000e+05	2.213934280000000001e+02
5.940000000000000000e+05	2.234572360000000515e+02
5.949000000000000000e+05	2.234572360000000515e+02
5.949000000000000000e+05	3.040359839999999849e+02
5.958000000000000000e+05	3.040359839999999849e+02
5.958000000000000000e+05	4.315019639999999868e+02
5.967000000000000000e+05	4.315019639999999868e+02
5.967000000000000000e+05	5.573148279999999204e+02
5.976000000000000000e+05	5.573148279999999204e+02
5.976000000000000000e+05	5.911698439999998982e+02
5.985000000000000000e+05	5.911698439999998982e+02
5.985000000000000000e+05	5.888148320000000240e+02
5.994000000000000000e+05	5.888148320000000240e+02
5.994000000000000000e+05	5.225269879999999603e+02
6.003000000000000000e+05	5.225269879999999603e+02
6.003000000000000000e+05	2.990871919999999591e+02
6.012000000000000000e+05	2.990871919999999591e+02
6.012000000000000000e+05	2.620199439999999527e+02
6.021000000000000000e+05	2.620199439999999527e+02
6.021000000000000000e+05	1.545418879999999433e+02
6.030000000000000000e+05	1.545418879999999433e+02
6.030000000000000000e+05	6.208983199999999414e+01
6.039000000000000000e+05	6.208983199999999414e+01
6.039000000000000000e+05	6.036147200000000623e+01
6.048000000000000000e+05	6.036147200000000623e+01
