# #1
# double t_DHW(1344, 2)
0.000000000000000000e+00	3.231499999999999773e+02
9.000000000000000000e+02	3.231499999999999773e+02
9.000000000000000000e+02	3.231380000000000337e+02
1.800000000000000000e+03	3.231380000000000337e+02
1.800000000000000000e+03	3.231260045000000218e+02
2.700000000000000000e+03	3.231260045000000218e+02
2.700000000000000000e+03	3.231140134983125449e+02
3.600000000000000000e+03	3.231140134983125449e+02
3.600000000000000000e+03	3.230506284580422971e+02
4.500000000000000000e+03	3.230506284580422971e+02
4.500000000000000000e+03	3.230386657223705242e+02
5.400000000000000000e+03	3.230386657223705242e+02
5.400000000000000000e+03	3.230267074727246381e+02
6.300000000000000000e+03	3.230267074727246381e+02
6.300000000000000000e+03	3.230147537074223578e+02
7.200000000000000000e+03	3.230147537074223578e+02
7.200000000000000000e+03	3.229515792570785493e+02
8.100000000000000000e+03	3.229515792570785493e+02
8.100000000000000000e+03	3.229396536648571328e+02
9.000000000000000000e+03	3.229396536648571328e+02
9.000000000000000000e+03	3.229277325447328622e+02
9.900000000000000000e+03	3.229277325447328622e+02
9.900000000000000000e+03	3.229158158950286293e+02
1.080000000000000000e+04	3.229158158950286293e+02
1.080000000000000000e+04	3.228528407754751015e+02
1.170000000000000000e+04	3.228528407754751015e+02
1.170000000000000000e+04	3.228409522101842981e+02
1.260000000000000000e+04	3.228409522101842981e+02
1.260000000000000000e+04	3.228290681031054987e+02
1.350000000000000000e+04	3.228290681031054987e+02
1.350000000000000000e+04	3.228171884525668816e+02
1.440000000000000000e+04	3.228171884525668816e+02
1.440000000000000000e+04	3.227544120022980678e+02
1.530000000000000000e+04	3.227544120022980678e+02
1.530000000000000000e+04	3.227425603477971663e+02
1.620000000000000000e+04	3.227425603477971663e+02
1.620000000000000000e+04	3.227307131376666121e+02
1.710000000000000000e+04	3.227307131376666121e+02
1.710000000000000000e+04	3.227188703702398698e+02
1.800000000000000000e+04	3.227188703702398698e+02
1.800000000000000000e+04	3.226562919298855263e+02
1.890000000000000000e+04	3.226562919298855263e+02
1.890000000000000000e+04	3.226444770704118241e+02
1.980000000000000000e+04	3.226444770704118241e+02
1.980000000000000000e+04	3.226326666415102977e+02
2.070000000000000000e+04	3.226326666415102977e+02
2.070000000000000000e+04	3.226208606415196414e+02
2.160000000000000000e+04	3.226208606415196414e+02
2.160000000000000000e+04	3.225584795541763015e+02
2.250000000000000000e+04	3.225584795541763015e+02
2.250000000000000000e+04	3.225467013743434563e+02
2.340000000000000000e+04	3.225467013743434563e+02
2.340000000000000000e+04	3.225349276113281007e+02
2.430000000000000000e+04	3.225349276113281007e+02
2.430000000000000000e+04	3.225231582634738174e+02
2.520000000000000000e+04	3.225231582634738174e+02
2.520000000000000000e+04	3.224609738747960819e+02
2.610000000000000000e+04	3.224609738747960819e+02
2.610000000000000000e+04	3.147992322145930189e+02
2.700000000000000000e+04	3.147992322145930189e+02
2.700000000000000000e+04	3.147903637525122917e+02
2.790000000000000000e+04	3.147903637525122917e+02
2.790000000000000000e+04	3.146914986161050933e+02
2.880000000000000000e+04	3.146914986161050933e+02
2.880000000000000000e+04	3.157319291931491421e+02
2.970000000000000000e+04	3.157319291931491421e+02
2.970000000000000000e+04	3.156327109697017477e+02
3.060000000000000000e+04	3.156327109697017477e+02
3.060000000000000000e+04	3.155335299530880775e+02
3.150000000000000000e+04	3.155335299530880775e+02
3.150000000000000000e+04	3.154343861293556870e+02
3.240000000000000000e+04	3.154343861293556870e+02
3.240000000000000000e+04	3.152964338815978067e+02
3.330000000000000000e+04	3.152964338815978067e+02
3.330000000000000000e+04	3.151973789688922238e+02
3.420000000000000000e+04	3.151973789688922238e+02
3.420000000000000000e+04	3.151883612017788892e+02
3.510000000000000000e+04	3.151883612017788892e+02
3.510000000000000000e+04	3.150893468163282591e+02
3.600000000000000000e+04	3.150893468163282591e+02
3.600000000000000000e+04	3.150397933978085803e+02
3.690000000000000000e+04	3.150397933978085803e+02
3.690000000000000000e+04	3.150308347252844214e+02
3.780000000000000000e+04	3.150308347252844214e+02
3.780000000000000000e+04	3.150218794122624217e+02
3.870000000000000000e+04	3.150218794122624217e+02
3.870000000000000000e+04	3.149929274594828712e+02
3.960000000000000000e+04	3.149929274594828712e+02
3.960000000000000000e+04	3.149419612231145038e+02
4.050000000000000000e+04	3.149419612231145038e+02
4.050000000000000000e+04	3.149330392376558621e+02
4.140000000000000000e+04	3.149330392376558621e+02
4.140000000000000000e+04	3.149241205979417373e+02
4.230000000000000000e+04	3.149241205979417373e+02
4.230000000000000000e+04	3.148252053027175066e+02
4.320000000000000000e+04	3.148252053027175066e+02
4.320000000000000000e+04	3.146855926915408190e+02
4.410000000000000000e+04	3.146855926915408190e+02
4.410000000000000000e+04	3.146767668442815307e+02
4.500000000000000000e+04	3.146767668442815307e+02
4.500000000000000000e+04	3.146679443067149009e+02
4.590000000000000000e+04	3.146679443067149009e+02
4.590000000000000000e+04	3.146591250775999242e+02
4.680000000000000000e+04	3.146591250775999242e+02
4.680000000000000000e+04	3.144496334364641825e+02
4.770000000000000000e+04	3.144496334364641825e+02
4.770000000000000000e+04	3.144408960739255008e+02
4.860000000000000000e+04	3.144408960739255008e+02
4.860000000000000000e+04	3.144321619878977572e+02
4.950000000000000000e+04	3.144321619878977572e+02
4.950000000000000000e+04	3.144234311771523380e+02
5.040000000000000000e+04	3.144234311771523380e+02
5.040000000000000000e+04	3.143789867610114470e+02
5.130000000000000000e+04	3.143789867610114470e+02
5.130000000000000000e+04	3.143702758909760746e+02
5.220000000000000000e+04	3.143702758909760746e+02
5.220000000000000000e+04	3.144326209190958821e+02
5.310000000000000000e+04	3.144326209190958821e+02
5.310000000000000000e+04	3.143338899362512961e+02
5.400000000000000000e+04	3.143338899362512961e+02
5.400000000000000000e+04	3.140942372665364815e+02
5.490000000000000000e+04	3.140942372665364815e+02
5.490000000000000000e+04	3.140856331775615331e+02
5.580000000000000000e+04	3.140856331775615331e+02
5.580000000000000000e+04	3.141480849466988730e+02
5.670000000000000000e+04	3.141480849466988730e+02
5.670000000000000000e+04	3.140494606648438776e+02
5.760000000000000000e+04	3.140494606648438776e+02
5.760000000000000000e+04	3.137474522386824560e+02
5.850000000000000000e+04	3.137474522386824560e+02
5.850000000000000000e+04	3.137389781940929652e+02
5.940000000000000000e+04	3.137389781940929652e+02
5.940000000000000000e+04	3.138015599588491114e+02
6.030000000000000000e+04	3.138015599588491114e+02
6.030000000000000000e+04	3.137030656238645747e+02
6.120000000000000000e+04	3.137030656238645747e+02
6.120000000000000000e+04	3.141096700282175789e+02
6.210000000000000000e+04	3.141096700282175789e+02
6.210000000000000000e+04	3.141010601519570287e+02
6.300000000000000000e+04	3.141010601519570287e+02
6.300000000000000000e+04	3.141635061359789916e+02
6.390000000000000000e+04	3.141635061359789916e+02
6.390000000000000000e+04	3.141548760711780233e+02
6.480000000000000000e+04	3.141548760711780233e+02
6.480000000000000000e+04	3.137883392775835887e+02
6.570000000000000000e+04	3.137883392775835887e+02
6.570000000000000000e+04	3.135143499003544889e+02
6.660000000000000000e+04	3.135143499003544889e+02
6.660000000000000000e+04	3.134859632711418271e+02
6.750000000000000000e+04	3.134859632711418271e+02
6.750000000000000000e+04	3.134575872869152704e+02
6.840000000000000000e+04	3.134575872869152704e+02
6.840000000000000000e+04	3.134180480129521129e+02
6.930000000000000000e+04	3.134180480129521129e+02
6.930000000000000000e+04	3.133196974949472065e+02
7.020000000000000000e+04	3.133196974949472065e+02
7.020000000000000000e+04	3.133113838583865913e+02
7.110000000000000000e+04	3.133113838583865913e+02
7.110000000000000000e+04	3.133030733394393792e+02
7.200000000000000000e+04	3.133030733394393792e+02
7.200000000000000000e+04	3.132600184047626612e+02
7.290000000000000000e+04	3.132600184047626612e+02
7.290000000000000000e+04	3.132517271478608905e+02
7.380000000000000000e+04	3.132517271478608905e+02
7.380000000000000000e+04	3.132434390001804445e+02
7.470000000000000000e+04	3.132434390001804445e+02
7.470000000000000000e+04	3.125951539165553754e+02
7.560000000000000000e+04	3.125951539165553754e+02
7.560000000000000000e+04	3.125591207197492167e+02
7.650000000000000000e+04	3.125591207197492167e+02
7.650000000000000000e+04	3.125510922994793077e+02
7.740000000000000000e+04	3.125510922994793077e+02
7.740000000000000000e+04	3.124530668898669887e+02
7.830000000000000000e+04	3.124530668898669887e+02
7.830000000000000000e+04	3.104850782257832407e+02
7.920000000000000000e+04	3.104850782257832407e+02
7.920000000000000000e+04	3.104687412002385258e+02
8.010000000000000000e+04	3.104687412002385258e+02
8.010000000000000000e+04	3.104614966722884333e+02
8.100000000000000000e+04	3.104614966722884333e+02
8.100000000000000000e+04	3.104542548610363042e+02
8.190000000000000000e+04	3.104542548610363042e+02
8.190000000000000000e+04	3.104470157654633908e+02
8.280000000000000000e+04	3.104470157654633908e+02
8.280000000000000000e+04	3.104099070243817664e+02
8.370000000000000000e+04	3.104099070243817664e+02
8.370000000000000000e+04	3.152273683201181598e+02
8.460000000000000000e+04	3.152273683201181598e+02
8.460000000000000000e+04	3.181030761491034013e+02
8.550000000000000000e+04	3.181030761491034013e+02
8.550000000000000000e+04	3.180929687455474664e+02
8.640000000000000000e+04	3.180929687455474664e+02
8.640000000000000000e+04	3.138953420930291713e+02
8.730000000000000000e+04	3.138953420930291713e+02
8.730000000000000000e+04	3.138868125897442383e+02
8.820000000000000000e+04	3.138868125897442383e+02
8.820000000000000000e+04	3.138782862850230799e+02
8.910000000000000000e+04	3.138782862850230799e+02
8.910000000000000000e+04	3.138697631776661865e+02
9.000000000000000000e+04	3.138697631776661865e+02
9.000000000000000000e+04	3.138251208705454474e+02
9.090000000000000000e+04	3.138251208705454474e+02
9.090000000000000000e+04	3.138166177002189556e+02
9.180000000000000000e+04	3.138166177002189556e+02
9.180000000000000000e+04	3.138081177185813999e+02
9.270000000000000000e+04	3.138081177185813999e+02
9.270000000000000000e+04	3.137996209244369084e+02
9.360000000000000000e+04	3.137996209244369084e+02
9.360000000000000000e+04	3.137551183850528673e+02
9.450000000000000000e+04	3.137551183850528673e+02
9.450000000000000000e+04	3.137466414656584561e+02
9.540000000000000000e+04	3.137466414656584561e+02
9.540000000000000000e+04	3.137381677251088377e+02
9.630000000000000000e+04	3.137381677251088377e+02
9.630000000000000000e+04	3.137296971622119486e+02
9.720000000000000000e+04	3.137296971622119486e+02
9.720000000000000000e+04	3.136853339304909127e+02
9.810000000000000000e+04	3.136853339304909127e+02
9.810000000000000000e+04	3.136768831802669411e+02
9.900000000000000000e+04	3.136768831802669411e+02
9.900000000000000000e+04	3.136684355990743143e+02
9.990000000000000000e+04	3.136684355990743143e+02
9.990000000000000000e+04	3.136599911857246639e+02
1.008000000000000000e+05	3.136599911857246639e+02
1.008000000000000000e+05	3.136157667985120838e+02
1.017000000000000000e+05	3.136157667985120838e+02
1.017000000000000000e+05	3.136073421359626536e+02
1.026000000000000000e+05	3.136073421359626536e+02
1.026000000000000000e+05	3.135989206326616454e+02
1.035000000000000000e+05	3.135989206326616454e+02
1.035000000000000000e+05	3.135905022874244423e+02
1.044000000000000000e+05	3.135905022874244423e+02
1.044000000000000000e+05	3.135464162836142918e+02
1.053000000000000000e+05	3.135464162836142918e+02
1.053000000000000000e+05	3.135380176275079407e+02
1.062000000000000000e+05	3.135380176275079407e+02
1.062000000000000000e+05	3.135296221208976135e+02
1.071000000000000000e+05	3.135296221208976135e+02
1.071000000000000000e+05	3.135212297626022746e+02
1.080000000000000000e+05	3.135212297626022746e+02
1.080000000000000000e+05	3.134772816827072575e+02
1.089000000000000000e+05	3.134772816827072575e+02
1.089000000000000000e+05	3.154298566407380804e+02
1.098000000000000000e+05	3.154298566407380804e+02
1.098000000000000000e+05	3.173154454186487214e+02
1.107000000000000000e+05	3.173154454186487214e+02
1.107000000000000000e+05	3.191368451162522319e+02
1.116000000000000000e+05	3.191368451162522319e+02
1.116000000000000000e+05	3.184612550654568395e+02
1.125000000000000000e+05	3.184612550654568395e+02
1.125000000000000000e+05	3.155610133278073022e+02
1.134000000000000000e+05	3.155610133278073022e+02
1.134000000000000000e+05	3.155518591978093923e+02
1.143000000000000000e+05	3.155518591978093923e+02
1.143000000000000000e+05	3.154527085006101856e+02
1.152000000000000000e+05	3.154527085006101856e+02
1.152000000000000000e+05	3.154560974792335628e+02
1.161000000000000000e+05	3.154560974792335628e+02
1.161000000000000000e+05	3.153569826926788551e+02
1.170000000000000000e+05	3.153569826926788551e+02
1.170000000000000000e+05	3.152579050741690594e+02
1.179000000000000000e+05	3.152579050741690594e+02
1.179000000000000000e+05	3.151588646097662831e+02
1.188000000000000000e+05	3.151588646097662831e+02
1.188000000000000000e+05	3.150232393615125375e+02
1.197000000000000000e+05	3.150232393615125375e+02
1.197000000000000000e+05	3.149242868967519371e+02
1.206000000000000000e+05	3.149242868967519371e+02
1.206000000000000000e+05	3.149153715391656760e+02
1.215000000000000000e+05	3.149153715391656760e+02
1.215000000000000000e+05	3.148164595248384785e+02
1.224000000000000000e+05	3.148164595248384785e+02
1.224000000000000000e+05	3.147691939134615495e+02
1.233000000000000000e+05	3.147691939134615495e+02
1.233000000000000000e+05	3.147603367157440175e+02
1.242000000000000000e+05	3.147603367157440175e+02
1.242000000000000000e+05	3.147514828394756137e+02
1.251000000000000000e+05	3.147514828394756137e+02
1.251000000000000000e+05	3.149266583980169116e+02
1.260000000000000000e+05	3.149266583980169116e+02
1.260000000000000000e+05	3.150969193691185524e+02
1.269000000000000000e+05	3.150969193691185524e+02
1.269000000000000000e+05	3.150879392743551648e+02
1.278000000000000000e+05	3.150879392743551648e+02
1.278000000000000000e+05	3.150789625471272757e+02
1.287000000000000000e+05	3.150789625471272757e+02
1.287000000000000000e+05	3.149799891861720766e+02
1.296000000000000000e+05	3.149799891861720766e+02
1.296000000000000000e+05	3.148431749325990268e+02
1.305000000000000000e+05	3.148431749325990268e+02
1.305000000000000000e+05	3.148342899919992988e+02
1.314000000000000000e+05	3.148342899919992988e+02
1.314000000000000000e+05	3.148254083832522952e+02
1.323000000000000000e+05	3.148254083832522952e+02
1.323000000000000000e+05	3.148165301051085976e+02
1.332000000000000000e+05	3.148165301051085976e+02
1.332000000000000000e+05	3.146097904345174925e+02
1.341000000000000000e+05	3.146097904345174925e+02
1.341000000000000000e+05	3.146009930131045280e+02
1.350000000000000000e+05	3.146009930131045280e+02
1.350000000000000000e+05	3.145921988907246032e+02
1.359000000000000000e+05	3.145921988907246032e+02
1.359000000000000000e+05	3.145834080661405778e+02
1.368000000000000000e+05	3.145834080661405778e+02
1.368000000000000000e+05	3.145378345418433241e+02
1.377000000000000000e+05	3.145378345418433241e+02
1.377000000000000000e+05	3.145290641038901640e+02
1.386000000000000000e+05	3.145290641038901640e+02
1.386000000000000000e+05	3.145202969548512328e+02
1.395000000000000000e+05	3.145202969548512328e+02
1.395000000000000000e+05	3.138560330934931244e+02
1.404000000000000000e+05	3.138560330934931244e+02
1.404000000000000000e+05	3.138165674469100850e+02
1.413000000000000000e+05	3.138165674469100850e+02
1.413000000000000000e+05	3.138080674841174300e+02
1.422000000000000000e+05	3.138080674841174300e+02
1.422000000000000000e+05	3.185182533588522915e+02
1.431000000000000000e+05	3.185182533588522915e+02
1.431000000000000000e+05	3.184179902638426256e+02
1.440000000000000000e+05	3.184179902638426256e+02
1.440000000000000000e+05	3.134439108943579413e+02
1.449000000000000000e+05	3.134439108943579413e+02
1.449000000000000000e+05	3.134355506777725395e+02
1.458000000000000000e+05	3.134355506777725395e+02
1.458000000000000000e+05	3.134271935962683528e+02
1.467000000000000000e+05	3.134271935962683528e+02
1.467000000000000000e+05	3.133288396486697707e+02
1.476000000000000000e+05	3.133288396486697707e+02
1.476000000000000000e+05	3.132846314742194522e+02
1.485000000000000000e+05	3.132846314742194522e+02
1.485000000000000000e+05	3.180150009404105731e+02
1.494000000000000000e+05	3.180150009404105731e+02
1.494000000000000000e+05	3.180049265650579287e+02
1.503000000000000000e+05	3.180049265650579287e+02
1.503000000000000000e+05	3.179948559675960382e+02
1.512000000000000000e+05	3.179948559675960382e+02
1.512000000000000000e+05	3.129899612119934886e+02
1.521000000000000000e+05	3.129899612119934886e+02
1.521000000000000000e+05	3.128917712265389923e+02
1.530000000000000000e+05	3.128917712265389923e+02
1.530000000000000000e+05	3.128636180643290459e+02
1.539000000000000000e+05	3.128636180643290459e+02
1.539000000000000000e+05	3.128354754595549139e+02
1.548000000000000000e+05	3.128354754595549139e+02
1.548000000000000000e+05	3.127938243222984056e+02
1.557000000000000000e+05	3.127938243222984056e+02
1.557000000000000000e+05	3.160970284239206194e+02
1.566000000000000000e+05	3.160970284239206194e+02
1.566000000000000000e+05	3.160876732882616693e+02
1.575000000000000000e+05	3.160876732882616693e+02
1.575000000000000000e+05	3.189630585028838254e+02
1.584000000000000000e+05	3.189630585028838254e+02
1.584000000000000000e+05	3.213005736892727100e+02
1.593000000000000000e+05	3.213005736892727100e+02
1.593000000000000000e+05	3.212892672241392233e+02
1.602000000000000000e+05	3.212892672241392233e+02
1.602000000000000000e+05	3.241627018410354708e+02
1.611000000000000000e+05	3.241627018410354708e+02
1.611000000000000000e+05	3.235103220338450569e+02
1.620000000000000000e+05	3.235103220338450569e+02
1.620000000000000000e+05	3.202956649099226070e+02
1.629000000000000000e+05	3.202956649099226070e+02
1.629000000000000000e+05	3.202847352855813483e+02
1.638000000000000000e+05	3.202847352855813483e+02
1.638000000000000000e+05	3.221499999999998636e+02
1.647000000000000000e+05	3.221499999999998636e+02
1.647000000000000000e+05	3.158383749549998925e+02
1.656000000000000000e+05	3.158383749549998925e+02
1.656000000000000000e+05	3.172990571600097383e+02
1.665000000000000000e+05	3.172990571600097383e+02
1.665000000000000000e+05	3.172892512635747266e+02
1.674000000000000000e+05	3.172892512635747266e+02
1.674000000000000000e+05	3.172794490443508835e+02
1.683000000000000000e+05	3.172794490443508835e+02
1.683000000000000000e+05	3.172696505009593011e+02
1.692000000000000000e+05	3.172696505009593011e+02
1.692000000000000000e+05	3.172315455316913244e+02
1.701000000000000000e+05	3.172315455316913244e+02
1.701000000000000000e+05	3.202139347067284803e+02
1.710000000000000000e+05	3.202139347067284803e+02
1.710000000000000000e+05	3.202030357312134470e+02
1.719000000000000000e+05	3.202030357312134470e+02
1.719000000000000000e+05	3.201921408428142399e+02
1.728000000000000000e+05	3.201921408428142399e+02
1.728000000000000000e+05	3.174128223548306096e+02
1.737000000000000000e+05	3.174128223548306096e+02
1.737000000000000000e+05	3.174029737964474407e+02
1.746000000000000000e+05	3.174029737964474407e+02
1.746000000000000000e+05	3.173931289312737931e+02
1.755000000000000000e+05	3.173931289312737931e+02
1.755000000000000000e+05	3.173832877579245633e+02
1.764000000000000000e+05	3.173832877579245633e+02
1.764000000000000000e+05	3.173318868106997002e+02
1.773000000000000000e+05	3.173318868106997002e+02
1.773000000000000000e+05	3.173220686031456808e+02
1.782000000000000000e+05	3.173220686031456808e+02
1.782000000000000000e+05	3.173122540774194817e+02
1.791000000000000000e+05	3.173122540774194817e+02
1.791000000000000000e+05	3.173024432321404902e+02
1.800000000000000000e+05	3.173024432321404902e+02
1.800000000000000000e+05	3.172512011706222665e+02
1.809000000000000000e+05	3.172512011706222665e+02
1.809000000000000000e+05	3.172414132201832331e+02
1.818000000000000000e+05	3.172414132201832331e+02
1.818000000000000000e+05	3.190697087916051942e+02
1.827000000000000000e+05	3.190697087916051942e+02
1.827000000000000000e+05	3.208359377580286491e+02
1.836000000000000000e+05	3.208359377580286491e+02
1.836000000000000000e+05	3.200719684721240696e+02
1.845000000000000000e+05	3.200719684721240696e+02
1.845000000000000000e+05	3.200611227339470020e+02
1.854000000000000000e+05	3.200611227339470020e+02
1.854000000000000000e+05	3.200502810629217834e+02
1.863000000000000000e+05	3.200502810629217834e+02
1.863000000000000000e+05	3.200394434575231912e+02
1.872000000000000000e+05	3.200394434575231912e+02
1.872000000000000000e+05	3.199823504068916691e+02
1.881000000000000000e+05	3.199823504068916691e+02
1.881000000000000000e+05	3.199715382754890811e+02
1.890000000000000000e+05	3.199715382754890811e+02
1.890000000000000000e+05	3.228454670407410276e+02
1.899000000000000000e+05	3.228454670407410276e+02
1.899000000000000000e+05	3.228335812406007790e+02
1.908000000000000000e+05	3.228335812406007790e+02
1.908000000000000000e+05	3.195154852005496195e+02
1.917000000000000000e+05	3.195154852005496195e+02
1.917000000000000000e+05	3.195048481435994177e+02
1.926000000000000000e+05	3.195048481435994177e+02
1.926000000000000000e+05	3.194942150755455827e+02
1.935000000000000000e+05	3.194942150755455827e+02
1.935000000000000000e+05	3.223683228369975495e+02
1.944000000000000000e+05	3.223683228369975495e+02
1.944000000000000000e+05	3.192464262388709813e+02
1.953000000000000000e+05	3.192464262388709813e+02
1.953000000000000000e+05	3.192358900790313783e+02
1.962000000000000000e+05	3.192358900790313783e+02
1.962000000000000000e+05	3.237825067964928962e+02
1.971000000000000000e+05	3.237825067964928962e+02
1.971000000000000000e+05	3.237702696064442307e+02
1.980000000000000000e+05	3.237702696064442307e+02
1.980000000000000000e+05	3.189606185501606888e+02
1.989000000000000000e+05	3.189606185501606888e+02
1.989000000000000000e+05	3.160601895512043598e+02
1.998000000000000000e+05	3.160601895512043598e+02
1.998000000000000000e+05	3.160508482301226536e+02
2.007000000000000000e+05	3.160508482301226536e+02
2.007000000000000000e+05	3.159515104120363276e+02
2.016000000000000000e+05	3.159515104120363276e+02
2.016000000000000000e+05	3.159545556651952438e+02
2.025000000000000000e+05	3.159545556651952438e+02
2.025000000000000000e+05	3.158552539568207749e+02
2.034000000000000000e+05	3.158552539568207749e+02
2.034000000000000000e+05	3.157559894865869410e+02
2.043000000000000000e+05	3.157559894865869410e+02
2.043000000000000000e+05	3.156567622405295310e+02
2.052000000000000000e+05	3.156567622405295310e+02
2.052000000000000000e+05	3.155206300001615318e+02
2.061000000000000000e+05	3.155206300001615318e+02
2.061000000000000000e+05	3.154214910139114636e+02
2.070000000000000000e+05	3.154214910139114636e+02
2.070000000000000000e+05	3.154123892047812205e+02
2.079000000000000000e+05	3.154123892047812205e+02
2.079000000000000000e+05	3.153132908088294357e+02
2.088000000000000000e+05	3.153132908088294357e+02
2.088000000000000000e+05	3.167578061480020324e+02
2.097000000000000000e+05	3.167578061480020324e+02
2.097000000000000000e+05	3.167482032206965528e+02
2.106000000000000000e+05	3.167482032206965528e+02
2.106000000000000000e+05	3.195661326417093164e+02
2.115000000000000000e+05	3.195661326417093164e+02
2.115000000000000000e+05	3.195354765939686672e+02
2.124000000000000000e+05	3.195354765939686672e+02
2.124000000000000000e+05	3.170111255532582391e+02
2.133000000000000000e+05	3.170111255532582391e+02
2.133000000000000000e+05	3.170014276311757726e+02
2.142000000000000000e+05	3.170014276311757726e+02
2.142000000000000000e+05	3.223882917485333905e+02
2.151000000000000000e+05	3.223882917485333905e+02
2.151000000000000000e+05	3.222865773891276717e+02
2.160000000000000000e+05	3.222865773891276717e+02
2.160000000000000000e+05	3.169705757210102774e+02
2.169000000000000000e+05	3.169705757210102774e+02
2.169000000000000000e+05	3.196232474579775271e+02
2.178000000000000000e+05	3.196232474579775271e+02
2.178000000000000000e+05	3.196125699901807593e+02
2.187000000000000000e+05	3.196125699901807593e+02
2.187000000000000000e+05	3.221499999999957708e+02
2.196000000000000000e+05	3.221499999999957708e+02
2.196000000000000000e+05	3.196352505731795191e+02
2.205000000000000000e+05	3.196352505731795191e+02
2.205000000000000000e+05	3.196245686042145735e+02
2.214000000000000000e+05	3.196245686042145735e+02
2.214000000000000000e+05	3.196138906409880178e+02
2.223000000000000000e+05	3.196138906409880178e+02
2.223000000000000000e+05	3.196032166819976510e+02
2.232000000000000000e+05	3.196032166819976510e+02
2.232000000000000000e+05	3.195477811752832622e+02
2.241000000000000000e+05	3.195477811752832622e+02
2.241000000000000000e+05	3.195371320073425068e+02
2.250000000000000000e+05	3.195371320073425068e+02
2.250000000000000000e+05	3.195264868328397370e+02
2.259000000000000000e+05	3.195264868328397370e+02
2.259000000000000000e+05	3.194258456502774379e+02
2.268000000000000000e+05	3.194258456502774379e+02
2.268000000000000000e+05	3.193693128160679180e+02
2.277000000000000000e+05	3.193693128160679180e+02
2.277000000000000000e+05	3.193587305737618749e+02
2.286000000000000000e+05	3.193587305737618749e+02
2.286000000000000000e+05	3.193481522997967090e+02
2.295000000000000000e+05	3.193481522997967090e+02
2.295000000000000000e+05	3.192475779926842847e+02
2.304000000000000000e+05	3.192475779926842847e+02
2.304000000000000000e+05	3.191913538061200484e+02
2.313000000000000000e+05	3.191913538061200484e+02
2.313000000000000000e+05	3.191808382984427226e+02
2.322000000000000000e+05	3.191808382984427226e+02
2.322000000000000000e+05	3.192413793656597250e+02
2.331000000000000000e+05	3.192413793656597250e+02
2.331000000000000000e+05	3.192118977299765561e+02
2.340000000000000000e+05	3.192118977299765561e+02
2.340000000000000000e+05	3.203663910559026249e+02
2.349000000000000000e+05	3.203663910559026249e+02
2.349000000000000000e+05	3.204264875408355806e+02
2.358000000000000000e+05	3.204264875408355806e+02
2.358000000000000000e+05	3.228408655379038805e+02
2.367000000000000000e+05	3.228408655379038805e+02
2.367000000000000000e+05	3.228289814633271817e+02
2.376000000000000000e+05	3.228289814633271817e+02
2.376000000000000000e+05	3.207265369199756151e+02
2.385000000000000000e+05	3.207265369199756151e+02
2.385000000000000000e+05	3.206254457186306581e+02
2.394000000000000000e+05	3.206254457186306581e+02
2.394000000000000000e+05	3.206654450600651103e+02
2.403000000000000000e+05	3.206654450600651103e+02
2.403000000000000000e+05	3.203043768031675995e+02
2.412000000000000000e+05	3.203043768031675995e+02
2.412000000000000000e+05	3.199392308834943606e+02
2.421000000000000000e+05	3.199392308834943606e+02
2.421000000000000000e+05	3.198384349219130058e+02
2.430000000000000000e+05	3.198384349219130058e+02
2.430000000000000000e+05	3.198276767588172902e+02
2.439000000000000000e+05	3.198276767588172902e+02
2.439000000000000000e+05	3.198169226300327637e+02
2.448000000000000000e+05	3.198169226300327637e+02
2.448000000000000000e+05	3.197612065026172559e+02
2.457000000000000000e+05	3.197612065026172559e+02
2.457000000000000000e+05	3.197504773001787157e+02
2.466000000000000000e+05	3.197504773001787157e+02
2.466000000000000000e+05	3.221499999999999773e+02
2.475000000000000000e+05	3.221499999999999773e+02
2.475000000000000000e+05	3.197383748349998882e+02
2.484000000000000000e+05	3.197383748349998882e+02
2.484000000000000000e+05	3.175266960188084227e+02
2.493000000000000000e+05	3.175266960188084227e+02
2.493000000000000000e+05	3.175168047578013670e+02
2.502000000000000000e+05	3.175168047578013670e+02
2.502000000000000000e+05	3.174169172060171604e+02
2.511000000000000000e+05	3.174169172060171604e+02
2.511000000000000000e+05	3.154470670980645650e+02
2.520000000000000000e+05	3.154470670980645650e+02
2.520000000000000000e+05	3.154203878920311581e+02
2.529000000000000000e+05	3.154203878920311581e+02
2.529000000000000000e+05	3.154112864965716199e+02
2.538000000000000000e+05	3.154112864965716199e+02
2.538000000000000000e+05	3.154021885141353891e+02
2.547000000000000000e+05	3.154021885141353891e+02
2.547000000000000000e+05	3.153930939434423522e+02
2.556000000000000000e+05	3.153930939434423522e+02
2.556000000000000000e+05	3.153464136020659794e+02
2.565000000000000000e+05	3.153464136020659794e+02
2.565000000000000000e+05	3.153373399469651872e+02
2.574000000000000000e+05	3.153373399469651872e+02
2.574000000000000000e+05	3.153282696944850727e+02
2.583000000000000000e+05	3.153282696944850727e+02
2.583000000000000000e+05	3.153192028433496148e+02
2.592000000000000000e+05	3.153192028433496148e+02
2.592000000000000000e+05	3.152726551852433090e+02
2.601000000000000000e+05	3.152726551852433090e+02
2.601000000000000000e+05	3.152636091895488448e+02
2.610000000000000000e+05	3.152636091895488448e+02
2.610000000000000000e+05	3.152545665861027828e+02
2.619000000000000000e+05	3.152545665861027828e+02
2.619000000000000000e+05	3.152455273736327968e+02
2.628000000000000000e+05	3.152455273736327968e+02
2.628000000000000000e+05	3.151991121563140723e+02
2.637000000000000000e+05	3.151991121563140723e+02
2.637000000000000000e+05	3.151900937392554738e+02
2.646000000000000000e+05	3.151900937392554738e+02
2.646000000000000000e+05	3.151810787041032427e+02
2.655000000000000000e+05	3.151810787041032427e+02
2.655000000000000000e+05	3.151720670495892591e+02
2.664000000000000000e+05	3.151720670495892591e+02
2.664000000000000000e+05	3.151257840375352544e+02
2.673000000000000000e+05	3.151257840375352544e+02
2.673000000000000000e+05	3.151167931185211728e+02
2.682000000000000000e+05	3.151167931185211728e+02
2.682000000000000000e+05	3.151078055711017214e+02
2.691000000000000000e+05	3.151078055711017214e+02
2.691000000000000000e+05	3.150988213940125888e+02
2.700000000000000000e+05	3.150988213940125888e+02
2.700000000000000000e+05	3.150526703442616281e+02
2.709000000000000000e+05	3.150526703442616281e+02
2.709000000000000000e+05	3.150437068428825000e+02
2.718000000000000000e+05	3.150437068428825000e+02
2.718000000000000000e+05	3.150347467028164488e+02
2.727000000000000000e+05	3.150347467028164488e+02
2.727000000000000000e+05	3.150257899228026304e+02
2.736000000000000000e+05	3.150257899228026304e+02
2.736000000000000000e+05	3.149797705796055993e+02
2.745000000000000000e+05	3.149797705796055993e+02
2.745000000000000000e+05	3.149708344156382509e+02
2.754000000000000000e+05	3.149708344156382509e+02
2.754000000000000000e+05	3.149619016027323823e+02
2.763000000000000000e+05	3.149619016027323823e+02
2.763000000000000000e+05	3.149529721396311288e+02
2.772000000000000000e+05	3.149529721396311288e+02
2.772000000000000000e+05	3.149070842652649844e+02
2.781000000000000000e+05	3.149070842652649844e+02
2.781000000000000000e+05	3.148981753586655259e+02
2.790000000000000000e+05	3.148981753586655259e+02
2.790000000000000000e+05	3.148892697929060205e+02
2.799000000000000000e+05	3.148892697929060205e+02
2.799000000000000000e+05	3.148803675667336961e+02
2.808000000000000000e+05	3.148803675667336961e+02
2.808000000000000000e+05	3.148346109142590876e+02
2.817000000000000000e+05	3.148346109142590876e+02
2.817000000000000000e+05	3.148257291851662103e+02
2.826000000000000000e+05	3.148257291851662103e+02
2.826000000000000000e+05	3.148168507867217727e+02
2.835000000000000000e+05	3.148168507867217727e+02
2.835000000000000000e+05	3.148079757176767544e+02
2.844000000000000000e+05	3.148079757176767544e+02
2.844000000000000000e+05	3.147623500353238342e+02
2.853000000000000000e+05	3.147623500353238342e+02
2.853000000000000000e+05	3.118634953870605955e+02
2.862000000000000000e+05	3.118634953870605955e+02
2.862000000000000000e+05	3.118557278262904333e+02
2.871000000000000000e+05	3.118557278262904333e+02
2.871000000000000000e+05	3.117579631783552259e+02
2.880000000000000000e+05	3.117579631783552259e+02
2.880000000000000000e+05	3.117660105467134599e+02
2.889000000000000000e+05	3.117660105467134599e+02
2.889000000000000000e+05	3.116682795427583983e+02
2.898000000000000000e+05	3.116682795427583983e+02
2.898000000000000000e+05	3.115705851879298507e+02
2.907000000000000000e+05	3.115705851879298507e+02
2.907000000000000000e+05	3.114729274684839311e+02
2.916000000000000000e+05	3.114729274684839311e+02
2.916000000000000000e+05	3.113427378605881586e+02
2.925000000000000000e+05	3.113427378605881586e+02
2.925000000000000000e+05	3.112451655838904685e+02
2.934000000000000000e+05	3.112451655838904685e+02
2.934000000000000000e+05	3.128598060014089128e+02
2.943000000000000000e+05	3.128598060014089128e+02
2.943000000000000000e+05	3.127616648241584016e+02
2.952000000000000000e+05	3.127616648241584016e+02
2.952000000000000000e+05	3.116094519981741087e+02
2.961000000000000000e+05	3.116094519981741087e+02
2.961000000000000000e+05	3.116017797036747652e+02
2.970000000000000000e+05	3.116017797036747652e+02
2.970000000000000000e+05	3.115941102862859111e+02
2.979000000000000000e+05	3.115941102862859111e+02
2.979000000000000000e+05	3.115664437469285417e+02
2.988000000000000000e+05	3.115664437469285417e+02
2.988000000000000000e+05	3.115239748575286285e+02
2.997000000000000000e+05	3.115239748575286285e+02
2.997000000000000000e+05	3.115163346169571241e+02
3.006000000000000000e+05	3.115163346169571241e+02
3.006000000000000000e+05	3.115086972414757724e+02
3.015000000000000000e+05	3.115086972414757724e+02
3.015000000000000000e+05	3.114110627300102010e+02
3.024000000000000000e+05	3.114110627300102010e+02
3.024000000000000000e+05	3.112803813805206232e+02
3.033000000000000000e+05	3.112803813805206232e+02
3.033000000000000000e+05	3.139677420110528487e+02
3.042000000000000000e+05	3.139677420110528487e+02
3.042000000000000000e+05	3.168451718894710893e+02
3.051000000000000000e+05	3.168451718894710893e+02
3.051000000000000000e+05	3.198787753540076437e+02
3.060000000000000000e+05	3.198787753540076437e+02
3.060000000000000000e+05	3.179294463140189464e+02
3.069000000000000000e+05	3.179294463140189464e+02
3.069000000000000000e+05	3.179194040216512462e+02
3.078000000000000000e+05	3.179194040216512462e+02
3.078000000000000000e+05	3.179093654951431063e+02
3.087000000000000000e+05	3.179093654951431063e+02
3.087000000000000000e+05	3.178993307330824223e+02
3.096000000000000000e+05	3.178993307330824223e+02
3.096000000000000000e+05	3.178466442258961138e+02
3.105000000000000000e+05	3.178466442258961138e+02
3.105000000000000000e+05	3.178366329843113363e+02
3.114000000000000000e+05	3.178366329843113363e+02
3.114000000000000000e+05	3.178266254969421993e+02
3.123000000000000000e+05	3.178266254969421993e+02
3.123000000000000000e+05	3.177266217623808870e+02
3.132000000000000000e+05	3.177266217623808870e+02
3.132000000000000000e+05	3.176735297042332036e+02
3.141000000000000000e+05	3.176735297042332036e+02
3.141000000000000000e+05	3.176635833805941047e+02
3.150000000000000000e+05	3.176635833805941047e+02
3.150000000000000000e+05	3.194785271845645980e+02
3.159000000000000000e+05	3.194785271845645980e+02
3.159000000000000000e+05	3.193779039868704217e+02
3.168000000000000000e+05	3.193779039868704217e+02
3.168000000000000000e+05	3.207319611663601222e+02
3.177000000000000000e+05	3.207319611663601222e+02
3.177000000000000000e+05	3.207208679309227364e+02
3.186000000000000000e+05	3.207208679309227364e+02
3.186000000000000000e+05	3.207097788554486328e+02
3.195000000000000000e+05	3.207097788554486328e+02
3.195000000000000000e+05	3.206086939383778827e+02
3.204000000000000000e+05	3.206086939383778827e+02
3.204000000000000000e+05	3.206236065404148690e+02
3.213000000000000000e+05	3.206236065404148690e+02
3.213000000000000000e+05	3.206125539379621614e+02
3.222000000000000000e+05	3.206125539379621614e+02
3.222000000000000000e+05	3.206015054802354598e+02
3.231000000000000000e+05	3.206015054802354598e+02
3.231000000000000000e+05	3.205904611656803809e+02
3.240000000000000000e+05	3.205904611656803809e+02
3.240000000000000000e+05	3.205322762110631061e+02
3.249000000000000000e+05	3.205322762110631061e+02
3.249000000000000000e+05	3.204312578574839563e+02
3.258000000000000000e+05	3.204312578574839563e+02
3.258000000000000000e+05	3.204002773877873551e+02
3.267000000000000000e+05	3.204002773877873551e+02
3.267000000000000000e+05	3.203693085357669474e+02
3.276000000000000000e+05	3.203693085357669474e+02
3.276000000000000000e+05	3.203123347916452985e+02
3.285000000000000000e+05	3.203123347916452985e+02
3.285000000000000000e+05	3.202824515476773399e+02
3.294000000000000000e+05	3.202824515476773399e+02
3.294000000000000000e+05	3.203425795099258835e+02
3.303000000000000000e+05	3.203425795099258835e+02
3.303000000000000000e+05	3.203316322926096404e+02
3.312000000000000000e+05	3.203316322926096404e+02
3.312000000000000000e+05	3.212646744304235540e+02
3.321000000000000000e+05	3.212646744304235540e+02
3.321000000000000000e+05	3.212533814275120676e+02
3.330000000000000000e+05	3.212533814275120676e+02
3.330000000000000000e+05	3.212420926594767820e+02
3.339000000000000000e+05	3.212420926594767820e+02
3.339000000000000000e+05	3.205908080807294596e+02
3.348000000000000000e+05	3.205908080807294596e+02
3.348000000000000000e+05	3.205392822407760605e+02
3.357000000000000000e+05	3.205392822407760605e+02
3.357000000000000000e+05	3.205282612599357321e+02
3.366000000000000000e+05	3.205282612599357321e+02
3.366000000000000000e+05	3.204272444119632723e+02
3.375000000000000000e+05	3.204272444119632723e+02
3.375000000000000000e+05	3.184562654313087933e+02
3.384000000000000000e+05	3.184562654313087933e+02
3.384000000000000000e+05	3.184245275077684596e+02
3.393000000000000000e+05	3.184245275077684596e+02
3.393000000000000000e+05	3.184142995599529513e+02
3.402000000000000000e+05	3.184142995599529513e+02
3.402000000000000000e+05	3.184040754476179700e+02
3.411000000000000000e+05	3.184040754476179700e+02
3.411000000000000000e+05	3.184649078009040863e+02
3.420000000000000000e+05	3.184649078009040863e+02
3.420000000000000000e+05	3.180161044252940883e+02
3.429000000000000000e+05	3.180161044252940883e+02
3.429000000000000000e+05	3.180060296361345991e+02
3.438000000000000000e+05	3.180060296361345991e+02
3.438000000000000000e+05	3.179959586250210464e+02
3.447000000000000000e+05	3.179959586250210464e+02
3.447000000000000000e+05	3.179858913905366649e+02
3.456000000000000000e+05	3.179858913905366649e+02
3.456000000000000000e+05	3.179333508784814626e+02
3.465000000000000000e+05	3.179333508784814626e+02
3.465000000000000000e+05	3.179233071219019848e+02
3.474000000000000000e+05	3.179233071219019848e+02
3.474000000000000000e+05	3.179132671317312884e+02
3.483000000000000000e+05	3.179132671317312884e+02
3.483000000000000000e+05	3.179032309065568711e+02
3.492000000000000000e+05	3.179032309065568711e+02
3.492000000000000000e+05	3.178508522234776592e+02
3.501000000000000000e+05	3.178508522234776592e+02
3.501000000000000000e+05	3.207255762459991502e+02
3.510000000000000000e+05	3.207255762459991502e+02
3.510000000000000000e+05	3.207144854049068954e+02
3.519000000000000000e+05	3.207144854049068954e+02
3.519000000000000000e+05	3.207033987228800811e+02
3.528000000000000000e+05	3.207033987228800811e+02
3.528000000000000000e+05	3.184792767070726995e+02
3.537000000000000000e+05	3.184792767070726995e+02
3.537000000000000000e+05	3.184690282283074794e+02
3.546000000000000000e+05	3.184690282283074794e+02
3.546000000000000000e+05	3.184587835927218862e+02
3.555000000000000000e+05	3.184587835927218862e+02
3.555000000000000000e+05	3.184485427988745982e+02
3.564000000000000000e+05	3.184485427988745982e+02
3.564000000000000000e+05	3.183948205647884606e+02
3.573000000000000000e+05	3.183948205647884606e+02
3.573000000000000000e+05	3.183846037570766612e+02
3.582000000000000000e+05	3.183846037570766612e+02
3.582000000000000000e+05	3.183743907806677385e+02
3.591000000000000000e+05	3.183743907806677385e+02
3.591000000000000000e+05	3.183641816341250319e+02
3.600000000000000000e+05	3.183641816341250319e+02
3.600000000000000000e+05	3.185811712534465414e+02
3.609000000000000000e+05	3.185811712534465414e+02
3.609000000000000000e+05	3.185708845642263896e+02
3.618000000000000000e+05	3.185708845642263896e+02
3.618000000000000000e+05	3.185606017325147832e+02
3.627000000000000000e+05	3.185606017325147832e+02
3.627000000000000000e+05	3.185503227568651710e+02
3.636000000000000000e+05	3.185503227568651710e+02
3.636000000000000000e+05	3.185018702163057469e+02
3.645000000000000000e+05	3.185018702163057469e+02
3.645000000000000000e+05	3.184916132649746601e+02
3.654000000000000000e+05	3.184916132649746601e+02
3.654000000000000000e+05	3.184813601600002926e+02
3.663000000000000000e+05	3.184813601600002926e+02
3.663000000000000000e+05	3.184711108999402995e+02
3.672000000000000000e+05	3.184711108999402995e+02
3.672000000000000000e+05	3.184171804183548034e+02
3.681000000000000000e+05	3.184171804183548034e+02
3.681000000000000000e+05	3.184069552256979136e+02
3.690000000000000000e+05	3.184069552256979136e+02
3.690000000000000000e+05	3.212814707095935205e+02
3.699000000000000000e+05	3.212814707095935205e+02
3.699000000000000000e+05	3.260182782351014339e+02
3.708000000000000000e+05	3.260182782351014339e+02
3.708000000000000000e+05	3.217146969570136434e+02
3.717000000000000000e+05	3.217146969570136434e+02
3.717000000000000000e+05	3.188132351786524623e+02
3.726000000000000000e+05	3.188132351786524623e+02
3.726000000000000000e+05	3.188028614654604667e+02
3.735000000000000000e+05	3.188028614654604667e+02
3.735000000000000000e+05	3.187024916424109051e+02
3.744000000000000000e+05	3.187024916424109051e+02
3.744000000000000000e+05	3.186996539754497348e+02
3.753000000000000000e+05	3.186996539754497348e+02
3.753000000000000000e+05	3.185993228552089249e+02
3.762000000000000000e+05	3.185993228552089249e+02
3.762000000000000000e+05	3.184990293591382056e+02
3.771000000000000000e+05	3.184990293591382056e+02
3.771000000000000000e+05	3.183987734731285286e+02
3.780000000000000000e+05	3.183987734731285286e+02
3.780000000000000000e+05	3.196440269934648200e+02
3.789000000000000000e+05	3.196440269934648200e+02
3.789000000000000000e+05	3.196143943649212247e+02
3.798000000000000000e+05	3.196143943649212247e+02
3.798000000000000000e+05	3.197150700884712364e+02
3.807000000000000000e+05	3.197150700884712364e+02
3.807000000000000000e+05	3.196854108187669681e+02
3.816000000000000000e+05	3.196854108187669681e+02
3.816000000000000000e+05	3.205351556343160837e+02
3.825000000000000000e+05	3.205351556343160837e+02
3.825000000000000000e+05	3.205241362009531940e+02
3.834000000000000000e+05	3.205241362009531940e+02
3.834000000000000000e+05	3.205131208998778334e+02
3.843000000000000000e+05	3.205131208998778334e+02
3.843000000000000000e+05	3.204821097315403904e+02
3.852000000000000000e+05	3.204821097315403904e+02
3.852000000000000000e+05	3.204296235861480682e+02
3.861000000000000000e+05	3.204296235861480682e+02
3.861000000000000000e+05	3.222633306226547916e+02
3.870000000000000000e+05	3.222633306226547916e+02
3.870000000000000000e+05	3.222516631236713351e+02
3.879000000000000000e+05	3.222516631236713351e+02
3.879000000000000000e+05	3.221499999999999773e+02
3.888000000000000000e+05	3.221499999999999773e+02
3.888000000000000000e+05	3.188430003778706805e+02
3.897000000000000000e+05	3.188430003778706805e+02
3.897000000000000000e+05	3.188326155027289133e+02
3.906000000000000000e+05	3.188326155027289133e+02
3.906000000000000000e+05	3.188222345219153908e+02
3.915000000000000000e+05	3.188222345219153908e+02
3.915000000000000000e+05	3.188118574339696920e+02
3.924000000000000000e+05	3.188118574339696920e+02
3.924000000000000000e+05	3.185983275871499245e+02
3.933000000000000000e+05	3.185983275871499245e+02
3.933000000000000000e+05	3.185880344643046556e+02
3.942000000000000000e+05	3.185880344643046556e+02
3.942000000000000000e+05	3.185777452013805373e+02
3.951000000000000000e+05	3.185777452013805373e+02
3.951000000000000000e+05	3.185674597969300521e+02
3.960000000000000000e+05	3.185674597969300521e+02
3.960000000000000000e+05	3.185138319629302259e+02
3.969000000000000000e+05	3.185138319629302259e+02
3.969000000000000000e+05	3.213790124425875661e+02
3.978000000000000000e+05	3.213790124425875661e+02
3.978000000000000000e+05	3.242524134050268572e+02
3.987000000000000000e+05	3.242524134050268572e+02
3.987000000000000000e+05	3.241499999999999773e+02
3.996000000000000000e+05	3.241499999999999773e+02
3.996000000000000000e+05	3.256316223227119053e+02
4.005000000000000000e+05	3.256316223227119053e+02
4.005000000000000000e+05	3.256186917143408550e+02
4.014000000000000000e+05	3.256186917143408550e+02
4.014000000000000000e+05	3.256057659549479695e+02
4.023000000000000000e+05	3.256057659549479695e+02
4.023000000000000000e+05	3.255028450427148528e+02
4.032000000000000000e+05	3.255028450427148528e+02
4.032000000000000000e+05	3.255099269403702920e+02
4.041000000000000000e+05	3.255099269403702920e+02
4.041000000000000000e+05	3.254970419677675864e+02
4.050000000000000000e+05	3.254970419677675864e+02
4.050000000000000000e+05	3.254841618270296522e+02
4.059000000000000000e+05	3.254841618270296522e+02
4.059000000000000000e+05	3.253812865163445167e+02
4.068000000000000000e+05	3.253812865163445167e+02
4.068000000000000000e+05	3.253131525803208888e+02
4.077000000000000000e+05	3.253131525803208888e+02
4.077000000000000000e+05	3.253003413981033418e+02
4.086000000000000000e+05	3.253003413981033418e+02
4.086000000000000000e+05	3.252875350200790763e+02
4.095000000000000000e+05	3.252875350200790763e+02
4.095000000000000000e+05	3.252747334444465537e+02
4.104000000000000000e+05	3.252747334444465537e+02
4.104000000000000000e+05	3.251718771493837608e+02
4.113000000000000000e+05	3.251718771493837608e+02
4.113000000000000000e+05	3.250691189454526580e+02
4.122000000000000000e+05	3.250691189454526580e+02
4.122000000000000000e+05	3.250363992778481474e+02
4.131000000000000000e+05	3.250363992778481474e+02
4.131000000000000000e+05	3.250036918801189358e+02
4.140000000000000000e+05	3.250036918801189358e+02
4.140000000000000000e+05	3.250048395128558809e+02
4.149000000000000000e+05	3.250048395128558809e+02
4.149000000000000000e+05	3.249021439480385425e+02
4.158000000000000000e+05	3.249021439480385425e+02
4.158000000000000000e+05	3.248894868940579954e+02
4.167000000000000000e+05	3.248894868940579954e+02
4.167000000000000000e+05	3.248768345864727394e+02
4.176000000000000000e+05	3.248768345864727394e+02
4.176000000000000000e+05	3.248106961533645176e+02
4.185000000000000000e+05	3.248106961533645176e+02
4.185000000000000000e+05	3.252812022147394373e+02
4.194000000000000000e+05	3.252812022147394373e+02
4.194000000000000000e+05	3.260449864668205464e+02
4.203000000000000000e+05	3.260449864668205464e+02
4.203000000000000000e+05	3.253919008028954636e+02
4.212000000000000000e+05	3.253919008028954636e+02
4.212000000000000000e+05	3.260870125108571642e+02
4.221000000000000000e+05	3.260870125108571642e+02
4.221000000000000000e+05	3.260739111311655734e+02
4.230000000000000000e+05	3.260739111311655734e+02
4.230000000000000000e+05	3.259708146644913995e+02
4.239000000000000000e+05	3.259708146644913995e+02
4.239000000000000000e+05	3.239977568449922387e+02
4.248000000000000000e+05	3.239977568449922387e+02
4.248000000000000000e+05	3.239550136142837573e+02
4.257000000000000000e+05	3.239550136142837573e+02
4.257000000000000000e+05	3.239427117341783173e+02
4.266000000000000000e+05	3.239427117341783173e+02
4.266000000000000000e+05	3.239304144672780126e+02
4.275000000000000000e+05	3.239304144672780126e+02
4.275000000000000000e+05	3.239181218118528136e+02
4.284000000000000000e+05	3.239181218118528136e+02
4.284000000000000000e+05	3.238543136326812828e+02
4.293000000000000000e+05	3.238543136326812828e+02
4.293000000000000000e+05	3.238420495150690499e+02
4.302000000000000000e+05	3.238420495150690499e+02
4.302000000000000000e+05	3.238297899965008924e+02
4.311000000000000000e+05	3.238297899965008924e+02
4.311000000000000000e+05	3.238175350752522377e+02
4.320000000000000000e+05	3.238175350752522377e+02
4.320000000000000000e+05	3.237539185233562762e+02
4.329000000000000000e+05	3.237539185233562762e+02
4.329000000000000000e+05	3.237416920539099578e+02
4.338000000000000000e+05	3.237416920539099578e+02
4.338000000000000000e+05	3.237294701693897423e+02
4.347000000000000000e+05	3.237294701693897423e+02
4.347000000000000000e+05	3.237172528680762298e+02
4.356000000000000000e+05	3.237172528680762298e+02
4.356000000000000000e+05	3.236538274278681229e+02
4.365000000000000000e+05	3.236538274278681229e+02
4.365000000000000000e+05	3.236416384925827288e+02
4.374000000000000000e+05	3.236416384925827288e+02
4.374000000000000000e+05	3.236294541281480406e+02
4.383000000000000000e+05	3.236294541281480406e+02
4.383000000000000000e+05	3.236172743328500019e+02
4.392000000000000000e+05	3.236172743328500019e+02
4.392000000000000000e+05	3.235540394901175887e+02
4.401000000000000000e+05	3.235540394901175887e+02
4.401000000000000000e+05	3.235418879753088390e+02
4.410000000000000000e+05	3.235418879753088390e+02
4.410000000000000000e+05	3.235297410173180879e+02
4.419000000000000000e+05	3.235297410173180879e+02
4.419000000000000000e+05	3.235175986144366220e+02
4.428000000000000000e+05	3.235175986144366220e+02
4.428000000000000000e+05	3.241771320701746504e+02
4.437000000000000000e+05	3.241771320701746504e+02
4.437000000000000000e+05	3.241647468956483635e+02
4.446000000000000000e+05	3.241647468956483635e+02
4.446000000000000000e+05	3.241523663655625001e+02
4.455000000000000000e+05	3.241523663655625001e+02
4.455000000000000000e+05	3.241399904781754344e+02
4.464000000000000000e+05	3.241399904781754344e+02
4.464000000000000000e+05	3.240812179991883113e+02
4.473000000000000000e+05	3.240812179991883113e+02
4.473000000000000000e+05	3.240688687924385363e+02
4.482000000000000000e+05	3.240688687924385363e+02
4.482000000000000000e+05	3.255544712602323898e+02
4.491000000000000000e+05	3.255544712602323898e+02
4.491000000000000000e+05	3.285629305689216721e+02
4.500000000000000000e+05	3.285629305689216721e+02
4.500000000000000000e+05	3.264196686830284762e+02
4.509000000000000000e+05	3.264196686830284762e+02
4.509000000000000000e+05	3.278930875464388350e+02
4.518000000000000000e+05	3.278930875464388350e+02
4.518000000000000000e+05	3.278793088886089322e+02
4.527000000000000000e+05	3.278793088886089322e+02
4.527000000000000000e+05	3.278655353977757727e+02
4.536000000000000000e+05	3.278655353977757727e+02
4.536000000000000000e+05	3.279656501375245057e+02
4.545000000000000000e+05	3.279656501375245057e+02
4.545000000000000000e+05	3.279518442687229367e+02
4.554000000000000000e+05	3.279518442687229367e+02
4.554000000000000000e+05	3.279380435771221300e+02
4.563000000000000000e+05	3.279380435771221300e+02
4.563000000000000000e+05	3.279242480607807124e+02
4.572000000000000000e+05	3.279242480607807124e+02
4.572000000000000000e+05	3.278514825984817094e+02
4.581000000000000000e+05	3.278514825984817094e+02
4.581000000000000000e+05	3.249477195255072388e+02
4.590000000000000000e+05	3.249477195255072388e+02
4.590000000000000000e+05	3.249350453806850396e+02
4.599000000000000000e+05	3.249350453806850396e+02
4.599000000000000000e+05	3.248323759886673088e+02
4.608000000000000000e+05	3.248323759886673088e+02
4.608000000000000000e+05	3.248174417323667740e+02
4.617000000000000000e+05	3.248174417323667740e+02
4.617000000000000000e+05	3.247148164417171188e+02
4.626000000000000000e+05	3.247148164417171188e+02
4.626000000000000000e+05	3.246122296355514436e+02
4.635000000000000000e+05	3.246122296355514436e+02
4.635000000000000000e+05	3.245096812994381139e+02
4.644000000000000000e+05	3.245096812994381139e+02
4.644000000000000000e+05	3.243556395392954528e+02
4.653000000000000000e+05	3.243556395392954528e+02
4.653000000000000000e+05	3.242531874244681944e+02
4.662000000000000000e+05	3.242531874244681944e+02
4.662000000000000000e+05	3.242407737291840135e+02
4.671000000000000000e+05	3.242407737291840135e+02
4.671000000000000000e+05	3.241383646890355976e+02
4.680000000000000000e+05	3.241383646890355976e+02
4.680000000000000000e+05	3.240727218940381817e+02
4.689000000000000000e+05	3.240727218940381817e+02
4.689000000000000000e+05	3.240603758733279278e+02
4.698000000000000000e+05	3.240603758733279278e+02
4.698000000000000000e+05	3.240480344823754422e+02
4.707000000000000000e+05	3.240480344823754422e+02
4.707000000000000000e+05	3.240156977214445533e+02
4.716000000000000000e+05	3.240156977214445533e+02
4.716000000000000000e+05	3.239486828219394283e+02
4.725000000000000000e+05	3.239486828219394283e+02
4.725000000000000000e+05	3.239363833158811872e+02
4.734000000000000000e+05	3.239363833158811872e+02
4.734000000000000000e+05	3.239240884221377428e+02
4.743000000000000000e+05	3.239240884221377428e+02
4.743000000000000000e+05	3.238217981389794318e+02
4.752000000000000000e+05	3.238217981389794318e+02
4.752000000000000000e+05	3.224270994888599375e+02
4.761000000000000000e+05	3.224270994888599375e+02
4.761000000000000000e+05	3.224153705765516520e+02
4.770000000000000000e+05	3.224153705765516520e+02
4.770000000000000000e+05	3.224036460625854374e+02
4.779000000000000000e+05	3.224036460625854374e+02
4.779000000000000000e+05	3.223919259453119821e+02
4.788000000000000000e+05	3.223919259453119821e+02
4.788000000000000000e+05	3.221685873848060737e+02
4.797000000000000000e+05	3.221685873848060737e+02
4.797000000000000000e+05	3.239431348128006221e+02
4.806000000000000000e+05	3.239431348128006221e+02
4.806000000000000000e+05	3.239308373872458446e+02
4.815000000000000000e+05	3.239308373872458446e+02
4.815000000000000000e+05	3.239185445732256312e+02
4.824000000000000000e+05	3.239185445732256312e+02
4.824000000000000000e+05	3.219043674852010781e+02
4.833000000000000000e+05	3.219043674852010781e+02
4.833000000000000000e+05	3.218928345973941418e+02
4.842000000000000000e+05	3.218928345973941418e+02
4.842000000000000000e+05	3.218813060344201062e+02
4.851000000000000000e+05	3.218813060344201062e+02
4.851000000000000000e+05	3.217797817946572536e+02
4.860000000000000000e+05	3.217797817946572536e+02
4.860000000000000000e+05	3.217180529646287823e+02
4.869000000000000000e+05	3.217180529646287823e+02
4.869000000000000000e+05	3.217065899447670176e+02
4.878000000000000000e+05	3.217065899447670176e+02
4.878000000000000000e+05	3.216951312235377145e+02
4.887000000000000000e+05	3.216951312235377145e+02
4.887000000000000000e+05	3.215936767993288754e+02
4.896000000000000000e+05	3.215936767993288754e+02
4.896000000000000000e+05	3.215322707093928898e+02
4.905000000000000000e+05	3.215322707093928898e+02
4.905000000000000000e+05	3.215208773578768842e+02
4.914000000000000000e+05	3.215208773578768842e+02
4.914000000000000000e+05	3.215094882788677069e+02
4.923000000000000000e+05	3.215094882788677069e+02
4.923000000000000000e+05	3.214081034707630806e+02
4.932000000000000000e+05	3.214081034707630806e+02
4.932000000000000000e+05	3.213470183758359440e+02
4.941000000000000000e+05	3.213470183758359440e+02
4.941000000000000000e+05	3.213356944939450273e+02
4.950000000000000000e+05	3.213356944939450273e+02
4.950000000000000000e+05	3.213954274900887640e+02
4.959000000000000000e+05	3.213954274900887640e+02
4.959000000000000000e+05	3.213840854547799495e+02
4.968000000000000000e+05	3.213840854547799495e+02
4.968000000000000000e+05	3.213303722431181768e+02
4.977000000000000000e+05	3.213303722431181768e+02
4.977000000000000000e+05	3.212290546035270040e+02
4.986000000000000000e+05	3.212290546035270040e+02
4.986000000000000000e+05	3.211977749600506513e+02
4.995000000000000000e+05	3.211977749600506513e+02
4.995000000000000000e+05	3.211665070464406426e+02
5.004000000000000000e+05	3.211665070464406426e+02
5.004000000000000000e+05	3.211827162877257820e+02
5.013000000000000000e+05	3.211827162877257820e+02
5.013000000000000000e+05	3.210814540191178139e+02
5.022000000000000000e+05	3.210814540191178139e+02
5.022000000000000000e+05	3.249843676770067304e+02
5.031000000000000000e+05	3.249843676770067304e+02
5.031000000000000000e+05	3.249716797891278475e+02
5.040000000000000000e+05	3.249716797891278475e+02
5.040000000000000000e+05	3.211983743157424556e+02
5.049000000000000000e+05	3.211983743157424556e+02
5.049000000000000000e+05	3.237798076976687867e+02
5.058000000000000000e+05	3.237798076976687867e+02
5.058000000000000000e+05	3.264932604587453966e+02
5.067000000000000000e+05	3.264932604587453966e+02
5.067000000000000000e+05	3.240800065710733406e+02
5.076000000000000000e+05	3.240800065710733406e+02
5.076000000000000000e+05	3.221909371260050534e+02
5.085000000000000000e+05	3.221909371260050534e+02
5.085000000000000000e+05	3.221792967745827809e+02
5.094000000000000000e+05	3.221792967745827809e+02
5.094000000000000000e+05	3.220776607882923486e+02
5.103000000000000000e+05	3.220776607882923486e+02
5.103000000000000000e+05	3.201060629014967276e+02
5.112000000000000000e+05	3.201060629014967276e+02
5.112000000000000000e+05	3.200695457912784718e+02
5.121000000000000000e+05	3.200695457912784718e+02
5.121000000000000000e+05	3.200587009616067462e+02
5.130000000000000000e+05	3.200587009616067462e+02
5.130000000000000000e+05	3.200478601987461502e+02
5.139000000000000000e+05	3.200478601987461502e+02
5.139000000000000000e+05	3.200370235011716318e+02
5.148000000000000000e+05	3.200370235011716318e+02
5.148000000000000000e+05	3.199811756528887940e+02
5.157000000000000000e+05	3.199811756528887940e+02
5.157000000000000000e+05	3.199703639620188937e+02
5.166000000000000000e+05	3.199703639620188937e+02
5.166000000000000000e+05	3.199595563255331285e+02
5.175000000000000000e+05	3.199595563255331285e+02
5.175000000000000000e+05	3.199487527419110506e+02
5.184000000000000000e+05	3.199487527419110506e+02
5.184000000000000000e+05	3.198930668827697446e+02
5.193000000000000000e+05	3.198930668827697446e+02
5.193000000000000000e+05	3.198822882326887225e+02
5.202000000000000000e+05	3.198822882326887225e+02
5.202000000000000000e+05	3.198715136246014481e+02
5.211000000000000000e+05	3.198715136246014481e+02
5.211000000000000000e+05	3.198607430569921917e+02
5.220000000000000000e+05	3.198607430569921917e+02
5.220000000000000000e+05	3.198052188352584153e+02
5.229000000000000000e+05	3.198052188352584153e+02
5.229000000000000000e+05	3.197944731281951931e+02
5.238000000000000000e+05	3.197944731281951931e+02
5.238000000000000000e+05	3.197837314507721089e+02
5.247000000000000000e+05	3.197837314507721089e+02
5.247000000000000000e+05	3.197729938014780373e+02
5.256000000000000000e+05	3.197729938014780373e+02
5.256000000000000000e+05	3.197176308692165776e+02
5.265000000000000000e+05	3.197176308692165776e+02
5.265000000000000000e+05	3.197069180076405814e+02
5.274000000000000000e+05	3.197069180076405814e+02
5.274000000000000000e+05	3.196962091633877208e+02
5.283000000000000000e+05	3.196962091633877208e+02
5.283000000000000000e+05	3.196855043349514744e+02
5.292000000000000000e+05	3.196855043349514744e+02
5.292000000000000000e+05	3.196303023503098757e+02
5.301000000000000000e+05	3.196303023503098757e+02
5.301000000000000000e+05	3.225043590790336907e+02
5.310000000000000000e+05	3.225043590790336907e+02
5.310000000000000000e+05	3.224926011943790627e+02
5.319000000000000000e+05	3.224926011943790627e+02
5.319000000000000000e+05	3.224808477189311589e+02
5.328000000000000000e+05	3.224808477189311589e+02
5.328000000000000000e+05	3.209625685496056349e+02
5.337000000000000000e+05	3.209625685496056349e+02
5.337000000000000000e+05	3.209513888363994738e+02
5.346000000000000000e+05	3.209513888363994738e+02
5.346000000000000000e+05	3.210112659471647589e+02
5.355000000000000000e+05	3.210112659471647589e+02
5.355000000000000000e+05	3.210711206040134584e+02
5.364000000000000000e+05	3.210711206040134584e+02
5.364000000000000000e+05	3.222118704245939398e+02
5.373000000000000000e+05	3.222118704245939398e+02
5.373000000000000000e+05	3.222002222231847099e+02
5.382000000000000000e+05	3.222002222231847099e+02
5.382000000000000000e+05	3.221885783898510454e+02
5.391000000000000000e+05	3.221885783898510454e+02
5.391000000000000000e+05	3.221769389229548324e+02
5.400000000000000000e+05	3.221769389229548324e+02
5.400000000000000000e+05	3.221212074823787930e+02
5.409000000000000000e+05	3.221212074823787930e+02
5.409000000000000000e+05	3.261821531875582423e+02
5.418000000000000000e+05	3.261821531875582423e+02
5.418000000000000000e+05	3.261690161301129365e+02
5.427000000000000000e+05	3.261690161301129365e+02
5.427000000000000000e+05	3.261558839990642014e+02
5.436000000000000000e+05	3.261558839990642014e+02
5.436000000000000000e+05	3.225445982542172487e+02
5.445000000000000000e+05	3.225445982542172487e+02
5.445000000000000000e+05	3.196428252628719520e+02
5.454000000000000000e+05	3.196428252628719520e+02
5.454000000000000000e+05	3.196321404533983923e+02
5.463000000000000000e+05	3.196321404533983923e+02
5.463000000000000000e+05	3.195314596507283795e+02
5.472000000000000000e+05	3.195314596507283795e+02
5.472000000000000000e+05	3.195273075296309457e+02
5.481000000000000000e+05	3.195273075296309457e+02
5.481000000000000000e+05	3.194266660393072925e+02
5.490000000000000000e+05	3.194266660393072925e+02
5.490000000000000000e+05	3.193260622895425058e+02
5.499000000000000000e+05	3.193260622895425058e+02
5.499000000000000000e+05	3.192254962661839954e+02
5.508000000000000000e+05	3.192254962661839954e+02
5.508000000000000000e+05	3.190821864484634602e+02
5.517000000000000000e+05	3.190821864484634602e+02
5.517000000000000000e+05	3.189817118785452976e+02
5.526000000000000000e+05	3.189817118785452976e+02
5.526000000000000000e+05	3.189712749865908563e+02
5.535000000000000000e+05	3.189712749865908563e+02
5.535000000000000000e+05	3.188708420084709019e+02
5.544000000000000000e+05	3.188708420084709019e+02
5.544000000000000000e+05	3.188158966692326999e+02
5.553000000000000000e+05	3.188158966692326999e+02
5.553000000000000000e+05	3.188055219579817390e+02
5.562000000000000000e+05	3.188055219579817390e+02
5.562000000000000000e+05	3.187951511372475011e+02
5.571000000000000000e+05	3.187951511372475011e+02
5.571000000000000000e+05	3.187647842075710400e+02
5.580000000000000000e+05	3.187647842075710400e+02
5.580000000000000000e+05	3.187082032055667469e+02
5.589000000000000000e+05	3.187082032055667469e+02
5.589000000000000000e+05	3.186978688793645915e+02
5.598000000000000000e+05	3.186978688793645915e+02
5.598000000000000000e+05	3.217256867339669384e+02
5.607000000000000000e+05	3.217256867339669384e+02
5.607000000000000000e+05	3.249325986454529129e+02
5.616000000000000000e+05	3.249325986454529129e+02
5.616000000000000000e+05	3.221324046956188454e+02
5.625000000000000000e+05	3.221324046956188454e+02
5.625000000000000000e+05	3.221207862938593962e+02
5.634000000000000000e+05	3.221207862938593962e+02
5.634000000000000000e+05	3.221091722489992435e+02
5.643000000000000000e+05	3.221091722489992435e+02
5.643000000000000000e+05	3.249822994015111135e+02
5.652000000000000000e+05	3.249822994015111135e+02
5.652000000000000000e+05	3.219067860350327805e+02
5.661000000000000000e+05	3.219067860350327805e+02
5.661000000000000000e+05	3.218952522402695422e+02
5.670000000000000000e+05	3.218952522402695422e+02
5.670000000000000000e+05	3.218837227706794692e+02
5.679000000000000000e+05	3.218837227706794692e+02
5.679000000000000000e+05	3.218721976246404779e+02
5.688000000000000000e+05	3.218721976246404779e+02
5.688000000000000000e+05	3.218125068071740316e+02
5.697000000000000000e+05	3.218125068071740316e+02
5.697000000000000000e+05	3.218010083671205166e+02
5.706000000000000000e+05	3.218010083671205166e+02
5.706000000000000000e+05	3.217895142389828607e+02
5.715000000000000000e+05	3.217895142389828607e+02
5.715000000000000000e+05	3.216880244211433251e+02
5.724000000000000000e+05	3.216880244211433251e+02
5.724000000000000000e+05	3.216268472366909918e+02
5.733000000000000000e+05	3.216268472366909918e+02
5.733000000000000000e+05	3.224876237413291165e+02
5.742000000000000000e+05	3.224876237413291165e+02
5.742000000000000000e+05	3.241499999999999773e+02
5.751000000000000000e+05	3.241499999999999773e+02
5.751000000000000000e+05	3.261583733478403815e+02
5.760000000000000000e+05	3.261583733478403815e+02
5.760000000000000000e+05	3.244354920448111557e+02
5.769000000000000000e+05	3.244354920448111557e+02
5.769000000000000000e+05	3.244230099852943567e+02
5.778000000000000000e+05	3.244230099852943567e+02
5.778000000000000000e+05	3.244105326065499071e+02
5.787000000000000000e+05	3.244105326065499071e+02
5.787000000000000000e+05	3.243080599068224501e+02
5.796000000000000000e+05	3.243080599068224501e+02
5.796000000000000000e+05	3.242426609632330496e+02
5.805000000000000000e+05	3.242426609632330496e+02
5.805000000000000000e+05	3.242302512153718226e+02
5.814000000000000000e+05	3.242302512153718226e+02
5.814000000000000000e+05	3.242178461211660760e+02
5.823000000000000000e+05	3.242178461211660760e+02
5.823000000000000000e+05	3.242054456788706602e+02
5.832000000000000000e+05	3.242054456788706602e+02
5.832000000000000000e+05	3.241401641813462220e+02
5.841000000000000000e+05	3.241401641813462220e+02
5.841000000000000000e+05	3.237722928697782550e+02
5.850000000000000000e+05	3.237722928697782550e+02
5.850000000000000000e+05	3.237400595119520972e+02
5.859000000000000000e+05	3.237400595119520972e+02
5.859000000000000000e+05	3.237078382416351019e+02
5.868000000000000000e+05	3.237078382416351019e+02
5.868000000000000000e+05	3.236493784128878133e+02
5.877000000000000000e+05	3.236493784128878133e+02
5.877000000000000000e+05	3.236182437775618723e+02
5.886000000000000000e+05	3.236182437775618723e+02
5.886000000000000000e+05	3.236771208177242443e+02
5.895000000000000000e+05	3.236771208177242443e+02
5.895000000000000000e+05	3.236649231474175963e+02
5.904000000000000000e+05	3.236649231474175963e+02
5.904000000000000000e+05	3.243501085387932221e+02
5.913000000000000000e+05	3.243501085387932221e+02
5.913000000000000000e+05	3.243376584980863981e+02
5.922000000000000000e+05	3.243376584980863981e+02
5.922000000000000000e+05	3.243252131261496629e+02
5.931000000000000000e+05	3.243252131261496629e+02
5.931000000000000000e+05	3.236727723772273748e+02
5.940000000000000000e+05	3.236727723772273748e+02
5.940000000000000000e+05	3.236152233980435540e+02
5.949000000000000000e+05	3.236152233980435540e+02
5.949000000000000000e+05	3.236741015708482792e+02
5.958000000000000000e+05	3.236741015708482792e+02
5.958000000000000000e+05	3.235719050327591617e+02
5.967000000000000000e+05	3.235719050327591617e+02
5.967000000000000000e+05	3.215997468043719323e+02
5.976000000000000000e+05	3.215997468043719323e+02
5.976000000000000000e+05	3.210222657445613095e+02
5.985000000000000000e+05	3.210222657445613095e+02
5.985000000000000000e+05	3.225596341537618628e+02
5.994000000000000000e+05	3.225596341537618628e+02
5.994000000000000000e+05	3.225478555409542309e+02
6.003000000000000000e+05	3.225478555409542309e+02
6.003000000000000000e+05	3.225360813451263766e+02
6.012000000000000000e+05	3.225360813451263766e+02
6.012000000000000000e+05	3.219669888974453329e+02
6.021000000000000000e+05	3.219669888974453329e+02
6.021000000000000000e+05	3.219554325266087744e+02
6.030000000000000000e+05	3.219554325266087744e+02
6.030000000000000000e+05	3.219438804894112991e+02
6.039000000000000000e+05	3.219438804894112991e+02
6.039000000000000000e+05	3.219323327842278104e+02
6.048000000000000000e+05	3.219323327842278104e+02
