# #1
# double T_supply_HP_heat(1344, 2)
0.000000000000000000e+00	3.096541296815703959e+02
9.000000000000000000e+02	3.096541296815703959e+02
9.000000000000000000e+02	3.096578747243937073e+02
1.800000000000000000e+03	3.096578747243937073e+02
1.800000000000000000e+03	3.072174621619162167e+02
2.700000000000000000e+03	3.072174621619162167e+02
2.700000000000000000e+03	3.076040815202508725e+02
3.600000000000000000e+03	3.076040815202508725e+02
3.600000000000000000e+03	2.981499999999999773e+02
4.500000000000000000e+03	2.981499999999999773e+02
4.500000000000000000e+03	3.048907161827000891e+02
5.400000000000000000e+03	3.048907161827000891e+02
5.400000000000000000e+03	3.056112829876259980e+02
6.300000000000000000e+03	3.056112829876259980e+02
6.300000000000000000e+03	3.055600826470761717e+02
7.200000000000000000e+03	3.055600826470761717e+02
7.200000000000000000e+03	2.981499999999999773e+02
8.100000000000000000e+03	2.981499999999999773e+02
8.100000000000000000e+03	3.281499999999999773e+02
9.000000000000000000e+03	3.281499999999999773e+02
9.000000000000000000e+03	3.015913039647838900e+02
9.900000000000000000e+03	3.015913039647838900e+02
9.900000000000000000e+03	3.019851042756324091e+02
1.080000000000000000e+04	3.019851042756324091e+02
1.080000000000000000e+04	3.022382950312509138e+02
1.170000000000000000e+04	3.022382950312509138e+02
1.170000000000000000e+04	3.039113736523677289e+02
1.260000000000000000e+04	3.039113736523677289e+02
1.260000000000000000e+04	3.025322588279216802e+02
1.350000000000000000e+04	3.025322588279216802e+02
1.350000000000000000e+04	3.031722490875574181e+02
1.440000000000000000e+04	3.031722490875574181e+02
1.440000000000000000e+04	3.032171400920860833e+02
1.530000000000000000e+04	3.032171400920860833e+02
1.530000000000000000e+04	3.035840148546068349e+02
1.620000000000000000e+04	3.035840148546068349e+02
1.620000000000000000e+04	3.038243272431575406e+02
1.710000000000000000e+04	3.038243272431575406e+02
1.710000000000000000e+04	3.041118558866401713e+02
1.800000000000000000e+04	3.041118558866401713e+02
1.800000000000000000e+04	3.096541296815703959e+02
1.890000000000000000e+04	3.096541296815703959e+02
1.890000000000000000e+04	3.254737607932925130e+02
1.980000000000000000e+04	3.254737607932925130e+02
1.980000000000000000e+04	2.981500000000000341e+02
2.070000000000000000e+04	2.981500000000000341e+02
2.070000000000000000e+04	2.981499999999999773e+02
2.160000000000000000e+04	2.981499999999999773e+02
2.160000000000000000e+04	3.281499999999999773e+02
2.250000000000000000e+04	3.281499999999999773e+02
2.250000000000000000e+04	3.052128725726568632e+02
2.340000000000000000e+04	3.052128725726568632e+02
2.340000000000000000e+04	2.981499999999999773e+02
2.430000000000000000e+04	2.981499999999999773e+02
2.430000000000000000e+04	3.017526898861288487e+02
2.520000000000000000e+04	3.017526898861288487e+02
2.520000000000000000e+04	3.023606490438422725e+02
2.610000000000000000e+04	3.023606490438422725e+02
2.610000000000000000e+04	3.081126253320139767e+02
2.700000000000000000e+04	3.081126253320139767e+02
2.700000000000000000e+04	3.117131898588700096e+02
2.790000000000000000e+04	3.117131898588700096e+02
2.790000000000000000e+04	3.140309685856911415e+02
2.880000000000000000e+04	3.140309685856911415e+02
2.880000000000000000e+04	3.111744344726285476e+02
2.970000000000000000e+04	3.111744344726285476e+02
2.970000000000000000e+04	3.137348486141929129e+02
3.060000000000000000e+04	3.137348486141929129e+02
3.060000000000000000e+04	3.138613893188033330e+02
3.150000000000000000e+04	3.138613893188033330e+02
3.150000000000000000e+04	3.144247621210553802e+02
3.240000000000000000e+04	3.144247621210553802e+02
3.240000000000000000e+04	3.143211964796159350e+02
3.330000000000000000e+04	3.143211964796159350e+02
3.330000000000000000e+04	3.281499999999999773e+02
3.420000000000000000e+04	3.281499999999999773e+02
3.420000000000000000e+04	3.096616197672169051e+02
3.510000000000000000e+04	3.096616197672169051e+02
3.510000000000000000e+04	3.096653648100401597e+02
3.600000000000000000e+04	3.096653648100401597e+02
3.600000000000000000e+04	3.096541296815703959e+02
3.690000000000000000e+04	3.096541296815703959e+02
3.690000000000000000e+04	3.074268403137841688e+02
3.780000000000000000e+04	3.074268403137841688e+02
3.780000000000000000e+04	3.078387840410338185e+02
3.870000000000000000e+04	3.078387840410338185e+02
3.870000000000000000e+04	3.070500059685951442e+02
3.960000000000000000e+04	3.070500059685951442e+02
3.960000000000000000e+04	3.096541296815704527e+02
4.050000000000000000e+04	3.096541296815704527e+02
4.050000000000000000e+04	3.057185331229120493e+02
4.140000000000000000e+04	3.057185331229120493e+02
4.140000000000000000e+04	3.049281384802241064e+02
4.230000000000000000e+04	3.049281384802241064e+02
4.230000000000000000e+04	3.048301604071681936e+02
4.320000000000000000e+04	3.048301604071681936e+02
4.320000000000000000e+04	3.046952372779715006e+02
4.410000000000000000e+04	3.046952372779715006e+02
4.410000000000000000e+04	3.061329947328733851e+02
4.500000000000000000e+04	3.061329947328733851e+02
4.500000000000000000e+04	3.046411200395768333e+02
4.590000000000000000e+04	3.046411200395768333e+02
4.590000000000000000e+04	3.048272227338284210e+02
4.680000000000000000e+04	3.048272227338284210e+02
4.680000000000000000e+04	3.281500000000018531e+02
4.770000000000000000e+04	3.281500000000018531e+02
4.770000000000000000e+04	3.281499999999999773e+02
4.860000000000000000e+04	3.281499999999999773e+02
4.860000000000000000e+04	3.028659834386334069e+02
4.950000000000000000e+04	3.028659834386334069e+02
4.950000000000000000e+04	3.030019926113498627e+02
5.040000000000000000e+04	3.030019926113498627e+02
5.040000000000000000e+04	3.026096936982704619e+02
5.130000000000000000e+04	3.026096936982704619e+02
5.130000000000000000e+04	3.281499999999999773e+02
5.220000000000000000e+04	3.281499999999999773e+02
5.220000000000000000e+04	2.981499999999999773e+02
5.310000000000000000e+04	2.981499999999999773e+02
5.310000000000000000e+04	3.015789049845088812e+02
5.400000000000000000e+04	3.015789049845088812e+02
5.400000000000000000e+04	2.981499999999999773e+02
5.490000000000000000e+04	2.981499999999999773e+02
5.490000000000000000e+04	3.281499999999999773e+02
5.580000000000000000e+04	3.281499999999999773e+02
5.580000000000000000e+04	2.981499999999999773e+02
5.670000000000000000e+04	2.981499999999999773e+02
5.670000000000000000e+04	3.281499999999999773e+02
5.760000000000000000e+04	3.281499999999999773e+02
5.760000000000000000e+04	3.096541296815703959e+02
5.850000000000000000e+04	3.096541296815703959e+02
5.850000000000000000e+04	3.177389781940929652e+02
5.940000000000000000e+04	3.177389781940929652e+02
5.940000000000000000e+04	2.981499999999999773e+02
6.030000000000000000e+04	2.981499999999999773e+02
6.030000000000000000e+04	3.027409358636011234e+02
6.120000000000000000e+04	3.027409358636011234e+02
6.120000000000000000e+04	3.013395800497771688e+02
6.210000000000000000e+04	3.013395800497771688e+02
6.210000000000000000e+04	3.281499999999999773e+02
6.300000000000000000e+04	3.281499999999999773e+02
6.300000000000000000e+04	3.010452765582819552e+02
6.390000000000000000e+04	3.010452765582819552e+02
6.390000000000000000e+04	3.022051943771550668e+02
6.480000000000000000e+04	3.022051943771550668e+02
6.480000000000000000e+04	3.039637516179379872e+02
6.570000000000000000e+04	3.039637516179379872e+02
6.570000000000000000e+04	3.096578747243936505e+02
6.660000000000000000e+04	3.096578747243936505e+02
6.660000000000000000e+04	3.022221322002673105e+02
6.750000000000000000e+04	3.022221322002673105e+02
6.750000000000000000e+04	3.030485723903317421e+02
6.840000000000000000e+04	3.030485723903317421e+02
6.840000000000000000e+04	3.048990903464863891e+02
6.930000000000000000e+04	3.048990903464863891e+02
6.930000000000000000e+04	3.096578747243936505e+02
7.020000000000000000e+04	3.096578747243936505e+02
7.020000000000000000e+04	2.981499999999999773e+02
7.110000000000000000e+04	2.981499999999999773e+02
7.110000000000000000e+04	3.038341963240196151e+02
7.200000000000000000e+04	3.038341963240196151e+02
7.200000000000000000e+04	3.044841437843046492e+02
7.290000000000000000e+04	3.044841437843046492e+02
7.290000000000000000e+04	3.281499999999999773e+02
7.380000000000000000e+04	3.281499999999999773e+02
7.380000000000000000e+04	3.281499999999999773e+02
7.470000000000000000e+04	3.281499999999999773e+02
7.470000000000000000e+04	3.281499999999999773e+02
7.560000000000000000e+04	3.281499999999999773e+02
7.560000000000000000e+04	3.281499999999999773e+02
7.650000000000000000e+04	3.281499999999999773e+02
7.650000000000000000e+04	3.281499999999999773e+02
7.740000000000000000e+04	3.281499999999999773e+02
7.740000000000000000e+04	3.281499999999999773e+02
7.830000000000000000e+04	3.281499999999999773e+02
7.830000000000000000e+04	3.281499999999999773e+02
7.920000000000000000e+04	3.281499999999999773e+02
7.920000000000000000e+04	3.281499999999999773e+02
8.010000000000000000e+04	3.281499999999999773e+02
8.010000000000000000e+04	3.281499999999999773e+02
8.100000000000000000e+04	3.281499999999999773e+02
8.100000000000000000e+04	3.281499999999999773e+02
8.190000000000000000e+04	3.281499999999999773e+02
8.190000000000000000e+04	3.281499999999999773e+02
8.280000000000000000e+04	3.281499999999999773e+02
8.280000000000000000e+04	3.181454910565615819e+02
8.370000000000000000e+04	3.181454910565615819e+02
8.370000000000000000e+04	3.281499999999999773e+02
8.460000000000000000e+04	3.281499999999999773e+02
8.460000000000000000e+04	3.281499999999999773e+02
8.550000000000000000e+04	3.281499999999999773e+02
8.550000000000000000e+04	3.281499999999999773e+02
8.640000000000000000e+04	3.281499999999999773e+02
8.640000000000000000e+04	2.981499999999999773e+02
8.730000000000000000e+04	2.981499999999999773e+02
8.730000000000000000e+04	3.281499999999999773e+02
8.820000000000000000e+04	3.281499999999999773e+02
8.820000000000000000e+04	3.281499999999999773e+02
8.910000000000000000e+04	3.281499999999999773e+02
8.910000000000000000e+04	2.981499999999999773e+02
9.000000000000000000e+04	2.981499999999999773e+02
9.000000000000000000e+04	2.991859761911902638e+02
9.090000000000000000e+04	2.991859761911902638e+02
9.090000000000000000e+04	3.281499999999999773e+02
9.180000000000000000e+04	3.281499999999999773e+02
9.180000000000000000e+04	3.281499999999999773e+02
9.270000000000000000e+04	3.281499999999999773e+02
9.270000000000000000e+04	3.281499999999999773e+02
9.360000000000000000e+04	3.281499999999999773e+02
9.360000000000000000e+04	2.982862180799011185e+02
9.450000000000000000e+04	2.982862180799011185e+02
9.450000000000000000e+04	3.007619058878044598e+02
9.540000000000000000e+04	3.007619058878044598e+02
9.540000000000000000e+04	3.064690201374954199e+02
9.630000000000000000e+04	3.064690201374954199e+02
9.630000000000000000e+04	3.017355752260307327e+02
9.720000000000000000e+04	3.017355752260307327e+02
9.720000000000000000e+04	3.019799479180095432e+02
9.810000000000000000e+04	3.019799479180095432e+02
9.810000000000000000e+04	2.981499999999999773e+02
9.900000000000000000e+04	2.981499999999999773e+02
9.900000000000000000e+04	2.981499999999999773e+02
9.990000000000000000e+04	2.981499999999999773e+02
9.990000000000000000e+04	3.014660958312285857e+02
1.008000000000000000e+05	3.014660958312285857e+02
1.008000000000000000e+05	3.010556509873602522e+02
1.017000000000000000e+05	3.010556509873602522e+02
1.017000000000000000e+05	3.030746986663143616e+02
1.026000000000000000e+05	3.030746986663143616e+02
1.026000000000000000e+05	3.281499999999999773e+02
1.035000000000000000e+05	3.281499999999999773e+02
1.035000000000000000e+05	3.006787942785854852e+02
1.044000000000000000e+05	3.006787942785854852e+02
1.044000000000000000e+05	3.096541296815704527e+02
1.053000000000000000e+05	3.096541296815704527e+02
1.053000000000000000e+05	3.096578747243936505e+02
1.062000000000000000e+05	3.096578747243936505e+02
1.062000000000000000e+05	3.096616197672169051e+02
1.071000000000000000e+05	3.096616197672169051e+02
1.071000000000000000e+05	3.072578739735265003e+02
1.080000000000000000e+05	3.072578739735265003e+02
1.080000000000000000e+05	3.174772816827072575e+02
1.089000000000000000e+05	3.174772816827072575e+02
1.089000000000000000e+05	3.194298566407380804e+02
1.098000000000000000e+05	3.194298566407380804e+02
1.098000000000000000e+05	3.213154454186487214e+02
1.107000000000000000e+05	3.213154454186487214e+02
1.107000000000000000e+05	3.007554883542994730e+02
1.116000000000000000e+05	3.007554883542994730e+02
1.116000000000000000e+05	3.038895325950184656e+02
1.125000000000000000e+05	3.038895325950184656e+02
1.125000000000000000e+05	3.096578747243936505e+02
1.134000000000000000e+05	3.096578747243936505e+02
1.134000000000000000e+05	3.125701881035889755e+02
1.143000000000000000e+05	3.125701881035889755e+02
1.143000000000000000e+05	3.146476870035482989e+02
1.152000000000000000e+05	3.146476870035482989e+02
1.152000000000000000e+05	3.117573715438789463e+02
1.161000000000000000e+05	3.117573715438789463e+02
1.161000000000000000e+05	3.141181032089182850e+02
1.170000000000000000e+05	3.141181032089182850e+02
1.170000000000000000e+05	3.141584036483850468e+02
1.179000000000000000e+05	3.141584036483850468e+02
1.179000000000000000e+05	3.146561968392984454e+02
1.188000000000000000e+05	3.146561968392984454e+02
1.188000000000000000e+05	3.281499999999999773e+02
1.197000000000000000e+05	3.281499999999999773e+02
1.197000000000000000e+05	3.096578747243936505e+02
1.206000000000000000e+05	3.096578747243936505e+02
1.206000000000000000e+05	3.096616197672169051e+02
1.215000000000000000e+05	3.096616197672169051e+02
1.215000000000000000e+05	3.092520855865162730e+02
1.224000000000000000e+05	3.092520855865162730e+02
1.224000000000000000e+05	3.085101669659241566e+02
1.233000000000000000e+05	3.085101669659241566e+02
1.233000000000000000e+05	3.072485658373529986e+02
1.242000000000000000e+05	3.072485658373529986e+02
1.242000000000000000e+05	3.187514828394756137e+02
1.251000000000000000e+05	3.187514828394756137e+02
1.251000000000000000e+05	3.281499999999999773e+02
1.260000000000000000e+05	3.281499999999999773e+02
1.260000000000000000e+05	3.281499999999999773e+02
1.269000000000000000e+05	3.281499999999999773e+02
1.269000000000000000e+05	3.281499999999999773e+02
1.278000000000000000e+05	3.281499999999999773e+02
1.278000000000000000e+05	3.281499999999999773e+02
1.287000000000000000e+05	3.281499999999999773e+02
1.287000000000000000e+05	3.078104587268195473e+02
1.296000000000000000e+05	3.078104587268195473e+02
1.296000000000000000e+05	2.981499999999999773e+02
1.305000000000000000e+05	2.981499999999999773e+02
1.305000000000000000e+05	2.981499999999999773e+02
1.314000000000000000e+05	2.981499999999999773e+02
1.314000000000000000e+05	2.981499999999999773e+02
1.323000000000000000e+05	2.981499999999999773e+02
1.323000000000000000e+05	2.981499999999999773e+02
1.332000000000000000e+05	2.981499999999999773e+02
1.332000000000000000e+05	3.096541296815703959e+02
1.341000000000000000e+05	3.096541296815703959e+02
1.341000000000000000e+05	3.281499999999999773e+02
1.350000000000000000e+05	3.281499999999999773e+02
1.350000000000000000e+05	3.281499999999999773e+02
1.359000000000000000e+05	3.281499999999999773e+02
1.359000000000000000e+05	3.281499999999999773e+02
1.368000000000000000e+05	3.281499999999999773e+02
1.368000000000000000e+05	3.281500000000024215e+02
1.377000000000000000e+05	3.281500000000024215e+02
1.377000000000000000e+05	3.281499999999999773e+02
1.386000000000000000e+05	3.281499999999999773e+02
1.386000000000000000e+05	3.281499999999999773e+02
1.395000000000000000e+05	3.281499999999999773e+02
1.395000000000000000e+05	2.981499999999999773e+02
1.404000000000000000e+05	2.981499999999999773e+02
1.404000000000000000e+05	2.981499999999999773e+02
1.413000000000000000e+05	2.981499999999999773e+02
1.413000000000000000e+05	3.213736962319791814e+02
1.422000000000000000e+05	3.213736962319791814e+02
1.422000000000000000e+05	3.096616197672169051e+02
1.431000000000000000e+05	3.096616197672169051e+02
1.431000000000000000e+05	3.281499999999999773e+02
1.440000000000000000e+05	3.281499999999999773e+02
1.440000000000000000e+05	3.281499999999999773e+02
1.449000000000000000e+05	3.281499999999999773e+02
1.449000000000000000e+05	2.981499999999999773e+02
1.458000000000000000e+05	2.981499999999999773e+02
1.458000000000000000e+05	2.981499999999999773e+02
1.467000000000000000e+05	2.981499999999999773e+02
1.467000000000000000e+05	3.281499999999999773e+02
1.476000000000000000e+05	3.281499999999999773e+02
1.476000000000000000e+05	3.208823065631949021e+02
1.485000000000000000e+05	3.208823065631949021e+02
1.485000000000000000e+05	3.096578747243936505e+02
1.494000000000000000e+05	3.096578747243936505e+02
1.494000000000000000e+05	3.096616197672169051e+02
1.503000000000000000e+05	3.096616197672169051e+02
1.503000000000000000e+05	2.981499999999999773e+02
1.512000000000000000e+05	2.981499999999999773e+02
1.512000000000000000e+05	3.096541296815703959e+02
1.521000000000000000e+05	3.096541296815703959e+02
1.521000000000000000e+05	3.019857181855281283e+02
1.530000000000000000e+05	3.019857181855281283e+02
1.530000000000000000e+05	3.049837003562646487e+02
1.539000000000000000e+05	3.049837003562646487e+02
1.539000000000000000e+05	3.038980982789803988e+02
1.548000000000000000e+05	3.038980982789803988e+02
1.548000000000000000e+05	3.281499999999999773e+02
1.557000000000000000e+05	3.281499999999999773e+02
1.557000000000000000e+05	3.096578747243936505e+02
1.566000000000000000e+05	3.096578747243936505e+02
1.566000000000000000e+05	3.281499999999999773e+02
1.575000000000000000e+05	3.281499999999999773e+02
1.575000000000000000e+05	3.281499999999999773e+02
1.584000000000000000e+05	3.281499999999999773e+02
1.584000000000000000e+05	3.003239108324700055e+02
1.593000000000000000e+05	3.003239108324700055e+02
1.593000000000000000e+05	3.259144665861807084e+02
1.602000000000000000e+05	3.259144665861807084e+02
1.602000000000000000e+05	3.096616197672169051e+02
1.611000000000000000e+05	3.096616197672169051e+02
1.611000000000000000e+05	3.281499999999999773e+02
1.620000000000000000e+05	3.281499999999999773e+02
1.620000000000000000e+05	3.281499999999999773e+02
1.629000000000000000e+05	3.281499999999999773e+02
1.629000000000000000e+05	3.281499999999999773e+02
1.638000000000000000e+05	3.281499999999999773e+02
1.638000000000000000e+05	3.281499999999999773e+02
1.647000000000000000e+05	3.281499999999999773e+02
1.647000000000000000e+05	3.204635743170413775e+02
1.656000000000000000e+05	3.204635743170413775e+02
1.656000000000000000e+05	2.981499999999999773e+02
1.665000000000000000e+05	2.981499999999999773e+02
1.665000000000000000e+05	3.281499999999999773e+02
1.674000000000000000e+05	3.281499999999999773e+02
1.674000000000000000e+05	3.281499999999999773e+02
1.683000000000000000e+05	3.281499999999999773e+02
1.683000000000000000e+05	3.281499999999999773e+02
1.692000000000000000e+05	3.281499999999999773e+02
1.692000000000000000e+05	3.220289958357021192e+02
1.701000000000000000e+05	3.220289958357021192e+02
1.701000000000000000e+05	3.096578747243936505e+02
1.710000000000000000e+05	3.096578747243936505e+02
1.710000000000000000e+05	3.281499999999999773e+02
1.719000000000000000e+05	3.281499999999999773e+02
1.719000000000000000e+05	3.281499999999999773e+02
1.728000000000000000e+05	3.281499999999999773e+02
1.728000000000000000e+05	3.281499999999999773e+02
1.737000000000000000e+05	3.281499999999999773e+02
1.737000000000000000e+05	3.281499999999999773e+02
1.746000000000000000e+05	3.281499999999999773e+02
1.746000000000000000e+05	3.281499999999999773e+02
1.755000000000000000e+05	3.281499999999999773e+02
1.755000000000000000e+05	3.096653648100401597e+02
1.764000000000000000e+05	3.096653648100401597e+02
1.764000000000000000e+05	3.096541296815703959e+02
1.773000000000000000e+05	3.096541296815703959e+02
1.773000000000000000e+05	3.281499999999999773e+02
1.782000000000000000e+05	3.281499999999999773e+02
1.782000000000000000e+05	3.281499999999999773e+02
1.791000000000000000e+05	3.281499999999999773e+02
1.791000000000000000e+05	3.281499999999999773e+02
1.800000000000000000e+05	3.281499999999999773e+02
1.800000000000000000e+05	2.981499999999999773e+02
1.809000000000000000e+05	2.981499999999999773e+02
1.809000000000000000e+05	3.212414132201832331e+02
1.818000000000000000e+05	3.212414132201832331e+02
1.818000000000000000e+05	3.230697087916051942e+02
1.827000000000000000e+05	3.230697087916051942e+02
1.827000000000000000e+05	2.981499999999999773e+02
1.836000000000000000e+05	2.981499999999999773e+02
1.836000000000000000e+05	3.281499999999999773e+02
1.845000000000000000e+05	3.281499999999999773e+02
1.845000000000000000e+05	3.281499999999999773e+02
1.854000000000000000e+05	3.281499999999999773e+02
1.854000000000000000e+05	2.988135352536496043e+02
1.863000000000000000e+05	2.988135352536496043e+02
1.863000000000000000e+05	3.281499999999999773e+02
1.872000000000000000e+05	3.281499999999999773e+02
1.872000000000000000e+05	3.056095222820151776e+02
1.881000000000000000e+05	3.056095222820151776e+02
1.881000000000000000e+05	3.281499999999999773e+02
1.890000000000000000e+05	3.281499999999999773e+02
1.890000000000000000e+05	3.281499999999999773e+02
1.899000000000000000e+05	3.281499999999999773e+02
1.899000000000000000e+05	2.997557823520382954e+02
1.908000000000000000e+05	2.997557823520382954e+02
1.908000000000000000e+05	3.056095222820145523e+02
1.917000000000000000e+05	3.056095222820145523e+02
1.917000000000000000e+05	3.281499999999999773e+02
1.926000000000000000e+05	3.281499999999999773e+02
1.926000000000000000e+05	3.281499999999999773e+02
1.935000000000000000e+05	3.281499999999999773e+02
1.935000000000000000e+05	3.052618965066444616e+02
1.944000000000000000e+05	3.052618965066444616e+02
1.944000000000000000e+05	3.024781854009548283e+02
1.953000000000000000e+05	3.024781854009548283e+02
1.953000000000000000e+05	3.265425261640740473e+02
1.962000000000000000e+05	3.265425261640740473e+02
1.962000000000000000e+05	2.995206932789254779e+02
1.971000000000000000e+05	2.995206932789254779e+02
1.971000000000000000e+05	3.032279574163375742e+02
1.980000000000000000e+05	3.032279574163375742e+02
1.980000000000000000e+05	3.033418908229082263e+02
1.989000000000000000e+05	3.033418908229082263e+02
1.989000000000000000e+05	3.089531093785834628e+02
1.998000000000000000e+05	3.089531093785834628e+02
1.998000000000000000e+05	3.122743656107255106e+02
2.007000000000000000e+05	3.122743656107255106e+02
2.007000000000000000e+05	3.145143442067292767e+02
2.016000000000000000e+05	3.145143442067292767e+02
2.016000000000000000e+05	3.116103667247968474e+02
2.025000000000000000e+05	3.116103667247968474e+02
2.025000000000000000e+05	3.140352203297855453e+02
2.034000000000000000e+05	3.140352203297855453e+02
2.034000000000000000e+05	3.140742727950427593e+02
2.043000000000000000e+05	3.140742727950427593e+02
2.043000000000000000e+05	3.145852011115445066e+02
2.052000000000000000e+05	3.145852011115445066e+02
2.052000000000000000e+05	3.139301281384314848e+02
2.061000000000000000e+05	3.139301281384314848e+02
2.061000000000000000e+05	3.096578747243936505e+02
2.070000000000000000e+05	3.096578747243936505e+02
2.070000000000000000e+05	3.131832234500232630e+02
2.079000000000000000e+05	3.131832234500232630e+02
2.079000000000000000e+05	3.227939873333544369e+02
2.088000000000000000e+05	3.227939873333544369e+02
2.088000000000000000e+05	3.096541296815703959e+02
2.097000000000000000e+05	3.096541296815703959e+02
2.097000000000000000e+05	3.212816788455490382e+02
2.106000000000000000e+05	3.212816788455490382e+02
2.106000000000000000e+05	3.035877149354813582e+02
2.115000000000000000e+05	3.035877149354813582e+02
2.115000000000000000e+05	3.037432427218006978e+02
2.124000000000000000e+05	3.037432427218006978e+02
2.124000000000000000e+05	3.096541296815703959e+02
2.133000000000000000e+05	3.096541296815703959e+02
2.133000000000000000e+05	3.244146827829288782e+02
2.142000000000000000e+05	3.244146827829288782e+02
2.142000000000000000e+05	2.981499999999999773e+02
2.151000000000000000e+05	2.981499999999999773e+02
2.151000000000000000e+05	3.281499999999999773e+02
2.160000000000000000e+05	3.281499999999999773e+02
2.160000000000000000e+05	3.212392216290792248e+02
2.169000000000000000e+05	3.212392216290792248e+02
2.169000000000000000e+05	2.981500000000000341e+02
2.178000000000000000e+05	2.981500000000000341e+02
2.178000000000000000e+05	3.236980333115873236e+02
2.187000000000000000e+05	3.236980333115873236e+02
2.187000000000000000e+05	2.981499999999999773e+02
2.196000000000000000e+05	2.981499999999999773e+02
2.196000000000000000e+05	3.281499999999999773e+02
2.205000000000000000e+05	3.281499999999999773e+02
2.205000000000000000e+05	3.281499999999999773e+02
2.214000000000000000e+05	3.281499999999999773e+02
2.214000000000000000e+05	3.281499999999999773e+02
2.223000000000000000e+05	3.281499999999999773e+02
2.223000000000000000e+05	3.281499999999999773e+02
2.232000000000000000e+05	3.281499999999999773e+02
2.232000000000000000e+05	3.281499999999999773e+02
2.241000000000000000e+05	3.281499999999999773e+02
2.241000000000000000e+05	3.281499999999999773e+02
2.250000000000000000e+05	3.281499999999999773e+02
2.250000000000000000e+05	2.981499999999999773e+02
2.259000000000000000e+05	2.981499999999999773e+02
2.259000000000000000e+05	2.981499999999999773e+02
2.268000000000000000e+05	2.981499999999999773e+02
2.268000000000000000e+05	3.096541296815703959e+02
2.277000000000000000e+05	3.096541296815703959e+02
2.277000000000000000e+05	2.981499999999999773e+02
2.286000000000000000e+05	2.981499999999999773e+02
2.286000000000000000e+05	3.281499999999999773e+02
2.295000000000000000e+05	3.281499999999999773e+02
2.295000000000000000e+05	2.981499999999999773e+02
2.304000000000000000e+05	2.981499999999999773e+02
2.304000000000000000e+05	2.981499999999999773e+02
2.313000000000000000e+05	2.981499999999999773e+02
2.313000000000000000e+05	3.231808382984427226e+02
2.322000000000000000e+05	3.231808382984427226e+02
2.322000000000000000e+05	3.232413793656597250e+02
2.331000000000000000e+05	3.232413793656597250e+02
2.331000000000000000e+05	3.232118977299765561e+02
2.340000000000000000e+05	3.232118977299765561e+02
2.340000000000000000e+05	3.281499999999999773e+02
2.349000000000000000e+05	3.281499999999999773e+02
2.349000000000000000e+05	3.244264875408355806e+02
2.358000000000000000e+05	3.244264875408355806e+02
2.358000000000000000e+05	2.981499999999999773e+02
2.367000000000000000e+05	2.981499999999999773e+02
2.367000000000000000e+05	3.004966597705007416e+02
2.376000000000000000e+05	3.004966597705007416e+02
2.376000000000000000e+05	3.281499999999999773e+02
2.385000000000000000e+05	3.281499999999999773e+02
2.385000000000000000e+05	3.281499999999999773e+02
2.394000000000000000e+05	3.281499999999999773e+02
2.394000000000000000e+05	3.010554673331713502e+02
2.403000000000000000e+05	3.010554673331713502e+02
2.403000000000000000e+05	2.981499999999999773e+02
2.412000000000000000e+05	2.981499999999999773e+02
2.412000000000000000e+05	3.096541296815703959e+02
2.421000000000000000e+05	3.096541296815703959e+02
2.421000000000000000e+05	3.006547549769624652e+02
2.430000000000000000e+05	3.006547549769624652e+02
2.430000000000000000e+05	3.024522577699503358e+02
2.439000000000000000e+05	3.024522577699503358e+02
2.439000000000000000e+05	3.025704325619564088e+02
2.448000000000000000e+05	3.025704325619564088e+02
2.448000000000000000e+05	3.281499999999999773e+02
2.457000000000000000e+05	3.281499999999999773e+02
2.457000000000000000e+05	3.281499999999999773e+02
2.466000000000000000e+05	3.281499999999999773e+02
2.466000000000000000e+05	3.281499999999999773e+02
2.475000000000000000e+05	3.281499999999999773e+02
2.475000000000000000e+05	3.281499999999999773e+02
2.484000000000000000e+05	3.281499999999999773e+02
2.484000000000000000e+05	2.981499999999999773e+02
2.493000000000000000e+05	2.981499999999999773e+02
2.493000000000000000e+05	3.281499999999999773e+02
2.502000000000000000e+05	3.281499999999999773e+02
2.502000000000000000e+05	3.281499999999999773e+02
2.511000000000000000e+05	3.281499999999999773e+02
2.511000000000000000e+05	3.281499999999999773e+02
2.520000000000000000e+05	3.281499999999999773e+02
2.520000000000000000e+05	3.281499999999999773e+02
2.529000000000000000e+05	3.281499999999999773e+02
2.529000000000000000e+05	3.281499999999999773e+02
2.538000000000000000e+05	3.281499999999999773e+02
2.538000000000000000e+05	3.281499999999999773e+02
2.547000000000000000e+05	3.281499999999999773e+02
2.547000000000000000e+05	3.281499999999999773e+02
2.556000000000000000e+05	3.281499999999999773e+02
2.556000000000000000e+05	3.281499999999999773e+02
2.565000000000000000e+05	3.281499999999999773e+02
2.565000000000000000e+05	3.281499999999999773e+02
2.574000000000000000e+05	3.281499999999999773e+02
2.574000000000000000e+05	3.281499999999999773e+02
2.583000000000000000e+05	3.281499999999999773e+02
2.583000000000000000e+05	3.281499999999999773e+02
2.592000000000000000e+05	3.281499999999999773e+02
2.592000000000000000e+05	3.281499999999999773e+02
2.601000000000000000e+05	3.281499999999999773e+02
2.601000000000000000e+05	2.981499999999999773e+02
2.610000000000000000e+05	2.981499999999999773e+02
2.610000000000000000e+05	2.981499999999999773e+02
2.619000000000000000e+05	2.981499999999999773e+02
2.619000000000000000e+05	3.281499999999999773e+02
2.628000000000000000e+05	3.281499999999999773e+02
2.628000000000000000e+05	3.281499999999999773e+02
2.637000000000000000e+05	3.281499999999999773e+02
2.637000000000000000e+05	3.281499999999999773e+02
2.646000000000000000e+05	3.281499999999999773e+02
2.646000000000000000e+05	3.281499999999999773e+02
2.655000000000000000e+05	3.281499999999999773e+02
2.655000000000000000e+05	2.981499999999999773e+02
2.664000000000000000e+05	2.981499999999999773e+02
2.664000000000000000e+05	3.281499999999999773e+02
2.673000000000000000e+05	3.281499999999999773e+02
2.673000000000000000e+05	3.281499999999999773e+02
2.682000000000000000e+05	3.281499999999999773e+02
2.682000000000000000e+05	2.981499999999999773e+02
2.691000000000000000e+05	2.981499999999999773e+02
2.691000000000000000e+05	3.281499999999999773e+02
2.700000000000000000e+05	3.281499999999999773e+02
2.700000000000000000e+05	2.981499999999999773e+02
2.709000000000000000e+05	2.981499999999999773e+02
2.709000000000000000e+05	2.981499999999999773e+02
2.718000000000000000e+05	2.981499999999999773e+02
2.718000000000000000e+05	2.981499999999999773e+02
2.727000000000000000e+05	2.981499999999999773e+02
2.727000000000000000e+05	2.981499999999999773e+02
2.736000000000000000e+05	2.981499999999999773e+02
2.736000000000000000e+05	2.984964985308990890e+02
2.745000000000000000e+05	2.984964985308990890e+02
2.745000000000000000e+05	3.096578747243936505e+02
2.754000000000000000e+05	3.096578747243936505e+02
2.754000000000000000e+05	3.026854230519883799e+02
2.763000000000000000e+05	3.026854230519883799e+02
2.763000000000000000e+05	3.039549198287107288e+02
2.772000000000000000e+05	3.039549198287107288e+02
2.772000000000000000e+05	3.281499999999999773e+02
2.781000000000000000e+05	3.281499999999999773e+02
2.781000000000000000e+05	3.281499999999999773e+02
2.790000000000000000e+05	3.281499999999999773e+02
2.790000000000000000e+05	3.281499999999999773e+02
2.799000000000000000e+05	3.281499999999999773e+02
2.799000000000000000e+05	3.281499999999999773e+02
2.808000000000000000e+05	3.281499999999999773e+02
2.808000000000000000e+05	3.281499999999999773e+02
2.817000000000000000e+05	3.281499999999999773e+02
2.817000000000000000e+05	3.281499999999999773e+02
2.826000000000000000e+05	3.281499999999999773e+02
2.826000000000000000e+05	2.981499999999999773e+02
2.835000000000000000e+05	2.981499999999999773e+02
2.835000000000000000e+05	3.052199999095587373e+02
2.844000000000000000e+05	3.052199999095587373e+02
2.844000000000000000e+05	3.056095222820145523e+02
2.853000000000000000e+05	3.056095222820145523e+02
2.853000000000000000e+05	3.076893540637464639e+02
2.862000000000000000e+05	3.076893540637464639e+02
2.862000000000000000e+05	3.096616197672169051e+02
2.871000000000000000e+05	3.096616197672169051e+02
2.871000000000000000e+05	3.132455029979946630e+02
2.880000000000000000e+05	3.132455029979946630e+02
2.880000000000000000e+05	3.110746568453600958e+02
2.889000000000000000e+05	3.110746568453600958e+02
2.889000000000000000e+05	3.138431844375038509e+02
2.898000000000000000e+05	3.138431844375038509e+02
2.898000000000000000e+05	3.138185562002386177e+02
2.907000000000000000e+05	3.138185562002386177e+02
2.907000000000000000e+05	3.144079142644852141e+02
2.916000000000000000e+05	3.144079142644852141e+02
2.916000000000000000e+05	3.281499999999999773e+02
2.925000000000000000e+05	3.281499999999999773e+02
2.925000000000000000e+05	3.281499999999999773e+02
2.934000000000000000e+05	3.281499999999999773e+02
2.934000000000000000e+05	3.083288137768290085e+02
2.943000000000000000e+05	3.083288137768290085e+02
2.943000000000000000e+05	3.096653648100401597e+02
2.952000000000000000e+05	3.096653648100401597e+02
2.952000000000000000e+05	2.981499999999999773e+02
2.961000000000000000e+05	2.981499999999999773e+02
2.961000000000000000e+05	3.281499999999999773e+02
2.970000000000000000e+05	3.281499999999999773e+02
2.970000000000000000e+05	3.040278409033881530e+02
2.979000000000000000e+05	3.040278409033881530e+02
2.979000000000000000e+05	2.981499999999999773e+02
2.988000000000000000e+05	2.981499999999999773e+02
2.988000000000000000e+05	3.281499999999999773e+02
2.997000000000000000e+05	3.281499999999999773e+02
2.997000000000000000e+05	2.981499999999999773e+02
3.006000000000000000e+05	2.981499999999999773e+02
3.006000000000000000e+05	2.981499999999999773e+02
3.015000000000000000e+05	2.981499999999999773e+02
3.015000000000000000e+05	2.981499999999999773e+02
3.024000000000000000e+05	2.981499999999999773e+02
3.024000000000000000e+05	3.156012239707882827e+02
3.033000000000000000e+05	3.156012239707882827e+02
3.033000000000000000e+05	3.185949450440373312e+02
3.042000000000000000e+05	3.185949450440373312e+02
3.042000000000000000e+05	3.217245035457081599e+02
3.051000000000000000e+05	3.217245035457081599e+02
3.051000000000000000e+05	3.096653648100401597e+02
3.060000000000000000e+05	3.096653648100401597e+02
3.060000000000000000e+05	3.281499999999999773e+02
3.069000000000000000e+05	3.281499999999999773e+02
3.069000000000000000e+05	3.281499999999999773e+02
3.078000000000000000e+05	3.281499999999999773e+02
3.078000000000000000e+05	3.281499999999999773e+02
3.087000000000000000e+05	3.281499999999999773e+02
3.087000000000000000e+05	3.281499999999999773e+02
3.096000000000000000e+05	3.281499999999999773e+02
3.096000000000000000e+05	3.281499999999999773e+02
3.105000000000000000e+05	3.281499999999999773e+02
3.105000000000000000e+05	3.096578747243936505e+02
3.114000000000000000e+05	3.096578747243936505e+02
3.114000000000000000e+05	3.096616197672169051e+02
3.123000000000000000e+05	3.096616197672169051e+02
3.123000000000000000e+05	2.981499999999999773e+02
3.132000000000000000e+05	2.981499999999999773e+02
3.132000000000000000e+05	3.096541296815703959e+02
3.141000000000000000e+05	3.096541296815703959e+02
3.141000000000000000e+05	3.216635833805941616e+02
3.150000000000000000e+05	3.216635833805941616e+02
3.150000000000000000e+05	2.981499999999999773e+02
3.159000000000000000e+05	2.981499999999999773e+02
3.159000000000000000e+05	3.281499999999999773e+02
3.168000000000000000e+05	3.281499999999999773e+02
3.168000000000000000e+05	3.096541296815703959e+02
3.177000000000000000e+05	3.096541296815703959e+02
3.177000000000000000e+05	3.281499999999999773e+02
3.186000000000000000e+05	3.281499999999999773e+02
3.186000000000000000e+05	2.981499999999999773e+02
3.195000000000000000e+05	2.981499999999999773e+02
3.195000000000000000e+05	2.981499999999999773e+02
3.204000000000000000e+05	2.981499999999999773e+02
3.204000000000000000e+05	3.281499999999999773e+02
3.213000000000000000e+05	3.281499999999999773e+02
3.213000000000000000e+05	3.281499999999999773e+02
3.222000000000000000e+05	3.281499999999999773e+02
3.222000000000000000e+05	2.981499999999999773e+02
3.231000000000000000e+05	2.981499999999999773e+02
3.231000000000000000e+05	3.281499999999999773e+02
3.240000000000000000e+05	3.281499999999999773e+02
3.240000000000000000e+05	3.281499999999999773e+02
3.249000000000000000e+05	3.281499999999999773e+02
3.249000000000000000e+05	3.281499999999999773e+02
3.258000000000000000e+05	3.281499999999999773e+02
3.258000000000000000e+05	3.281499999999999773e+02
3.267000000000000000e+05	3.281499999999999773e+02
3.267000000000000000e+05	3.281499999999999773e+02
3.276000000000000000e+05	3.281499999999999773e+02
3.276000000000000000e+05	3.281499999999999773e+02
3.285000000000000000e+05	3.281499999999999773e+02
3.285000000000000000e+05	3.281499999999999773e+02
3.294000000000000000e+05	3.281499999999999773e+02
3.294000000000000000e+05	2.981499999999999773e+02
3.303000000000000000e+05	2.981499999999999773e+02
3.303000000000000000e+05	2.981499999999999773e+02
3.312000000000000000e+05	2.981499999999999773e+02
3.312000000000000000e+05	2.981499999999999773e+02
3.321000000000000000e+05	2.981499999999999773e+02
3.321000000000000000e+05	3.281499999999999773e+02
3.330000000000000000e+05	3.281499999999999773e+02
3.330000000000000000e+05	3.281499999999999773e+02
3.339000000000000000e+05	3.281499999999999773e+02
3.339000000000000000e+05	2.981499999999999773e+02
3.348000000000000000e+05	2.981499999999999773e+02
3.348000000000000000e+05	2.981499999999999773e+02
3.357000000000000000e+05	2.981499999999999773e+02
3.357000000000000000e+05	3.281499999999999773e+02
3.366000000000000000e+05	3.281499999999999773e+02
3.366000000000000000e+05	3.281499999999999773e+02
3.375000000000000000e+05	3.281499999999999773e+02
3.375000000000000000e+05	3.281499999999999773e+02
3.384000000000000000e+05	3.281499999999999773e+02
3.384000000000000000e+05	3.281499999999999773e+02
3.393000000000000000e+05	3.281499999999999773e+02
3.393000000000000000e+05	3.281499999999999773e+02
3.402000000000000000e+05	3.281499999999999773e+02
3.402000000000000000e+05	3.224040754476179700e+02
3.411000000000000000e+05	3.224040754476179700e+02
3.411000000000000000e+05	3.281499999999999773e+02
3.420000000000000000e+05	3.281499999999999773e+02
3.420000000000000000e+05	3.281499999999999773e+02
3.429000000000000000e+05	3.281499999999999773e+02
3.429000000000000000e+05	3.281499999999999773e+02
3.438000000000000000e+05	3.281499999999999773e+02
3.438000000000000000e+05	3.281499999999999773e+02
3.447000000000000000e+05	3.281499999999999773e+02
3.447000000000000000e+05	3.281499999999999773e+02
3.456000000000000000e+05	3.281499999999999773e+02
3.456000000000000000e+05	3.281499999999999773e+02
3.465000000000000000e+05	3.281499999999999773e+02
3.465000000000000000e+05	3.281499999999999773e+02
3.474000000000000000e+05	3.281499999999999773e+02
3.474000000000000000e+05	3.281499999999999773e+02
3.483000000000000000e+05	3.281499999999999773e+02
3.483000000000000000e+05	3.281499999999999773e+02
3.492000000000000000e+05	3.281499999999999773e+02
3.492000000000000000e+05	3.281499999999999773e+02
3.501000000000000000e+05	3.281499999999999773e+02
3.501000000000000000e+05	3.281499999999999773e+02
3.510000000000000000e+05	3.281499999999999773e+02
3.510000000000000000e+05	3.281499999999999773e+02
3.519000000000000000e+05	3.281499999999999773e+02
3.519000000000000000e+05	3.281499999999999773e+02
3.528000000000000000e+05	3.281499999999999773e+02
3.528000000000000000e+05	3.281499999999999773e+02
3.537000000000000000e+05	3.281499999999999773e+02
3.537000000000000000e+05	3.281499999999999773e+02
3.546000000000000000e+05	3.281499999999999773e+02
3.546000000000000000e+05	3.281499999999999773e+02
3.555000000000000000e+05	3.281499999999999773e+02
3.555000000000000000e+05	3.281499999999999773e+02
3.564000000000000000e+05	3.281499999999999773e+02
3.564000000000000000e+05	3.281499999999999773e+02
3.573000000000000000e+05	3.281499999999999773e+02
3.573000000000000000e+05	3.281499999999999773e+02
3.582000000000000000e+05	3.281499999999999773e+02
3.582000000000000000e+05	3.281499999999999773e+02
3.591000000000000000e+05	3.281499999999999773e+02
3.591000000000000000e+05	3.281499999999999773e+02
3.600000000000000000e+05	3.281499999999999773e+02
3.600000000000000000e+05	3.281499999999999773e+02
3.609000000000000000e+05	3.281499999999999773e+02
3.609000000000000000e+05	3.281499999999999773e+02
3.618000000000000000e+05	3.281499999999999773e+02
3.618000000000000000e+05	3.281499999999999773e+02
3.627000000000000000e+05	3.281499999999999773e+02
3.627000000000000000e+05	3.281499999999999773e+02
3.636000000000000000e+05	3.281499999999999773e+02
3.636000000000000000e+05	3.096541296815703959e+02
3.645000000000000000e+05	3.096541296815703959e+02
3.645000000000000000e+05	3.281499999999999773e+02
3.654000000000000000e+05	3.281499999999999773e+02
3.654000000000000000e+05	3.281499999999999773e+02
3.663000000000000000e+05	3.281499999999999773e+02
3.663000000000000000e+05	3.281499999999999773e+02
3.672000000000000000e+05	3.281499999999999773e+02
3.672000000000000000e+05	3.096541296815703959e+02
3.681000000000000000e+05	3.096541296815703959e+02
3.681000000000000000e+05	3.230321545877393987e+02
3.690000000000000000e+05	3.230321545877393987e+02
3.690000000000000000e+05	3.281499999999999773e+02
3.699000000000000000e+05	3.281499999999999773e+02
3.699000000000000000e+05	3.096653648100401597e+02
3.708000000000000000e+05	3.096653648100401597e+02
3.708000000000000000e+05	3.096541296815703959e+02
3.717000000000000000e+05	3.096541296815703959e+02
3.717000000000000000e+05	2.988453068717139445e+02
3.726000000000000000e+05	2.988453068717139445e+02
3.726000000000000000e+05	3.065233156963224133e+02
3.735000000000000000e+05	3.065233156963224133e+02
3.735000000000000000e+05	3.096653648100401597e+02
3.744000000000000000e+05	3.096653648100401597e+02
3.744000000000000000e+05	3.094120961757732289e+02
3.753000000000000000e+05	3.094120961757732289e+02
3.753000000000000000e+05	3.178560079920819135e+02
3.762000000000000000e+05	3.178560079920819135e+02
3.762000000000000000e+05	3.096616197672169051e+02
3.771000000000000000e+05	3.096616197672169051e+02
3.771000000000000000e+05	3.223987734731285286e+02
3.780000000000000000e+05	3.223987734731285286e+02
3.780000000000000000e+05	3.236440269934648200e+02
3.789000000000000000e+05	3.236440269934648200e+02
3.789000000000000000e+05	3.236143943649212247e+02
3.798000000000000000e+05	3.236143943649212247e+02
3.798000000000000000e+05	3.237150700884711796e+02
3.807000000000000000e+05	3.237150700884711796e+02
3.807000000000000000e+05	3.236854108187669681e+02
3.816000000000000000e+05	3.236854108187669681e+02
3.816000000000000000e+05	3.056095222820149502e+02
3.825000000000000000e+05	3.056095222820149502e+02
3.825000000000000000e+05	3.096578747243936505e+02
3.834000000000000000e+05	3.096578747243936505e+02
3.834000000000000000e+05	3.057701839202111387e+02
3.843000000000000000e+05	3.057701839202111387e+02
3.843000000000000000e+05	3.044590701421306562e+02
3.852000000000000000e+05	3.044590701421306562e+02
3.852000000000000000e+05	3.281499999999999773e+02
3.861000000000000000e+05	3.281499999999999773e+02
3.861000000000000000e+05	2.981499999999999773e+02
3.870000000000000000e+05	2.981499999999999773e+02
3.870000000000000000e+05	2.981499999999999773e+02
3.879000000000000000e+05	2.981499999999999773e+02
3.879000000000000000e+05	2.981499999999999773e+02
3.888000000000000000e+05	2.981499999999999773e+02
3.888000000000000000e+05	3.096541296815703959e+02
3.897000000000000000e+05	3.096541296815703959e+02
3.897000000000000000e+05	3.096578747243936505e+02
3.906000000000000000e+05	3.096578747243936505e+02
3.906000000000000000e+05	3.041044121121589683e+02
3.915000000000000000e+05	3.041044121121589683e+02
3.915000000000000000e+05	3.281499999999999773e+02
3.924000000000000000e+05	3.281499999999999773e+02
3.924000000000000000e+05	3.096541296815703959e+02
3.933000000000000000e+05	3.096541296815703959e+02
3.933000000000000000e+05	3.096578747243936505e+02
3.942000000000000000e+05	3.096578747243936505e+02
3.942000000000000000e+05	3.281499999999999773e+02
3.951000000000000000e+05	3.281499999999999773e+02
3.951000000000000000e+05	3.096653648100401597e+02
3.960000000000000000e+05	3.096653648100401597e+02
3.960000000000000000e+05	3.281499999999999773e+02
3.969000000000000000e+05	3.281499999999999773e+02
3.969000000000000000e+05	3.281499999999999773e+02
3.978000000000000000e+05	3.281499999999999773e+02
3.978000000000000000e+05	3.281499999999999773e+02
3.987000000000000000e+05	3.281499999999999773e+02
3.987000000000000000e+05	3.281499999999999773e+02
3.996000000000000000e+05	3.281499999999999773e+02
3.996000000000000000e+05	3.281499999999999773e+02
4.005000000000000000e+05	3.281499999999999773e+02
4.005000000000000000e+05	3.281499999999999773e+02
4.014000000000000000e+05	3.281499999999999773e+02
4.014000000000000000e+05	2.981499999999999773e+02
4.023000000000000000e+05	2.981499999999999773e+02
4.023000000000000000e+05	3.018438961846947564e+02
4.032000000000000000e+05	3.018438961846947564e+02
4.032000000000000000e+05	3.281499999999999773e+02
4.041000000000000000e+05	3.281499999999999773e+02
4.041000000000000000e+05	3.281499999999999773e+02
4.050000000000000000e+05	3.281499999999999773e+02
4.050000000000000000e+05	2.981499999999999773e+02
4.059000000000000000e+05	2.981499999999999773e+02
4.059000000000000000e+05	3.281499999999999773e+02
4.068000000000000000e+05	3.281499999999999773e+02
4.068000000000000000e+05	2.981499999999999773e+02
4.077000000000000000e+05	2.981499999999999773e+02
4.077000000000000000e+05	3.281499999999999773e+02
4.086000000000000000e+05	3.281499999999999773e+02
4.086000000000000000e+05	3.281499999999999773e+02
4.095000000000000000e+05	3.281499999999999773e+02
4.095000000000000000e+05	3.281499999999999773e+02
4.104000000000000000e+05	3.281499999999999773e+02
4.104000000000000000e+05	3.281499999999999773e+02
4.113000000000000000e+05	3.281499999999999773e+02
4.113000000000000000e+05	3.281499999999999773e+02
4.122000000000000000e+05	3.281499999999999773e+02
4.122000000000000000e+05	3.281499999999999773e+02
4.131000000000000000e+05	3.281499999999999773e+02
4.131000000000000000e+05	3.281499999999999773e+02
4.140000000000000000e+05	3.281499999999999773e+02
4.140000000000000000e+05	2.981499999999999773e+02
4.149000000000000000e+05	2.981499999999999773e+02
4.149000000000000000e+05	3.281499999999999773e+02
4.158000000000000000e+05	3.281499999999999773e+02
4.158000000000000000e+05	2.981499999999999773e+02
4.167000000000000000e+05	2.981499999999999773e+02
4.167000000000000000e+05	2.981499999999999773e+02
4.176000000000000000e+05	2.981499999999999773e+02
4.176000000000000000e+05	3.281499999999999773e+02
4.185000000000000000e+05	3.281499999999999773e+02
4.185000000000000000e+05	3.281499999999999773e+02
4.194000000000000000e+05	3.281499999999999773e+02
4.194000000000000000e+05	3.281499999999999773e+02
4.203000000000000000e+05	3.281499999999999773e+02
4.203000000000000000e+05	3.281499999999999773e+02
4.212000000000000000e+05	3.281499999999999773e+02
4.212000000000000000e+05	2.981499999999999773e+02
4.221000000000000000e+05	2.981499999999999773e+02
4.221000000000000000e+05	3.281499999999999773e+02
4.230000000000000000e+05	3.281499999999999773e+02
4.230000000000000000e+05	3.281499999999999773e+02
4.239000000000000000e+05	3.281499999999999773e+02
4.239000000000000000e+05	3.281499999999999773e+02
4.248000000000000000e+05	3.281499999999999773e+02
4.248000000000000000e+05	3.281499999999999773e+02
4.257000000000000000e+05	3.281499999999999773e+02
4.257000000000000000e+05	3.281499999999999773e+02
4.266000000000000000e+05	3.281499999999999773e+02
4.266000000000000000e+05	3.281499999999999773e+02
4.275000000000000000e+05	3.281499999999999773e+02
4.275000000000000000e+05	3.281499999999999773e+02
4.284000000000000000e+05	3.281499999999999773e+02
4.284000000000000000e+05	3.281499999999999773e+02
4.293000000000000000e+05	3.281499999999999773e+02
4.293000000000000000e+05	3.281499999999999773e+02
4.302000000000000000e+05	3.281499999999999773e+02
4.302000000000000000e+05	3.281499999999999773e+02
4.311000000000000000e+05	3.281499999999999773e+02
4.311000000000000000e+05	3.281499999999999773e+02
4.320000000000000000e+05	3.281499999999999773e+02
4.320000000000000000e+05	3.281499999999999773e+02
4.329000000000000000e+05	3.281499999999999773e+02
4.329000000000000000e+05	3.281499999999999773e+02
4.338000000000000000e+05	3.281499999999999773e+02
4.338000000000000000e+05	3.281499999999999773e+02
4.347000000000000000e+05	3.281499999999999773e+02
4.347000000000000000e+05	3.281499999999999773e+02
4.356000000000000000e+05	3.281499999999999773e+02
4.356000000000000000e+05	3.281499999999999773e+02
4.365000000000000000e+05	3.281499999999999773e+02
4.365000000000000000e+05	3.281499999999999773e+02
4.374000000000000000e+05	3.281499999999999773e+02
4.374000000000000000e+05	3.281499999999999773e+02
4.383000000000000000e+05	3.281499999999999773e+02
4.383000000000000000e+05	3.281499999999999773e+02
4.392000000000000000e+05	3.281499999999999773e+02
4.392000000000000000e+05	3.281499999999999773e+02
4.401000000000000000e+05	3.281499999999999773e+02
4.401000000000000000e+05	3.281499999999999773e+02
4.410000000000000000e+05	3.281499999999999773e+02
4.410000000000000000e+05	3.281499999999999773e+02
4.419000000000000000e+05	3.281499999999999773e+02
4.419000000000000000e+05	3.277645636463568621e+02
4.428000000000000000e+05	3.277645636463568621e+02
4.428000000000000000e+05	3.096541296815703959e+02
4.437000000000000000e+05	3.096541296815703959e+02
4.437000000000000000e+05	3.281499999999999773e+02
4.446000000000000000e+05	3.281499999999999773e+02
4.446000000000000000e+05	3.281499999999999773e+02
4.455000000000000000e+05	3.281499999999999773e+02
4.455000000000000000e+05	3.281499999999999773e+02
4.464000000000000000e+05	3.281499999999999773e+02
4.464000000000000000e+05	3.281499999999999773e+02
4.473000000000000000e+05	3.281499999999999773e+02
4.473000000000000000e+05	3.281499999999999773e+02
4.482000000000000000e+05	3.281499999999999773e+02
4.482000000000000000e+05	3.281499999999999773e+02
4.491000000000000000e+05	3.281499999999999773e+02
4.491000000000000000e+05	3.281499999999999773e+02
4.500000000000000000e+05	3.281499999999999773e+02
4.500000000000000000e+05	3.281499999999999773e+02
4.509000000000000000e+05	3.281499999999999773e+02
4.509000000000000000e+05	3.281499999999999773e+02
4.518000000000000000e+05	3.281499999999999773e+02
4.518000000000000000e+05	2.981499999999999773e+02
4.527000000000000000e+05	2.981499999999999773e+02
4.527000000000000000e+05	2.981499999999999773e+02
4.536000000000000000e+05	2.981499999999999773e+02
4.536000000000000000e+05	3.281499999999999773e+02
4.545000000000000000e+05	3.281499999999999773e+02
4.545000000000000000e+05	3.281499999999999773e+02
4.554000000000000000e+05	3.281499999999999773e+02
4.554000000000000000e+05	3.281499999999999773e+02
4.563000000000000000e+05	3.281499999999999773e+02
4.563000000000000000e+05	2.981499999999999773e+02
4.572000000000000000e+05	2.981499999999999773e+02
4.572000000000000000e+05	2.997036102748939470e+02
4.581000000000000000e+05	2.997036102748939470e+02
4.581000000000000000e+05	3.059543512762486444e+02
4.590000000000000000e+05	3.059543512762486444e+02
4.590000000000000000e+05	3.103657900235273246e+02
4.599000000000000000e+05	3.103657900235273246e+02
4.599000000000000000e+05	3.131003057205842879e+02
4.608000000000000000e+05	3.131003057205842879e+02
4.608000000000000000e+05	3.104541270767040828e+02
4.617000000000000000e+05	3.104541270767040828e+02
4.617000000000000000e+05	3.133801091410599042e+02
4.626000000000000000e+05	3.133801091410599042e+02
4.626000000000000000e+05	3.136040053759289776e+02
4.635000000000000000e+05	3.136040053759289776e+02
4.635000000000000000e+05	3.096653648100401597e+02
4.644000000000000000e+05	3.096653648100401597e+02
4.644000000000000000e+05	3.281499999999999773e+02
4.653000000000000000e+05	3.281499999999999773e+02
4.653000000000000000e+05	3.096578747243936505e+02
4.662000000000000000e+05	3.096578747243936505e+02
4.662000000000000000e+05	3.096616197672169051e+02
4.671000000000000000e+05	3.096616197672169051e+02
4.671000000000000000e+05	3.096653648100401597e+02
4.680000000000000000e+05	3.096653648100401597e+02
4.680000000000000000e+05	3.096541296815703959e+02
4.689000000000000000e+05	3.096541296815703959e+02
4.689000000000000000e+05	3.281499999999999773e+02
4.698000000000000000e+05	3.281499999999999773e+02
4.698000000000000000e+05	3.038949242757514639e+02
4.707000000000000000e+05	3.038949242757514639e+02
4.707000000000000000e+05	3.049122775815038153e+02
4.716000000000000000e+05	3.049122775815038153e+02
4.716000000000000000e+05	3.045130456723970838e+02
4.725000000000000000e+05	3.045130456723970838e+02
4.725000000000000000e+05	3.047390899747337585e+02
4.734000000000000000e+05	3.047390899747337585e+02
4.734000000000000000e+05	3.044250237519254370e+02
4.743000000000000000e+05	3.044250237519254370e+02
4.743000000000000000e+05	3.051062582592848571e+02
4.752000000000000000e+05	3.051062582592848571e+02
4.752000000000000000e+05	3.281499999999999773e+02
4.761000000000000000e+05	3.281499999999999773e+02
4.761000000000000000e+05	3.030014203202118779e+02
4.770000000000000000e+05	3.030014203202118779e+02
4.770000000000000000e+05	3.096616197672169051e+02
4.779000000000000000e+05	3.096616197672169051e+02
4.779000000000000000e+05	3.061161264495681280e+02
4.788000000000000000e+05	3.061161264495681280e+02
4.788000000000000000e+05	3.281499999999999773e+02
4.797000000000000000e+05	3.281499999999999773e+02
4.797000000000000000e+05	3.096578747243936505e+02
4.806000000000000000e+05	3.096578747243936505e+02
4.806000000000000000e+05	3.281499999999999773e+02
4.815000000000000000e+05	3.281499999999999773e+02
4.815000000000000000e+05	3.010483054443914739e+02
4.824000000000000000e+05	3.010483054443914739e+02
4.824000000000000000e+05	3.281499999999999773e+02
4.833000000000000000e+05	3.281499999999999773e+02
4.833000000000000000e+05	2.981499999999999773e+02
4.842000000000000000e+05	2.981499999999999773e+02
4.842000000000000000e+05	2.981499999999999773e+02
4.851000000000000000e+05	2.981499999999999773e+02
4.851000000000000000e+05	3.281499999999999773e+02
4.860000000000000000e+05	3.281499999999999773e+02
4.860000000000000000e+05	3.016534285452278255e+02
4.869000000000000000e+05	3.016534285452278255e+02
4.869000000000000000e+05	2.981499999999999773e+02
4.878000000000000000e+05	2.981499999999999773e+02
4.878000000000000000e+05	2.981499999999999773e+02
4.887000000000000000e+05	2.981499999999999773e+02
4.887000000000000000e+05	2.981499999999999773e+02
4.896000000000000000e+05	2.981499999999999773e+02
4.896000000000000000e+05	3.056095222820146091e+02
4.905000000000000000e+05	3.056095222820146091e+02
4.905000000000000000e+05	3.281499999999999773e+02
4.914000000000000000e+05	3.281499999999999773e+02
4.914000000000000000e+05	2.981499999999999773e+02
4.923000000000000000e+05	2.981499999999999773e+02
4.923000000000000000e+05	2.981499999999999773e+02
4.932000000000000000e+05	2.981499999999999773e+02
4.932000000000000000e+05	3.056095222820151207e+02
4.941000000000000000e+05	3.056095222820151207e+02
4.941000000000000000e+05	3.281499999999999773e+02
4.950000000000000000e+05	3.281499999999999773e+02
4.950000000000000000e+05	3.002394437102362303e+02
4.959000000000000000e+05	3.002394437102362303e+02
4.959000000000000000e+05	3.281499999999999773e+02
4.968000000000000000e+05	3.281499999999999773e+02
4.968000000000000000e+05	3.096541296815703959e+02
4.977000000000000000e+05	3.096541296815703959e+02
4.977000000000000000e+05	3.096578747243936505e+02
4.986000000000000000e+05	3.096578747243936505e+02
4.986000000000000000e+05	3.050306072329039466e+02
4.995000000000000000e+05	3.050306072329039466e+02
4.995000000000000000e+05	2.981499999999999773e+02
5.004000000000000000e+05	2.981499999999999773e+02
5.004000000000000000e+05	3.001702613093709715e+02
5.013000000000000000e+05	3.001702613093709715e+02
5.013000000000000000e+05	3.257066533811592990e+02
5.022000000000000000e+05	3.257066533811592990e+02
5.022000000000000000e+05	2.981499999999999773e+02
5.031000000000000000e+05	2.981499999999999773e+02
5.031000000000000000e+05	3.012886282211337630e+02
5.040000000000000000e+05	3.012886282211337630e+02
5.040000000000000000e+05	3.281499999999999773e+02
5.049000000000000000e+05	3.281499999999999773e+02
5.049000000000000000e+05	3.281499999999999773e+02
5.058000000000000000e+05	3.281499999999999773e+02
5.058000000000000000e+05	3.281499999999999773e+02
5.067000000000000000e+05	3.281499999999999773e+02
5.067000000000000000e+05	3.281499999999999773e+02
5.076000000000000000e+05	3.281499999999999773e+02
5.076000000000000000e+05	3.281499999999999773e+02
5.085000000000000000e+05	3.281499999999999773e+02
5.085000000000000000e+05	3.281499999999999773e+02
5.094000000000000000e+05	3.281499999999999773e+02
5.094000000000000000e+05	3.281499999999999773e+02
5.103000000000000000e+05	3.281499999999999773e+02
5.103000000000000000e+05	3.281499999999999773e+02
5.112000000000000000e+05	3.281499999999999773e+02
5.112000000000000000e+05	3.096541296815703959e+02
5.121000000000000000e+05	3.096541296815703959e+02
5.121000000000000000e+05	3.281499999999999773e+02
5.130000000000000000e+05	3.281499999999999773e+02
5.130000000000000000e+05	3.281499999999999773e+02
5.139000000000000000e+05	3.281499999999999773e+02
5.139000000000000000e+05	3.281499999999999773e+02
5.148000000000000000e+05	3.281499999999999773e+02
5.148000000000000000e+05	3.096541296815703959e+02
5.157000000000000000e+05	3.096541296815703959e+02
5.157000000000000000e+05	3.281499999999999773e+02
5.166000000000000000e+05	3.281499999999999773e+02
5.166000000000000000e+05	3.281499999999999773e+02
5.175000000000000000e+05	3.281499999999999773e+02
5.175000000000000000e+05	3.281499999999999773e+02
5.184000000000000000e+05	3.281499999999999773e+02
5.184000000000000000e+05	2.981499999999999773e+02
5.193000000000000000e+05	2.981499999999999773e+02
5.193000000000000000e+05	3.281499999999999773e+02
5.202000000000000000e+05	3.281499999999999773e+02
5.202000000000000000e+05	3.281499999999999773e+02
5.211000000000000000e+05	3.281499999999999773e+02
5.211000000000000000e+05	3.281499999999999773e+02
5.220000000000000000e+05	3.281499999999999773e+02
5.220000000000000000e+05	2.981499999999999773e+02
5.229000000000000000e+05	2.981499999999999773e+02
5.229000000000000000e+05	2.981499999999999773e+02
5.238000000000000000e+05	2.981499999999999773e+02
5.238000000000000000e+05	3.281499999999999773e+02
5.247000000000000000e+05	3.281499999999999773e+02
5.247000000000000000e+05	2.981499999999999773e+02
5.256000000000000000e+05	2.981499999999999773e+02
5.256000000000000000e+05	3.281499999999999773e+02
5.265000000000000000e+05	3.281499999999999773e+02
5.265000000000000000e+05	3.281499999999999773e+02
5.274000000000000000e+05	3.281499999999999773e+02
5.274000000000000000e+05	3.281499999999999773e+02
5.283000000000000000e+05	3.281499999999999773e+02
5.283000000000000000e+05	3.281499999999999773e+02
5.292000000000000000e+05	3.281499999999999773e+02
5.292000000000000000e+05	3.281499999999999773e+02
5.301000000000000000e+05	3.281499999999999773e+02
5.301000000000000000e+05	3.281499999999999773e+02
5.310000000000000000e+05	3.281499999999999773e+02
5.310000000000000000e+05	3.281499999999999773e+02
5.319000000000000000e+05	3.281499999999999773e+02
5.319000000000000000e+05	3.281499999999999773e+02
5.328000000000000000e+05	3.281499999999999773e+02
5.328000000000000000e+05	3.281499999999999773e+02
5.337000000000000000e+05	3.281499999999999773e+02
5.337000000000000000e+05	3.281499999999999773e+02
5.346000000000000000e+05	3.281499999999999773e+02
5.346000000000000000e+05	3.281499999999999773e+02
5.355000000000000000e+05	3.281499999999999773e+02
5.355000000000000000e+05	3.281499999999999773e+02
5.364000000000000000e+05	3.281499999999999773e+02
5.364000000000000000e+05	2.997429502976730191e+02
5.373000000000000000e+05	2.997429502976730191e+02
5.373000000000000000e+05	3.060724911081829305e+02
5.382000000000000000e+05	3.060724911081829305e+02
5.382000000000000000e+05	2.981499999999999773e+02
5.391000000000000000e+05	2.981499999999999773e+02
5.391000000000000000e+05	2.981499999999999773e+02
5.400000000000000000e+05	2.981499999999999773e+02
5.400000000000000000e+05	3.281499999999999773e+02
5.409000000000000000e+05	3.281499999999999773e+02
5.409000000000000000e+05	3.281499999999999773e+02
5.418000000000000000e+05	3.281499999999999773e+02
5.418000000000000000e+05	3.281499999999999773e+02
5.427000000000000000e+05	3.281499999999999773e+02
5.427000000000000000e+05	3.052199999095587373e+02
5.436000000000000000e+05	3.052199999095587373e+02
5.436000000000000000e+05	3.018301271295756578e+02
5.445000000000000000e+05	3.018301271295756578e+02
5.445000000000000000e+05	3.096578747243936505e+02
5.454000000000000000e+05	3.096578747243936505e+02
5.454000000000000000e+05	3.114888645505952809e+02
5.463000000000000000e+05	3.114888645505952809e+02
5.463000000000000000e+05	3.139676155252385570e+02
5.472000000000000000e+05	3.139676155252385570e+02
5.472000000000000000e+05	3.106511634961353820e+02
5.481000000000000000e+05	3.106511634961353820e+02
5.481000000000000000e+05	3.132481116162385320e+02
5.490000000000000000e+05	3.132481116162385320e+02
5.490000000000000000e+05	3.136221710505396914e+02
5.499000000000000000e+05	3.136221710505396914e+02
5.499000000000000000e+05	3.142759317701928126e+02
5.508000000000000000e+05	3.142759317701928126e+02
5.508000000000000000e+05	3.122722478117933633e+02
5.517000000000000000e+05	3.122722478117933633e+02
5.517000000000000000e+05	3.093032284678163251e+02
5.526000000000000000e+05	3.093032284678163251e+02
5.526000000000000000e+05	3.085863205126106550e+02
5.535000000000000000e+05	3.085863205126106550e+02
5.535000000000000000e+05	3.073211997202402017e+02
5.544000000000000000e+05	3.073211997202402017e+02
5.544000000000000000e+05	3.281499999999999773e+02
5.553000000000000000e+05	3.281499999999999773e+02
5.553000000000000000e+05	2.981499999999999773e+02
5.562000000000000000e+05	2.981499999999999773e+02
5.562000000000000000e+05	2.981499999999999773e+02
5.571000000000000000e+05	2.981499999999999773e+02
5.571000000000000000e+05	2.981499999999999773e+02
5.580000000000000000e+05	2.981499999999999773e+02
5.580000000000000000e+05	3.096541296815703959e+02
5.589000000000000000e+05	3.096541296815703959e+02
5.589000000000000000e+05	3.281499999999999773e+02
5.598000000000000000e+05	3.281499999999999773e+02
5.598000000000000000e+05	3.263508860960084235e+02
5.607000000000000000e+05	3.263508860960084235e+02
5.607000000000000000e+05	3.096653648100401597e+02
5.616000000000000000e+05	3.096653648100401597e+02
5.616000000000000000e+05	3.281499999999999773e+02
5.625000000000000000e+05	3.281499999999999773e+02
5.625000000000000000e+05	3.096578747243936505e+02
5.634000000000000000e+05	3.096578747243936505e+02
5.634000000000000000e+05	3.281499999999999773e+02
5.643000000000000000e+05	3.281499999999999773e+02
5.643000000000000000e+05	2.981499999999999773e+02
5.652000000000000000e+05	2.981499999999999773e+02
5.652000000000000000e+05	3.281499999999999773e+02
5.661000000000000000e+05	3.281499999999999773e+02
5.661000000000000000e+05	3.281499999999999773e+02
5.670000000000000000e+05	3.281499999999999773e+02
5.670000000000000000e+05	2.981499999999999773e+02
5.679000000000000000e+05	2.981499999999999773e+02
5.679000000000000000e+05	3.281499999999999773e+02
5.688000000000000000e+05	3.281499999999999773e+02
5.688000000000000000e+05	3.281499999999999773e+02
5.697000000000000000e+05	3.281499999999999773e+02
5.697000000000000000e+05	3.096578747243936505e+02
5.706000000000000000e+05	3.096578747243936505e+02
5.706000000000000000e+05	2.981499999999999773e+02
5.715000000000000000e+05	2.981499999999999773e+02
5.715000000000000000e+05	3.281499999999999773e+02
5.724000000000000000e+05	3.281499999999999773e+02
5.724000000000000000e+05	3.281499999999999773e+02
5.733000000000000000e+05	3.281499999999999773e+02
5.733000000000000000e+05	3.264876237413291733e+02
5.742000000000000000e+05	3.264876237413291733e+02
5.742000000000000000e+05	3.281499999999999773e+02
5.751000000000000000e+05	3.281499999999999773e+02
5.751000000000000000e+05	2.981499999999999773e+02
5.760000000000000000e+05	2.981499999999999773e+02
5.760000000000000000e+05	3.281499999999999773e+02
5.769000000000000000e+05	3.281499999999999773e+02
5.769000000000000000e+05	3.281499999999999773e+02
5.778000000000000000e+05	3.281499999999999773e+02
5.778000000000000000e+05	2.981499999999999773e+02
5.787000000000000000e+05	2.981499999999999773e+02
5.787000000000000000e+05	3.281499999999999773e+02
5.796000000000000000e+05	3.281499999999999773e+02
5.796000000000000000e+05	3.281499999999999773e+02
5.805000000000000000e+05	3.281499999999999773e+02
5.805000000000000000e+05	3.281499999999999773e+02
5.814000000000000000e+05	3.281499999999999773e+02
5.814000000000000000e+05	3.281499999999999773e+02
5.823000000000000000e+05	3.281499999999999773e+02
5.823000000000000000e+05	3.281499999999999773e+02
5.832000000000000000e+05	3.281499999999999773e+02
5.832000000000000000e+05	2.981499999999999773e+02
5.841000000000000000e+05	2.981499999999999773e+02
5.841000000000000000e+05	3.281499999999999773e+02
5.850000000000000000e+05	3.281499999999999773e+02
5.850000000000000000e+05	3.281499999999999773e+02
5.859000000000000000e+05	3.281499999999999773e+02
5.859000000000000000e+05	3.281499999999999773e+02
5.868000000000000000e+05	3.281499999999999773e+02
5.868000000000000000e+05	3.281499999999999773e+02
5.877000000000000000e+05	3.281499999999999773e+02
5.877000000000000000e+05	3.281499999999999773e+02
5.886000000000000000e+05	3.281499999999999773e+02
5.886000000000000000e+05	3.281499999999999773e+02
5.895000000000000000e+05	3.281499999999999773e+02
5.895000000000000000e+05	2.988731661226742062e+02
5.904000000000000000e+05	2.988731661226742062e+02
5.904000000000000000e+05	3.281499999999999773e+02
5.913000000000000000e+05	3.281499999999999773e+02
5.913000000000000000e+05	3.281499999999999773e+02
5.922000000000000000e+05	3.281499999999999773e+02
5.922000000000000000e+05	2.981499999999999773e+02
5.931000000000000000e+05	2.981499999999999773e+02
5.931000000000000000e+05	3.281499999999999773e+02
5.940000000000000000e+05	3.281499999999999773e+02
5.940000000000000000e+05	3.276152233980435540e+02
5.949000000000000000e+05	3.276152233980435540e+02
5.949000000000000000e+05	3.281499999999999773e+02
5.958000000000000000e+05	3.281499999999999773e+02
5.958000000000000000e+05	3.281499999999999773e+02
5.967000000000000000e+05	3.281499999999999773e+02
5.967000000000000000e+05	3.281499999999999773e+02
5.976000000000000000e+05	3.281499999999999773e+02
5.976000000000000000e+05	3.281499999999999773e+02
5.985000000000000000e+05	3.281499999999999773e+02
5.985000000000000000e+05	2.981499999999999773e+02
5.994000000000000000e+05	2.981499999999999773e+02
5.994000000000000000e+05	3.281499999999999773e+02
6.003000000000000000e+05	3.281499999999999773e+02
6.003000000000000000e+05	3.281499999999999773e+02
6.012000000000000000e+05	3.281499999999999773e+02
6.012000000000000000e+05	3.281499999999999773e+02
6.021000000000000000e+05	3.281499999999999773e+02
6.021000000000000000e+05	3.281499999999999773e+02
6.030000000000000000e+05	3.281499999999999773e+02
6.030000000000000000e+05	3.281499999999999773e+02
6.039000000000000000e+05	3.281499999999999773e+02
6.039000000000000000e+05	3.281499999999999773e+02
6.048000000000000000e+05	3.281499999999999773e+02
