# #1
# double t_TES(1344, 2)
0.000000000000000000e+00	3.031499999999999773e+02
9.000000000000000000e+02	3.031499999999999773e+02
9.000000000000000000e+02	3.019943204039148554e+02
1.800000000000000000e+03	3.019943204039148554e+02
1.800000000000000000e+03	3.022174621619162167e+02
2.700000000000000000e+03	3.022174621619162167e+02
2.700000000000000000e+03	3.026040815202508725e+02
3.600000000000000000e+03	3.026040815202508725e+02
3.600000000000000000e+03	3.025762192130621884e+02
4.500000000000000000e+03	3.025762192130621884e+02
4.500000000000000000e+03	2.998907161827000891e+02
5.400000000000000000e+03	2.998907161827000891e+02
5.400000000000000000e+03	3.006112829876259980e+02
6.300000000000000000e+03	3.006112829876259980e+02
6.300000000000000000e+03	3.005600826470761717e+02
7.200000000000000000e+03	3.005600826470761717e+02
7.200000000000000000e+03	3.005926919753682682e+02
8.100000000000000000e+03	3.005926919753682682e+02
8.100000000000000000e+03	2.981241186264953740e+02
9.000000000000000000e+03	2.981241186264953740e+02
9.000000000000000000e+03	2.965913039647838900e+02
9.900000000000000000e+03	2.965913039647838900e+02
9.900000000000000000e+03	2.969851042756324091e+02
1.080000000000000000e+04	2.969851042756324091e+02
1.080000000000000000e+04	2.962887973239462553e+02
1.170000000000000000e+04	2.962887973239462553e+02
1.170000000000000000e+04	2.989113736523677289e+02
1.260000000000000000e+04	2.989113736523677289e+02
1.260000000000000000e+04	2.975322588279216234e+02
1.350000000000000000e+04	2.975322588279216234e+02
1.350000000000000000e+04	2.981722490875574181e+02
1.440000000000000000e+04	2.981722490875574181e+02
1.440000000000000000e+04	2.982171400920860833e+02
1.530000000000000000e+04	2.982171400920860833e+02
1.530000000000000000e+04	2.985840148546068349e+02
1.620000000000000000e+04	2.985840148546068349e+02
1.620000000000000000e+04	2.988243272431575406e+02
1.710000000000000000e+04	2.988243272431575406e+02
1.710000000000000000e+04	2.991118558866401713e+02
1.800000000000000000e+04	2.991118558866401713e+02
1.800000000000000000e+04	2.993914397482448635e+02
1.890000000000000000e+04	2.993914397482448635e+02
1.890000000000000000e+04	2.991785361317283218e+02
1.980000000000000000e+04	2.991785361317283218e+02
1.980000000000000000e+04	2.999841110950630991e+02
2.070000000000000000e+04	2.999841110950630991e+02
2.070000000000000000e+04	2.984424600727132315e+02
2.160000000000000000e+04	2.984424600727132315e+02
2.160000000000000000e+04	2.960426061990670519e+02
2.250000000000000000e+04	2.960426061990670519e+02
2.250000000000000000e+04	2.947485393798899054e+02
2.340000000000000000e+04	2.947485393798899054e+02
2.340000000000000000e+04	2.958745230552411272e+02
2.430000000000000000e+04	2.958745230552411272e+02
2.430000000000000000e+04	2.947782082274366644e+02
2.520000000000000000e+04	2.947782082274366644e+02
2.520000000000000000e+04	2.953861673851501450e+02
2.610000000000000000e+04	2.953861673851501450e+02
2.610000000000000000e+04	3.011381436733217924e+02
2.700000000000000000e+04	3.011381436733217924e+02
2.700000000000000000e+04	3.047387082001778253e+02
2.790000000000000000e+04	3.047387082001778253e+02
2.790000000000000000e+04	3.071161612134323491e+02
2.880000000000000000e+04	3.071161612134323491e+02
2.880000000000000000e+04	3.041999528139365907e+02
2.970000000000000000e+04	3.041999528139365907e+02
2.970000000000000000e+04	3.067864629346095171e+02
3.060000000000000000e+04	3.067864629346095171e+02
3.060000000000000000e+04	3.069287618452905804e+02
3.150000000000000000e+04	3.069287618452905804e+02
3.150000000000000000e+04	3.075294628715555518e+02
3.240000000000000000e+04	3.075294628715555518e+02
3.240000000000000000e+04	3.073929051120931035e+02
3.330000000000000000e+04	3.073929051120931035e+02
3.330000000000000000e+04	3.085627610875581013e+02
3.420000000000000000e+04	3.085627610875581013e+02
3.420000000000000000e+04	3.068051981504149808e+02
3.510000000000000000e+04	3.068051981504149808e+02
3.510000000000000000e+04	3.056113213121228682e+02
3.600000000000000000e+04	3.056113213121228682e+02
3.600000000000000000e+04	3.056556083207776737e+02
3.690000000000000000e+04	3.056556083207776737e+02
3.690000000000000000e+04	3.013958227089109414e+02
3.780000000000000000e+04	3.013958227089109414e+02
3.780000000000000000e+04	3.028387840410338185e+02
3.870000000000000000e+04	3.028387840410338185e+02
3.870000000000000000e+04	3.020500059685951442e+02
3.960000000000000000e+04	3.020500059685951442e+02
3.960000000000000000e+04	3.021838118642909876e+02
4.050000000000000000e+04	3.021838118642909876e+02
4.050000000000000000e+04	3.007185331229120493e+02
4.140000000000000000e+04	3.007185331229120493e+02
4.140000000000000000e+04	2.999281384802241064e+02
4.230000000000000000e+04	2.999281384802241064e+02
4.230000000000000000e+04	2.998301604071681936e+02
4.320000000000000000e+04	2.998301604071681936e+02
4.320000000000000000e+04	2.995033648965593898e+02
4.410000000000000000e+04	2.995033648965593898e+02
4.410000000000000000e+04	3.011329947328733851e+02
4.500000000000000000e+04	3.011329947328733851e+02
4.500000000000000000e+04	2.996411200395768333e+02
4.590000000000000000e+04	2.996411200395768333e+02
4.590000000000000000e+04	2.998272227338284210e+02
4.680000000000000000e+04	2.998272227338284210e+02
4.680000000000000000e+04	2.997068659810848885e+02
4.770000000000000000e+04	2.997068659810848885e+02
4.770000000000000000e+04	2.991005119507657355e+02
4.860000000000000000e+04	2.991005119507657355e+02
4.860000000000000000e+04	2.978659834386334069e+02
4.950000000000000000e+04	2.978659834386334069e+02
4.950000000000000000e+04	2.980019926113498627e+02
5.040000000000000000e+04	2.980019926113498627e+02
5.040000000000000000e+04	2.976096936982704619e+02
5.130000000000000000e+04	2.976096936982704619e+02
5.130000000000000000e+04	2.987871493035372055e+02
5.220000000000000000e+04	2.987871493035372055e+02
5.220000000000000000e+04	2.977685179006109024e+02
5.310000000000000000e+04	2.977685179006109024e+02
5.310000000000000000e+04	2.965789049845088812e+02
5.400000000000000000e+04	2.965789049845088812e+02
5.400000000000000000e+04	2.972568240541526734e+02
5.490000000000000000e+04	2.972568240541526734e+02
5.490000000000000000e+04	2.960219270676082033e+02
5.580000000000000000e+04	2.960219270676082033e+02
5.580000000000000000e+04	2.961038307764208071e+02
5.670000000000000000e+04	2.961038307764208071e+02
5.670000000000000000e+04	2.949974288473343336e+02
5.760000000000000000e+04	2.949974288473343336e+02
5.760000000000000000e+04	2.946775760837522853e+02
5.850000000000000000e+04	2.946775760837522853e+02
5.850000000000000000e+04	2.942335283832076129e+02
5.940000000000000000e+04	2.942335283832076129e+02
5.940000000000000000e+04	2.926741730156069252e+02
6.030000000000000000e+04	2.926741730156069252e+02
6.030000000000000000e+04	2.960845696077695379e+02
6.120000000000000000e+04	2.960845696077695379e+02
6.120000000000000000e+04	2.958764623400007281e+02
6.210000000000000000e+04	2.958764623400007281e+02
6.210000000000000000e+04	2.989385448286997189e+02
6.300000000000000000e+04	2.989385448286997189e+02
6.300000000000000000e+04	2.960452765582819552e+02
6.390000000000000000e+04	2.960452765582819552e+02
6.390000000000000000e+04	2.972051943771550668e+02
6.480000000000000000e+04	2.972051943771550668e+02
6.480000000000000000e+04	2.969892699592458030e+02
6.570000000000000000e+04	2.969892699592458030e+02
6.570000000000000000e+04	3.020100479840506864e+02
6.660000000000000000e+04	3.020100479840506864e+02
6.660000000000000000e+04	2.972221322002673105e+02
6.750000000000000000e+04	2.972221322002673105e+02
6.750000000000000000e+04	2.980485723903317421e+02
6.840000000000000000e+04	2.980485723903317421e+02
6.840000000000000000e+04	2.979246086877942048e+02
6.930000000000000000e+04	2.979246086877942048e+02
6.930000000000000000e+04	3.025501905756049155e+02
7.020000000000000000e+04	3.025501905756049155e+02
7.020000000000000000e+04	3.011255762776452229e+02
7.110000000000000000e+04	3.011255762776452229e+02
7.110000000000000000e+04	2.988341963240196151e+02
7.200000000000000000e+04	2.988341963240196151e+02
7.200000000000000000e+04	2.994841437843046492e+02
7.290000000000000000e+04	2.994841437843046492e+02
7.290000000000000000e+04	3.001777038629099366e+02
7.380000000000000000e+04	3.001777038629099366e+02
7.380000000000000000e+04	2.966939888622338231e+02
7.470000000000000000e+04	2.966939888622338231e+02
7.470000000000000000e+04	2.950823066776735573e+02
7.560000000000000000e+04	2.950823066776735573e+02
7.560000000000000000e+04	2.952157476623987691e+02
7.650000000000000000e+04	2.952157476623987691e+02
7.650000000000000000e+04	2.944400324975107424e+02
7.740000000000000000e+04	2.944400324975107424e+02
7.740000000000000000e+04	2.927497816407051232e+02
7.830000000000000000e+04	2.927497816407051232e+02
7.830000000000000000e+04	2.919989893297492358e+02
7.920000000000000000e+04	2.919989893297492358e+02
7.920000000000000000e+04	2.933507643020235491e+02
8.010000000000000000e+04	2.933507643020235491e+02
8.010000000000000000e+04	2.930696728432179157e+02
8.100000000000000000e+04	2.930696728432179157e+02
8.100000000000000000e+04	2.943300840819727000e+02
8.190000000000000000e+04	2.943300840819727000e+02
8.190000000000000000e+04	2.946735815033643462e+02
8.280000000000000000e+04	2.946735815033643462e+02
8.280000000000000000e+04	2.929517059389094698e+02
8.370000000000000000e+04	2.929517059389094698e+02
8.370000000000000000e+04	2.929158044537638830e+02
8.460000000000000000e+04	2.929158044537638830e+02
8.460000000000000000e+04	2.939525318360495589e+02
8.550000000000000000e+04	2.939525318360495589e+02
8.550000000000000000e+04	2.942767207765518833e+02
8.640000000000000000e+04	2.942767207765518833e+02
8.640000000000000000e+04	2.927523002097241829e+02
8.730000000000000000e+04	2.927523002097241829e+02
8.730000000000000000e+04	2.927213824488776481e+02
8.820000000000000000e+04	2.927213824488776481e+02
8.820000000000000000e+04	2.929580288216470763e+02
8.910000000000000000e+04	2.929580288216470763e+02
8.910000000000000000e+04	2.924983780003357197e+02
9.000000000000000000e+04	2.924983780003357197e+02
9.000000000000000000e+04	2.922114945324980795e+02
9.090000000000000000e+04	2.922114945324980795e+02
9.090000000000000000e+04	2.983383653798939577e+02
9.180000000000000000e+04	2.983383653798939577e+02
9.180000000000000000e+04	2.962451670003720210e+02
9.270000000000000000e+04	2.962451670003720210e+02
9.270000000000000000e+04	2.954692439166846043e+02
9.360000000000000000e+04	2.954692439166846043e+02
9.360000000000000000e+04	2.932862180799011185e+02
9.450000000000000000e+04	2.932862180799011185e+02
9.450000000000000000e+04	2.957619058878044598e+02
9.540000000000000000e+04	2.957619058878044598e+02
9.540000000000000000e+04	2.955714683662034759e+02
9.630000000000000000e+04	2.955714683662034759e+02
9.630000000000000000e+04	2.967355752260307327e+02
9.720000000000000000e+04	2.967355752260307327e+02
9.720000000000000000e+04	2.969799479180095432e+02
9.810000000000000000e+04	2.969799479180095432e+02
9.810000000000000000e+04	2.991101787967161840e+02
9.900000000000000000e+04	2.991101787967161840e+02
9.900000000000000000e+04	2.975561011537412810e+02
9.990000000000000000e+04	2.975561011537412810e+02
9.990000000000000000e+04	2.958031879451280020e+02
1.008000000000000000e+05	2.958031879451280020e+02
1.008000000000000000e+05	2.954540861201663233e+02
1.017000000000000000e+05	2.954540861201663233e+02
1.017000000000000000e+05	2.980746986663143616e+02
1.026000000000000000e+05	2.980746986663143616e+02
1.026000000000000000e+05	2.973832033079396524e+02
1.035000000000000000e+05	2.973832033079396524e+02
1.035000000000000000e+05	2.956787942785854852e+02
1.044000000000000000e+05	2.956787942785854852e+02
1.044000000000000000e+05	2.965947286706041268e+02
1.053000000000000000e+05	2.965947286706041268e+02
1.053000000000000000e+05	2.970338801938757456e+02
1.062000000000000000e+05	2.970338801938757456e+02
1.062000000000000000e+05	2.966171324899783599e+02
1.071000000000000000e+05	2.966171324899783599e+02
1.071000000000000000e+05	2.975687826299968037e+02
1.080000000000000000e+05	2.975687826299968037e+02
1.080000000000000000e+05	2.976260011474370799e+02
1.089000000000000000e+05	2.976260011474370799e+02
1.089000000000000000e+05	2.960116052176379071e+02
1.098000000000000000e+05	2.960116052176379071e+02
1.098000000000000000e+05	2.951443358285242198e+02
1.107000000000000000e+05	2.951443358285242198e+02
1.107000000000000000e+05	2.937810066956072887e+02
1.116000000000000000e+05	2.937810066956072887e+02
1.116000000000000000e+05	2.969150509363262813e+02
1.125000000000000000e+05	2.969150509363262813e+02
1.125000000000000000e+05	3.024836912488095209e+02
1.134000000000000000e+05	3.024836912488095209e+02
1.134000000000000000e+05	3.055957064448967913e+02
1.143000000000000000e+05	3.055957064448967913e+02
1.143000000000000000e+05	3.077634312212036889e+02
1.152000000000000000e+05	3.077634312212036889e+02
1.152000000000000000e+05	3.047828898851871600e+02
1.161000000000000000e+05	3.047828898851871600e+02
1.161000000000000000e+05	3.071889211265375934e+02
1.170000000000000000e+05	3.071889211265375934e+02
1.170000000000000000e+05	3.072405742766145522e+02
1.179000000000000000e+05	3.072405742766145522e+02
1.179000000000000000e+05	3.077723626253788893e+02
1.188000000000000000e+05	3.077723626253788893e+02
1.188000000000000000e+05	3.076219966825382812e+02
1.197000000000000000e+05	3.076219966825382812e+02
1.197000000000000000e+05	3.066566999497590587e+02
1.206000000000000000e+05	3.066566999497590587e+02
1.206000000000000000e+05	3.049869582025871750e+02
1.215000000000000000e+05	3.049869582025871750e+02
1.215000000000000000e+05	3.042520855865162730e+02
1.224000000000000000e+05	3.042520855865162730e+02
1.224000000000000000e+05	3.035101669659241566e+02
1.233000000000000000e+05	3.035101669659241566e+02
1.233000000000000000e+05	3.022485658373529418e+02
1.242000000000000000e+05	3.022485658373529418e+02
1.242000000000000000e+05	3.032288645066891490e+02
1.251000000000000000e+05	3.032288645066891490e+02
1.251000000000000000e+05	3.007175622389101477e+02
1.260000000000000000e+05	3.007175622389101477e+02
1.260000000000000000e+05	2.978810788322435315e+02
1.269000000000000000e+05	2.978810788322435315e+02
1.269000000000000000e+05	2.964223713610827531e+02
1.278000000000000000e+05	2.964223713610827531e+02
1.278000000000000000e+05	2.956022602973230278e+02
1.287000000000000000e+05	2.956022602973230278e+02
1.287000000000000000e+05	2.943656504258619862e+02
1.296000000000000000e+05	2.943656504258619862e+02
1.296000000000000000e+05	2.964506070649173353e+02
1.305000000000000000e+05	2.964506070649173353e+02
1.305000000000000000e+05	2.954641315199379505e+02
1.314000000000000000e+05	2.954641315199379505e+02
1.314000000000000000e+05	2.964252767143271399e+02
1.323000000000000000e+05	2.964252767143271399e+02
1.323000000000000000e+05	2.956978276633254836e+02
1.332000000000000000e+05	2.956978276633254836e+02
1.332000000000000000e+05	2.947171430797479843e+02
1.341000000000000000e+05	2.947171430797479843e+02
1.341000000000000000e+05	2.944005117835917531e+02
1.350000000000000000e+05	2.944005117835917531e+02
1.350000000000000000e+05	2.955980001042692606e+02
1.359000000000000000e+05	2.955980001042692606e+02
1.359000000000000000e+05	2.955704135767730918e+02
1.368000000000000000e+05	2.955704135767730918e+02
1.368000000000000000e+05	2.943687048030961932e+02
1.377000000000000000e+05	2.943687048030961932e+02
1.377000000000000000e+05	2.943472102800235461e+02
1.386000000000000000e+05	2.943472102800235461e+02
1.386000000000000000e+05	2.954682020804566491e+02
1.395000000000000000e+05	2.954682020804566491e+02
1.395000000000000000e+05	2.958390451869693720e+02
1.404000000000000000e+05	2.958390451869693720e+02
1.404000000000000000e+05	2.943196239007837107e+02
1.413000000000000000e+05	2.943196239007837107e+02
1.413000000000000000e+05	2.942977899575489573e+02
1.422000000000000000e+05	2.942977899575489573e+02
1.422000000000000000e+05	2.954811965097637199e+02
1.431000000000000000e+05	2.954811965097637199e+02
1.431000000000000000e+05	2.958606344430400554e+02
1.440000000000000000e+05	2.958606344430400554e+02
1.440000000000000000e+05	2.941901484676836276e+02
1.449000000000000000e+05	2.941901484676836276e+02
1.449000000000000000e+05	2.941672030808252885e+02
1.458000000000000000e+05	2.941672030808252885e+02
1.458000000000000000e+05	2.953240150087962093e+02
1.467000000000000000e+05	2.953240150087962093e+02
1.467000000000000000e+05	2.956972703027828970e+02
1.476000000000000000e+05	2.956972703027828970e+02
1.476000000000000000e+05	2.964478359174271986e+02
1.485000000000000000e+05	2.964478359174271986e+02
1.485000000000000000e+05	2.960657815755296269e+02
1.494000000000000000e+05	2.960657815755296269e+02
1.494000000000000000e+05	2.964817561617381330e+02
1.503000000000000000e+05	2.964817561617381330e+02
1.503000000000000000e+05	2.965308422467097671e+02
1.512000000000000000e+05	2.965308422467097671e+02
1.512000000000000000e+05	2.952746888276145683e+02
1.521000000000000000e+05	2.952746888276145683e+02
1.521000000000000000e+05	2.969857181855281283e+02
1.530000000000000000e+05	2.969857181855281283e+02
1.530000000000000000e+05	2.974116016245222909e+02
1.539000000000000000e+05	2.974116016245222909e+02
1.539000000000000000e+05	2.988980982789803988e+02
1.548000000000000000e+05	2.988980982789803988e+02
1.548000000000000000e+05	2.990892425371346235e+02
1.557000000000000000e+05	2.990892425371346235e+02
1.557000000000000000e+05	2.977198327650801275e+02
1.566000000000000000e+05	2.977198327650801275e+02
1.566000000000000000e+05	2.974864605011513277e+02
1.575000000000000000e+05	2.974864605011513277e+02
1.575000000000000000e+05	2.960434351845623837e+02
1.584000000000000000e+05	2.960434351845623837e+02
1.584000000000000000e+05	2.953239108324700055e+02
1.593000000000000000e+05	2.953239108324700055e+02
1.593000000000000000e+05	2.981255944664393951e+02
1.602000000000000000e+05	2.981255944664393951e+02
1.602000000000000000e+05	2.948299096552985361e+02
1.611000000000000000e+05	2.948299096552985361e+02
1.611000000000000000e+05	2.935547664985761003e+02
1.620000000000000000e+05	2.935547664985761003e+02
1.620000000000000000e+05	2.947048119774098041e+02
1.629000000000000000e+05	2.947048119774098041e+02
1.629000000000000000e+05	2.941123982228158980e+02
1.638000000000000000e+05	2.941123982228158980e+02
1.638000000000000000e+05	2.924933894790706859e+02
1.647000000000000000e+05	2.924933894790706859e+02
1.647000000000000000e+05	2.918081080498027404e+02
1.656000000000000000e+05	2.918081080498027404e+02
1.656000000000000000e+05	2.932524089283159583e+02
1.665000000000000000e+05	2.932524089283159583e+02
1.665000000000000000e+05	2.930287514552502444e+02
1.674000000000000000e+05	2.930287514552502444e+02
1.674000000000000000e+05	2.943115238219323260e+02
1.683000000000000000e+05	2.943115238219323260e+02
1.683000000000000000e+05	2.946755566944128759e+02
1.692000000000000000e+05	2.946755566944128759e+02
1.692000000000000000e+05	2.929264596650231169e+02
1.701000000000000000e+05	2.929264596650231169e+02
1.701000000000000000e+05	2.928951050501875670e+02
1.710000000000000000e+05	2.928951050501875670e+02
1.710000000000000000e+05	2.939809550817375907e+02
1.719000000000000000e+05	2.939809550817375907e+02
1.719000000000000000e+05	2.943226495721089009e+02
1.728000000000000000e+05	2.943226495721089009e+02
1.728000000000000000e+05	2.927432539025198821e+02
1.737000000000000000e+05	2.927432539025198821e+02
1.737000000000000000e+05	2.927151057871053581e+02
1.746000000000000000e+05	2.927151057871053581e+02
1.746000000000000000e+05	2.937539169661012011e+02
1.755000000000000000e+05	2.937539169661012011e+02
1.755000000000000000e+05	2.937119917733425041e+02
1.764000000000000000e+05	2.937119917733425041e+02
1.764000000000000000e+05	2.948221712242104786e+02
1.773000000000000000e+05	2.948221712242104786e+02
1.773000000000000000e+05	2.944308745778670868e+02
1.782000000000000000e+05	2.944308745778670868e+02
1.782000000000000000e+05	2.941920378274581935e+02
1.791000000000000000e+05	2.941920378274581935e+02
1.791000000000000000e+05	2.934876354907920017e+02
1.800000000000000000e+05	2.934876354907920017e+02
1.800000000000000000e+05	2.930924593361500001e+02
1.809000000000000000e+05	2.930924593361500001e+02
1.809000000000000000e+05	2.957048491842201088e+02
1.818000000000000000e+05	2.957048491842201088e+02
1.818000000000000000e+05	2.934701656470149942e+02
1.827000000000000000e+05	2.934701656470149942e+02
1.827000000000000000e+05	2.924678237427113459e+02
1.836000000000000000e+05	2.924678237427113459e+02
1.836000000000000000e+05	2.946645456132165464e+02
1.845000000000000000e+05	2.946645456132165464e+02
1.845000000000000000e+05	2.935998000478463155e+02
1.854000000000000000e+05	2.935998000478463155e+02
1.854000000000000000e+05	2.918390535949574200e+02
1.863000000000000000e+05	2.918390535949574200e+02
1.863000000000000000e+05	2.973376426798718057e+02
1.872000000000000000e+05	2.973376426798718057e+02
1.872000000000000000e+05	2.932636767585047437e+02
1.881000000000000000e+05	2.932636767585047437e+02
1.881000000000000000e+05	2.990364363150601434e+02
1.890000000000000000e+05	2.990364363150601434e+02
1.890000000000000000e+05	2.944602759698231580e+02
1.899000000000000000e+05	2.944602759698231580e+02
1.899000000000000000e+05	2.927813006933461111e+02
1.908000000000000000e+05	2.927813006933461111e+02
1.908000000000000000e+05	2.954701913875002788e+02
1.917000000000000000e+05	2.954701913875002788e+02
1.917000000000000000e+05	2.990874528323765844e+02
1.926000000000000000e+05	2.990874528323765844e+02
1.926000000000000000e+05	2.948535353496641278e+02
1.935000000000000000e+05	2.948535353496641278e+02
1.935000000000000000e+05	2.938097455723050189e+02
1.944000000000000000e+05	2.938097455723050189e+02
1.944000000000000000e+05	2.952759511709566596e+02
1.953000000000000000e+05	2.952759511709566596e+02
1.953000000000000000e+05	2.966698109090580147e+02
1.962000000000000000e+05	2.966698109090580147e+02
1.962000000000000000e+05	2.945206932789254779e+02
1.971000000000000000e+05	2.945206932789254779e+02
1.971000000000000000e+05	2.962534757576453899e+02
1.980000000000000000e+05	2.962534757576453899e+02
1.980000000000000000e+05	2.963674091642160420e+02
1.989000000000000000e+05	2.963674091642160420e+02
1.989000000000000000e+05	3.019786277198912785e+02
1.998000000000000000e+05	3.019786277198912785e+02
1.998000000000000000e+05	3.052998839520333263e+02
2.007000000000000000e+05	3.052998839520333263e+02
2.007000000000000000e+05	3.075398625480370924e+02
2.016000000000000000e+05	3.075398625480370924e+02
2.016000000000000000e+05	3.046358850661050042e+02
2.025000000000000000e+05	3.046358850661050042e+02
2.025000000000000000e+05	3.071018852654244142e+02
2.034000000000000000e+05	3.071018852654244142e+02
2.034000000000000000e+05	3.071522517840030559e+02
2.043000000000000000e+05	3.071522517840030559e+02
2.043000000000000000e+05	3.076978498430059972e+02
2.052000000000000000e+05	3.076978498430059972e+02
2.052000000000000000e+05	3.075699288572512842e+02
2.061000000000000000e+05	3.075699288572512842e+02
2.061000000000000000e+05	3.069362980554485603e+02
2.070000000000000000e+05	3.069362980554485603e+02
2.070000000000000000e+05	3.062168078170689682e+02
2.079000000000000000e+05	3.062168078170689682e+02
2.079000000000000000e+05	3.073819338690128120e+02
2.088000000000000000e+05	3.073819338690128120e+02
2.088000000000000000e+05	3.024084391722080909e+02
2.097000000000000000e+05	3.024084391722080909e+02
2.097000000000000000e+05	2.994583843233758671e+02
2.106000000000000000e+05	2.994583843233758671e+02
2.106000000000000000e+05	2.985877149354813582e+02
2.115000000000000000e+05	2.985877149354813582e+02
2.115000000000000000e+05	2.987432427218006978e+02
2.124000000000000000e+05	2.987432427218006978e+02
2.124000000000000000e+05	2.980649317280262380e+02
2.133000000000000000e+05	2.980649317280262380e+02
2.133000000000000000e+05	2.964347895688962922e+02
2.142000000000000000e+05	2.964347895688962922e+02
2.142000000000000000e+05	2.961030041874398648e+02
2.151000000000000000e+05	2.961030041874398648e+02
2.151000000000000000e+05	2.949691241566656004e+02
2.160000000000000000e+05	2.949691241566656004e+02
2.160000000000000000e+05	2.949025114294995547e+02
2.169000000000000000e+05	2.949025114294995547e+02
2.169000000000000000e+05	2.944252958592605864e+02
2.178000000000000000e+05	2.944252958592605864e+02
2.178000000000000000e+05	2.942113288708969208e+02
2.187000000000000000e+05	2.942113288708969208e+02
2.187000000000000000e+05	2.936871444196408447e+02
2.196000000000000000e+05	2.936871444196408447e+02
2.196000000000000000e+05	2.939785935874297138e+02
2.205000000000000000e+05	2.939785935874297138e+02
2.205000000000000000e+05	2.938261238756972489e+02
2.214000000000000000e+05	2.938261238756972489e+02
2.214000000000000000e+05	2.942930691112933346e+02
2.223000000000000000e+05	2.942930691112933346e+02
2.223000000000000000e+05	2.940693339530004096e+02
2.232000000000000000e+05	2.940693339530004096e+02
2.232000000000000000e+05	2.937757642360836599e+02
2.241000000000000000e+05	2.937757642360836599e+02
2.241000000000000000e+05	2.937298577766103449e+02
2.250000000000000000e+05	2.937298577766103449e+02
2.250000000000000000e+05	2.945253778751146569e+02
2.259000000000000000e+05	2.945253778751146569e+02
2.259000000000000000e+05	2.944112383277424101e+02
2.268000000000000000e+05	2.944112383277424101e+02
2.268000000000000000e+05	2.937142214629197952e+02
2.277000000000000000e+05	2.937142214629197952e+02
2.277000000000000000e+05	2.936502381961223023e+02
2.286000000000000000e+05	2.936502381961223023e+02
2.286000000000000000e+05	2.938761184347235371e+02
2.295000000000000000e+05	2.938761184347235371e+02
2.295000000000000000e+05	2.937205185933426037e+02
2.304000000000000000e+05	2.937205185933426037e+02
2.304000000000000000e+05	2.935744429075238031e+02
2.313000000000000000e+05	2.935744429075238031e+02
2.313000000000000000e+05	2.978420498243644943e+02
2.322000000000000000e+05	2.978420498243644943e+02
2.322000000000000000e+05	2.971722490190157373e+02
2.331000000000000000e+05	2.971722490190157373e+02
2.331000000000000000e+05	2.969340858320832695e+02
2.340000000000000000e+05	2.969340858320832695e+02
2.340000000000000000e+05	2.966754590362460817e+02
2.349000000000000000e+05	2.966754590362460817e+02
2.349000000000000000e+05	2.964763178499492255e+02
2.358000000000000000e+05	2.964763178499492255e+02
2.358000000000000000e+05	2.948411084991738562e+02
2.367000000000000000e+05	2.948411084991738562e+02
2.367000000000000000e+05	2.935221781118085573e+02
2.376000000000000000e+05	2.935221781118085573e+02
2.376000000000000000e+05	2.974225353569468098e+02
2.385000000000000000e+05	2.974225353569468098e+02
2.385000000000000000e+05	2.961790637955623993e+02
2.394000000000000000e+05	2.961790637955623993e+02
2.394000000000000000e+05	2.940809856744791659e+02
2.403000000000000000e+05	2.940809856744791659e+02
2.403000000000000000e+05	2.995184871183521409e+02
2.412000000000000000e+05	2.995184871183521409e+02
2.412000000000000000e+05	2.968046340610181346e+02
2.421000000000000000e+05	2.968046340610181346e+02
2.421000000000000000e+05	2.956547549769624652e+02
2.430000000000000000e+05	2.956547549769624652e+02
2.430000000000000000e+05	2.974522577699503358e+02
2.439000000000000000e+05	2.974522577699503358e+02
2.439000000000000000e+05	2.975704325619564088e+02
2.448000000000000000e+05	2.975704325619564088e+02
2.448000000000000000e+05	2.979664197421627705e+02
2.457000000000000000e+05	2.979664197421627705e+02
2.457000000000000000e+05	2.962496391720737279e+02
2.466000000000000000e+05	2.962496391720737279e+02
2.466000000000000000e+05	2.942926872836263215e+02
2.475000000000000000e+05	2.942926872836263215e+02
2.475000000000000000e+05	2.932973217913655617e+02
2.484000000000000000e+05	2.932973217913655617e+02
2.484000000000000000e+05	2.944023372025107506e+02
2.493000000000000000e+05	2.944023372025107506e+02
2.493000000000000000e+05	2.938890063266543962e+02
2.502000000000000000e+05	2.938890063266543962e+02
2.502000000000000000e+05	2.923012302336785524e+02
2.511000000000000000e+05	2.923012302336785524e+02
2.511000000000000000e+05	2.916450086339521022e+02
2.520000000000000000e+05	2.916450086339521022e+02
2.520000000000000000e+05	2.931355507727503777e+02
2.529000000000000000e+05	2.931355507727503777e+02
2.529000000000000000e+05	2.929390042901297875e+02
2.538000000000000000e+05	2.929390042901297875e+02
2.538000000000000000e+05	2.942329559607714486e+02
2.547000000000000000e+05	2.942329559607714486e+02
2.547000000000000000e+05	2.946076087651504167e+02
2.556000000000000000e+05	2.946076087651504167e+02
2.556000000000000000e+05	2.928481488910479129e+02
2.565000000000000000e+05	2.928481488910479129e+02
2.565000000000000000e+05	2.928196921867847777e+02
2.574000000000000000e+05	2.928196921867847777e+02
2.574000000000000000e+05	2.939343068310658396e+02
2.583000000000000000e+05	2.939343068310658396e+02
2.583000000000000000e+05	2.942870788817242556e+02
2.592000000000000000e+05	2.942870788817242556e+02
2.592000000000000000e+05	2.926798661368486023e+02
2.601000000000000000e+05	2.926798661368486023e+02
2.601000000000000000e+05	2.926541983354799186e+02
2.610000000000000000e+05	2.926541983354799186e+02
2.610000000000000000e+05	2.937246316118569212e+02
2.619000000000000000e+05	2.937246316118569212e+02
2.619000000000000000e+05	2.940649892727090560e+02
2.628000000000000000e+05	2.940649892727090560e+02
2.628000000000000000e+05	2.925095667012689091e+02
2.637000000000000000e+05	2.925095667012689091e+02
2.637000000000000000e+05	2.924822220957768195e+02
2.646000000000000000e+05	2.924822220957768195e+02
2.646000000000000000e+05	2.935223484020951332e+02
2.655000000000000000e+05	2.935223484020951332e+02
2.655000000000000000e+05	2.938525521783147951e+02
2.664000000000000000e+05	2.938525521783147951e+02
2.664000000000000000e+05	2.923313902024858066e+02
2.673000000000000000e+05	2.923313902024858066e+02
2.673000000000000000e+05	2.923020935068592507e+02
2.682000000000000000e+05	2.923020935068592507e+02
2.682000000000000000e+05	2.933180274664310900e+02
2.691000000000000000e+05	2.933180274664310900e+02
2.691000000000000000e+05	2.936398254366895912e+02
2.700000000000000000e+05	2.936398254366895912e+02
2.700000000000000000e+05	2.921456522742982997e+02
2.709000000000000000e+05	2.921456522742982997e+02
2.709000000000000000e+05	2.921148066114952826e+02
2.718000000000000000e+05	2.921148066114952826e+02
2.718000000000000000e+05	2.917644733914798962e+02
2.727000000000000000e+05	2.917644733914798962e+02
2.727000000000000000e+05	2.912689416715998618e+02
2.736000000000000000e+05	2.912689416715998618e+02
2.736000000000000000e+05	2.915220168722069047e+02
2.745000000000000000e+05	2.915220168722069047e+02
2.745000000000000000e+05	2.977816818704346815e+02
2.754000000000000000e+05	2.977816818704346815e+02
2.754000000000000000e+05	2.976854230519883799e+02
2.763000000000000000e+05	2.976854230519883799e+02
2.763000000000000000e+05	2.979378592653947067e+02
2.772000000000000000e+05	2.979378592653947067e+02
2.772000000000000000e+05	2.980010265430826166e+02
2.781000000000000000e+05	2.980010265430826166e+02
2.781000000000000000e+05	2.957538014045185264e+02
2.790000000000000000e+05	2.957538014045185264e+02
2.790000000000000000e+05	2.943849299173120926e+02
2.799000000000000000e+05	2.943849299173120926e+02
2.799000000000000000e+05	2.929425777124202455e+02
2.808000000000000000e+05	2.929425777124202455e+02
2.808000000000000000e+05	2.932846786901065457e+02
2.817000000000000000e+05	2.932846786901065457e+02
2.817000000000000000e+05	2.926300735340345227e+02
2.826000000000000000e+05	2.926300735340345227e+02
2.826000000000000000e+05	2.911499999999999204e+02
2.835000000000000000e+05	2.911499999999999204e+02
2.835000000000000000e+05	2.943475638834756865e+02
2.844000000000000000e+05	2.943475638834756865e+02
2.844000000000000000e+05	2.949605116403325837e+02
2.853000000000000000e+05	2.949605116403325837e+02
2.853000000000000000e+05	3.007148724050542796e+02
2.862000000000000000e+05	3.007148724050542796e+02
2.862000000000000000e+05	3.026871381085247208e+02
2.871000000000000000e+05	3.026871381085247208e+02
2.871000000000000000e+05	3.062710213393024787e+02
2.880000000000000000e+05	3.062710213393024787e+02
2.880000000000000000e+05	3.041001751866679115e+02
2.889000000000000000e+05	3.041001751866679115e+02
2.889000000000000000e+05	3.068687027788116666e+02
2.898000000000000000e+05	3.068687027788116666e+02
2.898000000000000000e+05	3.068440745415464335e+02
2.907000000000000000e+05	3.068440745415464335e+02
2.907000000000000000e+05	3.074334326057930298e+02
2.916000000000000000e+05	3.074334326057930298e+02
2.916000000000000000e+05	3.073110702385350805e+02
2.925000000000000000e+05	3.073110702385350805e+02
2.925000000000000000e+05	3.064480446523138539e+02
2.934000000000000000e+05	3.064480446523138539e+02
2.934000000000000000e+05	3.013543321181368242e+02
2.943000000000000000e+05	3.013543321181368242e+02
2.943000000000000000e+05	3.048759848201481759e+02
2.952000000000000000e+05	3.048759848201481759e+02
2.952000000000000000e+05	3.033934801174245308e+02
2.961000000000000000e+05	3.033934801174245308e+02
2.961000000000000000e+05	2.996492916305263066e+02
2.970000000000000000e+05	2.996492916305263066e+02
2.970000000000000000e+05	2.990278409033881530e+02
2.979000000000000000e+05	2.990278409033881530e+02
2.979000000000000000e+05	3.006851110303901464e+02
2.988000000000000000e+05	3.006851110303901464e+02
2.988000000000000000e+05	2.977287375960431177e+02
2.997000000000000000e+05	2.977287375960431177e+02
2.997000000000000000e+05	2.962729675140568588e+02
3.006000000000000000e+05	2.962729675140568588e+02
3.006000000000000000e+05	2.971459099816209459e+02
3.015000000000000000e+05	2.971459099816209459e+02
3.015000000000000000e+05	2.964176349098023593e+02
3.024000000000000000e+05	2.964176349098023593e+02
3.024000000000000000e+05	2.951569636174097013e+02
3.033000000000000000e+05	2.951569636174097013e+02
3.033000000000000000e+05	2.947060715601996890e+02
3.042000000000000000e+05	2.947060715601996890e+02
3.042000000000000000e+05	2.953059971391267595e+02
3.051000000000000000e+05	2.953059971391267595e+02
3.051000000000000000e+05	2.949622239145524532e+02
3.060000000000000000e+05	2.949622239145524532e+02
3.060000000000000000e+05	2.974821680020022541e+02
3.069000000000000000e+05	2.974821680020022541e+02
3.069000000000000000e+05	2.969782792601528740e+02
3.078000000000000000e+05	2.969782792601528740e+02
3.078000000000000000e+05	2.945028951350649891e+02
3.087000000000000000e+05	2.945028951350649891e+02
3.087000000000000000e+05	2.940454613055027835e+02
3.096000000000000000e+05	2.940454613055027835e+02
3.096000000000000000e+05	2.953568132944996592e+02
3.105000000000000000e+05	2.953568132944996592e+02
3.105000000000000000e+05	2.952007911031465142e+02
3.114000000000000000e+05	2.952007911031465142e+02
3.114000000000000000e+05	2.948832898992536684e+02
3.123000000000000000e+05	2.948832898992536684e+02
3.123000000000000000e+05	2.946724143980929398e+02
3.132000000000000000e+05	2.946724143980929398e+02
3.132000000000000000e+05	2.947088099247491186e+02
3.141000000000000000e+05	2.947088099247491186e+02
3.141000000000000000e+05	2.967519390288022123e+02
3.150000000000000000e+05	2.967519390288022123e+02
3.150000000000000000e+05	2.967695639343426137e+02
3.159000000000000000e+05	2.967695639343426137e+02
3.159000000000000000e+05	2.964465422735923426e+02
3.168000000000000000e+05	2.964465422735923426e+02
3.168000000000000000e+05	2.946417265909432786e+02
3.177000000000000000e+05	2.946417265909432786e+02
3.177000000000000000e+05	2.944768411655812201e+02
3.186000000000000000e+05	2.944768411655812201e+02
3.186000000000000000e+05	2.938481800151022298e+02
3.195000000000000000e+05	2.938481800151022298e+02
3.195000000000000000e+05	2.934726119993435987e+02
3.204000000000000000e+05	2.934726119993435987e+02
3.204000000000000000e+05	2.941321860435932081e+02
3.213000000000000000e+05	2.941321860435932081e+02
3.213000000000000000e+05	2.940464209101066331e+02
3.222000000000000000e+05	2.940464209101066331e+02
3.222000000000000000e+05	2.941818791350337392e+02
3.231000000000000000e+05	2.941818791350337392e+02
3.231000000000000000e+05	2.953950965686258314e+02
3.240000000000000000e+05	2.953950965686258314e+02
3.240000000000000000e+05	2.939833624617425585e+02
3.249000000000000000e+05	2.939833624617425585e+02
3.249000000000000000e+05	2.939589863000005607e+02
3.258000000000000000e+05	2.939589863000005607e+02
3.258000000000000000e+05	2.939317485086648389e+02
3.267000000000000000e+05	2.939317485086648389e+02
3.267000000000000000e+05	2.935433752112841148e+02
3.276000000000000000e+05	2.935433752112841148e+02
3.276000000000000000e+05	2.936465828835539469e+02
3.285000000000000000e+05	2.936465828835539469e+02
3.285000000000000000e+05	2.935612131103686693e+02
3.294000000000000000e+05	2.935612131103686693e+02
3.294000000000000000e+05	2.925341067660081649e+02
3.303000000000000000e+05	2.925341067660081649e+02
3.303000000000000000e+05	2.921008920460723175e+02
3.312000000000000000e+05	2.921008920460723175e+02
3.312000000000000000e+05	2.952582874281179102e+02
3.321000000000000000e+05	2.952582874281179102e+02
3.321000000000000000e+05	2.946851320461010459e+02
3.330000000000000000e+05	2.946851320461010459e+02
3.330000000000000000e+05	2.929806918332851637e+02
3.339000000000000000e+05	2.929806918332851637e+02
3.339000000000000000e+05	2.922832591918026424e+02
3.348000000000000000e+05	2.922832591918026424e+02
3.348000000000000000e+05	2.937907728536360423e+02
3.357000000000000000e+05	2.937907728536360423e+02
3.357000000000000000e+05	2.935707643040790344e+02
3.366000000000000000e+05	2.935707643040790344e+02
3.366000000000000000e+05	2.920994810839756042e+02
3.375000000000000000e+05	2.920994810839756042e+02
3.375000000000000000e+05	2.915519649528865784e+02
3.384000000000000000e+05	2.915519649528865784e+02
3.384000000000000000e+05	2.932145833987559627e+02
3.393000000000000000e+05	2.932145833987559627e+02
3.393000000000000000e+05	2.931208612345188840e+02
3.402000000000000000e+05	2.931208612345188840e+02
3.402000000000000000e+05	2.944572978045061404e+02
3.411000000000000000e+05	2.944572978045061404e+02
3.411000000000000000e+05	2.948723887101546666e+02
3.420000000000000000e+05	2.948723887101546666e+02
3.420000000000000000e+05	2.930663051931886685e+02
3.429000000000000000e+05	2.930663051931886685e+02
3.429000000000000000e+05	2.930487953982400882e+02
3.438000000000000000e+05	2.930487953982400882e+02
3.438000000000000000e+05	2.942761641532142676e+02
3.447000000000000000e+05	2.942761641532142676e+02
3.447000000000000000e+05	2.946716304933309516e+02
3.456000000000000000e+05	2.946716304933309516e+02
3.456000000000000000e+05	2.929533327615691292e+02
3.465000000000000000e+05	2.929533327615691292e+02
3.465000000000000000e+05	2.929365150797482329e+02
3.474000000000000000e+05	2.929365150797482329e+02
3.474000000000000000e+05	2.941262613809988693e+02
3.483000000000000000e+05	2.941262613809988693e+02
3.483000000000000000e+05	2.945109649474538287e+02
3.492000000000000000e+05	2.945109649474538287e+02
3.492000000000000000e+05	2.928354949382826362e+02
3.501000000000000000e+05	2.928354949382826362e+02
3.501000000000000000e+05	2.928175134135024678e+02
3.510000000000000000e+05	2.928175134135024678e+02
3.510000000000000000e+05	2.939819080664591979e+02
3.519000000000000000e+05	2.939819080664591979e+02
3.519000000000000000e+05	2.943582971377516060e+02
3.528000000000000000e+05	2.943582971377516060e+02
3.528000000000000000e+05	2.927111666313766705e+02
3.537000000000000000e+05	2.927111666313766705e+02
3.537000000000000000e+05	2.926916907801326602e+02
3.546000000000000000e+05	2.926916907801326602e+02
3.546000000000000000e+05	2.938366300769163786e+02
3.555000000000000000e+05	2.938366300769163786e+02
3.555000000000000000e+05	2.942063884258346889e+02
3.564000000000000000e+05	2.942063884258346889e+02
3.564000000000000000e+05	2.925809080892594238e+02
3.573000000000000000e+05	2.925809080892594238e+02
3.573000000000000000e+05	2.925604169306943731e+02
3.582000000000000000e+05	2.925604169306943731e+02
3.582000000000000000e+05	2.936904567530239092e+02
3.591000000000000000e+05	2.936904567530239092e+02
3.591000000000000000e+05	2.937712556418759959e+02
3.600000000000000000e+05	2.937712556418759959e+02
3.600000000000000000e+05	2.924468553058818543e+02
3.609000000000000000e+05	2.924468553058818543e+02
3.609000000000000000e+05	2.924255710517771831e+02
3.618000000000000000e+05	2.924255710517771831e+02
3.618000000000000000e+05	2.927960249377960054e+02
3.627000000000000000e+05	2.927960249377960054e+02
3.627000000000000000e+05	2.925109264136500542e+02
3.636000000000000000e+05	2.925109264136500542e+02
3.636000000000000000e+05	2.921306605927077271e+02
3.645000000000000000e+05	2.921306605927077271e+02
3.645000000000000000e+05	2.920197666118859843e+02
3.654000000000000000e+05	2.920197666118859843e+02
3.654000000000000000e+05	2.919876617477210061e+02
3.663000000000000000e+05	2.919876617477210061e+02
3.663000000000000000e+05	2.923666316161007330e+02
3.672000000000000000e+05	2.923666316161007330e+02
3.672000000000000000e+05	2.919367573436831549e+02
3.681000000000000000e+05	2.919367573436831549e+02
3.681000000000000000e+05	2.919263379627348627e+02
3.690000000000000000e+05	2.919263379627348627e+02
3.690000000000000000e+05	2.932017420389279323e+02
3.699000000000000000e+05	2.932017420389279323e+02
3.699000000000000000e+05	2.936287057395740021e+02
3.708000000000000000e+05	2.936287057395740021e+02
3.708000000000000000e+05	2.918802980050238602e+02
3.717000000000000000e+05	2.918802980050238602e+02
3.717000000000000000e+05	2.918708252130217033e+02
3.726000000000000000e+05	2.918708252130217033e+02
3.726000000000000000e+05	2.995488340376302290e+02
3.735000000000000000e+05	2.995488340376302290e+02
3.735000000000000000e+05	3.034272473797628322e+02
3.744000000000000000e+05	3.034272473797628322e+02
3.744000000000000000e+05	3.024376145170809878e+02
3.753000000000000000e+05	3.024376145170809878e+02
3.753000000000000000e+05	3.062384835524360938e+02
3.762000000000000000e+05	3.062384835524360938e+02
3.762000000000000000e+05	3.036282745292426739e+02
3.771000000000000000e+05	3.036282745292426739e+02
3.771000000000000000e+05	3.049704315149157310e+02
3.780000000000000000e+05	3.049704315149157310e+02
3.780000000000000000e+05	3.010488496289796103e+02
3.789000000000000000e+05	3.010488496289796103e+02
3.789000000000000000e+05	2.983792605650601786e+02
3.798000000000000000e+05	2.983792605650601786e+02
3.798000000000000000e+05	2.987296565556587211e+02
3.807000000000000000e+05	2.987296565556587211e+02
3.807000000000000000e+05	2.981611912058929761e+02
3.816000000000000000e+05	2.981611912058929761e+02
3.816000000000000000e+05	2.957840814550509094e+02
3.825000000000000000e+05	2.957840814550509094e+02
3.825000000000000000e+05	3.011506225783160176e+02
3.834000000000000000e+05	3.011506225783160176e+02
3.834000000000000000e+05	3.007701839202111387e+02
3.843000000000000000e+05	3.007701839202111387e+02
3.843000000000000000e+05	2.994590701421306562e+02
3.852000000000000000e+05	2.994590701421306562e+02
3.852000000000000000e+05	2.999552139588375894e+02
3.861000000000000000e+05	2.999552139588375894e+02
3.861000000000000000e+05	2.978321368114171150e+02
3.870000000000000000e+05	2.978321368114171150e+02
3.870000000000000000e+05	2.982800094474425805e+02
3.879000000000000000e+05	2.982800094474425805e+02
3.879000000000000000e+05	2.968329312003044720e+02
3.888000000000000000e+05	2.968329312003044720e+02
3.888000000000000000e+05	2.955815006820072313e+02
3.897000000000000000e+05	2.955815006820072313e+02
3.897000000000000000e+05	2.970500725260359332e+02
3.906000000000000000e+05	2.970500725260359332e+02
3.906000000000000000e+05	2.991044121121589683e+02
3.915000000000000000e+05	2.991044121121589683e+02
3.915000000000000000e+05	2.981824832741239675e+02
3.924000000000000000e+05	2.981824832741239675e+02
3.924000000000000000e+05	2.991148605350040839e+02
3.933000000000000000e+05	2.991148605350040839e+02
3.933000000000000000e+05	2.982747352724180701e+02
3.942000000000000000e+05	2.982747352724180701e+02
3.942000000000000000e+05	2.978582591866765483e+02
3.951000000000000000e+05	2.978582591866765483e+02
3.951000000000000000e+05	2.976444431894767035e+02
3.960000000000000000e+05	2.976444431894767035e+02
3.960000000000000000e+05	2.976750351423703478e+02
3.969000000000000000e+05	2.976750351423703478e+02
3.969000000000000000e+05	2.973952835793595000e+02
3.978000000000000000e+05	2.973952835793595000e+02
3.978000000000000000e+05	2.972400679768272198e+02
3.987000000000000000e+05	2.972400679768272198e+02
3.987000000000000000e+05	2.971255061286640853e+02
3.996000000000000000e+05	2.971255061286640853e+02
3.996000000000000000e+05	2.970251131048856905e+02
4.005000000000000000e+05	2.970251131048856905e+02
4.005000000000000000e+05	2.969112527444144689e+02
4.014000000000000000e+05	2.969112527444144689e+02
4.014000000000000000e+05	2.968854345385597071e+02
4.023000000000000000e+05	2.968854345385597071e+02
4.023000000000000000e+05	2.968438961846947564e+02
4.032000000000000000e+05	2.968438961846947564e+02
4.032000000000000000e+05	2.995322811134608969e+02
4.041000000000000000e+05	2.995322811134608969e+02
4.041000000000000000e+05	2.984448031971479054e+02
4.050000000000000000e+05	2.984448031971479054e+02
4.050000000000000000e+05	2.979965454735993831e+02
4.059000000000000000e+05	2.979965454735993831e+02
4.059000000000000000e+05	2.977142090527115101e+02
4.068000000000000000e+05	2.977142090527115101e+02
4.068000000000000000e+05	2.975815669898063334e+02
4.077000000000000000e+05	2.975815669898063334e+02
4.077000000000000000e+05	2.972634227631866679e+02
4.086000000000000000e+05	2.972634227631866679e+02
4.086000000000000000e+05	2.971441558753814434e+02
4.095000000000000000e+05	2.971441558753814434e+02
4.095000000000000000e+05	2.970271579856812991e+02
4.104000000000000000e+05	2.970271579856812991e+02
4.104000000000000000e+05	2.966999384831749467e+02
4.113000000000000000e+05	2.966999384831749467e+02
4.113000000000000000e+05	2.965189470917518975e+02
4.122000000000000000e+05	2.965189470917518975e+02
4.122000000000000000e+05	2.957690961370126956e+02
4.131000000000000000e+05	2.957690961370126956e+02
4.131000000000000000e+05	2.952202635359780061e+02
4.140000000000000000e+05	2.952202635359780061e+02
4.140000000000000000e+05	2.949613826079785213e+02
4.149000000000000000e+05	2.949613826079785213e+02
4.149000000000000000e+05	2.945141087682427496e+02
4.158000000000000000e+05	2.945141087682427496e+02
4.158000000000000000e+05	2.937385366057113174e+02
4.167000000000000000e+05	2.937385366057113174e+02
4.167000000000000000e+05	2.930304290168667762e+02
4.176000000000000000e+05	2.930304290168667762e+02
4.176000000000000000e+05	2.937070505767689497e+02
4.185000000000000000e+05	2.937070505767689497e+02
4.185000000000000000e+05	2.935095718078645177e+02
4.194000000000000000e+05	2.935095718078645177e+02
4.194000000000000000e+05	2.920458520018312925e+02
4.203000000000000000e+05	2.920458520018312925e+02
4.203000000000000000e+05	2.915051589037109352e+02
4.212000000000000000e+05	2.915051589037109352e+02
4.212000000000000000e+05	2.931737921562565816e+02
4.221000000000000000e+05	2.931737921562565816e+02
4.221000000000000000e+05	2.930870039680625041e+02
4.230000000000000000e+05	2.930870039680625041e+02
4.230000000000000000e+05	2.916676265903880108e+02
4.239000000000000000e+05	2.916676265903880108e+02
4.239000000000000000e+05	2.911678050694106332e+02
4.248000000000000000e+05	2.911678050694106332e+02
4.248000000000000000e+05	2.928941806772704695e+02
4.257000000000000000e+05	2.928941806772704695e+02
4.257000000000000000e+05	2.928434008426285118e+02
4.266000000000000000e+05	2.928434008426285118e+02
4.266000000000000000e+05	2.941966867799505962e+02
4.275000000000000000e+05	2.941966867799505962e+02
4.275000000000000000e+05	2.946275203394445157e+02
4.284000000000000000e+05	2.946275203394445157e+02
4.284000000000000000e+05	2.927956472722414105e+02
4.293000000000000000e+05	2.927956472722414105e+02
4.293000000000000000e+05	2.927821391370353012e+02
4.302000000000000000e+05	2.927821391370353012e+02
4.302000000000000000e+05	2.940527953900553371e+02
4.311000000000000000e+05	2.940527953900553371e+02
4.311000000000000000e+05	2.944643256535603086e+02
4.320000000000000000e+05	2.944643256535603086e+02
4.320000000000000000e+05	2.927025377583310046e+02
4.329000000000000000e+05	2.927025377583310046e+02
4.329000000000000000e+05	2.926887499757341971e+02
4.338000000000000000e+05	2.926887499757341971e+02
4.338000000000000000e+05	2.939199285782876814e+02
4.347000000000000000e+05	2.939199285782876814e+02
4.347000000000000000e+05	2.943192792801447695e+02
4.356000000000000000e+05	2.943192792801447695e+02
4.356000000000000000e+05	2.926009009180803560e+02
4.365000000000000000e+05	2.926009009180803560e+02
4.365000000000000000e+05	2.925852157317122533e+02
4.374000000000000000e+05	2.925852157317122533e+02
4.374000000000000000e+05	2.937866545225060690e+02
4.383000000000000000e+05	2.937866545225060690e+02
4.383000000000000000e+05	2.941756989295842004e+02
4.392000000000000000e+05	2.941756989295842004e+02
4.392000000000000000e+05	2.924891286761159108e+02
4.401000000000000000e+05	2.924891286761159108e+02
4.401000000000000000e+05	2.924716343576632767e+02
4.410000000000000000e+05	2.924716343576632767e+02
4.410000000000000000e+05	2.936482946891022152e+02
4.419000000000000000e+05	2.936482946891022152e+02
4.419000000000000000e+05	2.940288497800869436e+02
4.428000000000000000e+05	2.940288497800869436e+02
4.428000000000000000e+05	2.923692929869777117e+02
4.437000000000000000e+05	2.923692929869777117e+02
4.437000000000000000e+05	2.923505305042314149e+02
4.446000000000000000e+05	2.923505305042314149e+02
4.446000000000000000e+05	2.935071167448533060e+02
4.455000000000000000e+05	2.935071167448533060e+02
4.455000000000000000e+05	2.935916507120860501e+02
4.464000000000000000e+05	2.935916507120860501e+02
4.464000000000000000e+05	2.922429322970406815e+02
4.473000000000000000e+05	2.922429322970406815e+02
4.473000000000000000e+05	2.922226817532906580e+02
4.482000000000000000e+05	2.922226817532906580e+02
4.482000000000000000e+05	2.933619280053284797e+02
4.491000000000000000e+05	2.933619280053284797e+02
4.491000000000000000e+05	2.937295023988442040e+02
4.500000000000000000e+05	2.937295023988442040e+02
4.500000000000000000e+05	2.921107644423904048e+02
4.509000000000000000e+05	2.921107644423904048e+02
4.509000000000000000e+05	2.920897008212523929e+02
4.518000000000000000e+05	2.920897008212523929e+02
4.518000000000000000e+05	2.911499999999998636e+02
4.527000000000000000e+05	2.911499999999998636e+02
4.527000000000000000e+05	2.944354240421190525e+02
4.536000000000000000e+05	2.944354240421190525e+02
4.536000000000000000e+05	2.945770783260163626e+02
4.545000000000000000e+05	2.945770783260163626e+02
4.545000000000000000e+05	2.936605757404294081e+02
4.554000000000000000e+05	2.936605757404294081e+02
4.554000000000000000e+05	2.935229871492414873e+02
4.563000000000000000e+05	2.935229871492414873e+02
4.563000000000000000e+05	2.928815691335685756e+02
4.572000000000000000e+05	2.928815691335685756e+02
4.572000000000000000e+05	2.927291286162017627e+02
4.581000000000000000e+05	2.927291286162017627e+02
4.581000000000000000e+05	2.989798696175562895e+02
4.590000000000000000e+05	2.989798696175562895e+02
4.590000000000000000e+05	3.033913083648351403e+02
4.599000000000000000e+05	3.033913083648351403e+02
4.599000000000000000e+05	3.061393942765484439e+02
4.608000000000000000e+05	3.061393942765484439e+02
4.608000000000000000e+05	3.034796454180118417e+02
4.617000000000000000e+05	3.034796454180118417e+02
4.617000000000000000e+05	3.064139486609973346e+02
4.626000000000000000e+05	3.064139486609973346e+02
4.626000000000000000e+05	3.066585542996667186e+02
4.635000000000000000e+05	3.066585542996667186e+02
4.635000000000000000e+05	3.069437881410951263e+02
4.644000000000000000e+05	3.069437881410951263e+02
4.644000000000000000e+05	3.070697329096049089e+02
4.653000000000000000e+05	3.070697329096049089e+02
4.653000000000000000e+05	3.020854310917110297e+02
4.662000000000000000e+05	3.020854310917110297e+02
4.662000000000000000e+05	3.024541642161789810e+02
4.671000000000000000e+05	3.024541642161789810e+02
4.671000000000000000e+05	3.020441012691467790e+02
4.680000000000000000e+05	3.020441012691467790e+02
4.680000000000000000e+05	3.014832663186531363e+02
4.689000000000000000e+05	3.014832663186531363e+02
4.689000000000000000e+05	3.023762243700850263e+02
4.698000000000000000e+05	3.023762243700850263e+02
4.698000000000000000e+05	2.988949242757514639e+02
4.707000000000000000e+05	2.988949242757514639e+02
4.707000000000000000e+05	2.999122775815038153e+02
4.716000000000000000e+05	2.999122775815038153e+02
4.716000000000000000e+05	2.995130456723970838e+02
4.725000000000000000e+05	2.995130456723970838e+02
4.725000000000000000e+05	2.997390899747337585e+02
4.734000000000000000e+05	2.997390899747337585e+02
4.734000000000000000e+05	2.994250237519254370e+02
4.743000000000000000e+05	2.994250237519254370e+02
4.743000000000000000e+05	3.001062582592848571e+02
4.752000000000000000e+05	3.001062582592848571e+02
4.752000000000000000e+05	3.000813962740242005e+02
4.761000000000000000e+05	3.000813962740242005e+02
4.761000000000000000e+05	2.978483154131558877e+02
4.770000000000000000e+05	2.978483154131558877e+02
4.770000000000000000e+05	3.010983488310988037e+02
4.779000000000000000e+05	3.010983488310988037e+02
4.779000000000000000e+05	2.991416447908759437e+02
4.788000000000000000e+05	2.991416447908759437e+02
4.788000000000000000e+05	2.984608309271656026e+02
4.797000000000000000e+05	2.984608309271656026e+02
4.797000000000000000e+05	2.965704672970009597e+02
4.806000000000000000e+05	2.965704672970009597e+02
4.806000000000000000e+05	2.956797555039771623e+02
4.815000000000000000e+05	2.956797555039771623e+02
4.815000000000000000e+05	2.940738237856992896e+02
4.824000000000000000e+05	2.940738237856992896e+02
4.824000000000000000e+05	2.980974635235494929e+02
4.833000000000000000e+05	2.980974635235494929e+02
4.833000000000000000e+05	2.966651039935900940e+02
4.842000000000000000e+05	2.966651039935900940e+02
4.842000000000000000e+05	2.956316629079165637e+02
4.851000000000000000e+05	2.956316629079165637e+02
4.851000000000000000e+05	2.941752405177031164e+02
4.860000000000000000e+05	2.941752405177031164e+02
4.860000000000000000e+05	2.946789468865356412e+02
4.869000000000000000e+05	2.946789468865356412e+02
4.869000000000000000e+05	3.005629306698227197e+02
4.878000000000000000e+05	3.005629306698227197e+02
4.878000000000000000e+05	2.968270543791651903e+02
4.887000000000000000e+05	2.968270543791651903e+02
4.887000000000000000e+05	2.960217349068230419e+02
4.896000000000000000e+05	2.960217349068230419e+02
4.896000000000000000e+05	2.942103679364749382e+02
4.905000000000000000e+05	2.942103679364749382e+02
4.905000000000000000e+05	3.002241822598567182e+02
4.914000000000000000e+05	3.002241822598567182e+02
4.914000000000000000e+05	2.961135895489597942e+02
4.923000000000000000e+05	2.961135895489597942e+02
4.923000000000000000e+05	2.953350385589525899e+02
4.932000000000000000e+05	2.953350385589525899e+02
4.932000000000000000e+05	2.939598836214201469e+02
4.941000000000000000e+05	2.939598836214201469e+02
4.941000000000000000e+05	3.000345718798241137e+02
4.950000000000000000e+05	3.000345718798241137e+02
4.950000000000000000e+05	2.955828982954049593e+02
4.959000000000000000e+05	2.955828982954049593e+02
4.959000000000000000e+05	2.976410579835784347e+02
4.968000000000000000e+05	2.976410579835784347e+02
4.968000000000000000e+05	2.959656594477705767e+02
4.977000000000000000e+05	2.959656594477705767e+02
4.977000000000000000e+05	2.950484146024390384e+02
4.986000000000000000e+05	2.950484146024390384e+02
4.986000000000000000e+05	2.982801532665915261e+02
4.995000000000000000e+05	2.982801532665915261e+02
4.995000000000000000e+05	3.015750445855745738e+02
5.004000000000000000e+05	3.015750445855745738e+02
5.004000000000000000e+05	2.965450619473294864e+02
5.013000000000000000e+05	2.965450619473294864e+02
5.013000000000000000e+05	2.997740023490477483e+02
5.022000000000000000e+05	2.997740023490477483e+02
5.022000000000000000e+05	2.984101331838562601e+02
5.031000000000000000e+05	2.984101331838562601e+02
5.031000000000000000e+05	2.962886282211337630e+02
5.040000000000000000e+05	2.962886282211337630e+02
5.040000000000000000e+05	2.977939556236803469e+02
5.049000000000000000e+05	2.977939556236803469e+02
5.049000000000000000e+05	2.962168494991430521e+02
5.058000000000000000e+05	2.962168494991430521e+02
5.058000000000000000e+05	2.942612367679299155e+02
5.067000000000000000e+05	2.942612367679299155e+02
5.067000000000000000e+05	2.932665580896386359e+02
5.076000000000000000e+05	2.932665580896386359e+02
5.076000000000000000e+05	2.943325318931328525e+02
5.085000000000000000e+05	2.943325318931328525e+02
5.085000000000000000e+05	2.938359815389337655e+02
5.094000000000000000e+05	2.938359815389337655e+02
5.094000000000000000e+05	2.922558091008882002e+02
5.103000000000000000e+05	2.922558091008882002e+02
5.103000000000000000e+05	2.916073124837574255e+02
5.112000000000000000e+05	2.916073124837574255e+02
5.112000000000000000e+05	2.931197554989400373e+02
5.121000000000000000e+05	2.931197554989400373e+02
5.121000000000000000e+05	2.929328691198477941e+02
5.130000000000000000e+05	2.929328691198477941e+02
5.130000000000000000e+05	2.942320722258110663e+02
5.139000000000000000e+05	2.942320722258110663e+02
5.139000000000000000e+05	2.946126212631235148e+02
5.148000000000000000e+05	2.946126212631235148e+02
5.148000000000000000e+05	2.928547377635118778e+02
5.157000000000000000e+05	2.928547377635118778e+02
5.157000000000000000e+05	2.928293394585037390e+02
5.166000000000000000e+05	2.928293394585037390e+02
5.166000000000000000e+05	2.939657026703993097e+02
5.175000000000000000e+05	2.939657026703993097e+02
5.175000000000000000e+05	2.943283241456045403e+02
5.184000000000000000e+05	2.943283241456045403e+02
5.184000000000000000e+05	2.927056875593541463e+02
5.193000000000000000e+05	2.927056875593541463e+02
5.193000000000000000e+05	2.926828818836725645e+02
5.202000000000000000e+05	2.926828818836725645e+02
5.202000000000000000e+05	2.937846368728685320e+02
5.211000000000000000e+05	2.937846368728685320e+02
5.211000000000000000e+05	2.941372618678306594e+02
5.220000000000000000e+05	2.941372618678306594e+02
5.220000000000000000e+05	2.925538559846659155e+02
5.229000000000000000e+05	2.925538559846659155e+02
5.229000000000000000e+05	2.925292638870079713e+02
5.238000000000000000e+05	2.925292638870079713e+02
5.238000000000000000e+05	2.935409860528395711e+02
5.247000000000000000e+05	2.935409860528395711e+02
5.247000000000000000e+05	2.932788857261357407e+02
5.256000000000000000e+05	2.932788857261357407e+02
5.256000000000000000e+05	2.923249190711770780e+02
5.265000000000000000e+05	2.923249190711770780e+02
5.265000000000000000e+05	2.922842472407093624e+02
5.274000000000000000e+05	2.922842472407093624e+02
5.274000000000000000e+05	2.933973487874057469e+02
5.283000000000000000e+05	2.933973487874057469e+02
5.283000000000000000e+05	2.937499593210197304e+02
5.292000000000000000e+05	2.937499593210197304e+02
5.292000000000000000e+05	2.921493408988832243e+02
5.301000000000000000e+05	2.921493408988832243e+02
5.301000000000000000e+05	2.921236349309965590e+02
5.310000000000000000e+05	2.921236349309965590e+02
5.310000000000000000e+05	2.975147957279788216e+02
5.319000000000000000e+05	2.975147957279788216e+02
5.319000000000000000e+05	2.958798114145985778e+02
5.328000000000000000e+05	2.958798114145985778e+02
5.328000000000000000e+05	2.937392767015666095e+02
5.337000000000000000e+05	2.937392767015666095e+02
5.337000000000000000e+05	2.930155088669745851e+02
5.346000000000000000e+05	2.930155088669745851e+02
5.346000000000000000e+05	2.941240194419837621e+02
5.355000000000000000e+05	2.941240194419837621e+02
5.355000000000000000e+05	2.943169581568893136e+02
5.364000000000000000e+05	2.943169581568893136e+02
5.364000000000000000e+05	2.927684686389808348e+02
5.373000000000000000e+05	2.927684686389808348e+02
5.373000000000000000e+05	2.990980094494906893e+02
5.382000000000000000e+05	2.990980094494906893e+02
5.382000000000000000e+05	3.005050621605633410e+02
5.391000000000000000e+05	3.005050621605633410e+02
5.391000000000000000e+05	2.982051971145142488e+02
5.400000000000000000e+05	2.982051971145142488e+02
5.400000000000000000e+05	2.953222923797739554e+02
5.409000000000000000e+05	2.953222923797739554e+02
5.409000000000000000e+05	2.940689530957960756e+02
5.418000000000000000e+05	2.940689530957960756e+02
5.418000000000000000e+05	2.921983862527479232e+02
5.427000000000000000e+05	2.921983862527479232e+02
5.427000000000000000e+05	2.946984967679852048e+02
5.436000000000000000e+05	2.946984967679852048e+02
5.436000000000000000e+05	2.948556454708837009e+02
5.445000000000000000e+05	2.948556454708837009e+02
5.445000000000000000e+05	3.001244906135046904e+02
5.454000000000000000e+05	3.001244906135046904e+02
5.454000000000000000e+05	3.045143828919030966e+02
5.463000000000000000e+05	3.045143828919030966e+02
5.463000000000000000e+05	3.070496697081616162e+02
5.472000000000000000e+05	3.070496697081616162e+02
5.472000000000000000e+05	3.036766818374433115e+02
5.481000000000000000e+05	3.036766818374433115e+02
5.481000000000000000e+05	3.062753371846844175e+02
5.490000000000000000e+05	3.062753371846844175e+02
5.490000000000000000e+05	3.066776250400413346e+02
5.499000000000000000e+05	3.066776250400413346e+02
5.499000000000000000e+05	3.073732596196823579e+02
5.508000000000000000e+05	3.073732596196823579e+02
5.508000000000000000e+05	3.072722478117933633e+02
5.517000000000000000e+05	3.072722478117933633e+02
5.517000000000000000e+05	3.043032284678163251e+02
5.526000000000000000e+05	3.043032284678163251e+02
5.526000000000000000e+05	3.035863205126106550e+02
5.535000000000000000e+05	3.035863205126106550e+02
5.535000000000000000e+05	3.023211997202402017e+02
5.544000000000000000e+05	3.023211997202402017e+02
5.544000000000000000e+05	3.019454834971240871e+02
5.553000000000000000e+05	3.019454834971240871e+02
5.553000000000000000e+05	2.989795712624387534e+02
5.562000000000000000e+05	2.989795712624387534e+02
5.562000000000000000e+05	2.989177607157846523e+02
5.571000000000000000e+05	2.989177607157846523e+02
5.571000000000000000e+05	2.970264825691777446e+02
5.580000000000000000e+05	2.970264825691777446e+02
5.580000000000000000e+05	2.961379045087070949e+02
5.589000000000000000e+05	2.961379045087070949e+02
5.589000000000000000e+05	2.952486268649213343e+02
5.598000000000000000e+05	2.952486268649213343e+02
5.598000000000000000e+05	2.954601615182936030e+02
5.607000000000000000e+05	2.954601615182936030e+02
5.607000000000000000e+05	2.949331290384380395e+02
5.616000000000000000e+05	2.949331290384380395e+02
5.616000000000000000e+05	2.945858336947033536e+02
5.625000000000000000e+05	2.945858336947033536e+02
5.625000000000000000e+05	2.943092106791909259e+02
5.634000000000000000e+05	2.943092106791909259e+02
5.634000000000000000e+05	2.954952689613929806e+02
5.643000000000000000e+05	2.954952689613929806e+02
5.643000000000000000e+05	2.953912535403317747e+02
5.652000000000000000e+05	2.953912535403317747e+02
5.652000000000000000e+05	2.942980847222394232e+02
5.661000000000000000e+05	2.942980847222394232e+02
5.661000000000000000e+05	2.942775429454972596e+02
5.670000000000000000e+05	2.942775429454972596e+02
5.670000000000000000e+05	2.926782873871985657e+02
5.679000000000000000e+05	2.926782873871985657e+02
5.679000000000000000e+05	2.921474192696323371e+02
5.688000000000000000e+05	2.921474192696323371e+02
5.688000000000000000e+05	2.941155191118484140e+02
5.697000000000000000e+05	2.941155191118484140e+02
5.697000000000000000e+05	2.940912734170910312e+02
5.706000000000000000e+05	2.940912734170910312e+02
5.706000000000000000e+05	2.942861431276650137e+02
5.715000000000000000e+05	2.942861431276650137e+02
5.715000000000000000e+05	2.942888516555794922e+02
5.724000000000000000e+05	2.942888516555794922e+02
5.724000000000000000e+05	2.941464700548924043e+02
5.733000000000000000e+05	2.941464700548924043e+02
5.733000000000000000e+05	2.941418668354605188e+02
5.742000000000000000e+05	2.941418668354605188e+02
5.742000000000000000e+05	2.948428917165675216e+02
5.751000000000000000e+05	2.948428917165675216e+02
5.751000000000000000e+05	2.946230817418809806e+02
5.760000000000000000e+05	2.946230817418809806e+02
5.760000000000000000e+05	2.941036535732235961e+02
5.769000000000000000e+05	2.941036535732235961e+02
5.769000000000000000e+05	2.940890513675278157e+02
5.778000000000000000e+05	2.940890513675278157e+02
5.778000000000000000e+05	2.937105624421893708e+02
5.787000000000000000e+05	2.937105624421893708e+02
5.787000000000000000e+05	2.933806743899988305e+02
5.796000000000000000e+05	2.933806743899988305e+02
5.796000000000000000e+05	2.939738504402670287e+02
5.805000000000000000e+05	2.939738504402670287e+02
5.805000000000000000e+05	2.939425464227460338e+02
5.814000000000000000e+05	2.939425464227460338e+02
5.814000000000000000e+05	2.925489044922068160e+02
5.823000000000000000e+05	2.925489044922068160e+02
5.823000000000000000e+05	2.920729152715301780e+02
5.832000000000000000e+05	2.920729152715301780e+02
5.832000000000000000e+05	2.938304173637700387e+02
5.841000000000000000e+05	2.938304173637700387e+02
5.841000000000000000e+05	2.937991986523106220e+02
5.850000000000000000e+05	2.937991986523106220e+02
5.850000000000000000e+05	2.933273695589908812e+02
5.859000000000000000e+05	2.933273695589908812e+02
5.859000000000000000e+05	2.949966587666757505e+02
5.868000000000000000e+05	2.949966587666757505e+02
5.868000000000000000e+05	2.937248934522965556e+02
5.877000000000000000e+05	2.937248934522965556e+02
5.877000000000000000e+05	2.937115301076148626e+02
5.886000000000000000e+05	2.937115301076148626e+02
5.886000000000000000e+05	2.947932659189826268e+02
5.895000000000000000e+05	2.947932659189826268e+02
5.895000000000000000e+05	2.938731661226742062e+02
5.904000000000000000e+05	2.938731661226742062e+02
5.904000000000000000e+05	2.958317316816335278e+02
5.913000000000000000e+05	2.958317316816335278e+02
5.913000000000000000e+05	2.950717483104278926e+02
5.922000000000000000e+05	2.950717483104278926e+02
5.922000000000000000e+05	2.933430249472169749e+02
5.931000000000000000e+05	2.933430249472169749e+02
5.931000000000000000e+05	2.926008883448031384e+02
5.940000000000000000e+05	2.926008883448031384e+02
5.940000000000000000e+05	2.940249816853980747e+02
5.949000000000000000e+05	2.940249816853980747e+02
5.949000000000000000e+05	2.937531665449193383e+02
5.958000000000000000e+05	2.937531665449193383e+02
5.958000000000000000e+05	2.922592558522274544e+02
5.967000000000000000e+05	2.922592558522274544e+02
5.967000000000000000e+05	2.916893182931489719e+02
5.976000000000000000e+05	2.916893182931489719e+02
5.976000000000000000e+05	2.932970109224233966e+02
5.985000000000000000e+05	2.932970109224233966e+02
5.985000000000000000e+05	2.931768779802469567e+02
5.994000000000000000e+05	2.931768779802469567e+02
5.994000000000000000e+05	2.945009535127455251e+02
6.003000000000000000e+05	2.945009535127455251e+02
6.003000000000000000e+05	2.949036682982223283e+02
6.012000000000000000e+05	2.949036682982223283e+02
6.012000000000000000e+05	2.931028468409117522e+02
6.021000000000000000e+05	2.931028468409117522e+02
6.021000000000000000e+05	2.930811499130331299e+02
6.030000000000000000e+05	2.930811499130331299e+02
6.030000000000000000e+05	2.942670068968561736e+02
6.039000000000000000e+05	2.942670068968561736e+02
6.039000000000000000e+05	2.946453829775685449e+02
6.048000000000000000e+05	2.946453829775685449e+02
