#1
double ch_DHW(1344, 2)
0.000000000000000000e+00	0.000000000000000000e+00
9.000000000000000000e+02	0.000000000000000000e+00
9.000000000000000000e+02	0.000000000000000000e+00
1.800000000000000000e+03	0.000000000000000000e+00
1.800000000000000000e+03	9.999999999996271072e+01
2.700000000000000000e+03	9.999999999996271072e+01
2.700000000000000000e+03	0.000000000000000000e+00
3.600000000000000000e+03	0.000000000000000000e+00
3.600000000000000000e+03	5.820766091346740723e-11
4.500000000000000000e+03	5.820766091346740723e-11
4.500000000000000000e+03	0.000000000000000000e+00
5.400000000000000000e+03	0.000000000000000000e+00
5.400000000000000000e+03	0.000000000000000000e+00
6.300000000000000000e+03	0.000000000000000000e+00
6.300000000000000000e+03	0.000000000000000000e+00
7.200000000000000000e+03	0.000000000000000000e+00
7.200000000000000000e+03	5.820766091346740723e-11
8.100000000000000000e+03	5.820766091346740723e-11
8.100000000000000000e+03	0.000000000000000000e+00
9.000000000000000000e+03	0.000000000000000000e+00
9.000000000000000000e+03	0.000000000000000000e+00
9.900000000000000000e+03	0.000000000000000000e+00
9.900000000000000000e+03	0.000000000000000000e+00
1.080000000000000000e+04	0.000000000000000000e+00
1.080000000000000000e+04	9.999999999988358468e+01
1.170000000000000000e+04	9.999999999988358468e+01
1.170000000000000000e+04	0.000000000000000000e+00
1.260000000000000000e+04	0.000000000000000000e+00
1.260000000000000000e+04	9.999999999998817657e+01
1.350000000000000000e+04	9.999999999998817657e+01
1.350000000000000000e+04	0.000000000000000000e+00
1.440000000000000000e+04	0.000000000000000000e+00
1.440000000000000000e+04	0.000000000000000000e+00
1.530000000000000000e+04	0.000000000000000000e+00
1.530000000000000000e+04	0.000000000000000000e+00
1.620000000000000000e+04	0.000000000000000000e+00
1.620000000000000000e+04	0.000000000000000000e+00
1.710000000000000000e+04	0.000000000000000000e+00
1.710000000000000000e+04	0.000000000000000000e+00
1.800000000000000000e+04	0.000000000000000000e+00
1.800000000000000000e+04	-1.129228621721267700e-08
1.890000000000000000e+04	-1.129228621721267700e-08
1.890000000000000000e+04	0.000000000000000000e+00
1.980000000000000000e+04	0.000000000000000000e+00
1.980000000000000000e+04	0.000000000000000000e+00
2.070000000000000000e+04	0.000000000000000000e+00
2.070000000000000000e+04	0.000000000000000000e+00
2.160000000000000000e+04	0.000000000000000000e+00
2.160000000000000000e+04	5.820766091346740723e-11
2.250000000000000000e+04	5.820766091346740723e-11
2.250000000000000000e+04	0.000000000000000000e+00
2.340000000000000000e+04	0.000000000000000000e+00
2.340000000000000000e+04	0.000000000000000000e+00
2.430000000000000000e+04	0.000000000000000000e+00
2.430000000000000000e+04	0.000000000000000000e+00
2.520000000000000000e+04	0.000000000000000000e+00
2.520000000000000000e+04	5.820766091346740723e-11
2.610000000000000000e+04	5.820766091346740723e-11
2.610000000000000000e+04	0.000000000000000000e+00
2.700000000000000000e+04	0.000000000000000000e+00
2.700000000000000000e+04	0.000000000000000000e+00
2.790000000000000000e+04	0.000000000000000000e+00
2.790000000000000000e+04	0.000000000000000000e+00
2.880000000000000000e+04	0.000000000000000000e+00
2.880000000000000000e+04	5.820766091346740723e-11
2.970000000000000000e+04	5.820766091346740723e-11
2.970000000000000000e+04	0.000000000000000000e+00
3.060000000000000000e+04	0.000000000000000000e+00
3.060000000000000000e+04	0.000000000000000000e+00
3.150000000000000000e+04	0.000000000000000000e+00
3.150000000000000000e+04	0.000000000000000000e+00
3.240000000000000000e+04	0.000000000000000000e+00
3.240000000000000000e+04	5.820766091346740723e-11
3.330000000000000000e+04	5.820766091346740723e-11
3.330000000000000000e+04	0.000000000000000000e+00
3.420000000000000000e+04	0.000000000000000000e+00
3.420000000000000000e+04	0.000000000000000000e+00
3.510000000000000000e+04	0.000000000000000000e+00
3.510000000000000000e+04	0.000000000000000000e+00
3.600000000000000000e+04	0.000000000000000000e+00
3.600000000000000000e+04	5.820766091346740723e-11
3.690000000000000000e+04	5.820766091346740723e-11
3.690000000000000000e+04	0.000000000000000000e+00
3.780000000000000000e+04	0.000000000000000000e+00
3.780000000000000000e+04	0.000000000000000000e+00
3.870000000000000000e+04	0.000000000000000000e+00
3.870000000000000000e+04	0.000000000000000000e+00
3.960000000000000000e+04	0.000000000000000000e+00
3.960000000000000000e+04	0.000000000000000000e+00
4.050000000000000000e+04	0.000000000000000000e+00
4.050000000000000000e+04	0.000000000000000000e+00
4.140000000000000000e+04	0.000000000000000000e+00
4.140000000000000000e+04	0.000000000000000000e+00
4.230000000000000000e+04	0.000000000000000000e+00
4.230000000000000000e+04	0.000000000000000000e+00
4.320000000000000000e+04	0.000000000000000000e+00
4.320000000000000000e+04	2.678917741987854242e+03
4.410000000000000000e+04	2.678917741987854242e+03
4.410000000000000000e+04	1.000000000000074465e+02
4.500000000000000000e+04	1.000000000000074465e+02
4.500000000000000000e+04	0.000000000000000000e+00
4.590000000000000000e+04	0.000000000000000000e+00
4.590000000000000000e+04	9.999999999998544808e+01
4.680000000000000000e+04	9.999999999998544808e+01
4.680000000000000000e+04	0.000000000000000000e+00
4.770000000000000000e+04	0.000000000000000000e+00
4.770000000000000000e+04	0.000000000000000000e+00
4.860000000000000000e+04	0.000000000000000000e+00
4.860000000000000000e+04	0.000000000000000000e+00
4.950000000000000000e+04	0.000000000000000000e+00
4.950000000000000000e+04	0.000000000000000000e+00
5.040000000000000000e+04	0.000000000000000000e+00
5.040000000000000000e+04	5.820766091346740723e-11
5.130000000000000000e+04	5.820766091346740723e-11
5.130000000000000000e+04	0.000000000000000000e+00
5.220000000000000000e+04	0.000000000000000000e+00
5.220000000000000000e+04	2.678917741987782847e+03
5.310000000000000000e+04	2.678917741987782847e+03
5.310000000000000000e+04	0.000000000000000000e+00
5.400000000000000000e+04	0.000000000000000000e+00
5.400000000000000000e+04	0.000000000000000000e+00
5.490000000000000000e+04	0.000000000000000000e+00
5.490000000000000000e+04	0.000000000000000000e+00
5.580000000000000000e+04	0.000000000000000000e+00
5.580000000000000000e+04	0.000000000000000000e+00
5.670000000000000000e+04	0.000000000000000000e+00
5.670000000000000000e+04	0.000000000000000000e+00
5.760000000000000000e+04	0.000000000000000000e+00
5.760000000000000000e+04	0.000000000000000000e+00
5.850000000000000000e+04	0.000000000000000000e+00
5.850000000000000000e+04	9.999999999999090505e+01
5.940000000000000000e+04	9.999999999999090505e+01
5.940000000000000000e+04	0.000000000000000000e+00
6.030000000000000000e+04	0.000000000000000000e+00
6.030000000000000000e+04	0.000000000000000000e+00
6.120000000000000000e+04	0.000000000000000000e+00
6.120000000000000000e+04	1.000000000000000000e+02
6.210000000000000000e+04	1.000000000000000000e+02
6.210000000000000000e+04	2.678917741987772388e+03
6.300000000000000000e+04	2.678917741987772388e+03
6.300000000000000000e+04	9.999999999999090505e+01
6.390000000000000000e+04	9.999999999999090505e+01
6.390000000000000000e+04	0.000000000000000000e+00
6.480000000000000000e+04	0.000000000000000000e+00
6.480000000000000000e+04	5.820766091346740723e-11
6.570000000000000000e+04	5.820766091346740723e-11
6.570000000000000000e+04	2.678917741987765112e+03
6.660000000000000000e+04	2.678917741987765112e+03
6.660000000000000000e+04	0.000000000000000000e+00
6.750000000000000000e+04	0.000000000000000000e+00
6.750000000000000000e+04	9.999999999998544808e+01
6.840000000000000000e+04	9.999999999998544808e+01
6.840000000000000000e+04	0.000000000000000000e+00
6.930000000000000000e+04	0.000000000000000000e+00
6.930000000000000000e+04	0.000000000000000000e+00
7.020000000000000000e+04	0.000000000000000000e+00
7.020000000000000000e+04	0.000000000000000000e+00
7.110000000000000000e+04	0.000000000000000000e+00
7.110000000000000000e+04	0.000000000000000000e+00
7.200000000000000000e+04	0.000000000000000000e+00
7.200000000000000000e+04	0.000000000000000000e+00
7.290000000000000000e+04	0.000000000000000000e+00
7.290000000000000000e+04	0.000000000000000000e+00
7.380000000000000000e+04	0.000000000000000000e+00
7.380000000000000000e+04	0.000000000000000000e+00
7.470000000000000000e+04	0.000000000000000000e+00
7.470000000000000000e+04	0.000000000000000000e+00
7.560000000000000000e+04	0.000000000000000000e+00
7.560000000000000000e+04	0.000000000000000000e+00
7.650000000000000000e+04	0.000000000000000000e+00
7.650000000000000000e+04	0.000000000000000000e+00
7.740000000000000000e+04	0.000000000000000000e+00
7.740000000000000000e+04	0.000000000000000000e+00
7.830000000000000000e+04	0.000000000000000000e+00
7.830000000000000000e+04	0.000000000000000000e+00
7.920000000000000000e+04	0.000000000000000000e+00
7.920000000000000000e+04	0.000000000000000000e+00
8.010000000000000000e+04	0.000000000000000000e+00
8.010000000000000000e+04	0.000000000000000000e+00
8.100000000000000000e+04	0.000000000000000000e+00
8.100000000000000000e+04	0.000000000000000000e+00
8.190000000000000000e+04	0.000000000000000000e+00
8.190000000000000000e+04	0.000000000000000000e+00
8.280000000000000000e+04	0.000000000000000000e+00
8.280000000000000000e+04	5.820766091346740723e-11
8.370000000000000000e+04	5.820766091346740723e-11
8.370000000000000000e+04	0.000000000000000000e+00
8.460000000000000000e+04	0.000000000000000000e+00
8.460000000000000000e+04	0.000000000000000000e+00
8.550000000000000000e+04	0.000000000000000000e+00
8.550000000000000000e+04	0.000000000000000000e+00
8.640000000000000000e+04	0.000000000000000000e+00
8.640000000000000000e+04	5.820766091346740723e-11
8.730000000000000000e+04	5.820766091346740723e-11
8.730000000000000000e+04	0.000000000000000000e+00
8.820000000000000000e+04	0.000000000000000000e+00
8.820000000000000000e+04	0.000000000000000000e+00
8.910000000000000000e+04	0.000000000000000000e+00
8.910000000000000000e+04	0.000000000000000000e+00
9.000000000000000000e+04	0.000000000000000000e+00
9.000000000000000000e+04	0.000000000000000000e+00
9.090000000000000000e+04	0.000000000000000000e+00
9.090000000000000000e+04	0.000000000000000000e+00
9.180000000000000000e+04	0.000000000000000000e+00
9.180000000000000000e+04	0.000000000000000000e+00
9.270000000000000000e+04	0.000000000000000000e+00
9.270000000000000000e+04	0.000000000000000000e+00
9.360000000000000000e+04	0.000000000000000000e+00
9.360000000000000000e+04	0.000000000000000000e+00
9.450000000000000000e+04	0.000000000000000000e+00
9.450000000000000000e+04	0.000000000000000000e+00
9.540000000000000000e+04	0.000000000000000000e+00
9.540000000000000000e+04	0.000000000000000000e+00
9.630000000000000000e+04	0.000000000000000000e+00
9.630000000000000000e+04	0.000000000000000000e+00
9.720000000000000000e+04	0.000000000000000000e+00
9.720000000000000000e+04	0.000000000000000000e+00
9.810000000000000000e+04	0.000000000000000000e+00
9.810000000000000000e+04	0.000000000000000000e+00
9.900000000000000000e+04	0.000000000000000000e+00
9.900000000000000000e+04	0.000000000000000000e+00
9.990000000000000000e+04	0.000000000000000000e+00
9.990000000000000000e+04	0.000000000000000000e+00
1.008000000000000000e+05	0.000000000000000000e+00
1.008000000000000000e+05	0.000000000000000000e+00
1.017000000000000000e+05	0.000000000000000000e+00
1.017000000000000000e+05	0.000000000000000000e+00
1.026000000000000000e+05	0.000000000000000000e+00
1.026000000000000000e+05	0.000000000000000000e+00
1.035000000000000000e+05	0.000000000000000000e+00
1.035000000000000000e+05	0.000000000000000000e+00
1.044000000000000000e+05	0.000000000000000000e+00
1.044000000000000000e+05	-5.820766091346740723e-11
1.053000000000000000e+05	-5.820766091346740723e-11
1.053000000000000000e+05	0.000000000000000000e+00
1.062000000000000000e+05	0.000000000000000000e+00
1.062000000000000000e+05	0.000000000000000000e+00
1.071000000000000000e+05	0.000000000000000000e+00
1.071000000000000000e+05	0.000000000000000000e+00
1.080000000000000000e+05	0.000000000000000000e+00
1.080000000000000000e+05	1.000000000000000000e+02
1.089000000000000000e+05	1.000000000000000000e+02
1.089000000000000000e+05	0.000000000000000000e+00
1.098000000000000000e+05	0.000000000000000000e+00
1.098000000000000000e+05	0.000000000000000000e+00
1.107000000000000000e+05	0.000000000000000000e+00
1.107000000000000000e+05	0.000000000000000000e+00
1.116000000000000000e+05	0.000000000000000000e+00
1.116000000000000000e+05	0.000000000000000000e+00
1.125000000000000000e+05	0.000000000000000000e+00
1.125000000000000000e+05	0.000000000000000000e+00
1.134000000000000000e+05	0.000000000000000000e+00
1.134000000000000000e+05	0.000000000000000000e+00
1.143000000000000000e+05	0.000000000000000000e+00
1.143000000000000000e+05	0.000000000000000000e+00
1.152000000000000000e+05	0.000000000000000000e+00
1.152000000000000000e+05	0.000000000000000000e+00
1.161000000000000000e+05	0.000000000000000000e+00
1.161000000000000000e+05	0.000000000000000000e+00
1.170000000000000000e+05	0.000000000000000000e+00
1.170000000000000000e+05	0.000000000000000000e+00
1.179000000000000000e+05	0.000000000000000000e+00
1.179000000000000000e+05	0.000000000000000000e+00
1.188000000000000000e+05	0.000000000000000000e+00
1.188000000000000000e+05	5.820766091346740723e-11
1.197000000000000000e+05	5.820766091346740723e-11
1.197000000000000000e+05	0.000000000000000000e+00
1.206000000000000000e+05	0.000000000000000000e+00
1.206000000000000000e+05	0.000000000000000000e+00
1.215000000000000000e+05	0.000000000000000000e+00
1.215000000000000000e+05	0.000000000000000000e+00
1.224000000000000000e+05	0.000000000000000000e+00
1.224000000000000000e+05	0.000000000000000000e+00
1.233000000000000000e+05	0.000000000000000000e+00
1.233000000000000000e+05	0.000000000000000000e+00
1.242000000000000000e+05	0.000000000000000000e+00
1.242000000000000000e+05	0.000000000000000000e+00
1.251000000000000000e+05	0.000000000000000000e+00
1.251000000000000000e+05	0.000000000000000000e+00
1.260000000000000000e+05	0.000000000000000000e+00
1.260000000000000000e+05	0.000000000000000000e+00
1.269000000000000000e+05	0.000000000000000000e+00
1.269000000000000000e+05	0.000000000000000000e+00
1.278000000000000000e+05	0.000000000000000000e+00
1.278000000000000000e+05	0.000000000000000000e+00
1.287000000000000000e+05	0.000000000000000000e+00
1.287000000000000000e+05	0.000000000000000000e+00
1.296000000000000000e+05	0.000000000000000000e+00
1.296000000000000000e+05	5.820766091346740723e-11
1.305000000000000000e+05	5.820766091346740723e-11
1.305000000000000000e+05	0.000000000000000000e+00
1.314000000000000000e+05	0.000000000000000000e+00
1.314000000000000000e+05	0.000000000000000000e+00
1.323000000000000000e+05	0.000000000000000000e+00
1.323000000000000000e+05	3.511200000000000273e+03
1.332000000000000000e+05	3.511200000000000273e+03
1.332000000000000000e+05	0.000000000000000000e+00
1.341000000000000000e+05	0.000000000000000000e+00
1.341000000000000000e+05	3.215973071827616423e+03
1.350000000000000000e+05	3.215973071827616423e+03
1.350000000000000000e+05	0.000000000000000000e+00
1.359000000000000000e+05	0.000000000000000000e+00
1.359000000000000000e+05	3.061443932770471292e+03
1.368000000000000000e+05	3.061443932770471292e+03
1.368000000000000000e+05	3.104391947200812865e+03
1.377000000000000000e+05	3.104391947200812865e+03
1.377000000000000000e+05	2.954611830380558786e+03
1.386000000000000000e+05	2.954611830380558786e+03
1.386000000000000000e+05	0.000000000000000000e+00
1.395000000000000000e+05	0.000000000000000000e+00
1.395000000000000000e+05	1.000000000000000000e+02
1.404000000000000000e+05	1.000000000000000000e+02
1.404000000000000000e+05	5.820766091346740723e-11
1.413000000000000000e+05	5.820766091346740723e-11
1.413000000000000000e+05	0.000000000000000000e+00
1.422000000000000000e+05	0.000000000000000000e+00
1.422000000000000000e+05	0.000000000000000000e+00
1.431000000000000000e+05	0.000000000000000000e+00
1.431000000000000000e+05	0.000000000000000000e+00
1.440000000000000000e+05	0.000000000000000000e+00
1.440000000000000000e+05	0.000000000000000000e+00
1.449000000000000000e+05	0.000000000000000000e+00
1.449000000000000000e+05	0.000000000000000000e+00
1.458000000000000000e+05	0.000000000000000000e+00
1.458000000000000000e+05	0.000000000000000000e+00
1.467000000000000000e+05	0.000000000000000000e+00
1.467000000000000000e+05	4.060000000000000000e+03
1.476000000000000000e+05	4.060000000000000000e+03
1.476000000000000000e+05	0.000000000000000000e+00
1.485000000000000000e+05	0.000000000000000000e+00
1.485000000000000000e+05	0.000000000000000000e+00
1.494000000000000000e+05	0.000000000000000000e+00
1.494000000000000000e+05	0.000000000000000000e+00
1.503000000000000000e+05	0.000000000000000000e+00
1.503000000000000000e+05	0.000000000000000000e+00
1.512000000000000000e+05	0.000000000000000000e+00
1.512000000000000000e+05	1.000000000000582077e+02
1.521000000000000000e+05	1.000000000000582077e+02
1.521000000000000000e+05	9.999999999999727152e+01
1.530000000000000000e+05	9.999999999999727152e+01
1.530000000000000000e+05	0.000000000000000000e+00
1.539000000000000000e+05	0.000000000000000000e+00
1.539000000000000000e+05	0.000000000000000000e+00
1.548000000000000000e+05	0.000000000000000000e+00
1.548000000000000000e+05	5.820766091346740723e-11
1.557000000000000000e+05	5.820766091346740723e-11
1.557000000000000000e+05	2.876123893067181598e+03
1.566000000000000000e+05	2.876123893067181598e+03
1.566000000000000000e+05	0.000000000000000000e+00
1.575000000000000000e+05	0.000000000000000000e+00
1.575000000000000000e+05	0.000000000000000000e+00
1.584000000000000000e+05	0.000000000000000000e+00
1.584000000000000000e+05	0.000000000000000000e+00
1.593000000000000000e+05	0.000000000000000000e+00
1.593000000000000000e+05	0.000000000000000000e+00
1.602000000000000000e+05	0.000000000000000000e+00
1.602000000000000000e+05	2.900995670253154458e+03
1.611000000000000000e+05	2.900995670253154458e+03
1.611000000000000000e+05	0.000000000000000000e+00
1.620000000000000000e+05	0.000000000000000000e+00
1.620000000000000000e+05	5.820766091346740723e-11
1.629000000000000000e+05	5.820766091346740723e-11
1.629000000000000000e+05	4.060000000000001819e+03
1.638000000000000000e+05	4.060000000000001819e+03
1.638000000000000000e+05	0.000000000000000000e+00
1.647000000000000000e+05	0.000000000000000000e+00
1.647000000000000000e+05	0.000000000000000000e+00
1.656000000000000000e+05	0.000000000000000000e+00
1.656000000000000000e+05	0.000000000000000000e+00
1.665000000000000000e+05	0.000000000000000000e+00
1.665000000000000000e+05	0.000000000000000000e+00
1.674000000000000000e+05	0.000000000000000000e+00
1.674000000000000000e+05	0.000000000000000000e+00
1.683000000000000000e+05	0.000000000000000000e+00
1.683000000000000000e+05	0.000000000000000000e+00
1.692000000000000000e+05	0.000000000000000000e+00
1.692000000000000000e+05	-5.820766091346740723e-11
1.701000000000000000e+05	-5.820766091346740723e-11
1.701000000000000000e+05	0.000000000000000000e+00
1.710000000000000000e+05	0.000000000000000000e+00
1.710000000000000000e+05	0.000000000000000000e+00
1.719000000000000000e+05	0.000000000000000000e+00
1.719000000000000000e+05	0.000000000000000000e+00
1.728000000000000000e+05	0.000000000000000000e+00
1.728000000000000000e+05	4.059999999999883585e+03
1.737000000000000000e+05	4.059999999999883585e+03
1.737000000000000000e+05	0.000000000000000000e+00
1.746000000000000000e+05	0.000000000000000000e+00
1.746000000000000000e+05	0.000000000000000000e+00
1.755000000000000000e+05	0.000000000000000000e+00
1.755000000000000000e+05	0.000000000000000000e+00
1.764000000000000000e+05	0.000000000000000000e+00
1.764000000000000000e+05	-5.820766091346740723e-11
1.773000000000000000e+05	-5.820766091346740723e-11
1.773000000000000000e+05	0.000000000000000000e+00
1.782000000000000000e+05	0.000000000000000000e+00
1.782000000000000000e+05	0.000000000000000000e+00
1.791000000000000000e+05	0.000000000000000000e+00
1.791000000000000000e+05	0.000000000000000000e+00
1.800000000000000000e+05	0.000000000000000000e+00
1.800000000000000000e+05	-5.820766091346740723e-11
1.809000000000000000e+05	-5.820766091346740723e-11
1.809000000000000000e+05	7.000000000000000000e+03
1.818000000000000000e+05	7.000000000000000000e+03
1.818000000000000000e+05	0.000000000000000000e+00
1.827000000000000000e+05	0.000000000000000000e+00
1.827000000000000000e+05	0.000000000000000000e+00
1.836000000000000000e+05	0.000000000000000000e+00
1.836000000000000000e+05	1.164153218269348145e-10
1.845000000000000000e+05	1.164153218269348145e-10
1.845000000000000000e+05	4.060000000000000000e+03
1.854000000000000000e+05	4.060000000000000000e+03
1.854000000000000000e+05	0.000000000000000000e+00
1.863000000000000000e+05	0.000000000000000000e+00
1.863000000000000000e+05	0.000000000000000000e+00
1.872000000000000000e+05	0.000000000000000000e+00
1.872000000000000000e+05	5.820766091346740723e-11
1.881000000000000000e+05	5.820766091346740723e-11
1.881000000000000000e+05	0.000000000000000000e+00
1.890000000000000000e+05	0.000000000000000000e+00
1.890000000000000000e+05	0.000000000000000000e+00
1.899000000000000000e+05	0.000000000000000000e+00
1.899000000000000000e+05	0.000000000000000000e+00
1.908000000000000000e+05	0.000000000000000000e+00
1.908000000000000000e+05	0.000000000000000000e+00
1.917000000000000000e+05	0.000000000000000000e+00
1.917000000000000000e+05	0.000000000000000000e+00
1.926000000000000000e+05	0.000000000000000000e+00
1.926000000000000000e+05	0.000000000000000000e+00
1.935000000000000000e+05	0.000000000000000000e+00
1.935000000000000000e+05	0.000000000000000000e+00
1.944000000000000000e+05	0.000000000000000000e+00
1.944000000000000000e+05	7.000000000000000000e+03
1.953000000000000000e+05	7.000000000000000000e+03
1.953000000000000000e+05	0.000000000000000000e+00
1.962000000000000000e+05	0.000000000000000000e+00
1.962000000000000000e+05	0.000000000000000000e+00
1.971000000000000000e+05	0.000000000000000000e+00
1.971000000000000000e+05	7.040220085040823506e+03
1.980000000000000000e+05	7.040220085040823506e+03
1.980000000000000000e+05	5.820766091346740723e-11
1.989000000000000000e+05	5.820766091346740723e-11
1.989000000000000000e+05	0.000000000000000000e+00
1.998000000000000000e+05	0.000000000000000000e+00
1.998000000000000000e+05	0.000000000000000000e+00
2.007000000000000000e+05	0.000000000000000000e+00
2.007000000000000000e+05	0.000000000000000000e+00
2.016000000000000000e+05	0.000000000000000000e+00
2.016000000000000000e+05	5.820766091346740723e-11
2.025000000000000000e+05	5.820766091346740723e-11
2.025000000000000000e+05	0.000000000000000000e+00
2.034000000000000000e+05	0.000000000000000000e+00
2.034000000000000000e+05	0.000000000000000000e+00
2.043000000000000000e+05	0.000000000000000000e+00
2.043000000000000000e+05	0.000000000000000000e+00
2.052000000000000000e+05	0.000000000000000000e+00
2.052000000000000000e+05	-1.164153218269348145e-10
2.061000000000000000e+05	-1.164153218269348145e-10
2.061000000000000000e+05	8.116232128139668930e+03
2.070000000000000000e+05	8.116232128139668930e+03
2.070000000000000000e+05	0.000000000000000000e+00
2.079000000000000000e+05	0.000000000000000000e+00
2.079000000000000000e+05	0.000000000000000000e+00
2.088000000000000000e+05	0.000000000000000000e+00
2.088000000000000000e+05	0.000000000000000000e+00
2.097000000000000000e+05	0.000000000000000000e+00
2.097000000000000000e+05	0.000000000000000000e+00
2.106000000000000000e+05	0.000000000000000000e+00
2.106000000000000000e+05	0.000000000000000000e+00
2.115000000000000000e+05	0.000000000000000000e+00
2.115000000000000000e+05	0.000000000000000000e+00
2.124000000000000000e+05	0.000000000000000000e+00
2.124000000000000000e+05	0.000000000000000000e+00
2.133000000000000000e+05	0.000000000000000000e+00
2.133000000000000000e+05	0.000000000000000000e+00
2.142000000000000000e+05	0.000000000000000000e+00
2.142000000000000000e+05	0.000000000000000000e+00
2.151000000000000000e+05	0.000000000000000000e+00
2.151000000000000000e+05	0.000000000000000000e+00
2.160000000000000000e+05	0.000000000000000000e+00
2.160000000000000000e+05	6.383013774193881545e+03
2.169000000000000000e+05	6.383013774193881545e+03
2.169000000000000000e+05	0.000000000000000000e+00
2.178000000000000000e+05	0.000000000000000000e+00
2.178000000000000000e+05	5.879561708431051614e-11
2.187000000000000000e+05	5.879561708431051614e-11
2.187000000000000000e+05	0.000000000000000000e+00
2.196000000000000000e+05	0.000000000000000000e+00
2.196000000000000000e+05	0.000000000000000000e+00
2.205000000000000000e+05	0.000000000000000000e+00
2.205000000000000000e+05	0.000000000000000000e+00
2.214000000000000000e+05	0.000000000000000000e+00
2.214000000000000000e+05	0.000000000000000000e+00
2.223000000000000000e+05	0.000000000000000000e+00
2.223000000000000000e+05	0.000000000000000000e+00
2.232000000000000000e+05	0.000000000000000000e+00
2.232000000000000000e+05	5.820766091346740723e-11
2.241000000000000000e+05	5.820766091346740723e-11
2.241000000000000000e+05	4.060000000000000000e+03
2.250000000000000000e+05	4.060000000000000000e+03
2.250000000000000000e+05	0.000000000000000000e+00
2.259000000000000000e+05	0.000000000000000000e+00
2.259000000000000000e+05	2.218648090812488135e+03
2.268000000000000000e+05	2.218648090812488135e+03
2.268000000000000000e+05	5.820766091346740723e-11
2.277000000000000000e+05	5.820766091346740723e-11
2.277000000000000000e+05	0.000000000000000000e+00
2.286000000000000000e+05	0.000000000000000000e+00
2.286000000000000000e+05	0.000000000000000000e+00
2.295000000000000000e+05	0.000000000000000000e+00
2.295000000000000000e+05	0.000000000000000000e+00
2.304000000000000000e+05	0.000000000000000000e+00
2.304000000000000000e+05	0.000000000000000000e+00
2.313000000000000000e+05	0.000000000000000000e+00
2.313000000000000000e+05	0.000000000000000000e+00
2.322000000000000000e+05	0.000000000000000000e+00
2.322000000000000000e+05	9.999999999998996714e+01
2.331000000000000000e+05	9.999999999998996714e+01
2.331000000000000000e+05	9.999999999998996714e+01
2.340000000000000000e+05	9.999999999998996714e+01
2.340000000000000000e+05	0.000000000000000000e+00
2.349000000000000000e+05	0.000000000000000000e+00
2.349000000000000000e+05	2.678917741987776026e+03
2.358000000000000000e+05	2.678917741987776026e+03
2.358000000000000000e+05	0.000000000000000000e+00
2.367000000000000000e+05	0.000000000000000000e+00
2.367000000000000000e+05	0.000000000000000000e+00
2.376000000000000000e+05	0.000000000000000000e+00
2.376000000000000000e+05	5.820766091346740723e-11
2.385000000000000000e+05	5.820766091346740723e-11
2.385000000000000000e+05	0.000000000000000000e+00
2.394000000000000000e+05	0.000000000000000000e+00
2.394000000000000000e+05	0.000000000000000000e+00
2.403000000000000000e+05	0.000000000000000000e+00
2.403000000000000000e+05	0.000000000000000000e+00
2.412000000000000000e+05	0.000000000000000000e+00
2.412000000000000000e+05	3.220365565386076923e+03
2.421000000000000000e+05	3.220365565386076923e+03
2.421000000000000000e+05	3.511200000000000273e+03
2.430000000000000000e+05	3.511200000000000273e+03
2.430000000000000000e+05	0.000000000000000000e+00
2.439000000000000000e+05	0.000000000000000000e+00
2.439000000000000000e+05	0.000000000000000000e+00
2.448000000000000000e+05	0.000000000000000000e+00
2.448000000000000000e+05	1.000000000000582077e+02
2.457000000000000000e+05	1.000000000000582077e+02
2.457000000000000000e+05	2.759339215940292434e+03
2.466000000000000000e+05	2.759339215940292434e+03
2.466000000000000000e+05	0.000000000000000000e+00
2.475000000000000000e+05	0.000000000000000000e+00
2.475000000000000000e+05	0.000000000000000000e+00
2.484000000000000000e+05	0.000000000000000000e+00
2.484000000000000000e+05	5.820766091346740723e-11
2.493000000000000000e+05	5.820766091346740723e-11
2.493000000000000000e+05	0.000000000000000000e+00
2.502000000000000000e+05	0.000000000000000000e+00
2.502000000000000000e+05	0.000000000000000000e+00
2.511000000000000000e+05	0.000000000000000000e+00
2.511000000000000000e+05	0.000000000000000000e+00
2.520000000000000000e+05	0.000000000000000000e+00
2.520000000000000000e+05	5.820766091346740723e-11
2.529000000000000000e+05	5.820766091346740723e-11
2.529000000000000000e+05	0.000000000000000000e+00
2.538000000000000000e+05	0.000000000000000000e+00
2.538000000000000000e+05	0.000000000000000000e+00
2.547000000000000000e+05	0.000000000000000000e+00
2.547000000000000000e+05	0.000000000000000000e+00
2.556000000000000000e+05	0.000000000000000000e+00
2.556000000000000000e+05	-5.820766091346740723e-11
2.565000000000000000e+05	-5.820766091346740723e-11
2.565000000000000000e+05	0.000000000000000000e+00
2.574000000000000000e+05	0.000000000000000000e+00
2.574000000000000000e+05	0.000000000000000000e+00
2.583000000000000000e+05	0.000000000000000000e+00
2.583000000000000000e+05	0.000000000000000000e+00
2.592000000000000000e+05	0.000000000000000000e+00
2.592000000000000000e+05	0.000000000000000000e+00
2.601000000000000000e+05	0.000000000000000000e+00
2.601000000000000000e+05	0.000000000000000000e+00
2.610000000000000000e+05	0.000000000000000000e+00
2.610000000000000000e+05	0.000000000000000000e+00
2.619000000000000000e+05	0.000000000000000000e+00
2.619000000000000000e+05	0.000000000000000000e+00
2.628000000000000000e+05	0.000000000000000000e+00
2.628000000000000000e+05	0.000000000000000000e+00
2.637000000000000000e+05	0.000000000000000000e+00
2.637000000000000000e+05	0.000000000000000000e+00
2.646000000000000000e+05	0.000000000000000000e+00
2.646000000000000000e+05	0.000000000000000000e+00
2.655000000000000000e+05	0.000000000000000000e+00
2.655000000000000000e+05	0.000000000000000000e+00
2.664000000000000000e+05	0.000000000000000000e+00
2.664000000000000000e+05	-5.820766091346740723e-11
2.673000000000000000e+05	-5.820766091346740723e-11
2.673000000000000000e+05	0.000000000000000000e+00
2.682000000000000000e+05	0.000000000000000000e+00
2.682000000000000000e+05	0.000000000000000000e+00
2.691000000000000000e+05	0.000000000000000000e+00
2.691000000000000000e+05	0.000000000000000000e+00
2.700000000000000000e+05	0.000000000000000000e+00
2.700000000000000000e+05	0.000000000000000000e+00
2.709000000000000000e+05	0.000000000000000000e+00
2.709000000000000000e+05	0.000000000000000000e+00
2.718000000000000000e+05	0.000000000000000000e+00
2.718000000000000000e+05	0.000000000000000000e+00
2.727000000000000000e+05	0.000000000000000000e+00
2.727000000000000000e+05	0.000000000000000000e+00
2.736000000000000000e+05	0.000000000000000000e+00
2.736000000000000000e+05	0.000000000000000000e+00
2.745000000000000000e+05	0.000000000000000000e+00
2.745000000000000000e+05	0.000000000000000000e+00
2.754000000000000000e+05	0.000000000000000000e+00
2.754000000000000000e+05	0.000000000000000000e+00
2.763000000000000000e+05	0.000000000000000000e+00
2.763000000000000000e+05	0.000000000000000000e+00
2.772000000000000000e+05	0.000000000000000000e+00
2.772000000000000000e+05	5.820766091346740723e-11
2.781000000000000000e+05	5.820766091346740723e-11
2.781000000000000000e+05	0.000000000000000000e+00
2.790000000000000000e+05	0.000000000000000000e+00
2.790000000000000000e+05	0.000000000000000000e+00
2.799000000000000000e+05	0.000000000000000000e+00
2.799000000000000000e+05	0.000000000000000000e+00
2.808000000000000000e+05	0.000000000000000000e+00
2.808000000000000000e+05	-5.820766091346740723e-11
2.817000000000000000e+05	-5.820766091346740723e-11
2.817000000000000000e+05	0.000000000000000000e+00
2.826000000000000000e+05	0.000000000000000000e+00
2.826000000000000000e+05	0.000000000000000000e+00
2.835000000000000000e+05	0.000000000000000000e+00
2.835000000000000000e+05	0.000000000000000000e+00
2.844000000000000000e+05	0.000000000000000000e+00
2.844000000000000000e+05	0.000000000000000000e+00
2.853000000000000000e+05	0.000000000000000000e+00
2.853000000000000000e+05	0.000000000000000000e+00
2.862000000000000000e+05	0.000000000000000000e+00
2.862000000000000000e+05	0.000000000000000000e+00
2.871000000000000000e+05	0.000000000000000000e+00
2.871000000000000000e+05	0.000000000000000000e+00
2.880000000000000000e+05	0.000000000000000000e+00
2.880000000000000000e+05	0.000000000000000000e+00
2.889000000000000000e+05	0.000000000000000000e+00
2.889000000000000000e+05	0.000000000000000000e+00
2.898000000000000000e+05	0.000000000000000000e+00
2.898000000000000000e+05	0.000000000000000000e+00
2.907000000000000000e+05	0.000000000000000000e+00
2.907000000000000000e+05	0.000000000000000000e+00
2.916000000000000000e+05	0.000000000000000000e+00
2.916000000000000000e+05	9.999999999965075403e+01
2.925000000000000000e+05	9.999999999965075403e+01
2.925000000000000000e+05	0.000000000000000000e+00
2.934000000000000000e+05	0.000000000000000000e+00
2.934000000000000000e+05	0.000000000000000000e+00
2.943000000000000000e+05	0.000000000000000000e+00
2.943000000000000000e+05	0.000000000000000000e+00
2.952000000000000000e+05	0.000000000000000000e+00
2.952000000000000000e+05	0.000000000000000000e+00
2.961000000000000000e+05	0.000000000000000000e+00
2.961000000000000000e+05	0.000000000000000000e+00
2.970000000000000000e+05	0.000000000000000000e+00
2.970000000000000000e+05	0.000000000000000000e+00
2.979000000000000000e+05	0.000000000000000000e+00
2.979000000000000000e+05	0.000000000000000000e+00
2.988000000000000000e+05	0.000000000000000000e+00
2.988000000000000000e+05	0.000000000000000000e+00
2.997000000000000000e+05	0.000000000000000000e+00
2.997000000000000000e+05	0.000000000000000000e+00
3.006000000000000000e+05	0.000000000000000000e+00
3.006000000000000000e+05	0.000000000000000000e+00
3.015000000000000000e+05	0.000000000000000000e+00
3.015000000000000000e+05	0.000000000000000000e+00
3.024000000000000000e+05	0.000000000000000000e+00
3.024000000000000000e+05	0.000000000000000000e+00
3.033000000000000000e+05	0.000000000000000000e+00
3.033000000000000000e+05	0.000000000000000000e+00
3.042000000000000000e+05	0.000000000000000000e+00
3.042000000000000000e+05	0.000000000000000000e+00
3.051000000000000000e+05	0.000000000000000000e+00
3.051000000000000000e+05	0.000000000000000000e+00
3.060000000000000000e+05	0.000000000000000000e+00
3.060000000000000000e+05	5.820766091346740723e-11
3.069000000000000000e+05	5.820766091346740723e-11
3.069000000000000000e+05	9.999999999999090505e+01
3.078000000000000000e+05	9.999999999999090505e+01
3.078000000000000000e+05	4.329778969959182291e+02
3.087000000000000000e+05	4.329778969959182291e+02
3.087000000000000000e+05	9.999999999999727152e+01
3.096000000000000000e+05	9.999999999999727152e+01
3.096000000000000000e+05	5.820766091346740723e-11
3.105000000000000000e+05	5.820766091346740723e-11
3.105000000000000000e+05	0.000000000000000000e+00
3.114000000000000000e+05	0.000000000000000000e+00
3.114000000000000000e+05	0.000000000000000000e+00
3.123000000000000000e+05	0.000000000000000000e+00
3.123000000000000000e+05	0.000000000000000000e+00
3.132000000000000000e+05	0.000000000000000000e+00
3.132000000000000000e+05	0.000000000000000000e+00
3.141000000000000000e+05	0.000000000000000000e+00
3.141000000000000000e+05	0.000000000000000000e+00
3.150000000000000000e+05	0.000000000000000000e+00
3.150000000000000000e+05	0.000000000000000000e+00
3.159000000000000000e+05	0.000000000000000000e+00
3.159000000000000000e+05	0.000000000000000000e+00
3.168000000000000000e+05	0.000000000000000000e+00
3.168000000000000000e+05	0.000000000000000000e+00
3.177000000000000000e+05	0.000000000000000000e+00
3.177000000000000000e+05	0.000000000000000000e+00
3.186000000000000000e+05	0.000000000000000000e+00
3.186000000000000000e+05	0.000000000000000000e+00
3.195000000000000000e+05	0.000000000000000000e+00
3.195000000000000000e+05	0.000000000000000000e+00
3.204000000000000000e+05	0.000000000000000000e+00
3.204000000000000000e+05	5.820766091346740723e-11
3.213000000000000000e+05	5.820766091346740723e-11
3.213000000000000000e+05	0.000000000000000000e+00
3.222000000000000000e+05	0.000000000000000000e+00
3.222000000000000000e+05	0.000000000000000000e+00
3.231000000000000000e+05	0.000000000000000000e+00
3.231000000000000000e+05	0.000000000000000000e+00
3.240000000000000000e+05	0.000000000000000000e+00
3.240000000000000000e+05	0.000000000000000000e+00
3.249000000000000000e+05	0.000000000000000000e+00
3.249000000000000000e+05	4.060000000000005457e+03
3.258000000000000000e+05	4.060000000000005457e+03
3.258000000000000000e+05	0.000000000000000000e+00
3.267000000000000000e+05	0.000000000000000000e+00
3.267000000000000000e+05	0.000000000000000000e+00
3.276000000000000000e+05	0.000000000000000000e+00
3.276000000000000000e+05	4.060000000000058208e+03
3.285000000000000000e+05	4.060000000000058208e+03
3.285000000000000000e+05	0.000000000000000000e+00
3.294000000000000000e+05	0.000000000000000000e+00
3.294000000000000000e+05	0.000000000000000000e+00
3.303000000000000000e+05	0.000000000000000000e+00
3.303000000000000000e+05	0.000000000000000000e+00
3.312000000000000000e+05	0.000000000000000000e+00
3.312000000000000000e+05	0.000000000000000000e+00
3.321000000000000000e+05	0.000000000000000000e+00
3.321000000000000000e+05	0.000000000000000000e+00
3.330000000000000000e+05	0.000000000000000000e+00
3.330000000000000000e+05	0.000000000000000000e+00
3.339000000000000000e+05	0.000000000000000000e+00
3.339000000000000000e+05	0.000000000000000000e+00
3.348000000000000000e+05	0.000000000000000000e+00
3.348000000000000000e+05	0.000000000000000000e+00
3.357000000000000000e+05	0.000000000000000000e+00
3.357000000000000000e+05	4.060000000000000000e+03
3.366000000000000000e+05	4.060000000000000000e+03
3.366000000000000000e+05	0.000000000000000000e+00
3.375000000000000000e+05	0.000000000000000000e+00
3.375000000000000000e+05	0.000000000000000000e+00
3.384000000000000000e+05	0.000000000000000000e+00
3.384000000000000000e+05	-1.164153218269348145e-10
3.393000000000000000e+05	-1.164153218269348145e-10
3.393000000000000000e+05	0.000000000000000000e+00
3.402000000000000000e+05	0.000000000000000000e+00
3.402000000000000000e+05	0.000000000000000000e+00
3.411000000000000000e+05	0.000000000000000000e+00
3.411000000000000000e+05	0.000000000000000000e+00
3.420000000000000000e+05	0.000000000000000000e+00
3.420000000000000000e+05	0.000000000000000000e+00
3.429000000000000000e+05	0.000000000000000000e+00
3.429000000000000000e+05	0.000000000000000000e+00
3.438000000000000000e+05	0.000000000000000000e+00
3.438000000000000000e+05	0.000000000000000000e+00
3.447000000000000000e+05	0.000000000000000000e+00
3.447000000000000000e+05	0.000000000000000000e+00
3.456000000000000000e+05	0.000000000000000000e+00
3.456000000000000000e+05	0.000000000000000000e+00
3.465000000000000000e+05	0.000000000000000000e+00
3.465000000000000000e+05	5.669292692559726675e+03
3.474000000000000000e+05	5.669292692559726675e+03
3.474000000000000000e+05	0.000000000000000000e+00
3.483000000000000000e+05	0.000000000000000000e+00
3.483000000000000000e+05	0.000000000000000000e+00
3.492000000000000000e+05	0.000000000000000000e+00
3.492000000000000000e+05	5.820766091346740723e-11
3.501000000000000000e+05	5.820766091346740723e-11
3.501000000000000000e+05	0.000000000000000000e+00
3.510000000000000000e+05	0.000000000000000000e+00
3.510000000000000000e+05	0.000000000000000000e+00
3.519000000000000000e+05	0.000000000000000000e+00
3.519000000000000000e+05	0.000000000000000000e+00
3.528000000000000000e+05	0.000000000000000000e+00
3.528000000000000000e+05	0.000000000000000000e+00
3.537000000000000000e+05	0.000000000000000000e+00
3.537000000000000000e+05	0.000000000000000000e+00
3.546000000000000000e+05	0.000000000000000000e+00
3.546000000000000000e+05	0.000000000000000000e+00
3.555000000000000000e+05	0.000000000000000000e+00
3.555000000000000000e+05	0.000000000000000000e+00
3.564000000000000000e+05	0.000000000000000000e+00
3.564000000000000000e+05	-5.820766091346740723e-11
3.573000000000000000e+05	-5.820766091346740723e-11
3.573000000000000000e+05	0.000000000000000000e+00
3.582000000000000000e+05	0.000000000000000000e+00
3.582000000000000000e+05	0.000000000000000000e+00
3.591000000000000000e+05	0.000000000000000000e+00
3.591000000000000000e+05	0.000000000000000000e+00
3.600000000000000000e+05	0.000000000000000000e+00
3.600000000000000000e+05	5.820766091346740723e-11
3.609000000000000000e+05	5.820766091346740723e-11
3.609000000000000000e+05	0.000000000000000000e+00
3.618000000000000000e+05	0.000000000000000000e+00
3.618000000000000000e+05	3.559483787584757465e+03
3.627000000000000000e+05	3.559483787584757465e+03
3.627000000000000000e+05	0.000000000000000000e+00
3.636000000000000000e+05	0.000000000000000000e+00
3.636000000000000000e+05	0.000000000000000000e+00
3.645000000000000000e+05	0.000000000000000000e+00
3.645000000000000000e+05	0.000000000000000000e+00
3.654000000000000000e+05	0.000000000000000000e+00
3.654000000000000000e+05	0.000000000000000000e+00
3.663000000000000000e+05	0.000000000000000000e+00
3.663000000000000000e+05	7.000000000000000000e+03
3.672000000000000000e+05	7.000000000000000000e+03
3.672000000000000000e+05	6.999999999999883585e+03
3.681000000000000000e+05	6.999999999999883585e+03
3.681000000000000000e+05	7.000000000000000000e+03
3.690000000000000000e+05	7.000000000000000000e+03
3.690000000000000000e+05	7.512579424129951803e+03
3.699000000000000000e+05	7.512579424129951803e+03
3.699000000000000000e+05	0.000000000000000000e+00
3.708000000000000000e+05	0.000000000000000000e+00
3.708000000000000000e+05	0.000000000000000000e+00
3.717000000000000000e+05	0.000000000000000000e+00
3.717000000000000000e+05	0.000000000000000000e+00
3.726000000000000000e+05	0.000000000000000000e+00
3.726000000000000000e+05	0.000000000000000000e+00
3.735000000000000000e+05	0.000000000000000000e+00
3.735000000000000000e+05	0.000000000000000000e+00
3.744000000000000000e+05	0.000000000000000000e+00
3.744000000000000000e+05	-5.820766091346740723e-11
3.753000000000000000e+05	-5.820766091346740723e-11
3.753000000000000000e+05	0.000000000000000000e+00
3.762000000000000000e+05	0.000000000000000000e+00
3.762000000000000000e+05	0.000000000000000000e+00
3.771000000000000000e+05	0.000000000000000000e+00
3.771000000000000000e+05	0.000000000000000000e+00
3.780000000000000000e+05	0.000000000000000000e+00
3.780000000000000000e+05	4.617806283632526174e+03
3.789000000000000000e+05	4.617806283632526174e+03
3.789000000000000000e+05	0.000000000000000000e+00
3.798000000000000000e+05	0.000000000000000000e+00
3.798000000000000000e+05	0.000000000000000000e+00
3.807000000000000000e+05	0.000000000000000000e+00
3.807000000000000000e+05	0.000000000000000000e+00
3.816000000000000000e+05	0.000000000000000000e+00
3.816000000000000000e+05	0.000000000000000000e+00
3.825000000000000000e+05	0.000000000000000000e+00
3.825000000000000000e+05	0.000000000000000000e+00
3.834000000000000000e+05	0.000000000000000000e+00
3.834000000000000000e+05	-1.175912341686210323e-10
3.843000000000000000e+05	-1.175912341686210323e-10
3.843000000000000000e+05	0.000000000000000000e+00
3.852000000000000000e+05	0.000000000000000000e+00
3.852000000000000000e+05	2.910383045673370361e-10
3.861000000000000000e+05	2.910383045673370361e-10
3.861000000000000000e+05	0.000000000000000000e+00
3.870000000000000000e+05	0.000000000000000000e+00
3.870000000000000000e+05	7.999760633277015586e+03
3.879000000000000000e+05	7.999760633277015586e+03
3.879000000000000000e+05	0.000000000000000000e+00
3.888000000000000000e+05	0.000000000000000000e+00
3.888000000000000000e+05	1.000000000000000000e+02
3.897000000000000000e+05	1.000000000000000000e+02
3.897000000000000000e+05	0.000000000000000000e+00
3.906000000000000000e+05	0.000000000000000000e+00
3.906000000000000000e+05	4.060000000000000000e+03
3.915000000000000000e+05	4.060000000000000000e+03
3.915000000000000000e+05	0.000000000000000000e+00
3.924000000000000000e+05	0.000000000000000000e+00
3.924000000000000000e+05	0.000000000000000000e+00
3.933000000000000000e+05	0.000000000000000000e+00
3.933000000000000000e+05	0.000000000000000000e+00
3.942000000000000000e+05	0.000000000000000000e+00
3.942000000000000000e+05	0.000000000000000000e+00
3.951000000000000000e+05	0.000000000000000000e+00
3.951000000000000000e+05	0.000000000000000000e+00
3.960000000000000000e+05	0.000000000000000000e+00
3.960000000000000000e+05	0.000000000000000000e+00
3.969000000000000000e+05	0.000000000000000000e+00
3.969000000000000000e+05	0.000000000000000000e+00
3.978000000000000000e+05	0.000000000000000000e+00
3.978000000000000000e+05	0.000000000000000000e+00
3.987000000000000000e+05	0.000000000000000000e+00
3.987000000000000000e+05	0.000000000000000000e+00
3.996000000000000000e+05	0.000000000000000000e+00
3.996000000000000000e+05	5.820766091346740723e-11
4.005000000000000000e+05	5.820766091346740723e-11
4.005000000000000000e+05	0.000000000000000000e+00
4.014000000000000000e+05	0.000000000000000000e+00
4.014000000000000000e+05	0.000000000000000000e+00
4.023000000000000000e+05	0.000000000000000000e+00
4.023000000000000000e+05	0.000000000000000000e+00
4.032000000000000000e+05	0.000000000000000000e+00
4.032000000000000000e+05	0.000000000000000000e+00
4.041000000000000000e+05	0.000000000000000000e+00
4.041000000000000000e+05	0.000000000000000000e+00
4.050000000000000000e+05	0.000000000000000000e+00
4.050000000000000000e+05	0.000000000000000000e+00
4.059000000000000000e+05	0.000000000000000000e+00
4.059000000000000000e+05	0.000000000000000000e+00
4.068000000000000000e+05	0.000000000000000000e+00
4.068000000000000000e+05	5.820766091346740723e-11
4.077000000000000000e+05	5.820766091346740723e-11
4.077000000000000000e+05	0.000000000000000000e+00
4.086000000000000000e+05	0.000000000000000000e+00
4.086000000000000000e+05	0.000000000000000000e+00
4.095000000000000000e+05	0.000000000000000000e+00
4.095000000000000000e+05	0.000000000000000000e+00
4.104000000000000000e+05	0.000000000000000000e+00
4.104000000000000000e+05	0.000000000000000000e+00
4.113000000000000000e+05	0.000000000000000000e+00
4.113000000000000000e+05	0.000000000000000000e+00
4.122000000000000000e+05	0.000000000000000000e+00
4.122000000000000000e+05	0.000000000000000000e+00
4.131000000000000000e+05	0.000000000000000000e+00
4.131000000000000000e+05	0.000000000000000000e+00
4.140000000000000000e+05	0.000000000000000000e+00
4.140000000000000000e+05	0.000000000000000000e+00
4.149000000000000000e+05	0.000000000000000000e+00
4.149000000000000000e+05	4.060000000000000000e+03
4.158000000000000000e+05	4.060000000000000000e+03
4.158000000000000000e+05	0.000000000000000000e+00
4.167000000000000000e+05	0.000000000000000000e+00
4.167000000000000000e+05	0.000000000000000000e+00
4.176000000000000000e+05	0.000000000000000000e+00
4.176000000000000000e+05	0.000000000000000000e+00
4.185000000000000000e+05	0.000000000000000000e+00
4.185000000000000000e+05	4.060000000000000000e+03
4.194000000000000000e+05	4.060000000000000000e+03
4.194000000000000000e+05	5.897380140960049175e+03
4.203000000000000000e+05	5.897380140960049175e+03
4.203000000000000000e+05	6.060000000000000000e+03
4.212000000000000000e+05	6.060000000000000000e+03
4.212000000000000000e+05	0.000000000000000000e+00
4.221000000000000000e+05	0.000000000000000000e+00
4.221000000000000000e+05	0.000000000000000000e+00
4.230000000000000000e+05	0.000000000000000000e+00
4.230000000000000000e+05	0.000000000000000000e+00
4.239000000000000000e+05	0.000000000000000000e+00
4.239000000000000000e+05	0.000000000000000000e+00
4.248000000000000000e+05	0.000000000000000000e+00
4.248000000000000000e+05	0.000000000000000000e+00
4.257000000000000000e+05	0.000000000000000000e+00
4.257000000000000000e+05	0.000000000000000000e+00
4.266000000000000000e+05	0.000000000000000000e+00
4.266000000000000000e+05	0.000000000000000000e+00
4.275000000000000000e+05	0.000000000000000000e+00
4.275000000000000000e+05	0.000000000000000000e+00
4.284000000000000000e+05	0.000000000000000000e+00
4.284000000000000000e+05	5.820766091346740723e-11
4.293000000000000000e+05	5.820766091346740723e-11
4.293000000000000000e+05	0.000000000000000000e+00
4.302000000000000000e+05	0.000000000000000000e+00
4.302000000000000000e+05	0.000000000000000000e+00
4.311000000000000000e+05	0.000000000000000000e+00
4.311000000000000000e+05	0.000000000000000000e+00
4.320000000000000000e+05	0.000000000000000000e+00
4.320000000000000000e+05	-5.820766091346740723e-11
4.329000000000000000e+05	-5.820766091346740723e-11
4.329000000000000000e+05	0.000000000000000000e+00
4.338000000000000000e+05	0.000000000000000000e+00
4.338000000000000000e+05	0.000000000000000000e+00
4.347000000000000000e+05	0.000000000000000000e+00
4.347000000000000000e+05	0.000000000000000000e+00
4.356000000000000000e+05	0.000000000000000000e+00
4.356000000000000000e+05	0.000000000000000000e+00
4.365000000000000000e+05	0.000000000000000000e+00
4.365000000000000000e+05	0.000000000000000000e+00
4.374000000000000000e+05	0.000000000000000000e+00
4.374000000000000000e+05	0.000000000000000000e+00
4.383000000000000000e+05	0.000000000000000000e+00
4.383000000000000000e+05	0.000000000000000000e+00
4.392000000000000000e+05	0.000000000000000000e+00
4.392000000000000000e+05	5.820766091346740723e-11
4.401000000000000000e+05	5.820766091346740723e-11
4.401000000000000000e+05	0.000000000000000000e+00
4.410000000000000000e+05	0.000000000000000000e+00
4.410000000000000000e+05	1.964774688377663551e+03
4.419000000000000000e+05	1.964774688377663551e+03
4.419000000000000000e+05	0.000000000000000000e+00
4.428000000000000000e+05	0.000000000000000000e+00
4.428000000000000000e+05	0.000000000000000000e+00
4.437000000000000000e+05	0.000000000000000000e+00
4.437000000000000000e+05	0.000000000000000000e+00
4.446000000000000000e+05	0.000000000000000000e+00
4.446000000000000000e+05	0.000000000000000000e+00
4.455000000000000000e+05	0.000000000000000000e+00
4.455000000000000000e+05	0.000000000000000000e+00
4.464000000000000000e+05	0.000000000000000000e+00
4.464000000000000000e+05	0.000000000000000000e+00
4.473000000000000000e+05	0.000000000000000000e+00
4.473000000000000000e+05	0.000000000000000000e+00
4.482000000000000000e+05	0.000000000000000000e+00
4.482000000000000000e+05	5.014079560879076780e+02
4.491000000000000000e+05	5.014079560879076780e+02
4.491000000000000000e+05	4.060000000000000000e+03
4.500000000000000000e+05	4.060000000000000000e+03
4.500000000000000000e+05	0.000000000000000000e+00
4.509000000000000000e+05	0.000000000000000000e+00
4.509000000000000000e+05	0.000000000000000000e+00
4.518000000000000000e+05	0.000000000000000000e+00
4.518000000000000000e+05	0.000000000000000000e+00
4.527000000000000000e+05	0.000000000000000000e+00
4.527000000000000000e+05	0.000000000000000000e+00
4.536000000000000000e+05	0.000000000000000000e+00
4.536000000000000000e+05	5.122945617430610582e+03
4.545000000000000000e+05	5.122945617430610582e+03
4.545000000000000000e+05	0.000000000000000000e+00
4.554000000000000000e+05	0.000000000000000000e+00
4.554000000000000000e+05	0.000000000000000000e+00
4.563000000000000000e+05	0.000000000000000000e+00
4.563000000000000000e+05	0.000000000000000000e+00
4.572000000000000000e+05	0.000000000000000000e+00
4.572000000000000000e+05	0.000000000000000000e+00
4.581000000000000000e+05	0.000000000000000000e+00
4.581000000000000000e+05	0.000000000000000000e+00
4.590000000000000000e+05	0.000000000000000000e+00
4.590000000000000000e+05	0.000000000000000000e+00
4.599000000000000000e+05	0.000000000000000000e+00
4.599000000000000000e+05	0.000000000000000000e+00
4.608000000000000000e+05	0.000000000000000000e+00
4.608000000000000000e+05	0.000000000000000000e+00
4.617000000000000000e+05	0.000000000000000000e+00
4.617000000000000000e+05	0.000000000000000000e+00
4.626000000000000000e+05	0.000000000000000000e+00
4.626000000000000000e+05	0.000000000000000000e+00
4.635000000000000000e+05	0.000000000000000000e+00
4.635000000000000000e+05	0.000000000000000000e+00
4.644000000000000000e+05	0.000000000000000000e+00
4.644000000000000000e+05	6.358734328488470055e+03
4.653000000000000000e+05	6.358734328488470055e+03
4.653000000000000000e+05	0.000000000000000000e+00
4.662000000000000000e+05	0.000000000000000000e+00
4.662000000000000000e+05	0.000000000000000000e+00
4.671000000000000000e+05	0.000000000000000000e+00
4.671000000000000000e+05	0.000000000000000000e+00
4.680000000000000000e+05	0.000000000000000000e+00
4.680000000000000000e+05	5.820766091346740723e-11
4.689000000000000000e+05	5.820766091346740723e-11
4.689000000000000000e+05	2.924499940144823086e+03
4.698000000000000000e+05	2.924499940144823086e+03
4.698000000000000000e+05	0.000000000000000000e+00
4.707000000000000000e+05	0.000000000000000000e+00
4.707000000000000000e+05	2.982179617910820070e+03
4.716000000000000000e+05	2.982179617910820070e+03
4.716000000000000000e+05	5.820766091346740723e-11
4.725000000000000000e+05	5.820766091346740723e-11
4.725000000000000000e+05	2.830357958060865712e+03
4.734000000000000000e+05	2.830357958060865712e+03
4.734000000000000000e+05	0.000000000000000000e+00
4.743000000000000000e+05	0.000000000000000000e+00
4.743000000000000000e+05	0.000000000000000000e+00
4.752000000000000000e+05	0.000000000000000000e+00
4.752000000000000000e+05	1.509015595582139213e+03
4.761000000000000000e+05	1.509015595582139213e+03
4.761000000000000000e+05	0.000000000000000000e+00
4.770000000000000000e+05	0.000000000000000000e+00
4.770000000000000000e+05	0.000000000000000000e+00
4.779000000000000000e+05	0.000000000000000000e+00
4.779000000000000000e+05	0.000000000000000000e+00
4.788000000000000000e+05	0.000000000000000000e+00
4.788000000000000000e+05	0.000000000000000000e+00
4.797000000000000000e+05	0.000000000000000000e+00
4.797000000000000000e+05	9.999999999999909051e+01
4.806000000000000000e+05	9.999999999999909051e+01
4.806000000000000000e+05	0.000000000000000000e+00
4.815000000000000000e+05	0.000000000000000000e+00
4.815000000000000000e+05	0.000000000000000000e+00
4.824000000000000000e+05	0.000000000000000000e+00
4.824000000000000000e+05	7.473921504639496561e+03
4.833000000000000000e+05	7.473921504639496561e+03
4.833000000000000000e+05	0.000000000000000000e+00
4.842000000000000000e+05	0.000000000000000000e+00
4.842000000000000000e+05	0.000000000000000000e+00
4.851000000000000000e+05	0.000000000000000000e+00
4.851000000000000000e+05	0.000000000000000000e+00
4.860000000000000000e+05	0.000000000000000000e+00
4.860000000000000000e+05	-5.820766091346740723e-11
4.869000000000000000e+05	-5.820766091346740723e-11
4.869000000000000000e+05	0.000000000000000000e+00
4.878000000000000000e+05	0.000000000000000000e+00
4.878000000000000000e+05	9.999999999999909051e+01
4.887000000000000000e+05	9.999999999999909051e+01
4.887000000000000000e+05	0.000000000000000000e+00
4.896000000000000000e+05	0.000000000000000000e+00
4.896000000000000000e+05	9.999999999994179234e+01
4.905000000000000000e+05	9.999999999994179234e+01
4.905000000000000000e+05	0.000000000000000000e+00
4.914000000000000000e+05	0.000000000000000000e+00
4.914000000000000000e+05	0.000000000000000000e+00
4.923000000000000000e+05	0.000000000000000000e+00
4.923000000000000000e+05	0.000000000000000000e+00
4.932000000000000000e+05	0.000000000000000000e+00
4.932000000000000000e+05	-5.820766091346740723e-11
4.941000000000000000e+05	-5.820766091346740723e-11
4.941000000000000000e+05	0.000000000000000000e+00
4.950000000000000000e+05	0.000000000000000000e+00
4.950000000000000000e+05	0.000000000000000000e+00
4.959000000000000000e+05	0.000000000000000000e+00
4.959000000000000000e+05	0.000000000000000000e+00
4.968000000000000000e+05	0.000000000000000000e+00
4.968000000000000000e+05	5.820766091346740723e-11
4.977000000000000000e+05	5.820766091346740723e-11
4.977000000000000000e+05	9.999999999998905764e+01
4.986000000000000000e+05	9.999999999998905764e+01
4.986000000000000000e+05	0.000000000000000000e+00
4.995000000000000000e+05	0.000000000000000000e+00
4.995000000000000000e+05	0.000000000000000000e+00
5.004000000000000000e+05	0.000000000000000000e+00
5.004000000000000000e+05	0.000000000000000000e+00
5.013000000000000000e+05	0.000000000000000000e+00
5.013000000000000000e+05	0.000000000000000000e+00
5.022000000000000000e+05	0.000000000000000000e+00
5.022000000000000000e+05	0.000000000000000000e+00
5.031000000000000000e+05	0.000000000000000000e+00
5.031000000000000000e+05	0.000000000000000000e+00
5.040000000000000000e+05	0.000000000000000000e+00
5.040000000000000000e+05	2.487069530150911305e+03
5.049000000000000000e+05	2.487069530150911305e+03
5.049000000000000000e+05	0.000000000000000000e+00
5.058000000000000000e+05	0.000000000000000000e+00
5.058000000000000000e+05	0.000000000000000000e+00
5.067000000000000000e+05	0.000000000000000000e+00
5.067000000000000000e+05	4.060000000000005457e+03
5.076000000000000000e+05	4.060000000000005457e+03
5.076000000000000000e+05	1.164153218269348145e-10
5.085000000000000000e+05	1.164153218269348145e-10
5.085000000000000000e+05	1.795802473379863386e+03
5.094000000000000000e+05	1.795802473379863386e+03
5.094000000000000000e+05	0.000000000000000000e+00
5.103000000000000000e+05	0.000000000000000000e+00
5.103000000000000000e+05	0.000000000000000000e+00
5.112000000000000000e+05	0.000000000000000000e+00
5.112000000000000000e+05	4.059999999999941792e+03
5.121000000000000000e+05	4.059999999999941792e+03
5.121000000000000000e+05	0.000000000000000000e+00
5.130000000000000000e+05	0.000000000000000000e+00
5.130000000000000000e+05	0.000000000000000000e+00
5.139000000000000000e+05	0.000000000000000000e+00
5.139000000000000000e+05	0.000000000000000000e+00
5.148000000000000000e+05	0.000000000000000000e+00
5.148000000000000000e+05	-1.164153218269348145e-10
5.157000000000000000e+05	-1.164153218269348145e-10
5.157000000000000000e+05	0.000000000000000000e+00
5.166000000000000000e+05	0.000000000000000000e+00
5.166000000000000000e+05	0.000000000000000000e+00
5.175000000000000000e+05	0.000000000000000000e+00
5.175000000000000000e+05	0.000000000000000000e+00
5.184000000000000000e+05	0.000000000000000000e+00
5.184000000000000000e+05	0.000000000000000000e+00
5.193000000000000000e+05	0.000000000000000000e+00
5.193000000000000000e+05	0.000000000000000000e+00
5.202000000000000000e+05	0.000000000000000000e+00
5.202000000000000000e+05	0.000000000000000000e+00
5.211000000000000000e+05	0.000000000000000000e+00
5.211000000000000000e+05	0.000000000000000000e+00
5.220000000000000000e+05	0.000000000000000000e+00
5.220000000000000000e+05	4.947651177644729614e-09
5.229000000000000000e+05	4.947651177644729614e-09
5.229000000000000000e+05	0.000000000000000000e+00
5.238000000000000000e+05	0.000000000000000000e+00
5.238000000000000000e+05	0.000000000000000000e+00
5.247000000000000000e+05	0.000000000000000000e+00
5.247000000000000000e+05	0.000000000000000000e+00
5.256000000000000000e+05	0.000000000000000000e+00
5.256000000000000000e+05	0.000000000000000000e+00
5.265000000000000000e+05	0.000000000000000000e+00
5.265000000000000000e+05	0.000000000000000000e+00
5.274000000000000000e+05	0.000000000000000000e+00
5.274000000000000000e+05	0.000000000000000000e+00
5.283000000000000000e+05	0.000000000000000000e+00
5.283000000000000000e+05	0.000000000000000000e+00
5.292000000000000000e+05	0.000000000000000000e+00
5.292000000000000000e+05	5.820766091346740723e-11
5.301000000000000000e+05	5.820766091346740723e-11
5.301000000000000000e+05	0.000000000000000000e+00
5.310000000000000000e+05	0.000000000000000000e+00
5.310000000000000000e+05	0.000000000000000000e+00
5.319000000000000000e+05	0.000000000000000000e+00
5.319000000000000000e+05	0.000000000000000000e+00
5.328000000000000000e+05	0.000000000000000000e+00
5.328000000000000000e+05	5.820766091346740723e-11
5.337000000000000000e+05	5.820766091346740723e-11
5.337000000000000000e+05	0.000000000000000000e+00
5.346000000000000000e+05	0.000000000000000000e+00
5.346000000000000000e+05	0.000000000000000000e+00
5.355000000000000000e+05	0.000000000000000000e+00
5.355000000000000000e+05	0.000000000000000000e+00
5.364000000000000000e+05	0.000000000000000000e+00
5.364000000000000000e+05	5.820766091346740723e-11
5.373000000000000000e+05	5.820766091346740723e-11
5.373000000000000000e+05	0.000000000000000000e+00
5.382000000000000000e+05	0.000000000000000000e+00
5.382000000000000000e+05	0.000000000000000000e+00
5.391000000000000000e+05	0.000000000000000000e+00
5.391000000000000000e+05	0.000000000000000000e+00
5.400000000000000000e+05	0.000000000000000000e+00
5.400000000000000000e+05	4.290606337772740517e+03
5.409000000000000000e+05	4.290606337772740517e+03
5.409000000000000000e+05	0.000000000000000000e+00
5.418000000000000000e+05	0.000000000000000000e+00
5.418000000000000000e+05	4.623942410378331260e+03
5.427000000000000000e+05	4.623942410378331260e+03
5.427000000000000000e+05	0.000000000000000000e+00
5.436000000000000000e+05	0.000000000000000000e+00
5.436000000000000000e+05	5.820766091346740723e-11
5.445000000000000000e+05	5.820766091346740723e-11
5.445000000000000000e+05	0.000000000000000000e+00
5.454000000000000000e+05	0.000000000000000000e+00
5.454000000000000000e+05	0.000000000000000000e+00
5.463000000000000000e+05	0.000000000000000000e+00
5.463000000000000000e+05	0.000000000000000000e+00
5.472000000000000000e+05	0.000000000000000000e+00
5.472000000000000000e+05	0.000000000000000000e+00
5.481000000000000000e+05	0.000000000000000000e+00
5.481000000000000000e+05	0.000000000000000000e+00
5.490000000000000000e+05	0.000000000000000000e+00
5.490000000000000000e+05	0.000000000000000000e+00
5.499000000000000000e+05	0.000000000000000000e+00
5.499000000000000000e+05	0.000000000000000000e+00
5.508000000000000000e+05	0.000000000000000000e+00
5.508000000000000000e+05	7.065317397031350993e+03
5.517000000000000000e+05	7.065317397031350993e+03
5.517000000000000000e+05	0.000000000000000000e+00
5.526000000000000000e+05	0.000000000000000000e+00
5.526000000000000000e+05	0.000000000000000000e+00
5.535000000000000000e+05	0.000000000000000000e+00
5.535000000000000000e+05	0.000000000000000000e+00
5.544000000000000000e+05	0.000000000000000000e+00
5.544000000000000000e+05	5.820766091346740723e-11
5.553000000000000000e+05	5.820766091346740723e-11
5.553000000000000000e+05	0.000000000000000000e+00
5.562000000000000000e+05	0.000000000000000000e+00
5.562000000000000000e+05	0.000000000000000000e+00
5.571000000000000000e+05	0.000000000000000000e+00
5.571000000000000000e+05	0.000000000000000000e+00
5.580000000000000000e+05	0.000000000000000000e+00
5.580000000000000000e+05	-5.820766091346740723e-11
5.589000000000000000e+05	-5.820766091346740723e-11
5.589000000000000000e+05	7.726942632651514941e+03
5.598000000000000000e+05	7.726942632651514941e+03
5.598000000000000000e+05	0.000000000000000000e+00
5.607000000000000000e+05	0.000000000000000000e+00
5.607000000000000000e+05	0.000000000000000000e+00
5.616000000000000000e+05	0.000000000000000000e+00
5.616000000000000000e+05	0.000000000000000000e+00
5.625000000000000000e+05	0.000000000000000000e+00
5.625000000000000000e+05	7.377733189623592807e+03
5.634000000000000000e+05	7.377733189623592807e+03
5.634000000000000000e+05	0.000000000000000000e+00
5.643000000000000000e+05	0.000000000000000000e+00
5.643000000000000000e+05	0.000000000000000000e+00
5.652000000000000000e+05	0.000000000000000000e+00
5.652000000000000000e+05	0.000000000000000000e+00
5.661000000000000000e+05	0.000000000000000000e+00
5.661000000000000000e+05	0.000000000000000000e+00
5.670000000000000000e+05	0.000000000000000000e+00
5.670000000000000000e+05	0.000000000000000000e+00
5.679000000000000000e+05	0.000000000000000000e+00
5.679000000000000000e+05	0.000000000000000000e+00
5.688000000000000000e+05	0.000000000000000000e+00
5.688000000000000000e+05	0.000000000000000000e+00
5.697000000000000000e+05	0.000000000000000000e+00
5.697000000000000000e+05	0.000000000000000000e+00
5.706000000000000000e+05	0.000000000000000000e+00
5.706000000000000000e+05	0.000000000000000000e+00
5.715000000000000000e+05	0.000000000000000000e+00
5.715000000000000000e+05	0.000000000000000000e+00
5.724000000000000000e+05	0.000000000000000000e+00
5.724000000000000000e+05	0.000000000000000000e+00
5.733000000000000000e+05	0.000000000000000000e+00
5.733000000000000000e+05	0.000000000000000000e+00
5.742000000000000000e+05	0.000000000000000000e+00
5.742000000000000000e+05	0.000000000000000000e+00
5.751000000000000000e+05	0.000000000000000000e+00
5.751000000000000000e+05	0.000000000000000000e+00
5.760000000000000000e+05	0.000000000000000000e+00
5.760000000000000000e+05	0.000000000000000000e+00
5.769000000000000000e+05	0.000000000000000000e+00
5.769000000000000000e+05	0.000000000000000000e+00
5.778000000000000000e+05	0.000000000000000000e+00
5.778000000000000000e+05	0.000000000000000000e+00
5.787000000000000000e+05	0.000000000000000000e+00
5.787000000000000000e+05	0.000000000000000000e+00
5.796000000000000000e+05	0.000000000000000000e+00
5.796000000000000000e+05	0.000000000000000000e+00
5.805000000000000000e+05	0.000000000000000000e+00
5.805000000000000000e+05	0.000000000000000000e+00
5.814000000000000000e+05	0.000000000000000000e+00
5.814000000000000000e+05	0.000000000000000000e+00
5.823000000000000000e+05	0.000000000000000000e+00
5.823000000000000000e+05	0.000000000000000000e+00
5.832000000000000000e+05	0.000000000000000000e+00
5.832000000000000000e+05	0.000000000000000000e+00
5.841000000000000000e+05	0.000000000000000000e+00
5.841000000000000000e+05	0.000000000000000000e+00
5.850000000000000000e+05	0.000000000000000000e+00
5.850000000000000000e+05	0.000000000000000000e+00
5.859000000000000000e+05	0.000000000000000000e+00
5.859000000000000000e+05	0.000000000000000000e+00
5.868000000000000000e+05	0.000000000000000000e+00
5.868000000000000000e+05	4.437300611193059012e+03
5.877000000000000000e+05	4.437300611193059012e+03
5.877000000000000000e+05	0.000000000000000000e+00
5.886000000000000000e+05	0.000000000000000000e+00
5.886000000000000000e+05	0.000000000000000000e+00
5.895000000000000000e+05	0.000000000000000000e+00
5.895000000000000000e+05	0.000000000000000000e+00
5.904000000000000000e+05	0.000000000000000000e+00
5.904000000000000000e+05	4.280299345291801728e+03
5.913000000000000000e+05	4.280299345291801728e+03
5.913000000000000000e+05	0.000000000000000000e+00
5.922000000000000000e+05	0.000000000000000000e+00
5.922000000000000000e+05	0.000000000000000000e+00
5.931000000000000000e+05	0.000000000000000000e+00
5.931000000000000000e+05	0.000000000000000000e+00
5.940000000000000000e+05	0.000000000000000000e+00
5.940000000000000000e+05	-5.820766091346740723e-11
5.949000000000000000e+05	-5.820766091346740723e-11
5.949000000000000000e+05	0.000000000000000000e+00
5.958000000000000000e+05	0.000000000000000000e+00
5.958000000000000000e+05	0.000000000000000000e+00
5.967000000000000000e+05	0.000000000000000000e+00
5.967000000000000000e+05	0.000000000000000000e+00
5.976000000000000000e+05	0.000000000000000000e+00
5.976000000000000000e+05	1.000000000000000000e+02
5.985000000000000000e+05	1.000000000000000000e+02
5.985000000000000000e+05	0.000000000000000000e+00
5.994000000000000000e+05	0.000000000000000000e+00
5.994000000000000000e+05	0.000000000000000000e+00
6.003000000000000000e+05	0.000000000000000000e+00
6.003000000000000000e+05	0.000000000000000000e+00
6.012000000000000000e+05	0.000000000000000000e+00
6.012000000000000000e+05	5.820766091346740723e-11
6.021000000000000000e+05	5.820766091346740723e-11
6.021000000000000000e+05	0.000000000000000000e+00
6.030000000000000000e+05	0.000000000000000000e+00
6.030000000000000000e+05	0.000000000000000000e+00
6.039000000000000000e+05	0.000000000000000000e+00
6.039000000000000000e+05	0.000000000000000000e+00
6.048000000000000000e+05	0.000000000000000000e+00
