#1
double T_supply_HP_heat(1344, 2)
0.000000000000000000e+00	3.281499999999999773e+02
9.000000000000000000e+02	3.281499999999999773e+02
9.000000000000000000e+02	3.281499999999999773e+02
1.800000000000000000e+03	3.281499999999999773e+02
1.800000000000000000e+03	3.281499999999999773e+02
2.700000000000000000e+03	3.281499999999999773e+02
2.700000000000000000e+03	3.281499999999999773e+02
3.600000000000000000e+03	3.281499999999999773e+02
3.600000000000000000e+03	3.008482088292607841e+02
4.500000000000000000e+03	3.008482088292607841e+02
4.500000000000000000e+03	3.031520770809922851e+02
5.400000000000000000e+03	3.031520770809922851e+02
5.400000000000000000e+03	3.281499999999999773e+02
6.300000000000000000e+03	3.281499999999999773e+02
6.300000000000000000e+03	3.044421372766971672e+02
7.200000000000000000e+03	3.044421372766971672e+02
7.200000000000000000e+03	3.093050025135797227e+02
8.100000000000000000e+03	3.093050025135797227e+02
8.100000000000000000e+03	3.034778618333194800e+02
9.000000000000000000e+03	3.034778618333194800e+02
9.000000000000000000e+03	2.981499999999999773e+02
9.900000000000000000e+03	2.981499999999999773e+02
9.900000000000000000e+03	3.021944665458701138e+02
1.080000000000000000e+04	3.021944665458701138e+02
1.080000000000000000e+04	3.281499999999999773e+02
1.170000000000000000e+04	3.281499999999999773e+02
1.170000000000000000e+04	3.281499999999999773e+02
1.260000000000000000e+04	3.281499999999999773e+02
1.260000000000000000e+04	3.281499999999999773e+02
1.350000000000000000e+04	3.281499999999999773e+02
1.350000000000000000e+04	2.987538169231087863e+02
1.440000000000000000e+04	2.987538169231087863e+02
1.440000000000000000e+04	3.010052754276073870e+02
1.530000000000000000e+04	3.010052754276073870e+02
1.530000000000000000e+04	3.033661726481744267e+02
1.620000000000000000e+04	3.033661726481744267e+02
1.620000000000000000e+04	3.281499999999999773e+02
1.710000000000000000e+04	3.281499999999999773e+02
1.710000000000000000e+04	3.005196318585721542e+02
1.800000000000000000e+04	3.005196318585721542e+02
1.800000000000000000e+04	3.281499999999999773e+02
1.890000000000000000e+04	3.281499999999999773e+02
1.890000000000000000e+04	3.281499999999999773e+02
1.980000000000000000e+04	3.281499999999999773e+02
1.980000000000000000e+04	3.281499999999999773e+02
2.070000000000000000e+04	3.281499999999999773e+02
2.070000000000000000e+04	3.281499999999999773e+02
2.160000000000000000e+04	3.281499999999999773e+02
2.160000000000000000e+04	3.281499999999999773e+02
2.250000000000000000e+04	3.281499999999999773e+02
2.250000000000000000e+04	3.281499999999999773e+02
2.340000000000000000e+04	3.281499999999999773e+02
2.340000000000000000e+04	3.281499999999999773e+02
2.430000000000000000e+04	3.281499999999999773e+02
2.430000000000000000e+04	2.981499999999999773e+02
2.520000000000000000e+04	2.981499999999999773e+02
2.520000000000000000e+04	2.996588749997734453e+02
2.610000000000000000e+04	2.996588749997734453e+02
2.610000000000000000e+04	3.058665839220894327e+02
2.700000000000000000e+04	3.058665839220894327e+02
2.700000000000000000e+04	3.161132649829517050e+02
2.790000000000000000e+04	3.161132649829517050e+02
2.790000000000000000e+04	3.161132649829517050e+02
2.880000000000000000e+04	3.161132649829517050e+02
2.880000000000000000e+04	3.100076925570739945e+02
2.970000000000000000e+04	3.100076925570739945e+02
2.970000000000000000e+04	3.129080885527515079e+02
3.060000000000000000e+04	3.129080885527515079e+02
3.060000000000000000e+04	3.133261721894780294e+02
3.150000000000000000e+04	3.133261721894780294e+02
3.150000000000000000e+04	3.141047053160937139e+02
3.240000000000000000e+04	3.141047053160937139e+02
3.240000000000000000e+04	3.204412119978799751e+02
3.330000000000000000e+04	3.204412119978799751e+02
3.330000000000000000e+04	3.093050025135797227e+02
3.420000000000000000e+04	3.093050025135797227e+02
3.420000000000000000e+04	3.085853053539270263e+02
3.510000000000000000e+04	3.085853053539270263e+02
3.510000000000000000e+04	3.083874965370617360e+02
3.600000000000000000e+04	3.083874965370617360e+02
3.600000000000000000e+04	3.281499999999999773e+02
3.690000000000000000e+04	3.281499999999999773e+02
3.690000000000000000e+04	3.044661920354731137e+02
3.780000000000000000e+04	3.044661920354731137e+02
3.780000000000000000e+04	3.055229598503628381e+02
3.870000000000000000e+04	3.055229598503628381e+02
3.870000000000000000e+04	3.056286765195038129e+02
3.960000000000000000e+04	3.056286765195038129e+02
3.960000000000000000e+04	3.281499999999999773e+02
4.050000000000000000e+04	3.281499999999999773e+02
4.050000000000000000e+04	3.039172949442931895e+02
4.140000000000000000e+04	3.039172949442931895e+02
4.140000000000000000e+04	3.070590998157084641e+02
4.230000000000000000e+04	3.070590998157084641e+02
4.230000000000000000e+04	2.981499999999999773e+02
4.320000000000000000e+04	2.981499999999999773e+02
4.320000000000000000e+04	3.281499999999999773e+02
4.410000000000000000e+04	3.281499999999999773e+02
4.410000000000000000e+04	3.281499999999999773e+02
4.500000000000000000e+04	3.281499999999999773e+02
4.500000000000000000e+04	2.981499999999999773e+02
4.590000000000000000e+04	2.981499999999999773e+02
4.590000000000000000e+04	3.281499999999999773e+02
4.680000000000000000e+04	3.281499999999999773e+02
4.680000000000000000e+04	3.281499999999999773e+02
4.770000000000000000e+04	3.281499999999999773e+02
4.770000000000000000e+04	3.009328275763595570e+02
4.860000000000000000e+04	3.009328275763595570e+02
4.860000000000000000e+04	3.281499999999999773e+02
4.950000000000000000e+04	3.281499999999999773e+02
4.950000000000000000e+04	3.281499999999999773e+02
5.040000000000000000e+04	3.281499999999999773e+02
5.040000000000000000e+04	3.281499999999999773e+02
5.130000000000000000e+04	3.281499999999999773e+02
5.130000000000000000e+04	3.281499999999999773e+02
5.220000000000000000e+04	3.281499999999999773e+02
5.220000000000000000e+04	3.281499999999999773e+02
5.310000000000000000e+04	3.281499999999999773e+02
5.310000000000000000e+04	2.981499999999999773e+02
5.400000000000000000e+04	2.981499999999999773e+02
5.400000000000000000e+04	2.981499999999999773e+02
5.490000000000000000e+04	2.981499999999999773e+02
5.490000000000000000e+04	2.981499999999999773e+02
5.580000000000000000e+04	2.981499999999999773e+02
5.580000000000000000e+04	2.981499999999999773e+02
5.670000000000000000e+04	2.981499999999999773e+02
5.670000000000000000e+04	2.981499999999999773e+02
5.760000000000000000e+04	2.981499999999999773e+02
5.760000000000000000e+04	2.981499999999999773e+02
5.850000000000000000e+04	2.981499999999999773e+02
5.850000000000000000e+04	3.210289123168910237e+02
5.940000000000000000e+04	3.210289123168910237e+02
5.940000000000000000e+04	2.981499999999999773e+02
6.030000000000000000e+04	2.981499999999999773e+02
6.030000000000000000e+04	3.281499999999999773e+02
6.120000000000000000e+04	3.281499999999999773e+02
6.120000000000000000e+04	3.281499999999999773e+02
6.210000000000000000e+04	3.281499999999999773e+02
6.210000000000000000e+04	3.281499999999999773e+02
6.300000000000000000e+04	3.281499999999999773e+02
6.300000000000000000e+04	3.281499999999999773e+02
6.390000000000000000e+04	3.281499999999999773e+02
6.390000000000000000e+04	2.981499999999999773e+02
6.480000000000000000e+04	2.981499999999999773e+02
6.480000000000000000e+04	3.281499999999999773e+02
6.570000000000000000e+04	3.281499999999999773e+02
6.570000000000000000e+04	3.281499999999999773e+02
6.660000000000000000e+04	3.281499999999999773e+02
6.660000000000000000e+04	3.281499999999999773e+02
6.750000000000000000e+04	3.281499999999999773e+02
6.750000000000000000e+04	3.281499999999999773e+02
6.840000000000000000e+04	3.281499999999999773e+02
6.840000000000000000e+04	3.011572525833444161e+02
6.930000000000000000e+04	3.011572525833444161e+02
6.930000000000000000e+04	3.093050025135797227e+02
7.020000000000000000e+04	3.093050025135797227e+02
7.020000000000000000e+04	3.093050025135797227e+02
7.110000000000000000e+04	3.093050025135797227e+02
7.110000000000000000e+04	2.981499999999999773e+02
7.200000000000000000e+04	2.981499999999999773e+02
7.200000000000000000e+04	3.281499999999999773e+02
7.290000000000000000e+04	3.281499999999999773e+02
7.290000000000000000e+04	3.281499999999999773e+02
7.380000000000000000e+04	3.281499999999999773e+02
7.380000000000000000e+04	3.281499999999999773e+02
7.470000000000000000e+04	3.281499999999999773e+02
7.470000000000000000e+04	3.281499999999999773e+02
7.560000000000000000e+04	3.281499999999999773e+02
7.560000000000000000e+04	2.981499999999999773e+02
7.650000000000000000e+04	2.981499999999999773e+02
7.650000000000000000e+04	3.281499999999999773e+02
7.740000000000000000e+04	3.281499999999999773e+02
7.740000000000000000e+04	3.281499999999999773e+02
7.830000000000000000e+04	3.281499999999999773e+02
7.830000000000000000e+04	3.281499999999999773e+02
7.920000000000000000e+04	3.281499999999999773e+02
7.920000000000000000e+04	3.281499999999999773e+02
8.010000000000000000e+04	3.281499999999999773e+02
8.010000000000000000e+04	3.281499999999999773e+02
8.100000000000000000e+04	3.281499999999999773e+02
8.100000000000000000e+04	3.281499999999999773e+02
8.190000000000000000e+04	3.281499999999999773e+02
8.190000000000000000e+04	3.281499999999999773e+02
8.280000000000000000e+04	3.281499999999999773e+02
8.280000000000000000e+04	3.281499999999999773e+02
8.370000000000000000e+04	3.281499999999999773e+02
8.370000000000000000e+04	3.281499999999999773e+02
8.460000000000000000e+04	3.281499999999999773e+02
8.460000000000000000e+04	3.281499999999999773e+02
8.550000000000000000e+04	3.281499999999999773e+02
8.550000000000000000e+04	3.281499999999999773e+02
8.640000000000000000e+04	3.281499999999999773e+02
8.640000000000000000e+04	3.281499999999999773e+02
8.730000000000000000e+04	3.281499999999999773e+02
8.730000000000000000e+04	3.281499999999999773e+02
8.820000000000000000e+04	3.281499999999999773e+02
8.820000000000000000e+04	3.281499999999999773e+02
8.910000000000000000e+04	3.281499999999999773e+02
8.910000000000000000e+04	3.281499999999999773e+02
9.000000000000000000e+04	3.281499999999999773e+02
9.000000000000000000e+04	3.281499999999999773e+02
9.090000000000000000e+04	3.281499999999999773e+02
9.090000000000000000e+04	3.281499999999999773e+02
9.180000000000000000e+04	3.281499999999999773e+02
9.180000000000000000e+04	3.281499999999999773e+02
9.270000000000000000e+04	3.281499999999999773e+02
9.270000000000000000e+04	2.981499999999999773e+02
9.360000000000000000e+04	2.981499999999999773e+02
9.360000000000000000e+04	3.281499999999999773e+02
9.450000000000000000e+04	3.281499999999999773e+02
9.450000000000000000e+04	2.981499999999999773e+02
9.540000000000000000e+04	2.981499999999999773e+02
9.540000000000000000e+04	2.981499999999999773e+02
9.630000000000000000e+04	2.981499999999999773e+02
9.630000000000000000e+04	2.981499999999999773e+02
9.720000000000000000e+04	2.981499999999999773e+02
9.720000000000000000e+04	3.093050025135797227e+02
9.810000000000000000e+04	3.093050025135797227e+02
9.810000000000000000e+04	2.981499999999999773e+02
9.900000000000000000e+04	2.981499999999999773e+02
9.900000000000000000e+04	2.981499999999999773e+02
9.990000000000000000e+04	2.981499999999999773e+02
9.990000000000000000e+04	3.281499999999999773e+02
1.008000000000000000e+05	3.281499999999999773e+02
1.008000000000000000e+05	2.987755509628948971e+02
1.017000000000000000e+05	2.987755509628948971e+02
1.017000000000000000e+05	3.050555144600369317e+02
1.026000000000000000e+05	3.050555144600369317e+02
1.026000000000000000e+05	3.035907378220468331e+02
1.035000000000000000e+05	3.035907378220468331e+02
1.035000000000000000e+05	2.981499999999999773e+02
1.044000000000000000e+05	2.981499999999999773e+02
1.044000000000000000e+05	3.281499999999999773e+02
1.053000000000000000e+05	3.281499999999999773e+02
1.053000000000000000e+05	3.281499999999999773e+02
1.062000000000000000e+05	3.281499999999999773e+02
1.062000000000000000e+05	3.281499999999999773e+02
1.071000000000000000e+05	3.281499999999999773e+02
1.071000000000000000e+05	3.281499999999999773e+02
1.080000000000000000e+05	3.281499999999999773e+02
1.080000000000000000e+05	3.281499999999999773e+02
1.089000000000000000e+05	3.281499999999999773e+02
1.089000000000000000e+05	3.281499999999999773e+02
1.098000000000000000e+05	3.281499999999999773e+02
1.098000000000000000e+05	2.981499999999999773e+02
1.107000000000000000e+05	2.981499999999999773e+02
1.107000000000000000e+05	2.981499999999999773e+02
1.116000000000000000e+05	2.981499999999999773e+02
1.116000000000000000e+05	3.025047002168911945e+02
1.125000000000000000e+05	3.025047002168911945e+02
1.125000000000000000e+05	3.161132649829517050e+02
1.134000000000000000e+05	3.161132649829517050e+02
1.134000000000000000e+05	3.161132649829517050e+02
1.143000000000000000e+05	3.161132649829517050e+02
1.143000000000000000e+05	3.161132649829517050e+02
1.152000000000000000e+05	3.161132649829517050e+02
1.152000000000000000e+05	3.113158366138749216e+02
1.161000000000000000e+05	3.113158366138749216e+02
1.161000000000000000e+05	3.139162456243693100e+02
1.170000000000000000e+05	3.139162456243693100e+02
1.170000000000000000e+05	3.140502840010136651e+02
1.179000000000000000e+05	3.140502840010136651e+02
1.179000000000000000e+05	3.146663589567062331e+02
1.188000000000000000e+05	3.146663589567062331e+02
1.188000000000000000e+05	3.125417813143712351e+02
1.197000000000000000e+05	3.125417813143712351e+02
1.197000000000000000e+05	3.086944042180109591e+02
1.206000000000000000e+05	3.086944042180109591e+02
1.206000000000000000e+05	3.088584904145132555e+02
1.215000000000000000e+05	3.088584904145132555e+02
1.215000000000000000e+05	3.085207575324488403e+02
1.224000000000000000e+05	3.085207575324488403e+02
1.224000000000000000e+05	3.080730325841671515e+02
1.233000000000000000e+05	3.080730325841671515e+02
1.233000000000000000e+05	3.086714350100754700e+02
1.242000000000000000e+05	3.086714350100754700e+02
1.242000000000000000e+05	2.981499999999999773e+02
1.251000000000000000e+05	2.981499999999999773e+02
1.251000000000000000e+05	2.981499999999999773e+02
1.260000000000000000e+05	2.981499999999999773e+02
1.260000000000000000e+05	3.030931942282098817e+02
1.269000000000000000e+05	3.030931942282098817e+02
1.269000000000000000e+05	3.051927856016263831e+02
1.278000000000000000e+05	3.051927856016263831e+02
1.278000000000000000e+05	2.981499999999999773e+02
1.287000000000000000e+05	2.981499999999999773e+02
1.287000000000000000e+05	3.031598564269613689e+02
1.296000000000000000e+05	3.031598564269613689e+02
1.296000000000000000e+05	3.038442819587035046e+02
1.305000000000000000e+05	3.038442819587035046e+02
1.305000000000000000e+05	3.093050025135797227e+02
1.314000000000000000e+05	3.093050025135797227e+02
1.314000000000000000e+05	3.043748413297601587e+02
1.323000000000000000e+05	3.043748413297601587e+02
1.323000000000000000e+05	3.191993839608250028e+02
1.332000000000000000e+05	3.191993839608250028e+02
1.332000000000000000e+05	3.093050025135797227e+02
1.341000000000000000e+05	3.093050025135797227e+02
1.341000000000000000e+05	3.202769852908220969e+02
1.350000000000000000e+05	3.202769852908220969e+02
1.350000000000000000e+05	3.083835142980335604e+02
1.359000000000000000e+05	3.083835142980335604e+02
1.359000000000000000e+05	3.225423201961781956e+02
1.368000000000000000e+05	3.225423201961781956e+02
1.368000000000000000e+05	3.219127196121179395e+02
1.377000000000000000e+05	3.219127196121179395e+02
1.377000000000000000e+05	3.241084357652745211e+02
1.386000000000000000e+05	3.241084357652745211e+02
1.386000000000000000e+05	3.093050025135797227e+02
1.395000000000000000e+05	3.093050025135797227e+02
1.395000000000000000e+05	3.281499999999999773e+02
1.404000000000000000e+05	3.281499999999999773e+02
1.404000000000000000e+05	3.281499999999999773e+02
1.413000000000000000e+05	3.281499999999999773e+02
1.413000000000000000e+05	2.981499999999999773e+02
1.422000000000000000e+05	2.981499999999999773e+02
1.422000000000000000e+05	2.981499999999999773e+02
1.431000000000000000e+05	2.981499999999999773e+02
1.431000000000000000e+05	2.981499999999999773e+02
1.440000000000000000e+05	2.981499999999999773e+02
1.440000000000000000e+05	2.981499999999999773e+02
1.449000000000000000e+05	2.981499999999999773e+02
1.449000000000000000e+05	2.981499999999999773e+02
1.458000000000000000e+05	2.981499999999999773e+02
1.458000000000000000e+05	2.981499999999999773e+02
1.467000000000000000e+05	2.981499999999999773e+02
1.467000000000000000e+05	3.281499999999999773e+02
1.476000000000000000e+05	3.281499999999999773e+02
1.476000000000000000e+05	2.981499999999999204e+02
1.485000000000000000e+05	2.981499999999999204e+02
1.485000000000000000e+05	2.981499999999999773e+02
1.494000000000000000e+05	2.981499999999999773e+02
1.494000000000000000e+05	3.281499999999999773e+02
1.503000000000000000e+05	3.281499999999999773e+02
1.503000000000000000e+05	2.997569507468155621e+02
1.512000000000000000e+05	2.997569507468155621e+02
1.512000000000000000e+05	3.281499999999999773e+02
1.521000000000000000e+05	3.281499999999999773e+02
1.521000000000000000e+05	3.281499999999999773e+02
1.530000000000000000e+05	3.281499999999999773e+02
1.530000000000000000e+05	3.007543787700583380e+02
1.539000000000000000e+05	3.007543787700583380e+02
1.539000000000000000e+05	3.281499999999999773e+02
1.548000000000000000e+05	3.281499999999999773e+02
1.548000000000000000e+05	3.093050025135797227e+02
1.557000000000000000e+05	3.093050025135797227e+02
1.557000000000000000e+05	3.252590372966765813e+02
1.566000000000000000e+05	3.252590372966765813e+02
1.566000000000000000e+05	3.281499999999999773e+02
1.575000000000000000e+05	3.281499999999999773e+02
1.575000000000000000e+05	3.281499999999999773e+02
1.584000000000000000e+05	3.281499999999999773e+02
1.584000000000000000e+05	3.093050025135797227e+02
1.593000000000000000e+05	3.093050025135797227e+02
1.593000000000000000e+05	3.281499999999999773e+02
1.602000000000000000e+05	3.281499999999999773e+02
1.602000000000000000e+05	3.281499999999999773e+02
1.611000000000000000e+05	3.281499999999999773e+02
1.611000000000000000e+05	2.981499999999999773e+02
1.620000000000000000e+05	2.981499999999999773e+02
1.620000000000000000e+05	3.281499999999999773e+02
1.629000000000000000e+05	3.281499999999999773e+02
1.629000000000000000e+05	3.281499999999999773e+02
1.638000000000000000e+05	3.281499999999999773e+02
1.638000000000000000e+05	3.281499999999999773e+02
1.647000000000000000e+05	3.281499999999999773e+02
1.647000000000000000e+05	3.281499999999999773e+02
1.656000000000000000e+05	3.281499999999999773e+02
1.656000000000000000e+05	3.281499999999999773e+02
1.665000000000000000e+05	3.281499999999999773e+02
1.665000000000000000e+05	3.281499999999999773e+02
1.674000000000000000e+05	3.281499999999999773e+02
1.674000000000000000e+05	3.281499999999999773e+02
1.683000000000000000e+05	3.281499999999999773e+02
1.683000000000000000e+05	3.281499999999999773e+02
1.692000000000000000e+05	3.281499999999999773e+02
1.692000000000000000e+05	3.281499999999999773e+02
1.701000000000000000e+05	3.281499999999999773e+02
1.701000000000000000e+05	3.281499999999999773e+02
1.710000000000000000e+05	3.281499999999999773e+02
1.710000000000000000e+05	3.281499999999999773e+02
1.719000000000000000e+05	3.281499999999999773e+02
1.719000000000000000e+05	3.281499999999999773e+02
1.728000000000000000e+05	3.281499999999999773e+02
1.728000000000000000e+05	3.281499999999999773e+02
1.737000000000000000e+05	3.281499999999999773e+02
1.737000000000000000e+05	3.281499999999999773e+02
1.746000000000000000e+05	3.281499999999999773e+02
1.746000000000000000e+05	3.281499999999999773e+02
1.755000000000000000e+05	3.281499999999999773e+02
1.755000000000000000e+05	3.281499999999999773e+02
1.764000000000000000e+05	3.281499999999999773e+02
1.764000000000000000e+05	3.281499999999999773e+02
1.773000000000000000e+05	3.281499999999999773e+02
1.773000000000000000e+05	3.281499999999999773e+02
1.782000000000000000e+05	3.281499999999999773e+02
1.782000000000000000e+05	3.281499999999999773e+02
1.791000000000000000e+05	3.281499999999999773e+02
1.791000000000000000e+05	3.281499999999999773e+02
1.800000000000000000e+05	3.281499999999999773e+02
1.800000000000000000e+05	2.981499999999998067e+02
1.809000000000000000e+05	2.981499999999998067e+02
1.809000000000000000e+05	3.241409436907767940e+02
1.818000000000000000e+05	3.241409436907767940e+02
1.818000000000000000e+05	2.981499999999999773e+02
1.827000000000000000e+05	2.981499999999999773e+02
1.827000000000000000e+05	2.981499999999999773e+02
1.836000000000000000e+05	2.981499999999999773e+02
1.836000000000000000e+05	3.281499999999999773e+02
1.845000000000000000e+05	3.281499999999999773e+02
1.845000000000000000e+05	3.281499999999999773e+02
1.854000000000000000e+05	3.281499999999999773e+02
1.854000000000000000e+05	3.281499999999999773e+02
1.863000000000000000e+05	3.281499999999999773e+02
1.863000000000000000e+05	3.281499999999999773e+02
1.872000000000000000e+05	3.281499999999999773e+02
1.872000000000000000e+05	3.093050025135797227e+02
1.881000000000000000e+05	3.093050025135797227e+02
1.881000000000000000e+05	3.281499999999999773e+02
1.890000000000000000e+05	3.281499999999999773e+02
1.890000000000000000e+05	3.281499999999999773e+02
1.899000000000000000e+05	3.281499999999999773e+02
1.899000000000000000e+05	3.281499999999999773e+02
1.908000000000000000e+05	3.281499999999999773e+02
1.908000000000000000e+05	3.281499999999999773e+02
1.917000000000000000e+05	3.281499999999999773e+02
1.917000000000000000e+05	3.281499999999999773e+02
1.926000000000000000e+05	3.281499999999999773e+02
1.926000000000000000e+05	3.281499999999999773e+02
1.935000000000000000e+05	3.281499999999999773e+02
1.935000000000000000e+05	3.281499999999999773e+02
1.944000000000000000e+05	3.281499999999999773e+02
1.944000000000000000e+05	3.241844547186086061e+02
1.953000000000000000e+05	3.241844547186086061e+02
1.953000000000000000e+05	3.281499999999999773e+02
1.962000000000000000e+05	3.281499999999999773e+02
1.962000000000000000e+05	3.281499999999999773e+02
1.971000000000000000e+05	3.281499999999999773e+02
1.971000000000000000e+05	3.281499999999999773e+02
1.980000000000000000e+05	3.281499999999999773e+02
1.980000000000000000e+05	2.986353313387768935e+02
1.989000000000000000e+05	2.986353313387768935e+02
1.989000000000000000e+05	3.050168163190583641e+02
1.998000000000000000e+05	3.050168163190583641e+02
1.998000000000000000e+05	3.161132649829517050e+02
2.007000000000000000e+05	3.161132649829517050e+02
2.007000000000000000e+05	3.161132649829517050e+02
2.016000000000000000e+05	3.161132649829517050e+02
2.016000000000000000e+05	3.109010440947492384e+02
2.025000000000000000e+05	3.109010440947492384e+02
2.025000000000000000e+05	3.140166087821485235e+02
2.034000000000000000e+05	3.140166087821485235e+02
2.034000000000000000e+05	3.138542389201956553e+02
2.043000000000000000e+05	3.138542389201956553e+02
2.043000000000000000e+05	3.281499999999999773e+02
2.052000000000000000e+05	3.281499999999999773e+02
2.052000000000000000e+05	3.281499999999999773e+02
2.061000000000000000e+05	3.281499999999999773e+02
2.061000000000000000e+05	3.247744431938317575e+02
2.070000000000000000e+05	3.247744431938317575e+02
2.070000000000000000e+05	3.067753408620625351e+02
2.079000000000000000e+05	3.067753408620625351e+02
2.079000000000000000e+05	3.087796202990101051e+02
2.088000000000000000e+05	3.087796202990101051e+02
2.088000000000000000e+05	3.093050025135797227e+02
2.097000000000000000e+05	3.093050025135797227e+02
2.097000000000000000e+05	3.065396977499249260e+02
2.106000000000000000e+05	3.065396977499249260e+02
2.106000000000000000e+05	3.061173138224202717e+02
2.115000000000000000e+05	3.061173138224202717e+02
2.115000000000000000e+05	3.068818051794228836e+02
2.124000000000000000e+05	3.068818051794228836e+02
2.124000000000000000e+05	3.093050025135797227e+02
2.133000000000000000e+05	3.093050025135797227e+02
2.133000000000000000e+05	3.047383009861530923e+02
2.142000000000000000e+05	3.047383009861530923e+02
2.142000000000000000e+05	2.981499999999999773e+02
2.151000000000000000e+05	2.981499999999999773e+02
2.151000000000000000e+05	2.981499999999999773e+02
2.160000000000000000e+05	2.981499999999999773e+02
2.160000000000000000e+05	3.249195042895409529e+02
2.169000000000000000e+05	3.249195042895409529e+02
2.169000000000000000e+05	3.093050025135797227e+02
2.178000000000000000e+05	3.093050025135797227e+02
2.178000000000000000e+05	3.025972993311843879e+02
2.187000000000000000e+05	3.025972993311843879e+02
2.187000000000000000e+05	3.036264912983080535e+02
2.196000000000000000e+05	3.036264912983080535e+02
2.196000000000000000e+05	3.047679623416011623e+02
2.205000000000000000e+05	3.047679623416011623e+02
2.205000000000000000e+05	3.281499999999999773e+02
2.214000000000000000e+05	3.281499999999999773e+02
2.214000000000000000e+05	3.093050025135797227e+02
2.223000000000000000e+05	3.093050025135797227e+02
2.223000000000000000e+05	3.093050025135797227e+02
2.232000000000000000e+05	3.093050025135797227e+02
2.232000000000000000e+05	3.005854115875881689e+02
2.241000000000000000e+05	3.005854115875881689e+02
2.241000000000000000e+05	3.281499999999999773e+02
2.250000000000000000e+05	3.281499999999999773e+02
2.250000000000000000e+05	3.003162056712660615e+02
2.259000000000000000e+05	3.003162056712660615e+02
2.259000000000000000e+05	3.281499999999999773e+02
2.268000000000000000e+05	3.281499999999999773e+02
2.268000000000000000e+05	3.005251181857470328e+02
2.277000000000000000e+05	3.005251181857470328e+02
2.277000000000000000e+05	2.981499999999999773e+02
2.286000000000000000e+05	2.981499999999999773e+02
2.286000000000000000e+05	2.998460716985026124e+02
2.295000000000000000e+05	2.998460716985026124e+02
2.295000000000000000e+05	3.093050025135797227e+02
2.304000000000000000e+05	3.093050025135797227e+02
2.304000000000000000e+05	3.281499999999999773e+02
2.313000000000000000e+05	3.281499999999999773e+02
2.313000000000000000e+05	2.981499999999999773e+02
2.322000000000000000e+05	2.981499999999999773e+02
2.322000000000000000e+05	3.281499999999999773e+02
2.331000000000000000e+05	3.281499999999999773e+02
2.331000000000000000e+05	3.281499999999999773e+02
2.340000000000000000e+05	3.281499999999999773e+02
2.340000000000000000e+05	3.009110068623099323e+02
2.349000000000000000e+05	3.009110068623099323e+02
2.349000000000000000e+05	3.281499999999999773e+02
2.358000000000000000e+05	3.281499999999999773e+02
2.358000000000000000e+05	3.281499999999999773e+02
2.367000000000000000e+05	3.281499999999999773e+02
2.367000000000000000e+05	3.014186221885049122e+02
2.376000000000000000e+05	3.014186221885049122e+02
2.376000000000000000e+05	3.031162939962030123e+02
2.385000000000000000e+05	3.031162939962030123e+02
2.385000000000000000e+05	3.093050025135797227e+02
2.394000000000000000e+05	3.093050025135797227e+02
2.394000000000000000e+05	3.024427248687015890e+02
2.403000000000000000e+05	3.024427248687015890e+02
2.403000000000000000e+05	3.060564332834611037e+02
2.412000000000000000e+05	3.060564332834611037e+02
2.412000000000000000e+05	3.281499999999999773e+02
2.421000000000000000e+05	3.281499999999999773e+02
2.421000000000000000e+05	3.237124545469217765e+02
2.430000000000000000e+05	3.237124545469217765e+02
2.430000000000000000e+05	2.981499999999999773e+02
2.439000000000000000e+05	2.981499999999999773e+02
2.439000000000000000e+05	2.981499999999999773e+02
2.448000000000000000e+05	2.981499999999999773e+02
2.448000000000000000e+05	3.281499999999999773e+02
2.457000000000000000e+05	3.281499999999999773e+02
2.457000000000000000e+05	3.281499999999999773e+02
2.466000000000000000e+05	3.281499999999999773e+02
2.466000000000000000e+05	3.281499999999999773e+02
2.475000000000000000e+05	3.281499999999999773e+02
2.475000000000000000e+05	3.281499999999999773e+02
2.484000000000000000e+05	3.281499999999999773e+02
2.484000000000000000e+05	3.281499999999999773e+02
2.493000000000000000e+05	3.281499999999999773e+02
2.493000000000000000e+05	3.281499999999999773e+02
2.502000000000000000e+05	3.281499999999999773e+02
2.502000000000000000e+05	3.281499999999999773e+02
2.511000000000000000e+05	3.281499999999999773e+02
2.511000000000000000e+05	3.281499999999999773e+02
2.520000000000000000e+05	3.281499999999999773e+02
2.520000000000000000e+05	3.281499999999999773e+02
2.529000000000000000e+05	3.281499999999999773e+02
2.529000000000000000e+05	3.281499999999999773e+02
2.538000000000000000e+05	3.281499999999999773e+02
2.538000000000000000e+05	3.281499999999999773e+02
2.547000000000000000e+05	3.281499999999999773e+02
2.547000000000000000e+05	3.281499999999999773e+02
2.556000000000000000e+05	3.281499999999999773e+02
2.556000000000000000e+05	3.281499999999999773e+02
2.565000000000000000e+05	3.281499999999999773e+02
2.565000000000000000e+05	3.281499999999999773e+02
2.574000000000000000e+05	3.281499999999999773e+02
2.574000000000000000e+05	3.281499999999999773e+02
2.583000000000000000e+05	3.281499999999999773e+02
2.583000000000000000e+05	3.281499999999999773e+02
2.592000000000000000e+05	3.281499999999999773e+02
2.592000000000000000e+05	3.281499999999999773e+02
2.601000000000000000e+05	3.281499999999999773e+02
2.601000000000000000e+05	3.281499999999999773e+02
2.610000000000000000e+05	3.281499999999999773e+02
2.610000000000000000e+05	3.281499999999999773e+02
2.619000000000000000e+05	3.281499999999999773e+02
2.619000000000000000e+05	3.281499999999999773e+02
2.628000000000000000e+05	3.281499999999999773e+02
2.628000000000000000e+05	3.281499999999999773e+02
2.637000000000000000e+05	3.281499999999999773e+02
2.637000000000000000e+05	3.281499999999999773e+02
2.646000000000000000e+05	3.281499999999999773e+02
2.646000000000000000e+05	2.981499999999999773e+02
2.655000000000000000e+05	2.981499999999999773e+02
2.655000000000000000e+05	3.281499999999999773e+02
2.664000000000000000e+05	3.281499999999999773e+02
2.664000000000000000e+05	3.281499999999999773e+02
2.673000000000000000e+05	3.281499999999999773e+02
2.673000000000000000e+05	3.281499999999999773e+02
2.682000000000000000e+05	3.281499999999999773e+02
2.682000000000000000e+05	3.281499999999999773e+02
2.691000000000000000e+05	3.281499999999999773e+02
2.691000000000000000e+05	3.281499999999999773e+02
2.700000000000000000e+05	3.281499999999999773e+02
2.700000000000000000e+05	3.281499999999999773e+02
2.709000000000000000e+05	3.281499999999999773e+02
2.709000000000000000e+05	3.281499999999999773e+02
2.718000000000000000e+05	3.281499999999999773e+02
2.718000000000000000e+05	3.281499999999999773e+02
2.727000000000000000e+05	3.281499999999999773e+02
2.727000000000000000e+05	3.281499999999999773e+02
2.736000000000000000e+05	3.281499999999999773e+02
2.736000000000000000e+05	3.281499999999999773e+02
2.745000000000000000e+05	3.281499999999999773e+02
2.745000000000000000e+05	2.981499999999999773e+02
2.754000000000000000e+05	2.981499999999999773e+02
2.754000000000000000e+05	3.281499999999999773e+02
2.763000000000000000e+05	3.281499999999999773e+02
2.763000000000000000e+05	3.281499999999999773e+02
2.772000000000000000e+05	3.281499999999999773e+02
2.772000000000000000e+05	2.987098381731416907e+02
2.781000000000000000e+05	2.987098381731416907e+02
2.781000000000000000e+05	3.016040561848248558e+02
2.790000000000000000e+05	3.016040561848248558e+02
2.790000000000000000e+05	3.281499999999999773e+02
2.799000000000000000e+05	3.281499999999999773e+02
2.799000000000000000e+05	3.281499999999999773e+02
2.808000000000000000e+05	3.281499999999999773e+02
2.808000000000000000e+05	3.281499999999999773e+02
2.817000000000000000e+05	3.281499999999999773e+02
2.817000000000000000e+05	3.281499999999999773e+02
2.826000000000000000e+05	3.281499999999999773e+02
2.826000000000000000e+05	2.981499999999999773e+02
2.835000000000000000e+05	2.981499999999999773e+02
2.835000000000000000e+05	3.003379214346297204e+02
2.844000000000000000e+05	3.003379214346297204e+02
2.844000000000000000e+05	3.009897885178590400e+02
2.853000000000000000e+05	3.009897885178590400e+02
2.853000000000000000e+05	3.070262002104371390e+02
2.862000000000000000e+05	3.070262002104371390e+02
2.862000000000000000e+05	3.161132649829517050e+02
2.871000000000000000e+05	3.161132649829517050e+02
2.871000000000000000e+05	3.161132649829517050e+02
2.880000000000000000e+05	3.161132649829517050e+02
2.880000000000000000e+05	3.105475241032560803e+02
2.889000000000000000e+05	3.105475241032560803e+02
2.889000000000000000e+05	3.133003681672126959e+02
2.898000000000000000e+05	3.133003681672126959e+02
2.898000000000000000e+05	3.136037928043128886e+02
2.907000000000000000e+05	3.136037928043128886e+02
2.907000000000000000e+05	3.143112227352868331e+02
2.916000000000000000e+05	3.143112227352868331e+02
2.916000000000000000e+05	3.167244756202551912e+02
2.925000000000000000e+05	3.167244756202551912e+02
2.925000000000000000e+05	3.090993664743871818e+02
2.934000000000000000e+05	3.090993664743871818e+02
2.934000000000000000e+05	3.093050025135797227e+02
2.943000000000000000e+05	3.093050025135797227e+02
2.943000000000000000e+05	3.087584307457867112e+02
2.952000000000000000e+05	3.087584307457867112e+02
2.952000000000000000e+05	3.281499999999999773e+02
2.961000000000000000e+05	3.281499999999999773e+02
2.961000000000000000e+05	3.049353562885330007e+02
2.970000000000000000e+05	3.049353562885330007e+02
2.970000000000000000e+05	3.093050025135797227e+02
2.979000000000000000e+05	3.093050025135797227e+02
2.979000000000000000e+05	3.053768745477916013e+02
2.988000000000000000e+05	3.053768745477916013e+02
2.988000000000000000e+05	3.051743559936018073e+02
2.997000000000000000e+05	3.051743559936018073e+02
2.997000000000000000e+05	3.060406033212153147e+02
3.006000000000000000e+05	3.060406033212153147e+02
3.006000000000000000e+05	2.981499999999999773e+02
3.015000000000000000e+05	2.981499999999999773e+02
3.015000000000000000e+05	3.044771004528192293e+02
3.024000000000000000e+05	3.044771004528192293e+02
3.024000000000000000e+05	2.981499999999999773e+02
3.033000000000000000e+05	2.981499999999999773e+02
3.033000000000000000e+05	3.281499999999999773e+02
3.042000000000000000e+05	3.281499999999999773e+02
3.042000000000000000e+05	3.019380585157543919e+02
3.051000000000000000e+05	3.019380585157543919e+02
3.051000000000000000e+05	3.043194988166733879e+02
3.060000000000000000e+05	3.043194988166733879e+02
3.060000000000000000e+05	3.016012152823628298e+02
3.069000000000000000e+05	3.016012152823628298e+02
3.069000000000000000e+05	3.281499999999999773e+02
3.078000000000000000e+05	3.281499999999999773e+02
3.078000000000000000e+05	3.281499999999999773e+02
3.087000000000000000e+05	3.281499999999999773e+02
3.087000000000000000e+05	3.173261803593202899e+02
3.096000000000000000e+05	3.173261803593202899e+02
3.096000000000000000e+05	3.281499999999999773e+02
3.105000000000000000e+05	3.281499999999999773e+02
3.105000000000000000e+05	3.281499999999999773e+02
3.114000000000000000e+05	3.281499999999999773e+02
3.114000000000000000e+05	3.000062525799206128e+02
3.123000000000000000e+05	3.000062525799206128e+02
3.123000000000000000e+05	3.281499999999999773e+02
3.132000000000000000e+05	3.281499999999999773e+02
3.132000000000000000e+05	3.093050025135797227e+02
3.141000000000000000e+05	3.093050025135797227e+02
3.141000000000000000e+05	3.007463523445801457e+02
3.150000000000000000e+05	3.007463523445801457e+02
3.150000000000000000e+05	2.981499999999999773e+02
3.159000000000000000e+05	2.981499999999999773e+02
3.159000000000000000e+05	2.981499999999999773e+02
3.168000000000000000e+05	2.981499999999999773e+02
3.168000000000000000e+05	2.995967654247821201e+02
3.177000000000000000e+05	2.995967654247821201e+02
3.177000000000000000e+05	3.281499999999999773e+02
3.186000000000000000e+05	3.281499999999999773e+02
3.186000000000000000e+05	3.003185028339153746e+02
3.195000000000000000e+05	3.003185028339153746e+02
3.195000000000000000e+05	2.981499999999999773e+02
3.204000000000000000e+05	2.981499999999999773e+02
3.204000000000000000e+05	3.012689532771033782e+02
3.213000000000000000e+05	3.012689532771033782e+02
3.213000000000000000e+05	3.070929273990112165e+02
3.222000000000000000e+05	3.070929273990112165e+02
3.222000000000000000e+05	2.981499999999999773e+02
3.231000000000000000e+05	2.981499999999999773e+02
3.231000000000000000e+05	2.981499999999999773e+02
3.240000000000000000e+05	2.981499999999999773e+02
3.240000000000000000e+05	3.030236117965197309e+02
3.249000000000000000e+05	3.030236117965197309e+02
3.249000000000000000e+05	3.281499999999999773e+02
3.258000000000000000e+05	3.281499999999999773e+02
3.258000000000000000e+05	2.981499999999999773e+02
3.267000000000000000e+05	2.981499999999999773e+02
3.267000000000000000e+05	3.093050025135797227e+02
3.276000000000000000e+05	3.093050025135797227e+02
3.276000000000000000e+05	3.281499999999999773e+02
3.285000000000000000e+05	3.281499999999999773e+02
3.285000000000000000e+05	3.281499999999999773e+02
3.294000000000000000e+05	3.281499999999999773e+02
3.294000000000000000e+05	3.013776196282516935e+02
3.303000000000000000e+05	3.013776196282516935e+02
3.303000000000000000e+05	3.281499999999999773e+02
3.312000000000000000e+05	3.281499999999999773e+02
3.312000000000000000e+05	3.093050025135797227e+02
3.321000000000000000e+05	3.093050025135797227e+02
3.321000000000000000e+05	3.281499999999999773e+02
3.330000000000000000e+05	3.281499999999999773e+02
3.330000000000000000e+05	2.981499999999999773e+02
3.339000000000000000e+05	2.981499999999999773e+02
3.339000000000000000e+05	2.981499999999999773e+02
3.348000000000000000e+05	2.981499999999999773e+02
3.348000000000000000e+05	3.093050025135797227e+02
3.357000000000000000e+05	3.093050025135797227e+02
3.357000000000000000e+05	3.281499999999999773e+02
3.366000000000000000e+05	3.281499999999999773e+02
3.366000000000000000e+05	3.281499999999999773e+02
3.375000000000000000e+05	3.281499999999999773e+02
3.375000000000000000e+05	3.281499999999999773e+02
3.384000000000000000e+05	3.281499999999999773e+02
3.384000000000000000e+05	2.981499999999997499e+02
3.393000000000000000e+05	2.981499999999997499e+02
3.393000000000000000e+05	2.981499999999999773e+02
3.402000000000000000e+05	2.981499999999999773e+02
3.402000000000000000e+05	2.981499999999999773e+02
3.411000000000000000e+05	2.981499999999999773e+02
3.411000000000000000e+05	2.981499999999999773e+02
3.420000000000000000e+05	2.981499999999999773e+02
3.420000000000000000e+05	3.281499999999999773e+02
3.429000000000000000e+05	3.281499999999999773e+02
3.429000000000000000e+05	3.281499999999999773e+02
3.438000000000000000e+05	3.281499999999999773e+02
3.438000000000000000e+05	3.281499999999999773e+02
3.447000000000000000e+05	3.281499999999999773e+02
3.447000000000000000e+05	3.281499999999999773e+02
3.456000000000000000e+05	3.281499999999999773e+02
3.456000000000000000e+05	3.281499999999999773e+02
3.465000000000000000e+05	3.281499999999999773e+02
3.465000000000000000e+05	3.281499999999999773e+02
3.474000000000000000e+05	3.281499999999999773e+02
3.474000000000000000e+05	3.281499999999999773e+02
3.483000000000000000e+05	3.281499999999999773e+02
3.483000000000000000e+05	3.281499999999999773e+02
3.492000000000000000e+05	3.281499999999999773e+02
3.492000000000000000e+05	3.281499999999999773e+02
3.501000000000000000e+05	3.281499999999999773e+02
3.501000000000000000e+05	3.281499999999999773e+02
3.510000000000000000e+05	3.281499999999999773e+02
3.510000000000000000e+05	2.981499999999999773e+02
3.519000000000000000e+05	2.981499999999999773e+02
3.519000000000000000e+05	2.981499999999999773e+02
3.528000000000000000e+05	2.981499999999999773e+02
3.528000000000000000e+05	2.981499999999999773e+02
3.537000000000000000e+05	2.981499999999999773e+02
3.537000000000000000e+05	3.281499999999999773e+02
3.546000000000000000e+05	3.281499999999999773e+02
3.546000000000000000e+05	2.981499999999999773e+02
3.555000000000000000e+05	2.981499999999999773e+02
3.555000000000000000e+05	2.981499999999999773e+02
3.564000000000000000e+05	2.981499999999999773e+02
3.564000000000000000e+05	2.981499999999998636e+02
3.573000000000000000e+05	2.981499999999998636e+02
3.573000000000000000e+05	2.981499999999999773e+02
3.582000000000000000e+05	2.981499999999999773e+02
3.582000000000000000e+05	3.281499999999999773e+02
3.591000000000000000e+05	3.281499999999999773e+02
3.591000000000000000e+05	3.281499999999999773e+02
3.600000000000000000e+05	3.281499999999999773e+02
3.600000000000000000e+05	3.281499999999999773e+02
3.609000000000000000e+05	3.281499999999999773e+02
3.609000000000000000e+05	2.987244907081741303e+02
3.618000000000000000e+05	2.987244907081741303e+02
3.618000000000000000e+05	3.152412566281474255e+02
3.627000000000000000e+05	3.152412566281474255e+02
3.627000000000000000e+05	3.281499999999999773e+02
3.636000000000000000e+05	3.281499999999999773e+02
3.636000000000000000e+05	2.994699531506618086e+02
3.645000000000000000e+05	2.994699531506618086e+02
3.645000000000000000e+05	3.281499999999999773e+02
3.654000000000000000e+05	3.281499999999999773e+02
3.654000000000000000e+05	3.281499999999999773e+02
3.663000000000000000e+05	3.281499999999999773e+02
3.663000000000000000e+05	3.189284246081799097e+02
3.672000000000000000e+05	3.189284246081799097e+02
3.672000000000000000e+05	3.187351545225041036e+02
3.681000000000000000e+05	3.187351545225041036e+02
3.681000000000000000e+05	3.237014847307064542e+02
3.690000000000000000e+05	3.237014847307064542e+02
3.690000000000000000e+05	3.281499999999999773e+02
3.699000000000000000e+05	3.281499999999999773e+02
3.699000000000000000e+05	2.981499999999999773e+02
3.708000000000000000e+05	2.981499999999999773e+02
3.708000000000000000e+05	3.031895136692940582e+02
3.717000000000000000e+05	3.031895136692940582e+02
3.717000000000000000e+05	3.088886235658971486e+02
3.726000000000000000e+05	3.088886235658971486e+02
3.726000000000000000e+05	3.161132649829517050e+02
3.735000000000000000e+05	3.161132649829517050e+02
3.735000000000000000e+05	3.161132649829517050e+02
3.744000000000000000e+05	3.161132649829517050e+02
3.744000000000000000e+05	3.161132649829517050e+02
3.753000000000000000e+05	3.161132649829517050e+02
3.753000000000000000e+05	3.161132649829517050e+02
3.762000000000000000e+05	3.161132649829517050e+02
3.762000000000000000e+05	3.161132649829517050e+02
3.771000000000000000e+05	3.161132649829517050e+02
3.771000000000000000e+05	3.281499999999999773e+02
3.780000000000000000e+05	3.281499999999999773e+02
3.780000000000000000e+05	3.216558419493585461e+02
3.789000000000000000e+05	3.216558419493585461e+02
3.789000000000000000e+05	3.088943394127710462e+02
3.798000000000000000e+05	3.088943394127710462e+02
3.798000000000000000e+05	3.093050025135797227e+02
3.807000000000000000e+05	3.093050025135797227e+02
3.807000000000000000e+05	3.281499999999999773e+02
3.816000000000000000e+05	3.281499999999999773e+02
3.816000000000000000e+05	3.066667896536379772e+02
3.825000000000000000e+05	3.066667896536379772e+02
3.825000000000000000e+05	3.075610020764288493e+02
3.834000000000000000e+05	3.075610020764288493e+02
3.834000000000000000e+05	3.063158266115078732e+02
3.843000000000000000e+05	3.063158266115078732e+02
3.843000000000000000e+05	3.068272573024000849e+02
3.852000000000000000e+05	3.068272573024000849e+02
3.852000000000000000e+05	3.281499999999999773e+02
3.861000000000000000e+05	3.281499999999999773e+02
3.861000000000000000e+05	3.038285949728779656e+02
3.870000000000000000e+05	3.038285949728779656e+02
3.870000000000000000e+05	3.245243007122330141e+02
3.879000000000000000e+05	3.245243007122330141e+02
3.879000000000000000e+05	3.059252280764371221e+02
3.888000000000000000e+05	3.059252280764371221e+02
3.888000000000000000e+05	3.195939373250565154e+02
3.897000000000000000e+05	3.195939373250565154e+02
3.897000000000000000e+05	2.981499999999999773e+02
3.906000000000000000e+05	2.981499999999999773e+02
3.906000000000000000e+05	3.281499999999999773e+02
3.915000000000000000e+05	3.281499999999999773e+02
3.915000000000000000e+05	2.981499999999999773e+02
3.924000000000000000e+05	2.981499999999999773e+02
3.924000000000000000e+05	3.281499999999999773e+02
3.933000000000000000e+05	3.281499999999999773e+02
3.933000000000000000e+05	3.281499999999999773e+02
3.942000000000000000e+05	3.281499999999999773e+02
3.942000000000000000e+05	3.281499999999999773e+02
3.951000000000000000e+05	3.281499999999999773e+02
3.951000000000000000e+05	3.281499999999999773e+02
3.960000000000000000e+05	3.281499999999999773e+02
3.960000000000000000e+05	3.024849820883013649e+02
3.969000000000000000e+05	3.024849820883013649e+02
3.969000000000000000e+05	3.048762363216374069e+02
3.978000000000000000e+05	3.048762363216374069e+02
3.978000000000000000e+05	2.981499999999999773e+02
3.987000000000000000e+05	2.981499999999999773e+02
3.987000000000000000e+05	3.029766806541106234e+02
3.996000000000000000e+05	3.029766806541106234e+02
3.996000000000000000e+05	3.281499999999999773e+02
4.005000000000000000e+05	3.281499999999999773e+02
4.005000000000000000e+05	3.281499999999999773e+02
4.014000000000000000e+05	3.281499999999999773e+02
4.014000000000000000e+05	3.281499999999999773e+02
4.023000000000000000e+05	3.281499999999999773e+02
4.023000000000000000e+05	3.004012543977805194e+02
4.032000000000000000e+05	3.004012543977805194e+02
4.032000000000000000e+05	3.011233936698767479e+02
4.041000000000000000e+05	3.011233936698767479e+02
4.041000000000000000e+05	3.281499999999999773e+02
4.050000000000000000e+05	3.281499999999999773e+02
4.050000000000000000e+05	3.020174820802398017e+02
4.059000000000000000e+05	3.020174820802398017e+02
4.059000000000000000e+05	2.981499999999999773e+02
4.068000000000000000e+05	2.981499999999999773e+02
4.068000000000000000e+05	2.981499999999999773e+02
4.077000000000000000e+05	2.981499999999999773e+02
4.077000000000000000e+05	3.281499999999999773e+02
4.086000000000000000e+05	3.281499999999999773e+02
4.086000000000000000e+05	2.981499999999999773e+02
4.095000000000000000e+05	2.981499999999999773e+02
4.095000000000000000e+05	2.994106554328973857e+02
4.104000000000000000e+05	2.994106554328973857e+02
4.104000000000000000e+05	3.025702265603468391e+02
4.113000000000000000e+05	3.025702265603468391e+02
4.113000000000000000e+05	3.075130570181300982e+02
4.122000000000000000e+05	3.075130570181300982e+02
4.122000000000000000e+05	2.981499999999999773e+02
4.131000000000000000e+05	2.981499999999999773e+02
4.131000000000000000e+05	2.981499999999999773e+02
4.140000000000000000e+05	2.981499999999999773e+02
4.140000000000000000e+05	3.028172080724616535e+02
4.149000000000000000e+05	3.028172080724616535e+02
4.149000000000000000e+05	3.281499999999999773e+02
4.158000000000000000e+05	3.281499999999999773e+02
4.158000000000000000e+05	3.281499999999999773e+02
4.167000000000000000e+05	3.281499999999999773e+02
4.167000000000000000e+05	3.017953668570477248e+02
4.176000000000000000e+05	3.017953668570477248e+02
4.176000000000000000e+05	3.089431981887550478e+02
4.185000000000000000e+05	3.089431981887550478e+02
4.185000000000000000e+05	3.281499999999999773e+02
4.194000000000000000e+05	3.281499999999999773e+02
4.194000000000000000e+05	3.281499999999999773e+02
4.203000000000000000e+05	3.281499999999999773e+02
4.203000000000000000e+05	3.281499999999999773e+02
4.212000000000000000e+05	3.281499999999999773e+02
4.212000000000000000e+05	3.281499999999999773e+02
4.221000000000000000e+05	3.281499999999999773e+02
4.221000000000000000e+05	3.281499999999999773e+02
4.230000000000000000e+05	3.281499999999999773e+02
4.230000000000000000e+05	3.281499999999999773e+02
4.239000000000000000e+05	3.281499999999999773e+02
4.239000000000000000e+05	3.281499999999999773e+02
4.248000000000000000e+05	3.281499999999999773e+02
4.248000000000000000e+05	3.281499999999999773e+02
4.257000000000000000e+05	3.281499999999999773e+02
4.257000000000000000e+05	3.281499999999999773e+02
4.266000000000000000e+05	3.281499999999999773e+02
4.266000000000000000e+05	3.281499999999999773e+02
4.275000000000000000e+05	3.281499999999999773e+02
4.275000000000000000e+05	3.281499999999999773e+02
4.284000000000000000e+05	3.281499999999999773e+02
4.284000000000000000e+05	3.281499999999999773e+02
4.293000000000000000e+05	3.281499999999999773e+02
4.293000000000000000e+05	3.281499999999999773e+02
4.302000000000000000e+05	3.281499999999999773e+02
4.302000000000000000e+05	3.281499999999999773e+02
4.311000000000000000e+05	3.281499999999999773e+02
4.311000000000000000e+05	2.981499999999999773e+02
4.320000000000000000e+05	2.981499999999999773e+02
4.320000000000000000e+05	3.281499999999999773e+02
4.329000000000000000e+05	3.281499999999999773e+02
4.329000000000000000e+05	3.281499999999999773e+02
4.338000000000000000e+05	3.281499999999999773e+02
4.338000000000000000e+05	3.281499999999999773e+02
4.347000000000000000e+05	3.281499999999999773e+02
4.347000000000000000e+05	3.281499999999999773e+02
4.356000000000000000e+05	3.281499999999999773e+02
4.356000000000000000e+05	3.281499999999999773e+02
4.365000000000000000e+05	3.281499999999999773e+02
4.365000000000000000e+05	3.281499999999999773e+02
4.374000000000000000e+05	3.281499999999999773e+02
4.374000000000000000e+05	3.281499999999999773e+02
4.383000000000000000e+05	3.281499999999999773e+02
4.383000000000000000e+05	3.281499999999999773e+02
4.392000000000000000e+05	3.281499999999999773e+02
4.392000000000000000e+05	2.981499999999999773e+02
4.401000000000000000e+05	2.981499999999999773e+02
4.401000000000000000e+05	2.981499999999999773e+02
4.410000000000000000e+05	2.981499999999999773e+02
4.410000000000000000e+05	3.281499999999999773e+02
4.419000000000000000e+05	3.281499999999999773e+02
4.419000000000000000e+05	3.281499999999999773e+02
4.428000000000000000e+05	3.281499999999999773e+02
4.428000000000000000e+05	3.281499999999999773e+02
4.437000000000000000e+05	3.281499999999999773e+02
4.437000000000000000e+05	3.281499999999999773e+02
4.446000000000000000e+05	3.281499999999999773e+02
4.446000000000000000e+05	2.981499999999999773e+02
4.455000000000000000e+05	2.981499999999999773e+02
4.455000000000000000e+05	3.281499999999999773e+02
4.464000000000000000e+05	3.281499999999999773e+02
4.464000000000000000e+05	2.985927811066739537e+02
4.473000000000000000e+05	2.985927811066739537e+02
4.473000000000000000e+05	3.017313436522574079e+02
4.482000000000000000e+05	3.017313436522574079e+02
4.482000000000000000e+05	3.257784386913653520e+02
4.491000000000000000e+05	3.257784386913653520e+02
4.491000000000000000e+05	3.281499999999999773e+02
4.500000000000000000e+05	3.281499999999999773e+02
4.500000000000000000e+05	3.003933755838558568e+02
4.509000000000000000e+05	3.003933755838558568e+02
4.509000000000000000e+05	3.047581578745762272e+02
4.518000000000000000e+05	3.047581578745762272e+02
4.518000000000000000e+05	2.981499999999999773e+02
4.527000000000000000e+05	2.981499999999999773e+02
4.527000000000000000e+05	3.281499999999999773e+02
4.536000000000000000e+05	3.281499999999999773e+02
4.536000000000000000e+05	3.281500000000001478e+02
4.545000000000000000e+05	3.281500000000001478e+02
4.545000000000000000e+05	3.281499999999999773e+02
4.554000000000000000e+05	3.281499999999999773e+02
4.554000000000000000e+05	2.981499999999999773e+02
4.563000000000000000e+05	2.981499999999999773e+02
4.563000000000000000e+05	2.990399523675827140e+02
4.572000000000000000e+05	2.990399523675827140e+02
4.572000000000000000e+05	3.030389706386128523e+02
4.581000000000000000e+05	3.030389706386128523e+02
4.581000000000000000e+05	3.161132649829517050e+02
4.590000000000000000e+05	3.161132649829517050e+02
4.590000000000000000e+05	3.161132649829517050e+02
4.599000000000000000e+05	3.161132649829517050e+02
4.599000000000000000e+05	3.161132649829517050e+02
4.608000000000000000e+05	3.161132649829517050e+02
4.608000000000000000e+05	3.161132649829517050e+02
4.617000000000000000e+05	3.161132649829517050e+02
4.617000000000000000e+05	3.161132649829517050e+02
4.626000000000000000e+05	3.161132649829517050e+02
4.626000000000000000e+05	3.161132649829517050e+02
4.635000000000000000e+05	3.161132649829517050e+02
4.635000000000000000e+05	3.161132649829517050e+02
4.644000000000000000e+05	3.161132649829517050e+02
4.644000000000000000e+05	3.277172874415746264e+02
4.653000000000000000e+05	3.277172874415746264e+02
4.653000000000000000e+05	3.093050025135798364e+02
4.662000000000000000e+05	3.093050025135798364e+02
4.662000000000000000e+05	3.093050025135797227e+02
4.671000000000000000e+05	3.093050025135797227e+02
4.671000000000000000e+05	3.093050025135797227e+02
4.680000000000000000e+05	3.093050025135797227e+02
4.680000000000000000e+05	3.093050025135798364e+02
4.689000000000000000e+05	3.093050025135798364e+02
4.689000000000000000e+05	3.245498639414325339e+02
4.698000000000000000e+05	3.245498639414325339e+02
4.698000000000000000e+05	3.081768609743227216e+02
4.707000000000000000e+05	3.081768609743227216e+02
4.707000000000000000e+05	3.265849731225169990e+02
4.716000000000000000e+05	3.265849731225169990e+02
4.716000000000000000e+05	3.059816514362662474e+02
4.725000000000000000e+05	3.059816514362662474e+02
4.725000000000000000e+05	3.266677255795963219e+02
4.734000000000000000e+05	3.266677255795963219e+02
4.734000000000000000e+05	3.033388054134323966e+02
4.743000000000000000e+05	3.033388054134323966e+02
4.743000000000000000e+05	3.047275883872912345e+02
4.752000000000000000e+05	3.047275883872912345e+02
4.752000000000000000e+05	3.281499999999999773e+02
4.761000000000000000e+05	3.281499999999999773e+02
4.761000000000000000e+05	3.038214612952935454e+02
4.770000000000000000e+05	3.038214612952935454e+02
4.770000000000000000e+05	3.047656762166564590e+02
4.779000000000000000e+05	3.047656762166564590e+02
4.779000000000000000e+05	3.048162402509792059e+02
4.788000000000000000e+05	3.048162402509792059e+02
4.788000000000000000e+05	3.281499999999999773e+02
4.797000000000000000e+05	3.281499999999999773e+02
4.797000000000000000e+05	3.246048611520027407e+02
4.806000000000000000e+05	3.246048611520027407e+02
4.806000000000000000e+05	2.994903279455883194e+02
4.815000000000000000e+05	2.994903279455883194e+02
4.815000000000000000e+05	3.029757082329028322e+02
4.824000000000000000e+05	3.029757082329028322e+02
4.824000000000000000e+05	3.280708216565782323e+02
4.833000000000000000e+05	3.280708216565782323e+02
4.833000000000000000e+05	2.997540295597845557e+02
4.842000000000000000e+05	2.997540295597845557e+02
4.842000000000000000e+05	3.029466526184482404e+02
4.851000000000000000e+05	3.029466526184482404e+02
4.851000000000000000e+05	3.027118638471651479e+02
4.860000000000000000e+05	3.027118638471651479e+02
4.860000000000000000e+05	3.024214777426501541e+02
4.869000000000000000e+05	3.024214777426501541e+02
4.869000000000000000e+05	3.055642490191929141e+02
4.878000000000000000e+05	3.055642490191929141e+02
4.878000000000000000e+05	3.281499999999999773e+02
4.887000000000000000e+05	3.281499999999999773e+02
4.887000000000000000e+05	2.981499999999999773e+02
4.896000000000000000e+05	2.981499999999999773e+02
4.896000000000000000e+05	3.253356711217139150e+02
4.905000000000000000e+05	3.253356711217139150e+02
4.905000000000000000e+05	3.281499999999999773e+02
4.914000000000000000e+05	3.281499999999999773e+02
4.914000000000000000e+05	2.981499999999999773e+02
4.923000000000000000e+05	2.981499999999999773e+02
4.923000000000000000e+05	3.093050025135797227e+02
4.932000000000000000e+05	3.093050025135797227e+02
4.932000000000000000e+05	3.032384435071013513e+02
4.941000000000000000e+05	3.032384435071013513e+02
4.941000000000000000e+05	2.981499999999999773e+02
4.950000000000000000e+05	2.981499999999999773e+02
4.950000000000000000e+05	3.281499999999999773e+02
4.959000000000000000e+05	3.281499999999999773e+02
4.959000000000000000e+05	2.981499999999999773e+02
4.968000000000000000e+05	2.981499999999999773e+02
4.968000000000000000e+05	3.014985841754807439e+02
4.977000000000000000e+05	3.014985841754807439e+02
4.977000000000000000e+05	3.281499999999999773e+02
4.986000000000000000e+05	3.281499999999999773e+02
4.986000000000000000e+05	3.023088090512357553e+02
4.995000000000000000e+05	3.023088090512357553e+02
4.995000000000000000e+05	3.281499999999999773e+02
5.004000000000000000e+05	3.281499999999999773e+02
5.004000000000000000e+05	3.093050025135797227e+02
5.013000000000000000e+05	3.093050025135797227e+02
5.013000000000000000e+05	3.093050025135797227e+02
5.022000000000000000e+05	3.093050025135797227e+02
5.022000000000000000e+05	2.981499999999999773e+02
5.031000000000000000e+05	2.981499999999999773e+02
5.031000000000000000e+05	3.093050025135797227e+02
5.040000000000000000e+05	3.093050025135797227e+02
5.040000000000000000e+05	3.281499999999999773e+02
5.049000000000000000e+05	3.281499999999999773e+02
5.049000000000000000e+05	3.281499999999999773e+02
5.058000000000000000e+05	3.281499999999999773e+02
5.058000000000000000e+05	3.281499999999999773e+02
5.067000000000000000e+05	3.281499999999999773e+02
5.067000000000000000e+05	3.281499999999999773e+02
5.076000000000000000e+05	3.281499999999999773e+02
5.076000000000000000e+05	2.993530054090165891e+02
5.085000000000000000e+05	2.993530054090165891e+02
5.085000000000000000e+05	3.281499999999999773e+02
5.094000000000000000e+05	3.281499999999999773e+02
5.094000000000000000e+05	3.281499999999999773e+02
5.103000000000000000e+05	3.281499999999999773e+02
5.103000000000000000e+05	3.281499999999999773e+02
5.112000000000000000e+05	3.281499999999999773e+02
5.112000000000000000e+05	3.242187587051441255e+02
5.121000000000000000e+05	3.242187587051441255e+02
5.121000000000000000e+05	3.281499999999999773e+02
5.130000000000000000e+05	3.281499999999999773e+02
5.130000000000000000e+05	3.281499999999999773e+02
5.139000000000000000e+05	3.281499999999999773e+02
5.139000000000000000e+05	3.281499999999999773e+02
5.148000000000000000e+05	3.281499999999999773e+02
5.148000000000000000e+05	3.281499999999999773e+02
5.157000000000000000e+05	3.281499999999999773e+02
5.157000000000000000e+05	3.281499999999999773e+02
5.166000000000000000e+05	3.281499999999999773e+02
5.166000000000000000e+05	3.281499999999999773e+02
5.175000000000000000e+05	3.281499999999999773e+02
5.175000000000000000e+05	3.281499999999999773e+02
5.184000000000000000e+05	3.281499999999999773e+02
5.184000000000000000e+05	3.281499999999999773e+02
5.193000000000000000e+05	3.281499999999999773e+02
5.193000000000000000e+05	3.281499999999999773e+02
5.202000000000000000e+05	3.281499999999999773e+02
5.202000000000000000e+05	3.281499999999999773e+02
5.211000000000000000e+05	3.281499999999999773e+02
5.211000000000000000e+05	3.281499999999999773e+02
5.220000000000000000e+05	3.281499999999999773e+02
5.220000000000000000e+05	3.281499999999999773e+02
5.229000000000000000e+05	3.281499999999999773e+02
5.229000000000000000e+05	3.281499999999999773e+02
5.238000000000000000e+05	3.281499999999999773e+02
5.238000000000000000e+05	3.281499999999999773e+02
5.247000000000000000e+05	3.281499999999999773e+02
5.247000000000000000e+05	3.281499999999999773e+02
5.256000000000000000e+05	3.281499999999999773e+02
5.256000000000000000e+05	3.281499999999999773e+02
5.265000000000000000e+05	3.281499999999999773e+02
5.265000000000000000e+05	3.281499999999999773e+02
5.274000000000000000e+05	3.281499999999999773e+02
5.274000000000000000e+05	3.281499999999999773e+02
5.283000000000000000e+05	3.281499999999999773e+02
5.283000000000000000e+05	3.281499999999999773e+02
5.292000000000000000e+05	3.281499999999999773e+02
5.292000000000000000e+05	3.093050025135797227e+02
5.301000000000000000e+05	3.093050025135797227e+02
5.301000000000000000e+05	3.281499999999999773e+02
5.310000000000000000e+05	3.281499999999999773e+02
5.310000000000000000e+05	3.281499999999999773e+02
5.319000000000000000e+05	3.281499999999999773e+02
5.319000000000000000e+05	3.281499999999999773e+02
5.328000000000000000e+05	3.281499999999999773e+02
5.328000000000000000e+05	2.988636756494009887e+02
5.337000000000000000e+05	2.988636756494009887e+02
5.337000000000000000e+05	2.981499999999999773e+02
5.346000000000000000e+05	2.981499999999999773e+02
5.346000000000000000e+05	3.281499999999999773e+02
5.355000000000000000e+05	3.281499999999999773e+02
5.355000000000000000e+05	3.001340395227588260e+02
5.364000000000000000e+05	3.001340395227588260e+02
5.364000000000000000e+05	3.001264890076759571e+02
5.373000000000000000e+05	3.001264890076759571e+02
5.373000000000000000e+05	3.041181656540668996e+02
5.382000000000000000e+05	3.041181656540668996e+02
5.382000000000000000e+05	3.281499999999999773e+02
5.391000000000000000e+05	3.281499999999999773e+02
5.391000000000000000e+05	2.981499999999999773e+02
5.400000000000000000e+05	2.981499999999999773e+02
5.400000000000000000e+05	3.247443399511610096e+02
5.409000000000000000e+05	3.247443399511610096e+02
5.409000000000000000e+05	3.281499999999999773e+02
5.418000000000000000e+05	3.281499999999999773e+02
5.418000000000000000e+05	3.281499999999999773e+02
5.427000000000000000e+05	3.281499999999999773e+02
5.427000000000000000e+05	2.998734369158801201e+02
5.436000000000000000e+05	2.998734369158801201e+02
5.436000000000000000e+05	3.044142418804141812e+02
5.445000000000000000e+05	3.044142418804141812e+02
5.445000000000000000e+05	3.161132649829517050e+02
5.454000000000000000e+05	3.161132649829517050e+02
5.454000000000000000e+05	3.161132649829517050e+02
5.463000000000000000e+05	3.161132649829517050e+02
5.463000000000000000e+05	3.161132649829517050e+02
5.472000000000000000e+05	3.161132649829517050e+02
5.472000000000000000e+05	3.161132649829520460e+02
5.481000000000000000e+05	3.161132649829520460e+02
5.481000000000000000e+05	3.161132649829517050e+02
5.490000000000000000e+05	3.161132649829517050e+02
5.490000000000000000e+05	3.161132649829517050e+02
5.499000000000000000e+05	3.161132649829517050e+02
5.499000000000000000e+05	3.161132649829517050e+02
5.508000000000000000e+05	3.161132649829517050e+02
5.508000000000000000e+05	3.255620533740263909e+02
5.517000000000000000e+05	3.255620533740263909e+02
5.517000000000000000e+05	3.091169113147632288e+02
5.526000000000000000e+05	3.091169113147632288e+02
5.526000000000000000e+05	3.093050025135797227e+02
5.535000000000000000e+05	3.093050025135797227e+02
5.535000000000000000e+05	3.089504049082747770e+02
5.544000000000000000e+05	3.089504049082747770e+02
5.544000000000000000e+05	3.085515816422873741e+02
5.553000000000000000e+05	3.085515816422873741e+02
5.553000000000000000e+05	3.077434327659950668e+02
5.562000000000000000e+05	3.077434327659950668e+02
5.562000000000000000e+05	3.073864157232641219e+02
5.571000000000000000e+05	3.073864157232641219e+02
5.571000000000000000e+05	3.075194605524583835e+02
5.580000000000000000e+05	3.075194605524583835e+02
5.580000000000000000e+05	3.281500000000000909e+02
5.589000000000000000e+05	3.281500000000000909e+02
5.589000000000000000e+05	3.258869728522823834e+02
5.598000000000000000e+05	3.258869728522823834e+02
5.598000000000000000e+05	3.093050025135797227e+02
5.607000000000000000e+05	3.093050025135797227e+02
5.607000000000000000e+05	3.093050025135797227e+02
5.616000000000000000e+05	3.093050025135797227e+02
5.616000000000000000e+05	3.036944739117524250e+02
5.625000000000000000e+05	3.036944739117524250e+02
5.625000000000000000e+05	3.259344954278564046e+02
5.634000000000000000e+05	3.259344954278564046e+02
5.634000000000000000e+05	3.020688901337541665e+02
5.643000000000000000e+05	3.020688901337541665e+02
5.643000000000000000e+05	3.050626366867282968e+02
5.652000000000000000e+05	3.050626366867282968e+02
5.652000000000000000e+05	3.033649733858449622e+02
5.661000000000000000e+05	3.033649733858449622e+02
5.661000000000000000e+05	3.050733399267251684e+02
5.670000000000000000e+05	3.050733399267251684e+02
5.670000000000000000e+05	3.052965963652406458e+02
5.679000000000000000e+05	3.052965963652406458e+02
5.679000000000000000e+05	3.281499999999999773e+02
5.688000000000000000e+05	3.281499999999999773e+02
5.688000000000000000e+05	3.281499999999999773e+02
5.697000000000000000e+05	3.281499999999999773e+02
5.697000000000000000e+05	3.021161478886211853e+02
5.706000000000000000e+05	3.021161478886211853e+02
5.706000000000000000e+05	3.046104925882094676e+02
5.715000000000000000e+05	3.046104925882094676e+02
5.715000000000000000e+05	2.981499999999999773e+02
5.724000000000000000e+05	2.981499999999999773e+02
5.724000000000000000e+05	3.043421477682046543e+02
5.733000000000000000e+05	3.043421477682046543e+02
5.733000000000000000e+05	3.093050025135797227e+02
5.742000000000000000e+05	3.093050025135797227e+02
5.742000000000000000e+05	3.281499999999999773e+02
5.751000000000000000e+05	3.281499999999999773e+02
5.751000000000000000e+05	2.981499999999999773e+02
5.760000000000000000e+05	2.981499999999999773e+02
5.760000000000000000e+05	3.018179922571876546e+02
5.769000000000000000e+05	3.018179922571876546e+02
5.769000000000000000e+05	3.281499999999999773e+02
5.778000000000000000e+05	3.281499999999999773e+02
5.778000000000000000e+05	3.008969126912985530e+02
5.787000000000000000e+05	3.008969126912985530e+02
5.787000000000000000e+05	3.281499999999999773e+02
5.796000000000000000e+05	3.281499999999999773e+02
5.796000000000000000e+05	3.017196268627481004e+02
5.805000000000000000e+05	3.017196268627481004e+02
5.805000000000000000e+05	3.281499999999999773e+02
5.814000000000000000e+05	3.281499999999999773e+02
5.814000000000000000e+05	3.281499999999999773e+02
5.823000000000000000e+05	3.281499999999999773e+02
5.823000000000000000e+05	3.008475368610039027e+02
5.832000000000000000e+05	3.008475368610039027e+02
5.832000000000000000e+05	3.281499999999999773e+02
5.841000000000000000e+05	3.281499999999999773e+02
5.841000000000000000e+05	2.981499999999999773e+02
5.850000000000000000e+05	2.981499999999999773e+02
5.850000000000000000e+05	2.995130759622138612e+02
5.859000000000000000e+05	2.995130759622138612e+02
5.859000000000000000e+05	3.021243766686741310e+02
5.868000000000000000e+05	3.021243766686741310e+02
5.868000000000000000e+05	3.281499999999999773e+02
5.877000000000000000e+05	3.281499999999999773e+02
5.877000000000000000e+05	3.281499999999999773e+02
5.886000000000000000e+05	3.281499999999999773e+02
5.886000000000000000e+05	3.028340446876163128e+02
5.895000000000000000e+05	3.028340446876163128e+02
5.895000000000000000e+05	3.036943391915730217e+02
5.904000000000000000e+05	3.036943391915730217e+02
5.904000000000000000e+05	3.281499999999999773e+02
5.913000000000000000e+05	3.281499999999999773e+02
5.913000000000000000e+05	3.281499999999999773e+02
5.922000000000000000e+05	3.281499999999999773e+02
5.922000000000000000e+05	3.281499999999999773e+02
5.931000000000000000e+05	3.281499999999999773e+02
5.931000000000000000e+05	2.981499999999999773e+02
5.940000000000000000e+05	2.981499999999999773e+02
5.940000000000000000e+05	2.981499999999999773e+02
5.949000000000000000e+05	2.981499999999999773e+02
5.949000000000000000e+05	3.281499999999999773e+02
5.958000000000000000e+05	3.281499999999999773e+02
5.958000000000000000e+05	3.281499999999999773e+02
5.967000000000000000e+05	3.281499999999999773e+02
5.967000000000000000e+05	3.281499999999999773e+02
5.976000000000000000e+05	3.281499999999999773e+02
5.976000000000000000e+05	3.281499999999999773e+02
5.985000000000000000e+05	3.281499999999999773e+02
5.985000000000000000e+05	3.281499999999999773e+02
5.994000000000000000e+05	3.281499999999999773e+02
5.994000000000000000e+05	3.281499999999999773e+02
6.003000000000000000e+05	3.281499999999999773e+02
6.003000000000000000e+05	3.281499999999999773e+02
6.012000000000000000e+05	3.281499999999999773e+02
6.012000000000000000e+05	3.281499999999999773e+02
6.021000000000000000e+05	3.281499999999999773e+02
6.021000000000000000e+05	3.281499999999999773e+02
6.030000000000000000e+05	3.281499999999999773e+02
6.030000000000000000e+05	3.281499999999999773e+02
6.039000000000000000e+05	3.281499999999999773e+02
6.039000000000000000e+05	3.281499999999999773e+02
6.048000000000000000e+05	3.281499999999999773e+02
